868 2042 23 156
537 551 35114
131 780 28284
2 284 38833
376 381 36401
193 804 28178
156 544 16279
747 827 54231
101 623 38949
561 643 15811
229 395 23431
473 663 51788
575 749 24166
585 596 15133
591 819 43046
37 352 72201
179 226 20248
194 348 47424
295 709 60828
268 722 28178
238 536 38328
75 538 49193
91 193 49649
112 758 33302
54 655 27203
488 721 24166
530 761 32016
206 706 38275
304 864 28284
210 773 25318
166 794 41012
135 498 17720
359 394 17000
362 819 93236
480 751 35693
498 551 24042
692 716 35609
65 516 67000
641 746 32016
761 789 22136
70 141 14765
78 597 94895
384 532 47424
364 607 46519
439 717 56921
460 750 17029
136 677 26401
407 665 13000
629 639 71470
411 661 27459
189 832 55946
607 850 40311
38 118 24597
576 823 40112
501 573 41110
34 445 22627
586 776 45310
810 853 35847
220 795 31321
421 749 34482
176 763 30265
321 529 60671
443 454 36235
102 759 42521
363 613 29967
255 857 52345
524 780 32016
142 332 65008
51 768 45880
46 358 17029
20 345 22091
298 689 16643
200 809 24515
459 659 10817
189 605 35777
107 741 55866
11 796 59933
612 700 32249
130 566 16401
320 408 18439
243 266 41881
491 786 24739
323 565 48765
705 814 87006
834 838 35693
520 862 23409
360 616 26077
304 338 38079
187 861 38471
148 718 49649
55 623 33242
515 795 42059
148 204 38079
125 858 48270
351 513 24021
57 583 11180
4 300 35777
466 467 61205
394 586 22672
302 721 63789
335 361 43909
224 824 42426
608 632 48042
580 844 54406
25 734 33242
587 719 45222
40 302 68877
250 868 27295
117 678 10630
622 674 21932
162 423 20616
245 454 31890
341 483 13038
418 622 64846
161 212 23087
157 381 20248
22 51 65368
294 836 58009
30 671 35171
136 631 30017
629 824 45188
197 552 40361
46 610 20881
253 813 23770
199 452 37121
611 834 28601
417 671 28636
489 495 43186
28 697 59034
80 158 31241
276 635 30887
822 845 46487
113 290 11180
263 278 46872
292 533 50961
168 395 38118
381 415 13601
599 739 37363
305 463 18682
510 686 62817
266 365 31321
310 439 35228
622 714 12649
703 704 18358
452 663 80231
599 642 16763
163 448 24187
296 763 24759
40 560 38897
2 410 20248
613 791 43278
50 570 24759
237 600 41110
252 493 24413
170 704 40497
85 436 128320
276 787 18974
274 608 33121
553 700 40792
296 743 51264
303 450 31765
188 230 55317
315 421 43139
181 491 54009
45 801 37643
288 834 19416
821 829 15297
236 748 44777
370 762 29614
174 611 49366
537 716 33242
388 765 14422
364 850 26627
186 779 75392
105 345 13153
32 865 36878
563 828 11045
41 575 36069
89 671 37202
115 257 30806
385 493 20025
88 182 15811
181 648 30364
334 654 27203
292 770 43174
457 687 22091
272 687 33242
31 543 18358
85 758 42521
234 558 21633
734 814 62000
362 837 65437
562 823 22023
220 822 61847
480 533 80660
111 711 59076
46 694 15811
346 446 31575
225 234 38118
300 416 32249
101 746 33615
89 836 51400
5 387 53451
513 582 36359
348 690 21095
478 511 27459
154 555 39395
520 723 32202
158 862 14213
107 642 48083
78 732 25020
485 867 33242
540 698 25179
10 575 21190
230 838 43046
335 731 21260
646 791 19416
225 568 55317
302 845 45695
115 691 23770
118 347 31016
229 747 21378
350 504 28231
279 774 24042
196 394 36878
3 314 11662
600 804 60208
240 451 23345
111 175 168015
358 610 18385
186 378 82006
167 559 12806
275 289 43932
355 473 38601
245 615 19416
433 543 57974
673 751 10440
479 560 31828
285 733 25554
69 74 59464
35 604 36892
162 651 31241
333 625 21633
371 727 41231
312 505 13153
664 676 46861
317 772 30083
42 818 36056
314 503 47297
195 261 16125
321 783 29614
106 527 28636
56 398 22472
431 783 34015
591 725 49649
261 295 38910
224 687 36878
8 119 22204
152 775 38897
533 831 32016
146 635 40311
290 534 34059
93 470 24166
736 738 20125
3 534 35609
132 743 20591
59 200 49366
674 714 12369
192 301 23409
423 800 50090
11 278 13454
42 342 47539
489 782 32558
232 782 30414
618 625 50000
487 745 10440
130 542 34828
99 813 38118
135 430 17263
16 30 53085
207 497 61587
147 581 28320
257 520 32696
632 668 30414
200 846 37054
295 559 56400
10 41 32558
440 809 29547
172 730 54120
152 678 51245
556 767 25080
392 437 29155
153 672 37802
143 232 32757
567 652 11180
249 630 31890
302 822 37483
75 209 50922
494 849 10817
505 506 31401
670 744 15000
254 508 35114
76 154 27295
30 572 20125
48 623 22361
217 306 39205
238 571 29069
436 510 19026
62 311 34205
95 577 32062
666 817 50040
271 549 28018
316 670 18788
374 714 34785
544 740 32000
65 150 49649
593 738 16492
88 94 59439
299 769 58249
137 485 25020
399 672 27295
139 680 23707
333 801 29833
682 863 61131
188 838 58523
718 823 12369
720 730 59666
293 650 56436
193 314 38484
461 658 37483
95 625 18028
24 827 48301
25 769 43267
475 607 38210
714 773 32894
428 462 13928
587 597 55362
141 677 17000
14 244 28320
82 333 23324
356 639 34482
149 847 26926
357 711 31401
10 711 67941
494 506 39850
606 855 17000
376 415 30000
434 477 28284
141 496 40025
196 359 28862
119 461 51478
270 363 15556
101 593 38079
407 850 59775
625 660 43463
613 692 33015
297 317 21095
201 826 36222
81 260 18682
76 866 31890
417 572 29120
463 800 14142
486 584 38833
319 402 34540
396 673 23324
398 634 20616
549 619 36401
650 858 60959
320 815 12207
396 535 17000
581 735 70214
602 621 27659
417 843 21095
93 762 39294
167 263 32249
144 815 30529
131 266 32140
48 79 45541
542 620 34132
642 661 16763
104 154 44045
465 524 21095
42 676 27459
328 371 57567
412 564 43012
143 807 35341
503 598 34928
307 696 26926
518 689 37643
197 291 76217
212 446 31145
355 792 32062
128 367 19026
326 383 80225
523 863 28071
277 601 35468
137 713 26000
273 554 13892
26 660 10770
433 600 45044
25 806 32062
314 402 20616
344 570 32985
820 840 12649
190 848 66219
191 542 49406
191 241 26173
306 579 54083
42 664 41110
484 838 27731
341 760 25710
226 839 42190
283 536 25080
308 379 37336
253 821 28178
3 99 18385
106 141 26019
304 856 29000
312 492 32573
228 777 42521
34 746 32450
411 829 12083
11 377 22023
14 212 62482
18 42 41183
709 805 36620
220 845 53535
656 707 34205
178 860 27313
549 861 20396
125 682 58694
193 811 56321
163 764 45618
61 139 44407
171 181 48270
480 583 49406
11 835 42154
152 606 43909
424 847 21587
295 518 39115
145 636 20518
430 460 13000
331 342 37855
392 479 18974
153 362 13601
64 614 52010
406 678 48918
56 569 18439
343 434 40792
82 801 21024
115 547 25495
48 231 10817
88 632 29967
72 108 14213
79 389 35511
152 309 25000
141 825 45277
11 490 13416
382 730 18028
126 190 44643
677 825 46573
110 793 11180
281 437 12806
245 599 44643
205 662 39115
381 492 15297
60 383 26173
342 422 35609
133 530 46098
624 826 39051
423 651 50448
121 652 13601
379 476 17464
37 329 67179
128 319 21840
634 843 17205
56 634 16125
256 486 45277
781 864 25000
371 630 32016
547 655 42485
150 583 50636
285 389 17088
100 539 21213
41 440 45486
600 743 12806
409 666 52631
107 627 24187
364 430 22204
107 248 57280
49 681 42012
221 254 61774
612 830 25495
251 638 51662
403 636 17692
293 858 42154
495 694 16125
1 406 31953
361 726 27203
362 672 43658
484 531 32650
112 299 53852
23 228 42438
151 796 37216
116 341 11402
446 574 47927
16 201 35000
803 859 38000
713 867 34713
218 404 19698
299 705 12649
63 686 14422
568 633 47381
91 600 68250
505 851 39013
499 662 15133
387 540 73824
74 828 32016
194 329 29732
1 502 39962
273 496 29698
83 302 35609
17 121 18682
616 859 48104
38 347 15000
220 604 45967
606 775 10050
116 483 20000
6 611 20125
170 547 35128
399 436 32016
354 655 40249
388 557 27019
376 811 53367
5 82 48765
322 510 29833
728 762 27893
50 629 42953
13 496 51478
73 622 33136
166 571 37108
373 506 39825
586 618 41195
151 764 26000
407 474 58052
459 489 19925
258 847 21190
188 252 34670
54 547 38484
245 739 23087
176 504 45804
314 811 63600
640 794 14142
291 783 39925
776 817 45804
346 549 33838
265 267 49092
300 712 40311
243 760 31064
474 519 55362
35 172 33734
80 486 52202
77 330 32000
100 555 16643
119 198 12207
146 195 52326
441 732 20025
55 593 23707
219 670 20591
310 728 44294
481 852 26627
574 718 33615
596 748 15133
132 410 35000
19 709 36620
455 738 17205
9 187 36056
107 411 24759
115 517 22804
180 679 21000
233 514 28636
449 764 13038
567 836 47265
455 593 18974
684 692 58138
633 698 17263
178 694 21260
551 679 34540
99 428 50010
390 681 56321
452 473 46141
372 743 47170
152 803 50090
214 275 31890
387 700 65000
244 568 33015
682 858 18788
104 332 65856
268 802 38601
239 384 22804
53 826 15811
65 476 18974
258 554 33541
271 346 28460
483 649 29428
75 107 58898
426 643 21000
99 462 46573
108 602 30594
25 814 45793
47 324 62434
720 721 12806
306 767 31906
310 315 42485
504 561 42450
109 756 30594
38 274 24759
120 286 20000
708 859 51313
455 745 39560
356 649 42544
45 326 78568
253 627 46819
169 832 60465
464 706 56436
210 674 40000
166 179 28636
47 863 112641
21 640 25239
420 659 53367
523 654 13416
31 351 34540
142 318 40853
380 742 39812
576 631 16125
513 780 43046
120 205 33106
233 495 25495
13 799 62241
419 501 23087
198 658 50990
145 412 36401
36 426 26173
368 429 20000
249 507 27857
395 777 18358
39 641 23431
626 631 33941
517 691 12042
433 743 35511
327 370 41869
286 311 31257
390 497 34713
78 466 75710
324 463 14318
237 504 18028
13 628 13416
737 859 34176
703 723 10770
1 292 47297
422 702 32280
562 576 29530
145 164 22204
136 454 55973
224 457 26077
405 856 21213
308 396 23537
420 489 42000
265 836 60415
113 141 35014
210 827 30887
207 390 59008
341 824 21190
422 736 43829
216 308 22204
428 443 29120
150 379 49578
805 856 42059
32 412 49244
594 658 13601
427 708 15297
19 805 12728
16 624 35468
404 553 28160
96 590 42942
641 740 23707
483 760 19105
474 850 30806
364 460 28178
169 255 75452
53 267 44294
99 821 55570
388 591 48166
174 349 22561
129 682 40311
223 614 36014
199 394 25495
224 272 36125
420 782 11662
155 602 19647
374 570 16763
52 757 22091
219 735 27074
386 455 25495
266 799 31401
508 696 24083
47 334 76236
205 649 21954
288 484 20000
144 276 25000
426 561 32696
633 790 36878
486 852 42048
322 399 25080
605 841 39395
104 340 52202
708 737 41485
462 534 46141
66 315 40792
65 812 64938
507 748 22847
150 480 38275
112 328 37014
173 348 44598
234 414 21840
380 819 40460
32 289 33838
429 868 30676
545 752 21633
275 401 41437
387 493 36797
619 625 37643
206 647 51478
691 864 58523
439 728 17464
109 348 21541
475 507 34205
245 574 65795
408 815 23087
43 851 17464
437 469 117992
63 665 22361
752 812 28460
179 300 32280
327 762 38053
281 560 59203
468 527 18439
593 623 22825
103 136 38275
126 848 58138
327 848 52393
223 371 59540
572 671 24083
171 786 22023
9 538 46615
298 815 24698
94 353 29428
165 473 33242
485 713 11045
375 609 41400
355 688 62362
525 826 21471
190 726 38833
489 659 15620
121 836 40497
268 782 21095
253 312 37802
453 712 34000
178 233 19647
362 436 102000
2 176 129838
16 160 53254
44 387 10050
348 353 49649
48 389 34713
393 412 29698
28 444 47202
123 309 55785
103 413 21190
595 601 29000
614 666 52469
117 542 35735
254 498 67007
282 680 34059
118 262 32202
263 553 43081
122 774 27586
236 686 31623
262 347 32757
20 840 37162
133 306 40311
189 401 32558
389 427 30017
124 125 12806
65 545 69836
27 267 40224
806 854 36139
453 737 27074
613 716 21587
268 490 39962
343 812 21095
407 519 30414
108 416 13038
110 247 31257
230 252 53907
126 361 28018
197 431 39013
49 81 28178
34 740 48270
819 837 27803
151 285 35355
278 796 66219
340 621 28320
263 559 25060
47 190 64537
369 418 18439
348 668 29614
545 595 19416
537 692 34132
434 602 23259
64 165 21932
475 748 21633
175 669 15033
274 808 43012
736 818 21932
380 591 30463
18 514 32802
156 701 32388
432 522 44385
216 366 25612
7 348 36235
242 562 13601
560 695 47539
616 775 11045
183 338 33971
74 522 38210
561 600 41725
186 215 12042
80 256 39560
103 562 33015
317 344 35228
338 805 30265
7 279 32202
495 514 38079
30 398 19925
15 539 17263
450 774 35847
72 602 27019
51 628 50448
603 702 10198
465 780 27019
59 522 38897
44 385 30887
191 566 38118
329 756 23431
67 95 25632
292 831 21401
579 771 21954
23 683 50010
386 807 17720
81 175 22804
565 866 45011
509 676 25495
52 857 17692
569 578 43841
21 366 15232
259 583 23770
79 427 16553
5 383 43658
487 490 35847
275 368 28160
704 723 27586
175 711 109604
28 426 44822
202 860 18974
540 633 29732
4 97 29833
220 639 26077
307 660 39459
168 185 17889
157 426 32985
167 278 30806
87 620 25060
309 803 52038
159 524 27659
336 742 54406
99 534 35355
377 490 20616
221 430 29698
641 708 48662
111 435 44283
581 753 29530
189 841 25612
561 811 39013
52 617 15652
302 695 33838
507 630 34366
526 793 14142
270 287 40311
652 671 26627
301 707 16125
354 830 32016
653 799 12806
438 744 38079
117 770 36797
230 645 33121
169 857 50010
167 709 45880
488 546 18385
537 679 28284
41 809 38601
52 169 36056
630 699 37643
343 752 39051
635 655 16643
142 154 51313
188 385 29275
351 419 34205
259 516 20518
225 558 21932
563 717 16401
65 839 55073
441 832 56604
131 159 30067
155 448 27785
661 829 31623
129 523 30529
215 701 21260
80 723 34482
552 780 49497
33 224 29000
262 708 48384
444 590 75961
97 285 15297
113 534 31385
83 785 25179
200 458 63411
733 797 16763
391 828 33615
32 841 40792
90 563 35355
5 801 49679
745 807 37162
584 728 18868
656 682 59540
63 475 31575
448 449 42426
58 781 50249
377 487 26077
432 834 11314
256 370 10050
105 119 24187
411 627 22136
286 552 30871
323 866 14142
470 651 37336
702 738 39623
205 499 41146
158 848 61221
144 635 21932
515 639 44407
116 629 52355
14 528 29682
48 796 51478
127 325 14318
549 577 34132
692 713 61522
337 800 20100
440 579 57871
476 640 23259
9 861 16125
312 373 23770
317 570 45000
87 542 33302
559 709 43600
39 48 46530
809 846 38833
254 409 43012
179 571 47634
550 557 39661
454 677 59397
49 438 21932
616 855 19647
148 658 16763
114 467 34482
109 194 53151
540 700 75133
85 705 52010
183 448 25632
647 795 13601
220 647 40497
708 797 26249
93 310 38471
203 386 11045
40 695 59641
187 521 13038
335 862 53600
322 474 42202
89 269 60008
203 818 21633
49 669 39395
590 742 99624
569 720 48052
72 416 25060
88 274 39560
61 530 33526
503 813 14765
658 823 48508
69 704 53852
280 543 48836
158 370 62129
314 598 22472
165 452 45122
303 710 17464
475 686 39459
809 844 27803
367 527 13601
47 305 64560
284 754 13601
450 502 43829
112 227 39812
78 467 24698
282 663 41400
90 828 29530
61 133 30676
145 418 45277
712 737 30083
123 347 29682
269 488 26401
3 402 14866
668 690 12083
305 423 63953
647 845 23537
398 418 57559
255 719 19723
761 788 11314
609 676 19313
174 830 37643
400 454 17088
192 565 19925
276 830 21541
124 648 30463
347 608 25000
25 753 35228
164 683 56009
333 675 28302
130 536 22825
37 397 34482
134 781 48836
75 498 67268
3 598 20125
215 740 43267
91 433 45706
536 606 36139
242 658 48010
814 854 41773
278 802 13038
208 724 12207
683 827 25020
222 288 10440
364 699 35468
705 758 39205
395 509 30150
313 741 15652
1 770 47508
253 373 32985
516 526 21840
296 372 52697
390 784 17720
173 617 44944
222 531 31575
164 403 24515
58 621 35128
282 581 67742
107 661 41049
209 537 40804
571 712 23707
711 749 47170
184 543 37121
26 307 35228
91 804 44011
140 349 29732
203 514 26000
12 433 36056
311 365 17263
66 435 20591
209 498 29833
121 567 21024
36 811 28000
648 650 37336
804 811 41976
446 511 32280
263 802 48918
625 675 36125
342 603 51788
74 563 37216
223 699 37162
113 319 31321
202 609 31575
86 371 19026
580 789 23601
343 839 34366
24 759 37162
31 280 46325
258 653 20248
356 515 46530
595 853 23537
681 784 52173
287 692 59942
104 555 16125
329 352 18601
149 468 27074
423 470 34366
87 831 18111
51 687 24042
701 808 20881
546 721 24698
564 865 38275
766 782 34409
127 844 24207
95 619 42426
557 791 39205
30 418 52173
461 594 33734
393 636 38079
31 582 30000
229 827 52498
159 266 47381
548 632 31906
218 295 38053
70 106 15264
242 823 13038
396 751 23087
261 405 28844
295 689 12042
177 419 25179
69 391 17000
205 286 34986
613 646 34928
442 846 33601
532 638 33377
125 301 43105
363 791 41437
187 577 11000
243 799 54037
148 574 53075
312 376 35014
136 413 39013
98 771 31113
24 840 68096
7 668 23195
101 738 41593
535 620 27659
330 482 38210
364 630 40162
109 617 48384
85 814 139014
13 768 46519
697 851 12166
27 265 30529
514 766 43417
84 645 31241
260 771 15297
543 754 51108
391 481 34366
110 259 39205
126 158 26077
98 175 40804
271 619 23022
287 765 50249
80 862 36688
307 538 43966
592 860 19313
269 721 39560
175 681 30806
18 233 32000
275 757 42059
145 369 31780
491 691 39115
322 436 22000
13 243 27166
191 396 32558
12 754 30806
654 842 12166
466 469 48877
248 684 38275
297 457 24042
393 779 22472
759 840 55009
17 160 14142
116 356 18439
204 594 41012
299 734 13342
518 612 33242
149 264 30000
31 240 51624
422 738 48415
4 449 32062
533 693 52326
645 761 42953
6 834 14036
16 418 14142
175 512 21024
199 666 43278
259 526 20881
86 208 27459
185 228 39623
147 355 43829
102 210 33971
303 309 31780
269 671 52355
38 156 22091
578 730 36235
541 779 32696
439 486 22561
185 342 21024
491 517 37643
543 582 26401
75 248 24166
489 766 26306
86 328 54037
492 505 37014
497 735 16279
339 506 27731
172 382 47518
29 410 33015
618 776 44944
304 781 27295
309 710 25318
522 563 33838
98 715 27659
331 422 16643
325 440 41629
390 814 91269
404 612 45880
296 600 46043
41 482 31064
20 820 40361
35 721 38013
55 835 34234
203 736 12042
138 180 26627
450 548 34828
137 336 16553
325 809 27857
276 655 36014
10 749 42107
55 231 37202
545 601 32249
237 350 25962
644 833 28443
5 790 28653
323 648 20125
628 768 48166
150 751 28653
454 631 55317
552 657 31064
436 672 59076
390 854 52202
257 517 32757
273 799 27313
606 678 59481
351 451 38013
404 518 28178
36 643 31623
373 627 54406
456 668 23770
247 833 58694
18 664 17720
97 151 24166
472 785 51108
42 509 42048
208 585 13928
302 472 57079
64 452 37537
349 354 18358
417 447 26077
755 830 11180
110 589 136858
230 484 49092
637 707 37590
314 798 24698
58 448 42059
451 573 37947
526 853 39446
221 364 39812
237 296 23195
14 619 28231
267 826 45343
362 550 20224
112 208 41761
60 84 14318
478 574 61392
324 327 10050
98 512 20518
46 178 29428
207 581 35468
520 731 31064
428 821 51894
425 530 23431
54 170 13000
546 569 34713
127 809 32140
160 624 31145
385 387 26476
305 324 17493
55 455 17263
128 141 33971
66 421 25080
318 644 44598
637 833 13038
580 788 14318
422 818 30000
475 665 19416
277 318 41881
241 566 28320
402 534 30414
274 347 30364
786 864 57070
514 807 17889
115 704 41231
689 787 40050
247 810 43139
226 794 35609
76 171 33734
492 851 24166
259 793 29732
157 851 20396
400 443 31385
484 761 42190
468 500 23601
617 756 42720
428 599 41485
150 673 22672
232 268 25962
425 645 29682
370 584 20809
264 468 20224
202 461 31385
409 699 50210
254 817 16000
637 644 20809
318 601 58138
313 538 48508
77 310 16401
186 250 82861
148 161 61717
597 732 70406
124 565 50249
272 824 27659
338 856 34482
16 564 34482
447 843 12042
175 715 68015
49 316 21932
124 192 45541
286 780 41677
204 358 28160
23 747 21587
596 724 22804
359 586 23087
212 414 43174
540 553 71309
270 692 38079
133 217 43382
120 499 52393
400 739 16553
257 704 21932
459 495 37336
163 709 45222
62 760 27019
172 588 37802
344 629 36797
369 564 32757
169 441 81216
674 773 28018
277 810 18385
580 761 21095
315 470 30676
9 313 25495
585 724 12369
31 451 49336
387 790 65620
106 367 29206
322 519 28636
195 691 67067
208 227 20025
204 459 54708
167 796 72180
35 720 31321
146 691 46648
515 662 19313
138 646 52240
630 727 24515
211 378 26907
487 835 38184
373 505 24331
578 622 16401
9 511 36878
202 592 16279
213 292 38601
200 531 35228
204 234 42297
478 615 16031
539 781 20224
458 717 34482
775 803 34928
536 855 36125
635 815 25710
289 378 24166
102 772 13342
89 567 26683
207 806 37537
591 742 33601
617 757 19209
500 847 20616
685 778 21095
307 521 15297
36 157 12530
444 742 32573
77 717 45804
43 339 23195
532 597 149643
244 558 26476
228 541 57801
666 776 31780
679 750 15811
67 521 12649
211 429 30480
849 867 33734
27 469 39812
168 509 52631
14 675 26173
687 820 28178
82 568 40792
83 472 34670
240 284 30150
26 95 24331
326 452 38949
212 574 47885
447 634 19925
28 96 10296
557 725 19209
383 801 53759
517 731 37696
21 241 26306
32 564 49649
101 641 39560
332 434 45453
360 453 41146
75 254 64475
118 471 33242
82 790 50329
206 795 58523
81 512 15297
236 475 46228
109 173 31828
557 765 37336
161 234 14560
255 441 34132
201 624 13153
578 714 17117
556 680 17464
696 776 41195
62 365 30265
678 770 38013
589 833 51088
471 641 36014
59 458 45011
214 401 20591
788 789 13038
537 684 49649
271 446 51856
471 740 19209
290 677 40792
195 320 32016
148 594 21541
73 145 36235
628 760 19416
363 692 32802
187 538 40162
69 723 55073
796 835 44598
455 807 29732
18 203 26683
135 460 26627
39 79 15524
389 796 55543
317 374 42450
15 555 29547
165 355 19105
172 629 65192
225 659 58822
178 664 32062
126 862 31145
143 745 25495
279 450 23259
658 718 50120
122 397 34000
574 626 30594
206 464 43012
528 675 24166
8 562 25495
222 432 24083
125 656 58412
196 326 10817
374 772 22472
352 587 17205
550 791 18974
368 868 31064
374 773 22091
45 625 47508
161 204 46872
753 806 46400
97 733 25080
246 573 14213
253 503 24839
480 693 36878
387 633 72622
245 400 17000
2 372 36688
693 751 15033
469 836 53600
207 735 59464
96 426 44283
219 316 28792
326 425 68007
73 210 44553
25 299 41677
420 722 29411
496 768 34205
291 321 22472
440 771 66008
164 636 14422
412 636 38626
464 529 21633
59 432 29275
117 130 20000
220 588 30083
146 320 26627
225 698 42107
755 787 24515
544 701 20881
692 867 51788
215 808 35440
424 524 59034
69 170 33526
406 502 32249
753 769 28018
425 761 30529
208 328 46325
110 656 148772
337 470 48270
546 843 24759
119 345 12083
34 342 37802
227 585 20518
82 528 25554
252 385 15000
280 754 17464
553 722 45793
715 771 43186
229 509 16971
68 265 50329
258 527 22204
152 303 37643
573 783 99925
24 229 38897
88 353 55362
92 354 39013
251 450 41629
366 476 38288
73 674 20809
417 488 19849
134 340 11045
241 366 15620
81 669 24698
213 239 36359
147 753 35693
8 198 12649
538 741 46065
112 769 26476
137 506 21633
201 564 41400
434 685 23770
41 846 12083
731 862 45793
48 835 40112
17 624 34785
79 641 33106
403 683 55946
30 160 34205
37 532 55036
239 532 55973
44 188 26926
581 680 78492
353 690 52631
149 193 47011
360 712 34713
557 837 15033
246 419 24839
186 211 84315
447 572 10198
206 291 31780
55 487 31780
297 667 33615
5 493 28231
91 424 38419
764 796 30083
812 839 22627
605 865 52154
327 463 16553
101 702 14142
134 539 53535
216 241 30265
114 605 17029
231 623 13153
120 552 16279
92 655 19235
36 381 18028
235 770 51264
568 790 25080
31 513 32894
7 194 28636
244 528 37483
32 214 26907
556 670 47170
225 244 38079
182 632 21633
66 357 49244
287 713 18868
186 445 23431
311 649 37483
281 479 28178
508 538 44654
90 486 34059
118 708 34928
53 68 40311
264 798 24187
326 359 37014
444 697 50606
546 720 21401
249 596 33061
298 408 20616
131 465 27313
660 696 37736
195 304 34132
588 629 72450
243 365 14866
382 570 23537
707 833 40608
407 475 21024
394 452 32802
138 474 35384
291 499 93295
198 461 44102
316 438 31016
44 816 25000
74 140 41617
384 502 27203
339 505 27586
806 814 23087
442 458 40608
220 515 29732
332 602 41437
4 416 20000
56 418 56939
177 351 18111
441 719 39013
368 757 34928
238 360 27166
111 357 27785
190 361 46819
419 573 26249
280 284 15811
129 650 48270
324 848 52038
261 408 22204
312 415 28601
472 706 51624
90 391 21401
156 808 40853
227 236 36770
472 845 59548
540 659 74411
264 319 28862
67 307 24207
272 628 33971
27 294 29411
54 69 39408
133 789 52154
327 800 18385
317 667 27295
513 657 45277
282 355 49497
180 716 33526
133 325 45541
163 449 40361
8 658 47413
184 524 31953
227 758 24042
153 646 28231
90 481 30414
114 267 21095
182 456 16125
289 412 36688
427 797 28862
550 646 28653
40 269 22847
35 730 55579
179 434 30017
64 688 46615
471 544 20809
523 842 11662
228 779 46519
458 563 36056
219 497 19849
589 707 26019
529 573 185809
291 529 53367
144 787 14318
350 763 17000
375 676 40608
579 744 42048
309 548 38419
2 754 34366
1 235 17692
13 760 25080
663 680 27019
401 841 38210
251 384 31048
136 576 32757
628 824 29069
415 492 10630
60 230 50990
29 132 10817
372 410 42755
747 777 13153
55 745 34132
193 798 22561
335 491 39623
93 728 48104
204 225 62241
604 822 31906
260 512 23259
267 605 33838
426 504 44011
173 868 35355
180 750 12042
525 605 54203
281 464 180278
586 666 31385
490 802 14866
43 444 44294
117 536 36014
266 653 33615
33 344 15524
68 624 35609
19 163 14765
744 767 33541
470 800 54644
516 853 40012
397 774 23601
57 259 13038
123 608 26571
249 371 18868
680 735 49649
269 417 34015
173 353 34670
282 473 24083
58 340 24083
123 803 16125
599 741 29732
213 384 49254
116 649 38288
342 746 51420
450 710 32062
187 307 26306
304 691 68768
221 699 24839
528 568 27659
495 610 36359
199 586 40200
6 74 44011
611 816 65368
740 746 35228
186 808 41340
722 802 51264
491 864 61033
721 822 55317
19 183 17205
397 638 28636
606 616 14866
261 856 27459
313 599 37162
63 519 45695
129 863 26833
794 839 22804
336 339 18788
464 472 36056
700 816 44283
336 591 63695
290 454 50040
105 609 69462
284 573 89677
408 689 30265
281 392 19647
485 494 38601
520 703 28018
184 582 35114
190 842 37855
589 656 12207
231 835 36056
21 476 36688
238 283 39598
257 731 33287
554 653 29069
138 716 36235
212 271 61814
246 451 25179
293 648 29000
18 818 27785
545 812 45100
84 326 74847
258 500 12000
300 477 29069
372 763 63151
570 730 31828
495 766 36125
139 663 13416
442 717 49254
60 493 30887
56 578 46239
598 813 27459
60 252 13928
554 799 29206
373 494 29833
546 634 32757
68 836 43046
269 392 51865
176 350 39560
737 797 24207
245 626 56045
210 772 29732
428 661 37216
431 657 48104
166 226 24698
772 773 14318
142 343 59933
406 450 44643
627 829 26306
419 657 52811
49 784 58830
105 202 70114
58 183 32894
209 248 38328
756 857 41195
627 849 40804
24 375 11045
386 736 10440
159 465 10296
228 445 35228
533 620 42953
179 477 11180
108 778 19416
631 718 41012
225 459 62650
188 611 67030
7 548 36235
227 596 31780
603 746 21024
34 185 25632
684 867 35014
309 608 59548
181 786 53226
108 685 27019
458 846 52038
110 480 110259
507 607 13928
597 719 18868
76 555 33838
287 591 59034
431 501 29967
326 663 85147
177 451 24839
681 814 143924
706 845 20224
180 850 45607
667 687 48166
402 798 18028
265 294 12042
524 582 23195
699 727 20000
201 525 30017
57 516 26249
533 535 45891
30 652 36359
484 580 28302
330 442 43174
296 350 10198
69 481 36056
44 700 58669
247 793 36249
66 111 36401
223 688 48466
143 766 17205
163 729 11705
454 626 46861
650 726 31953
313 615 47381
71 301 40311
241 283 20025
80 520 44385
536 566 26000
229 375 32757
83 695 10817
695 785 22472
321 573 125419
331 818 25239
383 493 31953
290 462 47127
137 287 29530
556 735 37656
183 729 12207
288 838 25632
291 795 68593
601 810 20881
85 236 27459
711 715 42012
15 100 18111
155 621 23087
653 847 37483
70 496 32249
235 406 18111
395 747 11402
93 337 32650
405 709 34670
267 466 50000
510 519 13038
346 511 15000
482 575 42000
209 551 12000
69 140 68264
358 592 50448
223 727 32450
218 559 36674
58 338 34525
104 142 47760
136 825 49518
313 478 47074
283 566 20025
90 439 43829
46 495 27313
171 866 20809
193 264 38288
94 250 49769
499 515 21541
300 733 47000
88 608 25807
140 354 38275
76 565 34655
649 662 35609
612 755 18028
123 262 33136
12 29 32249
138 613 46615
266 311 33956
360 571 26926
166 238 41881
28 590 44385
19 729 17464
527 554 24207
275 429 17000
23 541 55082
146 655 42802
443 739 22204
40 721 56859
195 856 31016
416 778 20125
65 379 17804
10 715 77104
725 819 25020
14 271 32696
237 561 33838
162 470 19849
191 620 43290
181 335 40361
378 393 26000
414 558 15000
753 792 43417
261 689 37483
238 855 26077
78 832 32140
570 578 41231
253 376 31385
190 334 23854
217 556 25495
52 401 33971
70 273 20248
569 634 14142
66 749 44721
422 603 34670
111 651 50695
361 862 43139
476 839 42953
89 437 44418
225 633 49244
456 632 20396
169 401 27313
250 429 14142
328 792 44911
151 449 27019
71 192 22204
71 637 48415
122 279 12369
548 710 20616
295 405 45188
6 140 38588
37 194 61033
186 228 51923
22 820 48877
760 824 22804
308 673 18601
374 578 35511
33 629 32573
69 852 50010
453 859 11180
339 851 27586
540 722 57706
159 847 32558
50 344 16643
477 685 11180
146 547 19209
617 857 19026
183 805 19647
338 781 33242
435 651 14318
6 432 23087
22 413 48826
34 186 34015
413 768 34000
92 140 43600
129 858 29017
109 294
591 972
617 777
343 319
641 446
658 286
112 417
468 624
656 611
803 221
444 383
575 942
441 768
616 531
437 172
176 666
132 712
408 512
415 280
437 654
238 237
449 656
300 583
369 610
968 455
708 552
48 673
720 899
603 926
179 719
515 932
158 584
349 714
296 497
271 787
689 838
28 410
244 416
324 424
186 820
771 227
372 532
737 832
624 385
709 495
474 526
622 21
365 402
895 284
320 727
417 713
99 529
92 679
587 221
401 433
219 717
218 109
394 235
709 275
679 405
789 364
419 805
973 612
824 481
243 184
786 139
693 572
121 707
619 198
520 751
378 102
355 277
255 654
659 242
743 651
421 128
718 163
15 596
320 409
609 120
908 259
654 493
226 878
693 408
994 555
902 560
129 229
189 419
140 775
653 185
579 863
590 240
714 112
202 477
684 548
711 904
336 348
897 229
624 760
419 174
343 453
322 672
484 676
396 168
422 630
528 764
698 689
344 286
121 469
253 71
820 126
937 505
562 739
69 619
535 186
384 791
165 285
266 405
446 627
434 869
137 730
95 400
219 379
434 69
426 59
571 78
779 296
550 763
486 21
181 273
482 850
612 932
799 335
389 218
827 640
516 697
764 802
878 696
833 370
625 266
527 738
351 152
452 455
548 272
223 637
537 217
898 444
506 577
560 821
199 161
358 338
172 341
909 759
394 124
357 261
242 438
700 832
585 100
512 852
146 710
561 549
749 87
402 287
245 634
840 466
274 266
461 344
321 529
97 565
587 208
454 121
304 780
144 491
600 310
930 253
718 945
481 963
445 531
302 272
856 681
491 90
174 424
405 266
548 890
305 521
262 498
686 591
647 371
98 576
559 35
194 222
391 84
607 822
86 429
490 240
768 446
407 912
456 620
799 493
758 269
141 666
426 560
402 486
515 540
420 839
306 924
942 398
925 545
791 668
299 647
192 545
568 571
67 271
140 564
261 486
208 211
838 354
507 329
896 331
335 839
823 622
698 295
824 569
370 734
560 497
295 253
945 544
276 548
342 582
701 359
371 411
459 423
440 512
557 535
122 306
971 570
673 909
239 289
48 302
523 983
212 241
489 630
444 795
595 512
593 658
475 982
284 67
753 673
899 571
183 523
70 350
666 400
685 757
769 592
35 522
646 106
553 161
527 808
229 102
890 254
488 256
252 376
493 348
578 797
74 689
479 818
71 640
484 416
195 799
827 772
629 561
406 737
509 768
226 433
161 540
572 279
331 91
454 374
98 388
540 971
127 821
852 415
211 261
553 980
333 363
450 857
790 788
688 298
190 573
567 729
335 937
98 248
441 61
65 697
505 291
670 932
349 701
523 269
989 491
311 303
383 62
248 850
136 352
461 222
684 39
834 315
712 587
195 193
165 365
708 150
446 826
708 787
651 636
623 787
746 131
886 304
338 683
366 114
571 769
522 239
343 958
943 680
444 90
675 54
792 290
762 437
674 64
900 506
76 457
750 163
363 512
352 217
666 513
546 15
521 117
757 817
689 91
428 241
740 809
378 217
393 784
326 520
325 206
334 718
435 632
620 588
235 404
129 449
605 288
680 934
483 945
65 472
173 472
589 279
859 464
370 803
834 150
487 537
761 474
242 316
543 79
917 770
838 761
862 630
449 809
224 231
551 782
153 513
194 650
647 96
883 561
626 961
717 765
297 694
370 599
673 786
430 400
212 563
232 198
828 869
683 821
297 733
682 431
62 320
651 400
403 475
625 395
848 805
339 379
943 339
636 198
146 816
222 587
776 482
324 567
172 198
61 400
198 725
945 705
585 673
122 554
603 782
250 610
525 337
464 272
120 324
941 627
510 253
804 567
584 953
680 706
201 608
477 696
578 529
691 810
343 299
196 765
190 668
456 966
492 427
776 162
354 498
741 68
555 833
742 372
692 864
313 394
625 710
169 525
844 643
406 951
680 279
587 908
317 246
776 121
965 680
117 813
875 275
673 146
809 252
17 551
740 205
597 702
758 871
280 513
589 594
198 739
381 275
375 317
108 367
500 979
796 456
260 353
569 679
398 450
158 426
372 708
708 230
498 488
849 655
453 576
612 715
689 57
265 937
507 861
31 670
36 609
558 794
56 712
736 102
270 438
245 907
836 433
902 670
942 606
249 202
313 274
605 626
152 834
167 140
631 164
754 201
404 791
704 310
763 777
651 151
432 426
211 778
492 469
450 395
492 144
698 818
652 420
740 746
463 501
488 747
909 346
810 645
383 857
539 808
433 964
88 328
669 776
691 908
721 789
752 784
909 597
736 604
354 570
966 661
620 603
911 244
484 921
428 486
363 849
243 117
521 168
538 312
955 654
566 131
697 584
697 238
512 37
518 879
115 651
249 96
540 790
632 506
283 949
757 354
729 289
30 355
112 199
589 755
157 190
201 284
815 701
699 629
434 189
560 430
247 598
154 251
531 923
253 450
304 150
224 765
552 205
135 389
652 577
897 773
803 668
437 885
533 364
521 775
410 160
861 365
875 806
569 517
471 336
174 857
662 877
485 643
678 210
166 633
397 103
191 260
146 749
614 485
231 731
302 710
265 302
188 737
464 991
545 613
796 201
499 669
686 580
262 700
864 270
728 325
919 425
515 902
207 111
659 113
930 558
759 497
55 486
327 810
380 20
731 942
816 841
438 549
380 444
486 569
288 139
932 573
2 502
635 768
636 670
632 906
308 118
338 256
335 469
302 807
82 608
210 319
904 610
210 404
395 566
494 520
649 304
569 324
851 734
823 533
604 642
220 330
106 515
718 501
642 542
151 217
359 238
252 687
369 424
143 679
678 531
539 643
701 713
429 762
359 745
875 592
515 667
162 406
580 452
217 733
557 252
237 622
348 64
35 388
337 813
259 223
306 439
652 675
671 864
336 81
717 388
883 748
313 873
462 81
409 820
497 68
773 107
148 738
508 801
524 31
571 243
390 13
439 916
490 582
504 479
718 548
657 691
381 842
827 382
413 529
953 622
771 526
362 670
135 420
931 268
878 321
170 753
932 729
184 178
267 671
642 528
377 559
527 721
157 292
835 681
854 381
937 283
449 5
301 633
766 709
323 269
981 600
394 706
842 524
514 283
140 431
513 177
818 735
159 176
461 517
220 869
738 580
718 840
563 455
839 603
573 356
247 470
345 467
582 154
573 170
993 503
293 888
381 46
298 391
445 301
140 369
853 175
276 323
774 778
264 683
879 208
846 713
691 200
514 626
18 512
241 778
233 788
509 403
592 150
918 555
860 818
527 57
851 587
669 129
398 276
279 732
535 133
16 571
311 350
992 478
898 358
393 478
287 351
384 460
600 680
285 450
658 650
789 861
622 914
866 312
435 436
314 470
321 578
930 588
806 179
848 672
174 175
316 168
933 451
557 967
559 309
91 475
121 527
962 527
354 644
418 778
726 346
676 102
688 949
382 328
840 793
466 465
851 342
461 726
932 479
140 258
875 251
309 675
295 672
75 381
209 329
742 539
308 576
325 290
234 568
486 878
437 209
486 437
372 952
926 334
201 881
468 138
554 285
734 338
747 339
616 460
879 767
891 462
251 82
273 225
326 869
390 357
306 366
602 800
498 793
691 71
673 484
461 385
217 363
620 847
424 271
970 423
420 470
227 476
782 264
314 98
661 838
307 195
662 763
992 416
532 246
617 361
769 576
384 498
859 843
407 681
672 732
275 824
502 629
400 764
482 733
105 670
326 632
667 211
675 717
564 299
111 231
47 599
341 53
672 287
405 399
99 744
876 821
679 322
291 211
403 669
118 592
522 43
207 747
760 281
290 868
760 232
534 828
623 52
734 737
884 645
720 828
609 149
283 116
961 388
225 311
461 251
87 516
457 22
255 363
420 542
648 597
574 109
510 9
457 194
134 612
442 104
767 744
179 496
