698 1700 5 590
264 541 164685
340 480 70235
31 672 42012
208 492 47127
162 510 28302
185 305 25000
636 639 26926
131 464 12728
206 571 34482
284 378 38210
435 645 21633
376 544 38079
518 673 39000
361 472 45607
351 655 46043
14 242 26173
45 211 32573
304 537 39013
511 630 41012
215 320 67417
400 601 33015
184 686 40497
318 557 11045
516 623 28231
138 177 18248
381 400 11180
606 667 45607
245 611 58138
128 261 50636
535 616 42000
518 565 13601
144 575 46390
361 653 62682
163 454 47854
50 475 16492
30 347 27074
72 315 14560
470 474 30480
179 595 22825
96 373 55073
81 483 26249
605 659 28160
511 637 42202
361 459 35171
107 367 97622
599 606 26000
469 670 44777
350 366 22561
559 607 32202
141 409 62129
563 652 16401
195 272 16000
340 471 30000
506 671 46228
148 535 57489
20 449 76007
109 256 28018
397 419 37121
315 448 15524
285 554 77318
421 629 14866
591 629 33061
168 481 42485
7 446 46228
82 289 44777
260 526 23087
237 596 41437
60 495 28160
469 530 54203
4 538 47011
180 600 24515
130 531 14866
188 489 21260
118 684 36139
204 251 12083
132 426 12728
89 597 86331
191 648 17029
230 425 34438
350 385 38833
228 486 64382
34 40 36674
572 683 34438
49 90 28443
578 602 14318
119 182 40497
173 360 30414
211 478 38897
429 647 55145
391 625 23087
112 202 19723
76 368 24698
119 404 37855
2 338 31241
178 335 25495
158 640 15811
481 650 47508
546 627 33615
80 302 54424
45 392 29732
261 264 87664
588 631 55154
273 494 39205
84 277 49649
367 514 41485
211 326 53600
348 507 14422
51 482 31890
81 151 17804
345 504 65460
695 697 15264
457 678 14560
307 353 12530
64 541 25298
88 601 57628
51 478 29411
159 443 40112
78 585 30067
542 600 118533
205 567 36249
364 431 33302
65 614 56719
39 142 44777
393 429 43012
20 141 63325
8 141 37162
72 482 26833
383 464 54083
30 666 17029
498 602 44181
299 341 43829
287 548 48466
55 496 57871
244 547 23022
183 493 34015
5 461 23022
65 466 33526
577 692 13038
364 451 14560
14 206 26306
303 614 21213
209 287 47043
62 206 52326
271 674 41110
280 627 42202
233 647 26019
379 611 31145
114 161 14765
98 155 48260
18 634 44418
348 405 50990
498 636 28320
29 347 39051
255 538 61294
83 383 41231
334 509 37121
111 420 19698
454 598 24698
437 454 66068
39 378 12530
278 384 22136
277 421 15620
424 675 32527
97 365 65000
216 692 12083
89 179 28018
173 225 26926
194 453 35468
126 267 23345
287 305 29017
28 38 21213
68 559 50000
183 632 14765
598 663 27659
94 139 63977
161 365 25632
345 388 31401
103 245 68359
52 542 101548
396 601 63135
121 501 50567
402 697 34540
475 657 48508
198 431 49739
314 370 72533
395 400 10440
431 618 29530
465 608 23087
405 587 11045
219 300 16492
250 500 25710
452 605 25080
12 147 33941
47 401 50478
33 547 15652
463 585 22825
27 490 37336
145 242 28302
117 244 33734
266 555 37483
230 402 32696
76 289 33601
308 613 20248
176 524 34234
419 635 25080
26 505 31048
33 285 45453
153 545 32650
35 296 26627
60 434 40311
337 654 29275
176 450 31241
105 589 21471
47 270 65795
129 376 100424
189 541 20518
175 337 21378
326 359 69311
561 584 21541
32 611 89051
47 581 76896
151 476 18028
166 647 50695
74 84 54203
205 505 25495
82 437 17205
21 120 25298
227 397 17720
140 332 62769
13 80 16401
133 323 14318
507 513 38626
522 600 45618
370 375 67624
136 407 31385
230 521 30083
287 544 58694
228 482 24597
515 685 42190
42 73 24042
566 675 55000
611 637 96933
228 268 77666
17 534 47202
35 438 17720
26 36 24739
20 698 82620
210 393 49244
507 645 58694
211 392 43417
371 463 49820
399 523 15133
406 413 62169
66 72 24083
253 494 22825
289 454 74000
413 430 70937
106 504 18788
42 288 26173
337 594 22204
522 593 13000
370 437 68884
3 504 26173
352 435 25495
77 656 67676
185 287 33302
114 177 37014
300 424 27857
102 614 50804
17 304 29732
449 562 56089
321 655 17889
328 653 10198
216 257 60407
181 383 26249
140 260 31401
388 603 42059
308 383 14142
59 430 150602
63 410 36235
364 427 30000
229 406 17088
226 597 62097
249 635 46390
61 390 77473
288 471 13601
497 638 41340
146 597 87092
343 451 82620
77 518 65765
367 646 25080
483 624 54818
127 462 31765
205 622 36359
168 650 18385
186 663 51000
59 413 84504
415 662 22847
162 609 48415
85 224 26000
291 474 46519
109 355 61221
39 156 26249
132 669 72801
559 679 34828
280 393 47885
313 342 24021
296 438 27074
44 689 67201
279 591 38639
131 259 19235
37 473 21401
93 203 20025
334 661 34713
92 581 62298
212 252 35693
289 506 21840
107 483 81302
121 335 33956
6 97 43174
69 515 28653
166 363 56009
13 505 36401
93 386 25080
564 585 21932
99 147 66611
399 663 27586
500 668 44000
150 560 18788
317 673 43829
642 688 37443
92 619 32985
242 341 61612
342 411 29682
326 485 75895
148 398 52631
149 560 25298
222 380 65054
98 383 61400
352 566 23770
284 328 33136
404 605 29833
118 581 46098
238 372 43463
35 252 36878
337 380 41881
246 423 41049
357 575 47381
223 530 24042
53 309 41231
563 628 39319
276 462 51010
601 672 68264
127 500 34482
335 393 23345
423 697 11314
46 496 29530
199 576 36715
238 579 69971
223 433 45177
414 453 31016
413 518 64281
182 239 36797
196 322 19313
1 339 17205
246 396 35355
12 559 38210
215 514 19849
208 324 10770
123 300 12042
199 540 14422
22 85 37363
137 350 65069
339 681 13454
87 245 46098
544 548 24331
129 443 24839
221 426 36401
119 434 44102
102 301 12369
199 542 36069
245 269 73790
447 542 38053
232 450 30364
67 639 48052
189 684 147801
630 689 53600
29 232 39699
571 588 48466
387 596 29682
1 681 19416
192 615 19925
343 656 30414
204 277 34366
536 605 55317
273 517 29732
79 333 73007
115 203 12649
182 404 44598
7 691 45967
434 495 26000
5 238 35440
321 614 29155
263 552 22804
484 621 33242
503 531 28160
87 475 15232
551 570 19105
190 560 33838
78 473 48826
540 576 38419
402 695 28320
133 639 14318
132 213 70093
444 480 27857
53 545 39051
464 544 63789
1 293 27000
351 633 50606
142 369 41677
129 316 118609
57 610 48662
165 327 51662
90 677 47074
234 277 27803
47 172 18682
295 473 37363
264 662 33242
292 606 86377
179 237 81492
276 561 35511
527 617 41231
493 674 30265
150 489 28460
385 460 15556
211 359 35057
53 329 34015
157 663 34205
83 155 10050
361 536 28636
103 475 72622
219 686 82365
151 371 62626
121 508 24331
95 382 50249
208 338 31623
268 578 38833
436 646 30000
22 62 63253
630 666 39850
249 543 42379
278 411 36235
261 416 66212
48 227 30150
428 627 42059
206 588 63151
349 590 36892
558 638 25495
27 446 55082
257 668 70491
345 417 43382
348 546 46011
249 517 47011
552 579 34132
134 192 24413
78 564 30414
388 546 60465
462 561 44553
290 420 40804
382 543 54083
239 659 20248
167 234 70937
174 214 42720
110 690 10770
106 569 51971
24 336 61205
97 484 38910
440 693 44045
38 217 20881
218 571 43012
188 190 31048
410 616 21260
166 428 60216
369 653 29069
6 484 35355
593 600 41593
82 368 30364
34 698 35468
76 198 47885
352 507 94366
194 619 30414
323 578 21213
528 582 11402
590 664 39217
55 336 15524
535 696 28302
236 253 65192
348 645 45398
349 473 39623
127 528 18868
130 503 31113
191 575 73682
347 524 34482
271 615 25612
44 360 28000
188 411 49092
108 154 24166
657 660 21401
543 635 56036
98 464 55036
5 463 17117
36 205 33615
539 606 42202
253 267 63781
296 406 12728
269 286 64008
278 620 43932
406 518 33956
262 650 50804
373 377 31575
45 457 47539
75 186 23345
293 492 24759
259 464 26000
323 602 26401
86 521 35000
633 668 53226
144 314 28636
305 561 25298
137 292 31064
3 289 33838
520 527 32894
282 489 21190
120 271 21401
165 603 32573
2 304 30871
105 326 75690
40 279 49092
201 304 30887
13 218 32985
115 255 34828
331 406 29833
232 612 42450
129 235 91788
420 490 25612
602 636 35355
394 468 21587
189 365 16125
5 533 24698
372 560 41617
441 627 41617
355 688 53254
207 370 70178
124 372 18385
435 566 33838
290 439 38626
192 422 13928
455 677 70767
88 412 10296
67 228 55543
449 527 57489
363 572 17889
575 604 25080
145 622 53535
141 411 89051
408 562 14318
183 394 19235
350 377 13000
21 74 11180
190 384 33242
290 680 30806
244 319 36125
666 689 25000
61 684 25807
282 295 45222
193 322 16401
210 501 52498
101 230 53310
101 104 18028
396 412 13454
304 338 13601
8 116 51157
468 493 15000
53 676 46400
56 481 28460
390 453 59203
384 620 37947
354 523 30610
248 295 25000
341 391 36878
65 321 35228
193 429 44147
107 503 41629
84 191 44643
197 223 49649
23 506 41881
63 386 20000
259 544 65000
77 673 56356
44 637 59363
389 649 21213
474 628 66098
43 622 25710
56 273 26019
381 395 14422
194 414 12166
494 550 63348
541 570 152329
140 620 33061
136 141 59481
10 228 68680
8 18 17720
88 672 47885
114 187 17493
320 540 38419
207 314 24000
20 520 32985
70 481 48083
510 609 47127
626 658 20616
178 626 72918
143 214 39013
15 234 44204
44 225 41976
268 596 41146
551 662 20616
71 597 60745
31 325 21378
503 665 42755
357 648 49092
20 167 30806
218 505 23259
78 238 38626
70 494 20248
261 574 48600
221 583 10770
131 316 17263
29 176 38079
363 683 23022
609 697 48847
74 120 26173
213 502 69029
67 403 17000
254 679 56798
390 555 62642
301 303 23195
352 675 67676
112 142 32388
592 670 81744
284 653 35693
157 523 19849
190 342 28792
66 228 13601
113 140 36000
642 659 26401
242 622 48754
33 244 33541
371 564 26907
89 481 29530
436 641 13153
34 167 68593
209 479 26173
215 371 57871
107 624 59203
525 559 15652
423 609 54129
122 609 21095
191 357 59464
184 219 42802
65 655 30871
268 323 35014
49 429 46755
291 470 62073
64 365 46530
25 285 81216
480 503 43290
112 247 15652
266 333 63127
25 332 61294
279 632 30463
132 496 24515
111 490 24083
117 497 58138
425 521 23087
203 255 25080
456 522 25298
354 612 25456
446 490 52802
96 158 30529
233 502 16000
97 161 55570
447 540 35000
25 374 65115
542 641 52431
511 649 38328
461 585 27459
584 685 40311
284 472 47508
148 694 48795
417 504 46615
246 412 34828
357 656 38626
32 87 15000
68 607 40460
529 660 32985
90 442 49578
252 438 21954
99 470 55471
346 582 31575
172 258 16155
488 527 64382
250 577 25000
62 588 55009
354 399 22361
64 189 39459
229 430 11705
582 625 37537
91 298 15133
67 133 41110
25 140 36125
137 467 70214
66 315 30463
146 418 34132
389 519 59615
178 311 21213
459 472 19105
515 534 25000
278 281 51865
317 357 40262
92 194 31953
139 362 34132
374 456 84012
228 589 53151
107 665 66189
88 458 15297
106 289 46271
123 424 25080
341 606 63063
45 325 54037
171 616 65765
304 324 30414
452 536 45354
266 453 26870
43 110 23537
141 275 56223
7 145 25495
31 45 55036
2 534 47634
127 250 41785
60 146 62000
44 630 63348
11 297 18601
152 269 77987
80 617 50804
606 680 39962
166 280 42450
465 647 14866
501 645 31953
156 177 30676
239 694 29155
13 26 22472
80 282 68250
392 478 50220
109 642 37121
281 411 51971
238 461 15556
250 668 45486
279 468 33015
216 444 53075
426 519 48826
331 497 32062
370 427 55758
242 299 39962
443 532 24759
159 324 52469
40 347 40497
165 513 23345
346 625 22804
101 455 57697
630 637 22472
62 391 45706
106 345 70114
389 644 55317
661 664 30364
230 455 39205
115 680 42638
21 493 31305
10 448 51624
99 652 51225
269 353 59211
5 579 52839
159 592 30414
116 251 46098
108 400 40050
284 361 59000
130 440 43081
163 569 39013
478 589 27459
462 528 27731
532 670 90028
428 683 13601
38 230 32558
57 237 48795
587 627 25554
401 484 30265
330 608 33838
408 529 12530
10 315 47518
34 689 35171
407 527 60407
302 617 10050
2 17 12042
222 540 51088
435 501 12042
543 556 63063
231 290 39205
370 618 66483
95 286 52240
375 454 51039
127 135 18028
13 617 45651
75 598 14036
160 218 26926
271 580 20224
184 445 26249
516 648 30414
270 581 55317
52 102 179805
552 553 23431
290 538 41146
189 581 131643
203 696 50774
256 536 23000
434 452 36125
473 590 49163
344 392 24759
145 446 35735
226 536 43174
96 525 37947
512 650 15033
297 490 30000
234 421 28792
150 190 24207
11 269 15033
33 554 55317
4 353 23022
412 458 20881
295 372 35000
213 669 80777
42 471 34928
450 524 24413
344 478 43186
94 637 87464
17 479 47413
370 615 25495
201 376 56400
325 672 55227
344 423 58310
207 604 16401
14 571 21378
339 432 23087
373 525 40804
23 671 52010
256 459 37336
57 597 46174
274 298 29682
121 210 55326
396 695 36359
478 510 23537
12 197 30265
27 103 47265
113 593 44204
141 281 88414
572 647 23770
175 260 34176
100 534 35000
426 496 20518
236 521 74887
358 568 39408
192 580 20248
265 284 35355
212 638 31241
292 341 58138
35 634 48836
146 495 60374
339 592 47170
325 686 85633
105 228 61774
255 696 33242
111 231 21213
8 15 45804
67 268 64351
276 685 31623
12 607 19209
169 533 15524
444 692 49649
190 313 11402
480 531 20616
93 366 15524
350 467 13416
27 272 44147
164 338 35128
167 421 76007
329 482 45277
235 376 47413
216 250 38328
94 221 39205
44 449 42379
275 407 36878
56 146 46755
68 197 44944
107 514 83934
54 384 34132
149 372 33526
501 587 56515
477 563 16279
149 150 18358
20 41 29732
49 335 71197
325 326 117047
248 588 46325
229 413 65947
86 425 40224
154 200 21541
424 573 21932
461 463 29682
224 480 83522
301 614 39850
54 553 16125
62 625 53852
99 266 23770
595 596 46098
336 677 40249
241 261 53814
405 627 16279
128 264 39408
30 524 19235
299 446 34655
37 295 35468
147 197 20881
128 241 50000
310 636 74330
241 498 15811
427 618 20809
155 633 40497
53 217 10296
64 570 129259
320 436 51624
601 658 45277
62 631 46043
289 437 38897
28 318 18601
109 605 41110
485 486 21213
476 483 13601
41 449 60539
291 679 21633
316 613 61131
206 242 37802
362 511 33422
153 494 79881
324 338 27203
163 598 36056
256 355 65734
233 608 38013
578 610 42720
225 529 35128
568 614 104403
274 417 37643
440 531 46098
81 215 17720
257 440 48600
136 411 57201
313 411 25298
426 583 30150
324 537 36069
283 285 72250
475 643 12806
198 618 58669
100 377 44777
644 669 54332
15 141 52469
349 509 21954
63 306 24331
111 297 26683
202 602 50488
147 470 56569
309 448 15232
149 282 32894
80 160 29428
46 94 36235
469 681 22023
447 641 41773
142 415 72007
28 402 14318
41 520 15620
519 669 38601
287 633 31623
37 238 30232
380 654 19925
526 552 18385
9 547 13454
64 177 31623
109 536 45277
154 294 28000
526 553 33838
278 499 23345
316 464 26683
194 390 67417
463 533 22472
120 191 51614
56 89 44385
446 606 37000
446 599 27731
517 687 18682
96 534 45651
121 178 26627
261 636 61774
180 260 48260
185 209 32558
312 330 33302
153 481 76531
129 670 134852
79 266 47170
398 694 26401
576 600 77337
439 446 39357
181 358 25060
306 410 27295
358 383 39812
115 350 29069
231 297 39623
340 577 22091
162 482 16279
79 390 70456
487 550 38275
87 643 17088
62 549 53460
612 649 32140
206 391 30083
341 599 50448
191 516 38013
580 615 13000
24 496 84534
262 545 12530
270 401 35341
49 442 42297
6 621 48010
224 476 65391
213 677 43012
408 617 40497
42 135 48765
4 307 25080
440 614 41340
418 687 27731
246 457 17029
263 579 37537
34 591 36222
553 620 29411
417 603 37483
423 695 21000
236 677 48765
450 649 32202
154 311 19235
294 395 26926
471 549 43566
52 641 49244
125 515 37336
445 672 42802
277 493 44721
387 610 17117
247 602 31064
168 512 19698
258 477 23409
40 682 16492
164 433 27019
49 393 66753
254 642 63953
345 603 48466
192 370 34015
251 651 13928
554 634 46530
105 211 65069
45 359 12649
113 356 49649
200 311 20248
276 460 24042
188 313 33136
179 481 30150
144 451 47202
326 416 68118
124 282 31048
259 316 32802
442 626 48301
285 547 51313
105 486 25080
24 487 18358
248 473 29682
164 223 32757
689 698 21095
586 685 10296
254 291 49578
460 586 19698
495 597 64885
138 284 45122
175 526 31953
245 475 53151
209 548 16125
93 115 20616
26 205 20248
254 410 65490
46 379 36674
81 371 61033
259 376 51624
341 582 42190
349 631 34886
99 619 27893
265 472 57070
35 565 25000
129 159 58241
41 527 28320
68 158 11180
143 174 11180
602 639 32016
226 369 74041
65 568 48754
261 326 131939
9 244 25080
176 232 17493
249 419 46228
446 667 40012
120 674 34059
85 471 43829
382 556 58600
54 560 47297
129 537 84723
14 622 41304
202 578 53460
117 212 46011
513 546 28653
47 355 33136
362 649 32894
50 660 32016
23 274 32388
67 486 31780
428 441 26401
321 466 10440
247 498 40361
138 378 42048
19 116 28601
82 618 57871
139 519 57280
269 297 31623
222 371 18439
138 156 32985
273 687 18028
1 432 24187
17 515 37696
266 414 31623
335 442 71176
253 487 16155
135 346 15811
11 491 30083
675 686 107378
445 601 46690
169 222 63071
134 674 57801
157 186 53413
101 442 57315
440 655 26401
440 480 47011
78 590 25632
163 312 44385
69 185 30017
535 538 63285
160 295 48010
142 328 45541
103 491 49649
38 557 11402
27 691 49336
97 581 59808
152 286 50249
115 467 23601
171 410 64382
56 418 34015
193 502 64195
672 686 33121
331 438 15652
71 434 14560
22 334 44385
18 283 24042
222 320 38184
550 556 10630
320 447 24515
76 671 37216
144 343 39217
312 644 84172
97 187 47539
83 351 23022
490 491 11705
380 540 43290
157 240 57271
181 351 35847
97 189 79404
215 222 62426
310 403 36688
591 632 21471
386 525 39699
34 629 53038
237 387 18868
115 539 20100
475 660 42438
126 253 67119
501 566 33015
120 207 61911
152 382 24352
281 285 61351
517 543 57567
258 628 10817
64 170 20616
166 393 35847
418 517 18385
13 36 41869
571 622 45222
32 643 19313
441 683 29967
330 345 46065
312 569 45651
529 562 18385
505 622 31048
312 345 63127
310 574 11705
125 584 14318
497 558 19723
75 375 41593
135 582 23087
500 561 51662
166 429 18028
148 227 19105
171 659 34132
3 506 22091
398 535 26476
34 421 55570
480 624 74202
403 486 21095
217 425 18601
214 227 35128
155 351 18248
274 504 29833
36 567 28071
35 518 24698
101 658 20616
299 599 12000
100 586 36770
389 612 34132
175 594 16125
565 634 50596
163 399 50359
546 603 48052
18 58 47539
305 668 42579
20 275 37483
404 452 33242
98 633 38949
184 381 32558
470 563 48166
154 573 11402
4 419 28160
29 279 62298
224 340 59775
139 426 46487
210 280 26907
104 396 43174
327 671 121565
143 517 50090
104 658 28636
48 397 15264
122 402 39115
156 415 91679
122 697 34015
197 333 41725
560 579 51313
135 250 49000
152 635 29530
496 583 22672
231 420 32650
444 693 12728
126 236 37483
51 228 44922
201 235 24352
270 484 19105
70 273 23087
91 417 25318
247 415 53600
312 608 37363
92 652 36797
58 565 48260
267 676 21213
376 548 49820
276 584 38013
310 485 20616
263 533 43139
116 651 43463
356 456 55714
403 639 55227
682 689 38053
272 475 67978
327 513 73553
31 678 30806
354 389 47000
94 611 27166
404 659 27295
503 624 64031
22 661 50922
358 655 38013
161 177 44944
40 591 20224
123 294 20396
264 551 26000
262 448 22804
156 170 39825
193 213 53310
16 677 33615
173 643 24413
160 588 46390
60 174 46615
157 612 30414
386 616 51740
263 654 27514
341 528 49254
354 644 13892
479 548 33838
321 440 24515
217 318 32311
580 674 42579
523 663 18439
159 293 39051
189 390 249650
110 567 21932
305 500 55973
285 332 59034
279 394 22091
85 661 61033
2 640 36235
568 613 15297
366 386 27459
366 377 18385
72 448 21471
330 572 27019
233 465 18601
306 679 18974
77 413 16031
466 614 24021
106 454 78160
232 649 28160
519 644 53009
351 358 43186
121 311 18028
329 609 33242
623 673 28320
19 565 43566
62 73 41785
616 696 23431
415 551 17117
477 652 24083
23 243 39446
257 655 48466
33 212 42942
666 682 24759
238 473 42190
403 485 30610
439 667 17720
353 419 21932
56 687 14213
36 529 28000
507 546 44777
61 194 55579
54 579 17263
280 428 38471
128 662 24698
283 554 47011
237 610 30414
108 200 18111
25 356 40719
119 452 52631
231 538 22091
69 125 22472
98 544 35468
27 195 50249
275 520 34366
165 546 42544
213 336 54129
188 407 39962
91 327 25962
151 664 33136
407 520 40460
333 530 40447
587 645 61522
33 117 46872
208 293 41110
148 214 24597
101 626 31305
207 575 22361
132 519 48270
91 165 44643
146 174 61522
384 553 40706
130 665 36056
468 674 22472
10 596 49739
220 576 49659
169 263 37577
399 644 21932
400 626 62394
8 409 33838
43 691 11402
237 595 72125
441 546 58873
236 487 59841
198 368 37216
168 179 23409
458 672 45706
403 636 65460
619 652 33377
121 566 48508
410 679 35847
10 595 38588
169 380 21954
575 656 48094
628 688 35114
198 671 48083
84 204 29732
3 106 22804
487 494 36770
137 462 44721
175 220 30806
453 555 22204
16 90 31906
439 490 32696
260 593 58138
44 173 30414
377 385 29069
170 551 110073
182 694 28071
262 512 49366
72 329 38079
534 685 31385
61 118 23324
212 554 16492
127 582 18385
454 569 56604
375 437 71568
594 654 20248
432 592 25456
306 559 33242
331 558 19209
21 674 18111
309 545 14036
318 329 46615
50 529 46141
319 456 120150
223 333 21401
227 538 65460
16 196 30232
314 604 14866
278 342 12166
48 214 45967
226 452 46011
51 510 19925
77 317 47297
199 447 29547
347 682 31623
172 355 17000
188 488 32573
102 568 154987
360 611 95037
104 402 31048
71 495 31241
183 629 15033
601 626 52202
192 375 48166
264 326 219246
63 525 30594
394 632 27857
483 514 24187
201 537 36878
479 515 36674
23 504 42202
430 497 42720
171 239 39357
279 347 63891
524 630 32802
70 153 82879
494 543 64661
79 469 37202
526 620 38079
164 208 22847
142 202 25060
142 653 46239
141 167 55543
343 575 54203
657 690 11180
110 195 28160
52 646 45188
433 640 16401
18 409 26401
147 333 37108
75 454 22023
34 682 43186
178 508 11180
81 476 24331
529 567 38210
100 685 37014
532 592 10630
322 429 40224
302 488 53460
12 679 34886
134 468 67676
229 331 36139
134 422 25020
93 350 27857
103 269 40050
281 332 33422
186 240 47127
110 205 34482
24 236 56356
6 187 22361
396 658 56321
36 617 49649
193 233 67357
364 618 36014
7 622 50160
294 424 30414
195 690 23087
373 386 22204
539 680 31780
91 603 38079
57 226 75604
50 173 29530
288 577 41725
99 563 57385
286 611 54589
246 344 33242
137 460 28284
134 375 33287
180 593 47508
72 309 33242
281 499 45398
317 648 17117
19 623 28460
420 439 10440
242 391 56462
376 479 58078
335 508 15000
288 340 32757
69 479 28425
176 347 13601
505 571 45177
355 401 26571
95 611 13153
215 367 37483
480 693 17029
57 142 47170
252 638 17029
46 550 77369
392 457 32249
314 451 50040
337 576 42000
383 568 28844
35 554 55227
492 530 29017
102 107 85703
73 625 44654
129 259 98995
241 636 15232
151 661 12649
308 316 51662
257 351 27586
330 388 47074
462 500 25456
398 616 53712
96 100 42059
179 597 86279
472 621 21932
42 549 17493
9 319 18385
269 635 72897
303 440 42059
16 193 33136
292 528 21213
522 542 164149
44 698 62426
156 551 99005
48 143 33541
39 328 29614
229 497 43566
169 654 26249
29 240 20125
3 23 37014
124 149 29833
57 369 27313
52 436 42450
297 307 45222
112 415 59008
246 678 27893
283 634 45000
217 329 39812
297 491 25554
422 580 15232
390 670 97185
184 395 32311
401 621 28862
509 631 29547
100 385 34438
55 213 53600
257 693 43658
344 510 37483
145 299 37363
121 573 29411
256 621 54203
168 595 16279
381 601 26249
19 58 19723
150 188 25495
210 627 45222
566 573 41231
202 610 52431
110 691 20881
112 602 41231
51 589 22204
195 657 24698
240 279 62801
195 475 62586
59 656 16125
51 162 21587
174 517 48662
286 382 45695
220 337 21213
305 584 32249
183 277 25554
385 586 29155
276 586 25020
139 221 36359
18 116 50567
318 402 27731
285 374 66242
314 364 48703
136 275 12042
182 214 22804
161 187 16125
19 651 46141
320 367 61612
368 618 51624
32 245 57009
133 268 34540
243 274 25080
574 636 73389
293 592 39115
53 86 44922
239 404 18028
187 265 26476
340 692 23707
197 640 49204
4 227 35511
153 676 34928
39 415 83355
383 613 27019
509 590 20025
218 588 56648
68 96 33422
390 541 269863
443 670 111328
379 556 54332
243 298 24698
37 372 24352
50 643 13416
384 560 48765
140 499 55154
330 683 38626
102 665 22091
105 478 44102
499 620 37483
28 557 12649
388 441 13928
49 196 20616
137 276 23707
416 574 21024
15 204 47539
12 291 19105
605 642 24739
58 634 13601
413 656 75293
85 549 39408
139 637 77466
195 691 35000
352 645 35693
28 230 27019
498 662 40497
159 537 42638
137 606 83006
898 294
829 398
84 617
554 410
658 808
652 112
602 547
415 828
453 968
397 223
551 489
752 331
568 656
639 602
378 801
246 396
837 407
410 845
347 847
447 733
257 755
742 692
47 616
372 392
551 930
560 635
585 533
252 269
275 643
341 643
170 153
455 576
436 945
369 691
339 904
536 629
631 749
273 272
558 88
336 675
469 713
764 635
573 591
432 617
220 130
359 481
723 195
530 372
201 374
485 589
303 164
844 854
302 261
595 837
315 412
447 320
515 157
364 857
173 871
540 285
792 138
702 643
711 389
614 28
971 605
338 188
368 126
798 369
837 467
424 339
552 234
336 212
741 628
259 766
195 622
83 672
251 885
684 760
855 239
578 669
774 766
121 686
930 561
306 793
778 682
315 304
467 567
179 202
464 279
229 369
38 544
770 182
701 432
391 498
420 482
777 395
694 102
915 514
785 241
764 435
202 275
953 711
538 528
208 258
316 123
98 599
872 739
118 306
642 230
550 586
592 472
487 105
575 939
633 81
685 445
364 824
397 971
780 158
559 292
233 763
98 353
259 233
76 284
595 744
818 479
328 329
761 573
442 28
979 367
911 679
974 482
309 472
409 129
220 691
751 588
483 767
756 505
607 76
333 525
575 903
430 794
519 110
524 339
144 821
627 552
478 285
776 307
574 362
576 767
567 783
763 752
477 437
362 284
96 316
920 562
575 68
245 596
803 379
923 351
607 674
646 74
308 185
182 574
846 339
26 501
153 415
417 740
419 255
671 846
594 33
641 317
705 200
459 603
522 328
638 896
310 628
604 58
120 338
441 263
646 935
948 562
581 326
316 727
94 233
838 497
212 638
648 90
544 772
653 34
552 802
263 805
206 711
213 399
800 193
542 559
221 379
782 327
60 714
733 882
116 324
872 412
497 122
681 433
334 783
567 616
665 606
180 795
867 348
862 475
92 408
251 120
398 925
262 420
563 340
779 783
838 593
293 266
600 648
68 267
656 921
352 494
728 819
829 311
804 682
473 626
561 217
560 375
346 177
302 944
251 296
595 451
301 613
192 463
351 766
895 404
322 366
481 192
648 774
606 299
257 652
428 76
642 576
27 582
430 978
470 521
215 185
473 98
628 707
497 377
800 588
329 794
363 932
387 361
696 296
658 423
626 207
898 600
699 215
965 465
606 908
392 36
352 253
637 862
474 5
622 95
808 235
345 313
422 161
536 488
696 135
216 750
542 543
446 346
52 584
474 759
777 494
329 749
540 841
295 702
112 426
491 858
565 736
417 868
597 120
471 916
472 487
860 522
790 632
103 645
634 447
733 329
754 536
898 321
96 288
608 722
317 919
566 478
36 559
663 542
64 283
950 699
527 688
947 676
857 385
831 521
715 365
552 435
978 535
340 245
349 76
99 335
165 533
541 805
156 795
350 216
991 485
262 839
263 254
466 981
755 846
951 634
203 386
423 126
871 358
166 132
264 68
13 551
564 117
301 227
143 508
337 935
517 879
812 298
725 733
131 361
311 397
659 900
849 374
912 284
822 625
702 562
542 829
157 858
247 176
102 529
738 597
314 641
16 430
673 705
711 458
917 580
29 350
541 429
254 564
690 192
534 967
223 849
960 584
216 118
432 589
597 179
315 554
152 471
110 779
655 50
716 436
805 810
92 695
540 146
175 725
724 801
608 757
729 422
503 974
202 663
917 446
723 453
569 94
395 474
682 865
118 255
454 445
968 545
561 834
749 466
711 409
465 182
97 498
301 564
863 169
694 598
230 158
135 384
297 724
106 263
198 216
543 380
625 349
232 568
116 266
681 167
238 266
360 111
596 284
66 440
308 928
510 751
514 640
434 856
688 361
517 813
188 207
252 901
798 205
486 46
332 64
63 548
481 319
526 413
610 480
341 739
219 716
217 226
74 309
282 281
318 481
128 755
118 464
170 409
298 955
85 757
919 306
825 356
556 248
40 373
803 865
131 672
344 921
620 483
927 639
102 485
196 332
963 348
874 632
111 213
638 518
760 870
346 231
446 657
330 604
106 793
592 251
827 216
173 621
227 327
586 987
202 174
182 187
631 170
760 477
659 785
776 545
675 810
965 491
177 474
961 637
699 464
276 729
885 261
736 267
798 643
633 151
644 732
713 287
481 573
778 742
721 207
279 147
859 449
884 658
438 293
324 188
791 746
677 137
336 92
339 113
381 376
534 741
558 756
590 496
579 500
881 303
285 741
407 350
532 258
333 467
339 967
443 71
536 864
794 563
52 374
208 463
889 701
81 591
590 627
82 639
8 442
122 349
692 716
284 170
341 575
401 247
22 478
794 770
823 442
294 827
474 336
316 895
278 509
479 725
280 304
610 979
230 583
344 624
741 383
608 885
490 694
751 557
508 629
852 304
897 674
945 331
667 831
799 435
630 375
603 207
896 384
597 429
683 465
725 870
638 20
758 908
457 391
902 481
341 259
47 464
443 959
878 477
755 650
394 412
484 29
615 868
597 853
394 909
845 229
401 420
264 265
349 950
748 369
584 791
807 513
501 646
732 219
706 781
324 884
51 341
534 601
992 561
143 573
486 10
635 623
160 487
89 325
353 65
190 815
701 900
820 603
444 129
612 834
213 730
750 123
744 566
348 484
815 493
686 790
778 469
65 429
653 668
306 142
693 736
333 695
937 324
610 966
646 882
430 243
440 198
501 201
194 608
663 530
651 959
143 247
447 115
57 511
167 805
615 261
673 506
767 343
175 497
270 215
467 165
418 495
272 582
995 546
962 661
200 730
672 375
528 678
111 743
778 214
573 870
653 160
598 597
320 838
825 703
716 591
174 289
78 451
693 224
331 728
370 604
704 689
323 714
886 540
372 868
503 423
422 90
382 585
374 945
415 116
812 366
801 878
639 267
473 583
247 552
22 385
803 835
166 464
264 822
304 585
402 262
324 807
745 209
562 127
663 871
943 618
187 863
529 580
182 270
623 288
516 597
759 740
465 37
212 587
730 749
931 709
358 642
637 478
838 563
241 498
926 243
46 668
137 179
301 859
255 737
51 286
330 298
275 379
188 178
721 347
652 472
902 275
340 659
129 472
771 123
787 464
108 195
456 331
660 236
378 657
540 582
570 580
833 604
883 641
609 328
217 247
654 390
225 234
396 668
