554 1538 28 96
15 350 32558
46 420 42544
117 536 30232
43 206 63977
196 427 60415
250 332 39357
265 341 84599
91 519 54918
1 187 31953
316 384 12530
24 109 73062
169 183 31575
56 198 80056
10 93 45000
448 513 18111
105 473 45122
242 450 12042
261 382 32016
374 486 73007
158 241 58258
252 439 26401
23 41 40608
32 83 36125
115 243 58052
14 81 31828
226 512 32388
280 363 61660
162 437 54918
61 367 35128
202 471 14866
233 276 14142
337 506 18000
289 467 30594
19 252 68797
237 292 64140
131 304 13153
185 453 60208
291 342 43417
19 198 70838
456 543 39560
30 373 19235
146 377 52345
76 358 58052
66 473 36401
268 398 71589
36 123 40200
382 419 18682
164 368 37643
398 427 20248
222 266 60108
517 525 75664
263 498 37108
142 155 202608
24 368 81043
191 410 24042
109 186 50990
65 334 50606
92 364 37363
50 327 23345
192 299 16492
159 431 103354
497 529 35014
372 422 35468
488 531 13342
252 331 43417
217 227 44272
49 543 78435
54 258 21541
104 274 33061
296 500 27019
116 123 46872
257 451 46861
157 389 13038
250 260 279646
101 140 70214
267 293 18358
394 432 69771
2 367 41773
52 190 49729
216 422 23324
221 488 21954
125 148 27459
2 350 43681
186 288 38897
355 540 29120
68 499 64846
63 393 32202
10 407 73410
149 543 54148
179 340 47170
11 420 38419
146 177 104652
61 322 125300
308 425 16125
227 323 46325
374 542 81939
35 473 27731
236 307 17205
63 121 39395
217 326 36770
207 260 186271
63 145 12166
309 473 39623
178 457 37216
223 358 28018
301 412 11402
182 243 68542
80 397 28284
297 485 62801
216 548 53852
252 521 39850
411 478 56939
385 479 66400
323 325 62626
192 479 41629
362 524 20000
161 405 75928
310 410 38288
160 533 15033
106 365 53339
490 542 38079
58 155 21260
340 348 33526
300 517 33838
176 281 33015
306 447 21095
143 286 47202
343 535 39459
352 365 25060
161 485 28844
44 196 53852
204 319 22825
148 292 14765
246 356 61294
195 451 40311
72 264 32280
417 515 14318
387 531 58052
331 521 31064
21 506 27166
124 238 47413
63 497 20000
361 485 52000
256 290 36235
200 335 44181
12 312 41617
68 300 49477
482 512 62968
313 400 30871
282 345 11180
13 467 39812
51 270 42048
34 268 34828
159 241 56859
177 425 43463
285 456 32558
15 264 63977
62 523 44294
273 298 42802
140 549 10440
159 322 92617
56 423 29017
302 398 68308
23 334 21024
271 434 63789
175 450 48466
208 210 87727
97 117 15232
193 530 40792
363 489 102416
31 431 48415
113 374 25080
307 372 30150
354 408 36235
91 208 21213
39 432 61033
324 489 50774
349 471 22361
105 122 53852
251 352 22023
1 273 42202
195 516 46228
358 438 39319
102 436 65000
327 408 30083
296 466 75954
320 401 59666
215 460 39560
401 509 34928
528 551 37590
1 443 83522
220 291 66491
542 554 24839
82 201 55154
179 196 73000
340 415 32450
19 521 52924
417 504 43267
158 159 15652
33 284 20248
257 507 21932
123 534 50329
18 92 32573
72 462 15000
4 34 15033
5 378 51245
350 537 82037
81 250 198600
94 348 60440
268 351 86533
54 536 44911
271 553 72835
27 228 43417
363 513 48703
139 162 48508
304 428 43046
59 404 45695
109 288 53488
100 183 48166
314 520 41773
214 290 44102
332 358 13038
29 135 45354
118 161 43105
470 514 29069
364 403 57801
101 254 51245
13 88 40112
206 402 40311
216 368 54000
25 68 41195
1 522 17889
34 167 31048
406 491 36056
149 479 60000
109 548 37443
114 135 34366
106 441 31890
131 414 29732
129 371 40447
385 487 13000
127 287 15264
45 86 69318
512 518 64327
386 525 55714
239 530 31385
57 135 36878
354 546 17205
96 265 25080
62 190 36878
53 534 51430
184 317 27785
363 502 44407
50 212 37696
51 104 36797
221 531 16125
152 194 52839
280 489 74007
80 461 25000
21 100 34928
103 407 31145
134 219 36222
193 444 36056
378 401 65795
267 476 68622
402 545 31305
321 515 23259
311 337 10198
100 311 27459
357 413 87419
2 61 34713
280 495 43046
299 492 40050
446 533 46271
81 411 15297
91 486 62073
156 186 46239
38 231 55731
87 181 37443
211 463 34928
493 510 19209
318 323 34234
185 546 26401
395 438 29967
205 287 27166
106 142 67231
122 168 65856
57 324 21000
268 302 36346
181 505 93392
279 525 62801
177 449 27459
18 379 27295
9 38 26249
212 327 18111
310 486 28018
343 467 38275
181 335 20591
147 527 16000
144 232 24083
42 139 55606
257 550 71561
269 375 66129
120 341 35847
238 392 53814
103 402 29411
304 442 63032
135 417 38588
13 354 42154
26 266 22472
365 441 52802
85 497 31953
263 439 23770
79 170 89538
149 533 39217
132 489 94578
70 103 24166
1 83 69893
134 296 71063
191 210 36688
202 455 14318
143 351 71449
46 293 44598
257 328 58941
137 313 25080
121 225 42000
183 303 27203
177 463 55154
95 447 34525
115 233 41110
383 399 38484
41 348 38013
137 400 11402
57 114 25080
228 503 27514
145 497 10770
58 407 34366
78 82 46043
44 152 71386
85 397 33302
206 545 22472
119 552 70661
33 344 20881
270 299 39459
4 11 21471
176 360 66219
43 323 34059
170 420 71028
206 443 59506
209 374 10440
190 251 43417
111 290 30232
312 510 25000
81 260 82389
168 188 31016
132 369 73546
95 250 54342
7 466 42953
89 201 27586
174 523 49366
255 275 12728
6 77 45011
18 300 58052
461 531 39294
199 416 37656
153 446 41485
319 538 62362
118 203 40025
20 395 15000
364 389 41183
108 217 27731
71 157 49041
129 472 58941
117 224 45177
111 479 61205
161 361 32249
387 430 26019
17 98 44204
3 146 47170
244 428 35511
115 277 55471
213 366 53712
389 551 67624
118 485 23022
469 502 70859
340 353 27893
42 336 42048
52 62 42059
47 136 30000
171 421 39051
423 551 26476
394 436 17029
200 203 72111
20 438 26627
10 396 18385
356 496 13038
173 203 57009
46 122 58138
487 513 38079
433 449 53000
175 455 33061
138 276 88204
40 317 31016
434 471 31401
111 149 58600
100 169 60374
77 169 38079
94 544 42438
78 428 37162
115 276 54129
115 152 139517
145 297 51624
389 528 53535
208 519 58052
220 342 61221
270 333 37643
201 262 44643
277 440 42190
340 484 45310
211 308 19723
66 94 41195
31 220 25318
84 215 23259
333 458 44147
281 422 44944
53 375 55946
71 247 13153
96 220 32202
346 455 33971
250 447 19925
404 500 50010
242 477 59237
9 132 33615
319 501 62801
53 537 83187
288 548 57801
219 480 38288
54 498 65307
235 245 23087
7 539 29732
281 512 55362
40 214 52773
339 381 36674
377 390 30000
238 514 54009
96 501 39205
6 36 17029
222 520 67720
325 422 24207
185 188 37162
269 532 19698
400 508 48094
54 102 40012
112 338 55362
214 256 41304
199 547 30529
1 318 53310
216 281 35609
226 286 65008
38 448 50606
240 545 24597
412 416 50120
385 513 48052
43 240 57559
278 483 12806
145 529 40025
295 517 34886
177 390 32985
211 425 30017
98 539 60017
287 508 51196
56 439 55902
133 366 30067
133 539 31113
40 256 54708
62 251 38949
209 253 16763
330 481 13342
12 275 19105
34 399 34132
164 518 27313
167 170 61008
318 325 45277
255 312 45880
19 56 37537
30 99 12369
134 480 29833
51 483 31145
231 449 55227
136 501 38013
165 279 62650
180 282 12806
431 454 63600
60 430 44407
234 414 67268
227 445 47413
225 275 23087
144 178 11662
95 366 45706
42 346 12649
11 34 32016
440 474 58310
139 336 42755
19 508 55073
137 458 22472
392 396 20000
16 380 12207
43 108 48508
35 105 29069
8 541 38328
44 440 37336
78 201 37656
70 402 41437
340 429 38013
102 261 33106
222 537 45804
8 14 34205
224 432 68411
8 42 50990
156 442 29000
344 417 61612
150 246 61392
375 378 52154
88 546 10296
113 253 11180
413 423 98509
31 96 23022
90 217 46174
98 213 72007
78 244 55082
273 360 13038
245 386 42012
380 464 26907
269 303 51420
130 314 57706
408 546 46530
80 497 46755
228 283 91482
3 254 40025
259 331 14142
11 167 34482
212 267 58592
109 368 25495
100 112 35341
311 357 68242
274 278 24839
30 328 71113
81 524 52802
13 15 47381
195 545 28844
236 422 20224
87 200 46755
301 472 78848
448 487 37121
20 250 53009
285 433 47634
192 270 41340
231 285 38601
413 506 44598
230 451 50220
153 533 57009
125 349 24759
407 516 56321
55 65 49649
67 456 50990
263 381 54589
77 218 48104
209 426 60108
72 116 13928
107 460 33615
58 141 41231
32 460 38949
138 142 64382
147 384 22204
409 468 59942
533 549 46098
45 90 27203
224 315 48765
117 258 37696
15 289 25495
20 332 25318
321 504 17029
226 330 40311
132 180 51884
20 553 30414
384 463 60108
476 499 72250
99 514 54000
294 469 13416
368 548 52839
60 203 38328
33 358 59135
264 537 60539
104 278 19799
360 365 76837
342 431 33541
178 345 29732
384 404 107517
464 547 19026
79 517 37802
31 454 21000
410 486 24021
236 325 12042
130 222 62298
143 490 31145
89 428 21213
138 182 51400
53 169 43932
247 389 43932
296 404 55471
58 70 43278
90 550 46043
197 416 24207
369 527 40224
219 466 40311
34 426 36056
179 484 28601
37 295 29967
73 171 106850
174 243 50804
370 400 57000
322 431 195274
223 332 29547
178 180 35000
261 498 53907
480 489 18439
25 123 55946
82 312 32894
21 183 18868
46 408 46690
108 240 22361
261 496 57140
139 424 49649
69 412 44102
231 527 43174
165 235 21840
291 538 23409
170 391 40817
102 258 37216
411 541 45891
105 168 30150
255 397 21095
39 315 30806
38 67 68000
204 501 46957
58 207 45188
13 189 38000
371 472 27019
116 462 14036
293 420 66731
351 427 44283
335 505 89900
101 128 38601
259 536 34176
327 354 44385
70 141 19313
182 233 71512
40 259 16031
165 403 58009
80 387 47885
140 301 42154
111 299 40311
70 443 74169
168 546 39623
121 497 40000
188 421 41593
488 493 47381
488 510 40817
176 512 56613
84 155 142874
22 152 55362
41 484 12649
41 179 34670
166 464 36125
365 530 76158
7 17 36056
256 313 37483
11 302 60440
222 452 24000
152 277 86683
362 388 46174
25 499 63151
49 433 64281
294 405 14866
151 554 18385
162 328 40497
92 295 24021
6 169 46861
220 319 78892
97 224 37483
22 429 10770
280 502 43012
23 302 33734
173 405 79429
255 461 27785
320 356 38328
168 408 61911
405 469 16031
299 333 38079
198 205 55317
362 478 15232
468 475 16279
534 537 51624
102 204 61188
126 210 59000
28 278 21587
108 227 49204
132 232 61555
479 543 47539
305 341 55154
336 424 20025
158 401 48010
213 306 38949
77 100 73246
150 356 69080
128 472 118828
190 239 18358
38 285 63655
323 548 42942
65 473 50990
106 460 51352
356 538 47043
143 226 53759
373 541 34828
371 409 29411
126 245 17029
52 474 64498
493 511 53600
351 474 52887
229 374 42720
18 526 31321
299 479 47381
221 511 31623
344 504 26000
154 445 41146
82 126 21024
28 274 11180
324 359 42450
10 124 47434
88 354 19026
66 459 67268
179 329 55036
266 367 11045
103 516 33734
129 418 15811
125 471 27074
148 450 55866
7 133 13416
36 77 47539
43 443 87464
260 524 36770
111 492 33242
32 503 40792
217 230 51662
108 195 48508
331 536 42802
48 198 39812
186 201 67676
256 458 21190
107 441 17029
168 185 26926
107 360 59008
150 378 26000
188 453 49193
163 321 23022
315 468 42048
180 500 51624
29 219 35468
315 432 65924
120 394 39699
114 495 28425
147 463 44294
127 370 51088
78 493 27019
55 172 33377
310 525 53852
7 296 89196
275 397 21932
51 192 42059
433 456 24515
291 401 39925
170 426 61984
3 101 26000
373 478 46615
155 228 96876
75 469 19698
71 393 51788
26 452 52402
87 414 93349
187 325 19105
474 481 70661
203 430 50448
402 516 34886
254 543 75007
502 513 55714
126 262 54708
68 79 63655
130 241 59203
1 27 93648
35 421 45188
280 469 51000
9 363 46519
50 408 29155
73 415 117801
47 265 47381
65 459 45122
316 369 15232
167 420 60407
150 269 51000
381 423 84723
100 506 17720
329 429 25318
197 446 25495
441 460 34986
126 235 25080
69 199 39560
16 199 24352
78 89 22204
311 413 32388
14 553 103247
171 453 53600
329 340 51614
55 302 40224
37 300 39925
349 434 12083
45 227 26833
8 271 40706
330 444 30594
359 480 17205
42 455 41593
139 346 60959
78 511 59034
306 332 35903
372 522 42190
360 530 82219
64 200 90686
61 266 36878
60 387 47424
171 248 27731
64 203 92347
49 146 43278
273 522 30806
79 113 79120
456 479 62650
1 32 90089
212 293 50912
413 528 98112
54 261 61294
75 114 32062
142 215 39699
4 268 25942
104 483 22361
42 271 57035
488 511 39925
273 372 41485
142 460 40608
32 215 33136
504 515 34828
249 264 20396
205 297 42190
41 459 55946
197 547 30594
348 544 38471
195 347 39812
347 516 45122
232 384 51894
34 351 96317
149 254 47011
281 298 26926
16 166 22804
143 399 61847
211 527 13928
139 328 42012
388 514 39825
73 94 40361
423 528 60415
22 329 17000
154 288 40792
184 491 27166
197 317 40853
258 394 75604
93 435 24413
198 297 73593
2 26 42544
272 361 71694
57 495 28018
15 467 25495
195 240 40162
153 301 13601
406 536 35114
27 443 23022
189 212 25080
197 214 47854
184 547 20025
297 361 74887
98 321 50990
144 457 33302
68 338 34928
76 125 12530
180 489 66491
199 464 18385
381 465 58694
212 476 20100
213 284 58009
64 87 96799
269 378 39962
358 434 55154
246 339 32650
351 481 52555
467 535 16553
145 198 62008
190 530 36715
469 495 22091
213 321 79025
140 533 42000
116 534 13416
142 276 152555
26 537 67231
12 255 14866
269 506 57009
12 165 20100
304 414 20125
182 365 33526
359 489 14560
267 499 46530
52 330 44643
14 411 21190
40 331 19105
364 526 20000
148 175 22804
229 525 52612
176 298 33242
452 537 29967
67 479 68007
404 463 167622
343 453 40262
67 285 49193
208 518 36497
146 463 159731
53 303 36125
222 375 93744
230 326 21378
155 207 65863
435 516 44944
191 245 52202
112 300 76922
49 377 10440
95 213 34059
279 364 59506
381 382 44294
180 480 69116
234 550 89554
191 208 76694
458 492 44418
210 262 18385
119 453 46098
157 393 25554
198 287 53160
272 483 40112
289 350 41110
99 373 18358
8 336 40792
428 442 49010
75 495 24413
27 503 63008
137 333 42450
99 257 53852
174 277 42544
242 346 34886
91 542 39560
286 542 18974
27 32 88193
52 193 42059
272 278 48508
74 238 23022
438 553 14422
461 510 59666
91 374 92849
319 496 18000
40 491 26683
173 355 60440
313 458 21401
322 520 55145
292 417 74673
247 551 63063
64 244 17464
264 462 30414
125 344 42755
160 214 54083
152 276 193497
357 528 40497
132 363 58669
115 174 48508
202 271 57689
279 295 63246
124 392 14142
389 526 43267
87 131 96177
52 481 40012
38 363 59000
157 364 42450
113 170 53600
83 107 27785
284 321 45255
83 460 43566
295 364 48795
428 494 42755
103 141 17000
339 382 35341
181 417 93295
110 514 26870
87 437 46174
13 264 34785
38 527 72897
150 320 60208
5 375 54129
10 207 63906
64 428 41881
85 225 41677
289 343 27074
374 383 57079
254 549 30017
120 136 22825
46 172 44598
128 146 31257
341 394 61131
418 468 79649
124 260 81688
244 511 46615
47 501 36401
265 454 25495
281 372 33615
47 341 44204
358 395 14422
279 403 12806
423 439 38897
122 172 23087
58 283 24083
45 217 48415
11 268 42048
211 231 32650
390 449 22672
65 105 42190
189 462 55326
122 408 76105
176 530 30017
294 355 23854
16 224 38079
246 419 34059
185 535 34482
248 309 68505
364 393 55362
29 98 33377
345 500 37443
126 312 31623
359 376 31064
295 525 73376
153 412 11705
79 499 73980
189 327 35000
226 444 22023
414 550 93301
213 223 42012
190 193 27203
196 329 46000
139 477 63135
336 541 46098
6 534 40706
112 311 31321
220 538 57559
377 433 61131
133 250 129877
21 532 18974
392 470 34438
161 173 84865
29 515 42202
33 76 30017
324 376 29069
100 337 21401
129 412 40311
178 404 52469
11 55 74947
75 355 14036
285 449 58549
183 532 16125
423 465 40460
526 528 53759
118 173 64560
470 507 55462
305 432 18248
90 326 21633
381 498 37000
357 379 17720
316 527 28460
156 445 48270
332 395 13928
382 498 33242
39 468 15000
222 314 62201
379 526 44407
192 385 58941
361 405 90670
415 544 36235
507 514 44102
226 518 73410
19 439 70214
189 249 26420
387 529 40162
166 380 21932
459 473 60166
348 459 71113
106 182 39560
319 356 23022
65 122 17889
73 248 84865
348 484 28792
62 174 53000
189 354 44777
77 338 52240
74 260 20125
67 385 41400
433 543 33526
440 523 37802
160 290 44272
51 385 43046
25 338 57454
17 466 22472
185 343 55946
269 339 77936
341 475 112401
25 77 35128
197 412 46325
54 252 79209
209 383 54452
19 313 41049
2 552 14213
366 539 25298
48 63 24331
417 505 29155
264 350 80056
261 319 61098
36 218 17493
164 482 47508
241 322 39962
208 368 65734
230 257 59211
13 249 19849
27 283 78854
368 482 53367
133 296 99318
55 334 28320
260 362 37202
166 406 37014
16 315 26000
194 329 33106
86 90 78518
289 552 68411
347 451 23707
101 549 64938
67 487 30871
164 512 64405
419 496 55758
199 418 53075
50 293 22023
203 511 58600
424 541 37363
339 419 37121
124 207 106254
94 459 82219
114 355 35114
191 386 53666
55 122 41773
451 507 49244
261 419 27857
415 429 46819
399 426 30414
76 434 33287
179 398 43417
279 386 71386
171 552 151331
219 359 43382
371 418 49497
154 548 38328
73 309 23087
298 372 16155
30 257 55471
516 545 46573
182 352 45607
60 511 42107
54 263 76538
106 138 27659
84 142 62426
189 476 26926
59 296 10630
135 376 36770
205 361 58000
217 451 64070
182 276 66888
86 442 24042
117 406 30083
41 398 63600
99 507 47634
391 499 51478
126 191 59405
177 308 50329
28 127 23195
36 534 37054
242 455 39459
348 353 42544
73 544 82219
13 535 43186
288 445 26173
93 516 42048
62 243 37336
47 120 13153
263 465 15000
214 446 38210
248 421 19799
187 522 22561
37 517 46615
125 175 27019
412 446 44000
56 247 62769
266 452 46615
149 549 41869
373 388 28160
24 186 36797
167 426 12000
82 510 34015
342 509 31953
199 380 13038
147 316 14213
5 130 54672
43 227 53759
363 448 55606
29 376 23431
317 491 17263
69 416 21000
23 55 30000
165 312 29530
44 474 60877
284 358 57628
174 440 25495
381 413 30887
270 370 16000
84 503 21932
272 405 98858
187 318 37216
3 49 73756
66 309 20616
132 178 47297
154 227 40311
26 367 13454
119 171 90708
353 415 11000
121 393 19723
100 338 68250
235 312 21190
19 400 55154
81 553 120071
45 445 38471
333 492 13928
391 420 66129
17 539 28844
28 361 45486
24 262 25318
173 200 47434
154 323 30017
119 343 20881
439 465 15232
80 85 42297
505 540 32757
234 442 12207
55 420 71589
156 288 46487
30 139 64885
444 530 58138
282 500 44011
178 282 28792
98 219 33526
236 372 20616
101 472 84770
150 401 61685
238 362 33838
195 217 48166
232 457 23087
74 124 62241
135 515 45343
369 384 20616
234 304 62769
61 520 70406
237 450 30480
272 502 67268
164 208 50695
265 501 47011
402 443 68964
249 462 45310
435 507 51078
286 554 13153
320 538 11402
461 488 41881
28 272 59942
252 263 38471
328 550 48466
24 210 22204
75 294 15232
24 208 87710
292 344 35384
160 446 51078
92 526 29732
250 306 31906
297 529 20809
235 386 54129
110 362 47539
410 519 18385
223 306 21541
175 202 21541
127 205 36401
442 494 11402
112 357 47854
173 294 71512
97 406 23770
54 117 43417
38 369 78230
69 129 34438
206 240 19026
272 385 56000
169 303 21932
166 224 27166
216 482 12166
397 461 13601
208 410 64281
198 508 26019
252 536 65307
151 518 36770
134 180 70235
387 485 41183
325 548 60017
333 400 48826
292 450 61911
14 541 47802
66 73 29530
158 509 53151
293 391 45011
162 414 67602
303 532 37736
130 158 81615
123 218 28178
173 335 76694
123 476 34205
229 310 36497
64 131 13416
347 435 15232
105 188 32202
435 470 44102
10 470 44407
341 454 109165
87 335 33615
181 237 27166
67 448 34655
314 322 33941
90 234 80623
98 163 31145
347 507 53263
315 418 72111
478 541 43081
74 362 33242
229 486 43046
409 475 67186
44 277 34438
111 160 27313
373 424 33242
35 309 54708
266 520 64846
56 551 34655
118 430 23000
39 305 55009
308 463 24759
162 550 64008
291 320 31016
182 251 56400
193 330 41037
25 218 38053
421 453 41593
85 121 21840
239 251 35440
486 519 10630
173 540 76662
225 403 28160
337 413 33541
136 394 19925
102 394 70774
52 523 24839
121 403 53000
104 270 33615
136 436 20616
156 201 51478
462 476 54644
267 391 30676
86 445 44102
70 283 35228
271 471 61685
93 470 34482
286 490 41110
135 324 28160
95 306 39000
256 521 53712
184 464 27586
181 292 58310
48 71 15264
61 552 45044
399 490 39812
143 481 68066
404 457 41400
272 513 65765
450 477 56303
220 501 62032
131 428 42450
76 344 40706
243 251 34132
82 493 34670
241 314 46098
110 388 16000
148 344 41593
18 37 28071
59 500 20616
57 280 49396
18 357 25554
151 542 26019
246 269 68264
127 274 13000
104 370 21401
416 547 14213
396 470 36359
270 400 59203
76 349 24042
194 196 21260
414 437 72125
89 494 41110
79 525 79699
390 433 51313
12 225 27019
170 253 48042
518 554 34205
104 127 40497
437 450 56648
444 512 35355
80 531 46011
463 527 39319
124 396 29530
5 158 59548
114 540 20616
86 156 14318
318 443 93862
239 352 37000
20 81 149050
165 225 41593
298 360 48847
123 462 41761
37 92 12369
88 535 27203
384 457 66528
32 84 33242
411 524 51478
345 404 43186
155 283 14422
60 221 21932
6 53 29967
253 374 19849
187 307 11402
198 247 50249
46 50 43566
427 474 54918
297 387 39699
307 522 25710
290 492 19105
196 474 44922
353 544 27019
201 494 38588
86 234 23345
26 350 33377
291 509 23195
409 472 45000
152 415 102533
29 163 30463
83 360 51478
149 160 45607
28 205 50329
151 208 33526
204 261 62290
437 477 12530
35 248 55227
114 505 38184
93 407 75286
326 550 42942
170 209 55973
224 394 74431
24 201 59816
307 325 11180
350 552 51010
226 554 68066
303 375 56824
48 145 30529
335 540 88278
386 410 55009
41 334 50448
157 247 43863
214 317 36346
69 418 22091
35 188 38210
159 509 60828
474 523 51000
388 478 41231
392 514 44777
43 318 27203
290 458 44654
213 539 55036
352 530 62129
96 454 30480
97 166 23000
268 427 77104
83 273 58822
30 424 30676
152 429 63063
406 464 29069
110 238 40311
224 258 55785
3 128 24698
334 459 15000
72 537 40608
113 229 46000
99 388 26870
478 524 22091
199 315 45967
287 400 75432
310 386 35384
130 375 58421
281 482 31623
156 581
510 25
956 597
310 289
695 152
568 211
657 963
366 881
785 778
173 826
329 279
504 517
468 136
357 914
474 89
897 402
645 929
585 387
712 478
480 966
645 263
143 207
275 208
363 544
534 259
531 62
109 662
685 612
623 861
309 830
862 180
66 585
523 893
309 304
331 106
551 212
557 385
802 758
951 385
800 455
235 201
400 843
213 628
105 296
288 657
380 218
894 252
623 508
940 669
423 211
747 628
156 375
595 198
804 363
305 208
687 450
640 793
94 763
748 925
532 621
544 18
119 395
599 512
445 667
328 164
271 108
802 690
530 300
903 462
127 735
631 495
532 156
257 82
243 910
619 751
493 892
569 256
437 598
484 344
552 559
334 936
439 552
90 558
43 609
557 517
350 626
478 758
428 133
419 611
296 683
324 446
554 397
200 790
230 112
576 985
863 203
852 396
618 894
297 833
631 295
966 573
805 323
149 745
720 603
350 128
41 500
76 534
225 675
290 547
262 852
817 564
616 327
408 366
617 783
43 357
537 169
838 390
576 650
436 48
896 265
563 496
336 180
511 208
200 865
487 881
440 531
682 589
977 610
934 477
653 117
433 673
772 809
651 975
686 888
612 817
876 276
744 526
14 494
366 799
899 552
134 753
7 558
264 377
793 849
597 524
973 641
867 807
492 854
870 589
714 213
311 435
91 226
902 517
269 605
80 747
353 612
593 464
734 107
741 93
842 553
619 653
378 752
595 873
274 486
484 515
875 396
339 312
380 131
604 241
400 313
348 26
338 203
558 712
91 350
470 860
176 481
927 735
783 855
206 220
748 855
499 789
55 463
635 247
853 452
403 117
336 569
186 570
369 102
468 174
143 423
392 496
784 608
169 415
137 252
218 723
151 268
867 481
659 525
889 425
513 727
400 591
450 868
537 659
817 263
647 579
186 686
113 804
321 467
382 366
381 531
872 778
458 197
574 951
824 502
33 588
231 522
250 687
536 221
650 884
837 184
516 606
594 97
532 950
878 369
521 496
227 416
264 645
67 651
408 412
288 722
857 749
817 851
30 396
366 643
463 521
199 545
472 792
242 887
134 439
205 685
689 70
443 823
82 400
452 651
441 514
727 273
633 482
336 51
481 151
523 997
100 429
749 420
398 361
917 588
514 528
783 507
283 781
824 355
801 439
252 928
775 309
388 548
731 386
501 147
888 205
552 54
431 249
287 277
669 237
749 586
402 900
713 665
146 540
687 601
523 519
20 406
74 311
706 617
510 458
682 767
203 500
756 865
92 739
540 904
846 712
292 415
674 576
309 597
457 70
800 539
772 170
505 847
422 233
625 737
530 398
741 933
605 575
180 514
788 592
542 348
915 513
282 241
619 225
420 675
950 330
540 970
189 559
889 768
279 89
414 448
646 318
470 541
746 501
644 60
921 392
858 818
829 466
205 602
797 252
773 201
572 872
668 36
239 606
640 814
200 557
284 701
440 195
340 766
151 222
199 387
787 441
505 962
773 557
284 189
509 771
358 841
648 308
564 308
712 302
181 180
929 279
799 136
430 68
529 873
761 875
412 839
226 762
213 170
470 899
498 67
215 325
99 451
174 153
429 152
605 750
778 239
607 374
504 949
669 845
135 533
647 637
274 898
743 758
564 433
87 473
621 977
541 53
285 522
844 824
733 586
974 471
186 529
306 849
385 376
646 175
638 843
937 679
690 203
612 391
890 412
705 338
744 317
328 373
864 829
769 665
440 472
575 601
278 852
600 453
919 703
421 278
202 851
580 486
870 295
492 957
186 839
532 539
217 262
312 338
733 529
735 155
166 721
518 468
790 907
636 727
846 419
128 768
412 184
991 447
385 473
337 921
906 506
678 323
411 693
163 153
882 462
579 837
925 464
749 299
359 255
350 65
219 542
688 421
338 840
887 752
339 324
210 281
422 632
147 197
576 627
832 142
932 327
876 675
465 910
220 776
857 284
432 762
465 944
725 409
110 333
65 521
373 633
132 661
205 417
306 623
862 506
542 991
777 714
904 720
452 815
247 751
570 97
391 58
883 180
437 862
852 680
815 874
763 514
284 174
47 551
528 552
523 168
906 786
872 432
719 395
666 921
451 100
963 394
637 743
217 820
460 879
991 492
306 118
164 311
974 382
478 199
421 768
288 892
822 625
679 859
196 374
233 510
716 625
223 197
595 637
386 449
774 677
505 587
683 841
295 374
826 449
786 552
458 581
380 624
639 765
779 252
587 528
740 350
472 271
740 906
859 242
707 732
58 625
555 873
590 810
648 290
267 796
685 526
769 147
470 566
490 624
222 448
759 712
243 833
582 851
182 752
514 367
285 461
378 456
613 32
761 458
164 565
140 356
286 914
460 420
576 417
867 791
629 408
588 563
161 455
518 590
651 245
857 552
549 175
436 107
813 407
557 124
780 192
629 953
597 778
328 876
310 409
866 643
195 136
194 707
419 138
873 451
259 568
902 562
322 721
662 426
499 16
453 952
294 428
