713 1297 12 170
215 398 50448
138 559 17464
51 162 24000
537 622 53712
116 687 54589
207 504 38275
277 422 48754
62 116 55082
116 404 31145
196 517 30529
498 574 12207
233 646 58421
13 659 25298
26 500 22804
406 439 15133
226 330 29833
390 547 85440
304 570 26907
324 382 26420
427 696 24083
159 472 52469
264 452 31575
4 168 32202
212 627 20809
548 596 50000
306 690 17464
465 618 51856
189 191 26173
278 570 41195
17 382 48877
621 634 13000
241 646 49041
50 313 28792
105 625 43012
5 273 34059
185 221 28302
261 435 27586
32 532 26683
267 491 38484
527 695 21587
207 383 34438
304 452 89051
227 431 16553
423 657 26926
88 690 13928
309 325 89471
251 637 13153
550 664 41012
139 634 45277
354 644 19849
532 641 40706
114 454 63695
367 409 67268
410 480 12042
181 436 21260
518 564 30887
392 555 26907
13 298 37014
411 480 53254
81 92 40000
546 628 18028
157 671 16401
150 479 36892
350 416 14318
396 549 21954
272 569 37736
109 684 66272
342 464 29000
118 325 72367
116 551 66648
158 652 18974
228 369 23601
171 527 46239
14 593 52612
362 591 57009
334 607 29206
204 565 24739
116 162 60000
357 697 14036
553 569 10296
46 420 44283
156 459 53339
441 602 35355
141 684 34482
94 121 50010
448 555 37483
528 549 31401
145 328 31000
51 303 38626
314 386 50249
61 455 39357
118 678 64885
464 579 35114
479 687 50329
407 644 25710
558 651 25179
570 668 29155
92 480 69893
69 627 27074
73 597 35609
503 636 51971
238 445 21213
15 140 59405
16 560 17493
153 599 30083
102 597 50289
615 649 37202
264 304 89694
104 312 13038
100 522 51894
493 503 26926
564 667 70235
45 677 29155
79 288 27019
340 521 29530
222 496 28018
31 565 47413
327 330 65000
560 669 26926
426 615 11402
86 552 24021
161 285 31623
375 685 44045
61 628 48918
269 373 28284
135 706 63325
322 337 24021
361 387 12369
153 473 37363
303 681 26833
465 525 55109
314 329 23087
457 573 43417
18 625 74653
644 712 35171
339 368 35014
206 362 56223
160 349 15620
56 514 32894
95 468 43829
175 216 61400
86 203 33106
26 47 31016
93 637 17464
35 288 54452
88 306 21840
26 373 53907
349 378 48384
344 623 43932
225 330 39962
40 150 41437
253 524 53852
458 523 45011
163 700 44102
187 480 32757
75 687 25000
113 276 25807
18 591 76694
19 387 26926
393 403 16125
274 378 35228
435 688 41976
515 649 46648
407 712 32249
100 250 53310
511 700 14560
318 567 46615
126 366 16279
447 682 27857
102 126 39825
341 356 11662
139 222 47424
18 244 37108
440 453 29732
276 590 46519
476 620 36125
286 534 46174
364 545 22804
331 583 43681
403 686 24515
205 327 11402
139 437 44147
232 627 79925
222 709 58000
441 710 54203
357 407 22804
476 688 31064
36 424 23345
350 413 49820
196 271 99161
253 297 40817
147 339 31048
344 357 44822
49 564 58258
2 425 83217
106 392 13928
237 243 28018
419 552 18439
157 405 62968
245 336 16492
73 309 36674
412 464 26306
268 428 30610
452 495 37121
476 707 32016
67 156 54918
238 473 30265
255 377 54129
135 321 42107
41 624 46011
268 283 41049
85 202 66098
207 215 38013
598 673 33015
177 596 71344
211 293 36715
117 604 62936
372 520 38910
366 645 32696
270 550 34000
456 480 44272
144 576 38601
233 679 46615
29 384 22023
391 439 19000
584 670 18439
204 312 41012
17 630 43863
82 617 22804
311 408 68425
146 704 13928
72 472 14765
463 576 31623
155 633 31145
128 265 78102
281 364 18439
230 568 10770
430 630 50478
48 543 63569
391 707 22847
213 367 15232
189 348 48600
75 246 25807
108 385 11402
143 647 24759
145 505 20591
3 434 23087
35 690 41049
9 683 18868
223 307 17692
411 585 38910
97 291 32000
207 448 25318
34 600 10050
47 669 13601
145 525 18028
178 423 42426
25 643 25020
392 651 16763
347 557 35355
224 346 87321
339 377 25495
278 668 33422
253 283 43081
435 547 99358
485 567 40817
49 374 15811
657 693 15000
255 439 30610
14 542 64140
358 576 23770
144 463 22136
82 234 34482
288 690 36056
192 345 38328
414 444 34015
400 607 28071
540 638 45255
230 672 43278
277 567 35903
191 348 59034
225 680 24042
154 343 26571
225 490 35355
101 341 24166
421 491 30414
55 539 14866
80 169 49477
361 684 61685
470 604 58694
195 262 48083
21 422 32757
54 433 66731
264 415 58258
34 276 40792
199 220 31305
427 602 31623
84 445 18248
82 334 31780
130 694 31906
60 157 39000
222 711 73062
359 529 22091
15 21 50567
135 638 21024
172 340 25239
6 110 28653
610 671 57983
206 316 18358
302 331 43738
76 487 29000
208 547 97617
672 700 28018
453 519 33541
272 553 33971
257 550 35355
200 405 14000
196 702 45222
209 526 21541
179 246 72498
276 431 41593
74 496 43417
323 641 51865
392 446 31765
42 497 18601
16 450 42426
309 386 44822
448 609 49820
275 376 35355
76 109 54231
323 674 55444
466 631 20248
168 183 24187
533 700 20616
541 693 21954
156 567 57454
377 656 42942
147 656 35128
332 492 33541
255 698 33302
120 400 30480
164 550 37363
190 402 57009
389 429 39623
392 448 44553
242 333 44204
23 292 28601
221 679 59464
127 351 30414
198 537 25612
362 625 37537
158 291 72560
177 384 29155
23 192 32016
360 657 51624
516 546 49406
376 384 28071
181 232 19416
30 242 31623
21 140 29155
570 603 13342
162 303 52345
200 577 41437
9 438 23770
591 625 37643
332 648 38419
178 615 20396
100 597 59682
255 476 36235
481 528 46141
210 359 15652
318 530 51478
633 645 44944
571 677 21840
175 531 39661
94 384 28636
266 591 59000
324 543 65795
82 520 26926
315 507 36892
531 608 41437
554 673 37014
7 586 68710
143 188 24083
145 694 25962
19 76 12000
42 450 22136
12 601 22825
493 636 45651
135 665 128600
114 643 17117
259 709 21190
284 684 38118
171 533 17263
103 696 60638
106 129 18788
479 535 43417
305 548 15811
370 674 24187
26 694 33541
113 416 12042
225 600 27659
198 521 43278
380 533 28425
186 502 36235
363 672 52802
72 495 19105
296 588 12806
95 559 59076
143 280 14560
243 421 28792
134 300 53852
197 397 64475
307 618 48754
59 331 47043
302 556 41231
72 77 20616
190 270 32280
497 629 21932
64 536 23854
44 419 23537
190 664 17205
111 458 20248
113 590 40817
193 313 29732
47 560 29155
365 698 19026
68 268 21541
3 207 38471
410 701 42579
355 613 48847
428 475 15000
320 417 51078
5 204 17692
47 279 29155
26 494 20396
27 31 25298
397 540 75769
58 383 22627
80 194 33541
669 713 33136
83 277 30414
83 677 35847
561 701 42202
39 201 57315
73 409 19849
592 596 55731
84 442 25080
353 427 56080
300 572 36125
357 712 31623
492 648 16155
174 348 161969
455 628 55082
136 689 23537
232 471 45607
274 674 78848
283 428 31113
301 442 19925
243 340 15652
129 555 32573
274 417 43012
381 539 23022
87 272 22136
199 469 31623
54 492 58694
563 678 14213
361 385 55902
372 381 23022
282 708 23854
131 429 33541
351 649 52811
244 287 28320
328 505 16401
112 221 51039
415 564 88888
398 651 43417
188 647 44011
489 681 47265
141 284 21541
454 547 96462
311 384 57385
61 688 34928
128 658 29120
96 512 52345
110 150 21633
75 303 33956
656 692 57079
174 189 113455
97 675 34540
305 573 28636
90 428 25239
298 324 38079
148 236 60017
226 431 33061
235 546 56462
267 430 36235
234 372 44045
407 531 50210
250 379 12042
6 479 13928
132 656 46325
404 477 46840
591 670 51352
297 594 19313
217 582 13928
272 612 67179
593 611 47297
253 450 46648
83 571 26000
512 579 15524
239 507 31906
65 324 52173
353 433 70725
104 204 44272
63 633 18028
125 371 30871
462 586 22361
309 314 54589
2 186 24698
57 580 31145
28 680 26173
516 698 38079
174 515 48662
400 539 24331
406 707 13416
346 654 79076
276 600 41049
179 247 14318
58 96 44654
132 254 29428
341 700 29155
149 667 15133
614 661 28460
166 460 31401
60 632 49244
202 287 25179
371 578 34525
550 624 41049
493 621 57775
84 238 23431
123 262 90050
167 681 64031
40 635 29411
301 460 16492
26 513 29682
231 515 45453
293 639 40000
227 276 45343
131 216 37802
182 556 46861
568 700 47434
458 477 45310
436 471 40460
512 640 53009
163 568 12042
237 248 23022
539 653 35847
486 668 59034
368 371 39661
240 609 39962
290 584 26476
162 551 65742
161 345 58000
35 218 18028
118 329 41049
24 240 34015
360 451 12649
403 632 37000
270 589 23087
263 524 58600
24 254 34828
311 635 125256
62 551 34234
334 617 38288
620 688 22361
342 579 12649
67 142 27893
457 589 57567
129 254 52887
387 487 21401
155 257 35693
234 520 18385
241 272 71610
584 591 48508
224 466 22672
45 566 34059
655 689 19209
262 578 27074
152 440 12166
251 514 26420
159 474 62769
135 540 43012
89 117 67231
214 252 13928
52 285 59228
320 568 19235
331 399 15232
139 621 45354
316 502 46174
68 234 19723
114 482 40853
116 458 43417
25 688 22472
381 653 41146
379 599 42297
25 454 28601
553 614 40497
58 512 50774
7 239 52326
335 496 40162
242 610 25080
177 408 11705
275 311 18028
261 455 11402
446 692 13153
38 710 21633
500 694 22472
129 692 17117
595 627 88057
57 160 27459
56 696 34059
648 695 41437
306 316 52555
445 517 41761
296 619 97745
112 679 22561
64 389 37802
180 524 63063
29 94 17804
584 663 43738
510 650 19000
462 606 56321
153 379 41617
41 569 16125
598 617 42190
81 289 53339
437 581 25632
115 456 80362
85 229 28460
120 539 19416
322 487 21190
186 708 16155
335 709 10770
534 582 44102
243 383 25495
78 489 71400
231 649 15556
12 281 26019
41 553 23195
7 71 40853
17 430 26833
227 425 53226
373 629 48052
400 623 19313
95 138 58523
333 671 24839
208 435 18358
481 561 27514
118 508 25298
143 272 19209
470 642 34886
89 650 53038
8 633 54708
553 661 31780
338 515 64514
615 619 14000
70 216 43046
161 418 106099
633 647 56321
397 433 15000
626 640 63325
450 497 32985
20 703 29069
4 529 66910
494 500 10198
64 441 34482
337 387 34928
424 441 20248
38 216 38053
449 491 16125
52 292 52802
191 220 58694
103 249 32757
210 529 21932
404 687 45277
82 140 38079
27 32 73246
149 374 32062
122 672 25080
2 519 72250
353 485 59000
99 286 50220
170 317 36069
628 698 59666
125 312 35735
501 713 29833
214 232 60407
32 436 39825
215 504 22804
258 329 16279
353 478 26077
76 413 42802
117 575 56080
41 664 39623
92 411 57385
54 332 58052
360 541 51400
168 470 26077
28 490 13454
340 504 27203
66 84 40162
157 610 62266
88 133 32696
47 629 37216
310 707 27313
364 440 18000
469 649 46325
81 115 10050
52 418 16031
81 456 77104
373 395 15524
55 686 32757
352 703 38471
360 423 44385
78 303 61612
352 517 38471
273 565 53263
153 238 37736
274 676 50606
220 591 48703
8 645 43829
614 647 45343
132 365 25000
300 330 30871
575 636 46400
222 326 41049
488 554 54708
328 461 33601
371 616 41146
403 577 27514
176 542 31575
557 675 41725
308 344 33734
98 430 16125
70 175 55362
164 624 13000
438 576 55036
35 545 15033
359 583 19105
202 394 33838
631 658 11402
397 602 34525
541 563 49092
176 668 27659
166 239 15811
290 663 42048
130 395 35440
165 304 89822
662 676 42059
219 448 32894
420 660 20248
620 707 39598
513 713 32802
37 184 19698
386 601 36125
185 606 31780
213 250 63032
98 585 82365
465 610 11402
68 283 39661
54 447 14866
370 538 17000
121 548 21932
146 562 29682
25 482 14560
213 388 22361
299 379 73824
112 574 49930
98 576 39623
87 553 30265
62 325 14866
13 472 42297
237 421 17029
347 414 12083
235 544 17205
206 625 65803
192 413 43841
22 187 33106
119 226 47508
105 206 54626
249 488 27203
90 253 55073
271 452 94795
294 506 30806
232 595 25495
575 650 27893
394 420 37736
169 588 68154
195 559 34000
154 662 38079
33 697 22136
93 554 23345
197 665 43012
90 566 35128
523 588 22204
288 386 42190
55 713 64031
97 201 20881
33 308 17088
86 509 13153
290 670 31828
108 109 13038
269 395 26401
1 393 15133
524 606 46872
447 478 10296
28 225 26476
543 701 60828
199 266 33541
171 447 17088
85 211 37947
655 711 44011
128 631 27019
586 679 97617
375 522 56886
371 468 48415
63 78 15264
106 555 24042
295 559 40706
228 257 28071
102 124 38833
174 338 97581
289 483 48415
46 85 49244
248 267 32249
170 424 11000
355 434 23345
180 462 24698
585 683 27203
52 107 51245
454 482 22847
608 644 26627
528 701 49930
270 402 62801
285 418 74813
95 704 24000
380 700 30017
443 596 130430
461 604 21024
10 512 31780
123 578 69354
136 183 25080
232 252 68007
40 311 97005
81 538 20000
327 544 60141
517 702 48260
103 514 55036
171 511 26627
174 426 43105
278 603 41629
317 665 24839
647 661 25179
443 634 36878
201 474 51264
244 401 25554
223 632 20396
494 501 35228
218 281 20616
614 624 14318
199 338 46174
509 552 28636
506 532 21213
337 680 36401
380 682 16553
501 513 34205
369 589 36139
459 549 13416
577 632 29530
110 535 46174
97 158 63127
562 595 40224
238 517 43932
307 501 46690
195 616 34000
93 140 52202
49 518 31623
654 662 36056
108 684 55009
136 642 16279
8 647 11705
592 699 38471
4 604 50000
107 192 26019
20 587 25495
483 622 29206
138 468 40719
178 194 16492
109 345 57271
446 558 34059
372 653 38328
322 416 48918
497 498 53413
133 316 43863
102 366 39205
50 141 54203
22 320 25962
409 597 43932
117 461 61033
385 684 46690
51 75 22204
36 665 61057
219 555 15524
352 587 37483
247 336 17720
208 454 20248
18 53 44011
5 312 32202
202 229 72339
123 209 36125
96 355 15811
120 623 41231
248 358 14765
130 328 42107
79 329 20248
271 603 46325
157 223 41012
318 485 39812
503 581 30265
69 212 21213
184 444 15524
283 594 12042
191 401 44283
294 622 18439
216 531 56648
99 465 33106
217 510 33015
478 682 21024
467 642 38639
260 664 53160
172 521 37000
296 535 18439
329 508 26019
364 453 20396
24 516 21401
84 315 12042
245 246 64070
182 646 55082
282 499 27514
434 448 44181
12 152 49930
59 583 53151
298 474 11662
249 637 35847
135 319 80777
39 474 57315
173 274 36125
90 283 43738
247 275 11402
203 356 30150
152 486 32802
50 390 41437
206 499 49366
437 689 51400
127 663 20396
279 450 31016
170 665 45891
289 370 54424
214 471 53600
68 594 35440
1 200 48836
551 705 11705
351 423 62968
91 323 24207
169 619 21378
91 212 50922
499 502 27019
374 518 25495
399 655 29428
122 363 46098
258 508 27459
458 563 47381
74 326 47760
88 545 35000
71 184 19313
59 556 29017
13 77 38184
30 99 24515
410 561 17029
200 432 27166
79 306 49041
66 599 18788
313 337 12649
15 428 32249
269 498 25632
134 609 31401
144 198 19698
280 647 14318
554 598 24331
44 321 26000
10 449 39115
183 359 51624
142 682 64000
119 611 31321
279 629 22204
172 358 18788
70 137 63159
134 355 50090
343 676 31000
660 691 29069
43 709 12530
391 476 25554
47 513 16155
281 440 22804
166 442 23345
103 488 21932
286 666 28284
578 616 34886
3 355 31401
71 586 47707
213 299 30887
271 388 47170
439 526 30017
43 592 23409
115 274 83187
265 417 42755
39 557 10050
348 691 45880
127 451 32894
29 167 41773
396 459 26420
449 626 20000
74 335 48270
19 385 42059
150 245 59481
60 405 29732
342 512 24839
419 638 47170
148 235 37216
389 536 50990
407 608 21213
393 686 10630
53 105 27893
477 523 16279
209 310 26420
147 368 10296
352 414 55218
282 502 15000
469 515 21213
149 324 42521
147 312 44283
136 467 33015
373 694 47043
231 426 27203
137 644 49769
31 294 29967
251 256 24042
83 422 30594
42 574 52326
211 639 16125
146 181 36249
90 475 24698
42 263 51108
160 484 37202
475 677 25962
137 175 10296
220 266 20616
466 706 28000
501 618 14866
46 394 44102
87 280 13000
472 495 16279
236 516 37121
1 432 48466
363 459 36620
440 519 17804
326 443 50220
311 336 38949
30 333 45891
212 252 15811
91 343 30150
163 356 18358
165 415 58523
144 537 24083
49 667 17464
367 388 17088
93 617 45310
233 583 17493
573 699 34234
260 612 38013
155 164 21260
69 654 45651
241 612 12530
151 412 38210
168 359 51245
23 211 34205
180 566 60959
419 509 44721
53 287 29967
425 486 44721
2 316 33061
125 468 44147
394 660 34438
101 700 20248
348 401 48600
406 526 32249
276 425 59775
45 675 69584
367 601 29017
396 701 52811
377 439 41725
317 536 18385
319 466 19105
27 273 53151
65 652 68942
438 683 39205
239 241 46615
151 613 44721
460 703 26401
349 484 36715
24 365 31780
259 699 13416
221 263 58310
192 292 12042
159 347 27459
193 490 23345
543 652 31780
34 225 21954
302 711 34785
572 611 18439
224 580 21213
197 540 56089
300 613 51039
103 710 24597
111 693 14318
114 620 17205
398 521 48466
1 403 22023
215 392 32573
24 555 40262
127 591 68600
165 640 26173
237 267 38079
176 593 70036
22 230 31241
14 412 49244
192 639 30414
36 397 34132
202 691 37443
659 667 28231
56 256 34205
167 369 65000
309 367 72111
182 260 22023
503 621 67000
535 635 50912
57 173 56859
14 572 25942
133 453 25612
33 120 34059
437 467 21954
235 261 66611
180 675 63388
154 676 33302
212 654 55444
114 310 47434
119 227 18439
501 525 32140
37 462 20616
216 554 58796
308 357 28443
48 411 45793
205 544 55000
188 522 57140
301 703 17000
384 408 19313
160 378 42202
142 567 20809
354 405 73824
63 645 33302
15 571 28601
643 688 27803
464 542 59203
113 350 22091
107 285 28460
43 259 22804
271 473 74465
102 551 17889
151 342 30414
203 695 23022
444 587 29411
65 291 11662
198 463 31016
124 522 44721
295 562 21260
185 586 53235
139 581 53852
256 514 18868
66 375 24739
20 239 48042
311 376 42720
38 429 39825
328 604 28018
382 518 36497
54 353 17464
38 131 26249
325 705 12166
48 630 66219
265 509 53488
187 481 26173
328 694 34655
415 626 79310
148 300 34205
114 209 73783
284 390 61294
193 327 23345
367 386 48918
80 111 31401
607 673 39962
6 150 26926
239 605 18974
130 604 48021
89 666 34713
16 297 38079
211 229 30887
370 641 28160
126 645 19026
295 627 137768
12 218 25456
102 705 22472
313 680 31064
77 659 35128
321 706 27586
124 645 18868
511 533 13000
224 658 18601
56 530 60407
472 702 34132
140 530 35014
152 278 60017
128 173 62650
538 674 14213
67 122 48260
507 685 24187
89 505 51740
236 240 26401
219 609 50000
425 590 44102
346 627 135204
11 510 67119
398 558 25632
423 451 37336
188 272 20809
62 678 43932
324 374 30000
271 299 25080
183 399 33106
354 432 46390
315 605 35228
179 681 74947
205 390 26019
483 506 25020
258 591 63135
582 666 28792
44 466 29000
210 233 15232
321 419 31145
121 305 14866
27 704 60008
10 421 21095
194 657 28160
167 457 51971
101 695 29000
11 621 90272
381 713 57801
484 580 26077
37 586 15000
421 449 35000
257 489 62129
402 589 68476
30 534 29000
224 319 31064
166 605 15811
83 156 63632
228 270 23022
546 698 59135
188 685 26926
293 708 56798
104 446 32558
1 686 24166
513 669 18385
11 217 99985
9 289 27459
65 543 56080
686 697 36892
54 527 54083
72 544
771 363
703 642
184 339
738 805
554 64
391 389
471 243
569 772
648 637
86 239
659 385
488 544
742 534
267 591
195 503
535 656
817 200
922 450
426 400
246 637
411 785
911 350
788 700
942 686
166 438
684 828
867 518
399 67
12 402
660 820
638 885
95 578
830 504
694 361
190 809
381 453
117 743
413 528
522 16
381 248
232 452
283 134
329 935
305 568
935 303
165 469
453 713
519 595
906 512
529 126
960 331
818 244
286 782
126 547
227 721
409 944
682 649
306 286
32 515
889 680
592 205
471 185
148 805
429 597
496 337
353 710
227 570
559 970
78 727
406 427
496 509
587 301
262 88
526 104
922 438
515 517
479 172
686 280
630 78
538 822
200 593
308 624
483 375
890 323
319 870
434 255
730 332
91 355
292 545
557 907
514 790
177 657
388 81
707 888
707 612
387 591
567 682
36 397
514 304
331 821
550 225
146 733
768 778
811 271
742 733
945 380
969 454
976 443
540 39
635 109
296 373
837 443
941 728
539 832
589 150
117 293
652 229
770 498
121 556
339 91
348 758
865 793
512 217
756 825
515 206
711 170
386 927
759 741
177 378
92 735
839 722
743 362
772 620
261 938
205 269
53 669
763 905
187 180
219 626
953 539
326 703
442 264
617 742
135 412
688 901
811 796
819 591
508 576
528 57
701 592
701 412
521 358
518 935
423 188
363 656
32 476
383 654
431 509
436 939
982 419
529 150
379 828
407 202
638 572
441 361
407 108
203 313
678 66
167 816
306 793
633 710
441 897
753 82
62 674
681 470
353 50
679 80
445 53
367 496
673 934
335 293
215 292
399 445
313 448
794 372
441 799
444 288
839 156
332 227
820 174
919 381
899 524
663 84
786 905
508 459
193 886
635 750
776 155
24 535
407 585
870 260
333 840
726 792
886 552
789 321
697 680
946 662
901 790
266 335
878 359
574 955
605 372
594 937
698 718
115 705
35 325
677 367
753 695
762 183
298 424
219 145
73 475
367 970
841 523
801 534
788 494
360 183
863 332
391 809
732 95
654 930
280 341
210 560
856 595
808 650
624 666
501 390
428 352
787 666
385 334
38 420
647 682
826 236
475 30
511 83
442 39
623 689
163 705
563 325
183 687
589 950
265 497
810 727
863 728
206 694
388 181
691 260
297 152
357 292
910 634
820 871
276 478
537 518
382 849
746 170
591 685
247 578
235 399
341 196
600 422
427 276
736 839
465 870
435 30
822 464
322 651
642 423
194 472
446 250
685 386
829 353
249 537
973 547
972 389
77 368
845 257
687 307
584 795
673 212
419 591
928 373
860 391
633 833
720 940
604 39
230 518
465 573
590 399
792 570
452 396
267 241
493 112
620 484
325 86
724 311
85 488
101 594
623 294
914 767
425 15
767 791
879 502
677 286
475 366
773 330
142 842
271 668
336 968
404 810
303 935
882 466
576 892
480 608
581 215
217 104
883 541
135 381
675 263
820 557
259 284
247 825
3 447
169 586
273 135
459 34
883 490
822 151
841 804
654 696
353 831
671 587
527 910
108 627
924 419
452 990
408 494
878 185
446 951
839 421
738 156
458 451
279 766
21 608
722 617
363 837
73 599
616 702
252 328
668 163
912 488
745 286
390 739
703 382
819 707
526 194
619 366
806 805
374 164
565 846
784 838
176 532
207 403
510 608
502 313
410 55
852 781
461 905
555 334
341 774
153 533
493 631
666 665
382 53
962 463
651 329
915 476
625 382
125 775
912 553
882 733
729 728
87 546
898 279
211 388
392 696
219 827
686 767
245 278
144 576
839 214
279 206
89 530
586 119
10 535
897 754
59 617
364 46
574 316
449 755
492 737
697 554
888 412
413 483
582 555
845 434
424 857
961 315
324 912
930 259
637 655
278 630
685 122
167 805
765 446
710 79
223 763
271 559
86 768
559 668
803 501
27 562
228 815
726 640
930 653
657 920
197 223
592 766
882 752
703 400
178 788
458 377
176 133
414 449
480 393
744 756
300 777
722 684
609 634
225 473
680 159
531 487
723 378
965 669
907 645
462 809
356 118
616 116
369 709
436 392
115 354
376 473
624 721
671 558
66 411
350 955
186 242
746 868
746 145
177 311
626 894
483 502
531 394
455 567
283 568
895 711
599 74
305 768
559 77
448 767
423 780
956 690
614 833
414 969
279 707
721 438
902 459
137 713
422 129
876 528
607 650
277 840
120 222
146 434
494 490
235 122
217 441
259 408
838 327
148 424
117 454
817 344
143 236
676 712
125 394
615 858
455 335
676 237
332 868
54 298
328 808
655 606
150 463
196 710
761 130
805 687
492 433
529 625
717 411
193 567
668 722
492 257
615 71
311 525
120 422
881 782
289 836
400 740
250 350
220 661
95 652
612 879
323 796
33 382
586 43
135 825
615 766
550 838
140 552
248 897
637 122
687 501
432 653
842 585
709 360
834 647
994 577
330 71
381 715
371 212
558 209
320 894
404 251
154 661
749 710
305 257
403 529
710 758
756 921
180 494
432 754
704 926
610 163
556 640
702 798
327 542
314 686
387 819
395 256
638 464
284 614
765 546
313 112
269 415
61 290
594 711
63 521
818 844
659 591
388 967
173 232
30 338
271 326
699 217
527 754
366 453
431 425
612 49
339 173
802 422
746 229
291 112
750 482
237 536
671 949
282 57
565 273
158 637
513 329
820 505
648 365
213 793
625 461
136 353
446 346
320 479
146 604
56 638
753 645
63 422
761 528
379 323
741 572
426 217
699 76
802 875
194 615
106 444
699 62
931 714
143 169
637 815
137 594
412 214
770 258
589 634
586 972
852 648
197 450
517 696
369 948
77 495
454 191
148 157
550 7
98 262
181 674
280 929
892 367
612 575
593 843
193 280
943 711
34 623
496 207
338 348
460 247
271 855
721 106
54 317
713 733
401 660
171 570
519 948
240 249
814 761
660 112
378 955
512 552
913 248
435 244
483 950
691 174
342 241
158 861
57 348
523 578
663 449
157 480
695 235
22 463
358 781
125 638
541 849
374 559
496 910
290 593
621 172
318 368
848 500
469 124
326 767
553 762
970 509
458 311
94 554
541 124
921 694
228 264
717 327
891 229
757 758
648 103
160 405
310 841
205 747
74 585
838 706
309 146
342 804
442 713
465 473
452 413
683 888
569 213
322 955
903 742
809 366
277 145
135 755
256 208
43 589
124 483
