961 1662 17 123
188 423 43463
487 500 57567
327 877 38328
420 619 37054
117 210 29428
299 955 52000
573 763 13038
396 492 39661
43 636 29411
341 738 46648
135 317 30414
238 530 11045
69 215 14765
232 699 35847
584 941 23324
111 391 50448
329 801 45343
855 875 22361
230 490 17720
237 344 40447
182 577 17720
256 942 24759
342 739 46819
511 925 26926
352 504 12728
11 161 35609
336 356 13038
447 761 13342
127 326 47074
479 605 41110
550 615 24597
216 937 32802
585 874 57428
270 385 21954
192 368 46390
342 850 15620
25 135 40025
566 610 31016
256 537 14422
86 337 27459
280 891 46390
632 868 78294
243 558 22136
496 939 15232
670 799 25060
594 930 45880
214 598 30067
4 229 52345
774 899 10440
193 289 28071
151 957 21378
554 735 49820
638 895 97529
167 747 19698
169 901 22136
227 268 18601
120 700 45354
204 216 74847
756 887 32894
109 276 75166
159 918 14213
16 121 14142
83 769 92087
707 944 11180
510 587 57140
454 818 16125
691 764 24207
625 698 74632
129 681 55758
572 828 13454
677 920 52631
708 843 68593
101 436 18028
353 465 30083
697 914 15033
320 934 28231
511 602 21000
277 704 22361
205 262 47508
327 715 46819
489 885 15000
3 430 48000
248 315 20125
257 346 36014
218 930 28160
546 842 14765
227 883 60083
434 867 25962
718 860 24597
79 863 33287
204 708 57983
333 527 11402
334 414 37656
273 369 24515
170 361 30017
779 942 17088
109 776 51740
243 374 22672
718 832 38210
103 588 36222
283 356 34482
608 668 41110
376 516 31257
358 436 33541
103 663 29069
23 646 29732
245 897 53009
219 798 16125
660 680 27019
222 286 13038
672 707 20025
272 292 53339
215 834 68308
180 691 15264
347 923 13000
191 390 21213
695 796 32894
251 753 31048
21 287 16000
668 868 53038
9 376 31780
96 455 24187
25 574 20248
500 926 22472
422 927 30364
550 884 14000
495 682 40162
55 473 45122
289 306 12000
377 768 44553
236 788 46098
389 813 21471
39 628 51614
458 663 26683
7 201 42012
663 820 16763
124 617 32311
70 461 17117
305 824 50359
371 637 17493
546 555 28844
290 799 64195
90 556 31064
226 904 13038
27 171 32757
75 328 26249
275 277 25020
228 386 19000
297 832 26420
267 886 46065
117 147 16279
651 805 29967
679 686 33838
294 615 27074
7 376 30083
775 959 24739
540 566 35355
13 566 34015
847 953 20809
243 505 31321
741 745 36770
234 531 40706
477 808 15133
401 451 33242
139 406 14765
32 143 10817
136 897 43139
429 754 16031
77 801 16763
773 883 55227
272 512 33015
95 754 25710
281 855 50804
52 927 23770
421 657 26571
364 733 30000
584 791 29155
493 921 27785
53 771 39812
176 179 29614
359 543 41110
449 732 39446
835 877 20616
178 202 12649
6 364 33971
173 415 16000
50 883 13416
128 944 43046
677 702 25632
167 751 34015
244 701 33061
770 947 46530
517 615 13342
54 736 21095
162 314 15232
872 891 34670
725 850 20616
32 371 10050
16 62 35355
554 668 22023
26 515 41195
650 752 66910
598 773 32985
700 958 20248
624 709 33971
518 770 49769
168 376 15264
98 109 133304
450 540 31575
90 848 34015
427 876 13342
216 708 63246
440 544 28425
53 395 48662
258 870 54120
273 703 20248
211 534 13601
292 490 24042
680 902 12369
195 748 13038
743 875 44721
46 647 40162
69 813 30067
247 330 28160
357 944 101139
240 520 33015
613 862 30676
41 84 33377
367 420 32016
282 837 52393
607 858 23770
172 395 40249
270 550 43000
148 172 33541
385 856 27019
717 899 19925
155 884 18248
861 893 62177
116 922 29682
218 578 55227
574 745 21954
311 800 39217
328 508 40012
315 606 35511
37 246 28000
284 510 35805
783 932 23324
494 925 56000
402 464 27295
526 955 26571
109 253 52240
533 658 37947
440 836 47508
145 561 23259
592 650 21378
133 720 22361
402 408 21954
115 432 38601
129 867 56321
511 924 31780
174 264 34713
411 843 15133
434 599 23431
482 837 35777
37 808 19849
232 682 30083
43 345 19105
182 475 40460
194 910 38000
67 266 26173
164 560 22204
104 639 42059
634 948 44294
178 242 33136
519 732 49163
322 601 14142
305 907 48332
5 100 46098
538 762 38626
143 637 19026
218 360 11662
412 627 20000
319 482 18028
18 151 11180
200 571 49497
297 617 26000
354 956 26077
686 950 10198
73 320 25318
186 426 36715
724 865 44283
546 759 40706
74 389 17692
68 836 36620
24 541 36497
3 913 43417
109 580 97185
42 235 27659
119 185 25000
195 490 40792
375 550 18868
138 152 13416
82 195 45122
281 695 13454
352 775 23854
437 937 22000
634 789 13038
321 756 17000
522 607 24021
130 156 36235
667 836 16031
237 341 45541
523 768 35355
21 196 33838
484 697 27074
294 385 38328
496 935 23022
782 796 64405
753 853 28636
202 603 29428
94 411 19647
174 354 10630
326 673 37054
752 959 108227
289 502 14213
416 466 71344
269 888 11045
262 737 15652
122 503 12042
220 683 41037
88 176 23345
83 325 26907
596 786 13454
250 750 52038
388 444 38949
653 722 21401
300 960 41785
9 832 41400
435 886 22204
595 639 15000
233 772 79006
308 549 28000
13 419 36401
528 589 16492
98 246 12042
597 790 17804
433 868 10770
694 959 33287
387 575 35609
336 651 41012
668 679 32016
591 621 17464
127 700 67742
598 797 15811
281 385 26249
89 646 36056
290 952 74061
29 403 45618
370 814 24083
413 961 29411
50 286 41400
498 579 30083
578 682 42426
486 881 51313
10 398 52240
52 687 24759
158 224 16971
183 594 12083
424 488 37537
734 929 27514
450 788 29155
156 189 29069
393 855 21213
531 913 25000
210 643 17029
99 716 11045
432 503 21587
78 898 32757
612 887 16279
235 931 24207
39 796 39000
275 704 37014
178 603 25962
352 959 19416
17 389 35693
123 933 27586
446 567 12806
800 903 25942
536 658 39051
260 333 29732
141 549 17804
247 715 16125
72 460 26077
718 774 16279
381 580 47170
341 885 18385
454 618 20881
621 728 44418
347 941 27659
20 703 74404
632 724 70725
73 81 35114
382 853 39962
589 682 35114
726 823 90973
325 563 39623
641 858 43139
479 900 31321
47 159 32650
160 471 36620
607 769 29000
330 655 28231
151 383 27074
529 923 17889
343 910 28792
82 909 25632
153 759 15264
35 398 24352
150 616 12207
551 818 12207
543 562 44283
703 812 73498
15 160 20125
80 279 15524
364 493 22825
567 721 30083
318 873 28231
167 372 23431
530 872 26249
422 468 29155
4 44 22361
236 450 27659
425 651 45277
41 138 25239
397 398 19647
29 649 25554
6 764 54120
867 943 32527
900 909 47760
447 500 30364
526 833 16401
96 676 41400
365 960 24000
78 479 43909
683 740 53460
388 658 65115
51 781 12042
85 671 29275
13 596 24187
142 436 24413
155 642 42802
772 870 53085
294 393 10630
707 808 33015
524 626 20396
303 370 30000
245 549 46174
217 649 24413
514 762 23345
209 259 32985
554 608 47170
53 259 34655
71 768 48549
709 879 26000
14 904 39013
239 882 72450
338 839 24207
328 399 25060
555 759 37000
43 176 19723
821 907 18000
469 752 77337
588 622 21840
560 595 28231
25 745 30594
10 397 52773
136 502 52202
249 868 23601
469 569 63820
107 768 25080
304 548 50804
36 844 36401
171 412 92114
138 429 37054
630 833 42942
204 223 44944
58 358 37162
197 837 47854
539 788 98412
198 524 20000
416 789 55570
76 451 31321
196 295 56143
582 935 42450
301 378 12042
690 803 17889
91 227 29017
65 631 56824
51 710 21932
373 654 52924
162 614 30610
478 831 36125
239 674 67186
129 481 37855
146 457 28160
99 713 40361
155 550 24759
694 846 23601
324 749 47011
313 787 17493
521 952 33015
60 545 14142
79 462 49649
165 278 51352
486 682 15264
26 494 41629
20 316 13601
213 848 31016
60 629 14213
170 522 36770
238 599 14765
581 911 17117
252 786 19698
691 869 13928
511 905 31064
602 905 26306
185 490 30364
448 742 40792
599 825 46487
448 826 16401
616 893 23195
276 381 51088
825 936 24187
223 627 46648
71 866 12042
251 670 15264
744 793 54562
172 308 43417
416 840 64203
133 640 47265
31 229 48795
436 954 32802
345 618 31016
414 573 30000
897 908 50606
412 803 75027
55 888 37643
361 565 14866
456 563 39294
105 517 33615
102 216 22361
623 639 37000
52 692 25495
202 881 14000
57 508 40497
474 869 24839
59 645 26306
553 619 30676
206 666 30414
200 560 35355
64 684 20248
186 875 21378
816 928 24515
442 774 10440
116 224 54203
558 760 26000
381 405 26571
278 766 22204
434 872 23324
59 513 40706
343 648 28443
705 777 37577
33 661 42720
512 889 33121
802 931 42048
354 538 42190
2 829 50567
243 323 34482
181 893 63008
292 427 46690
179 551 34059
189 417 20616
130 751 29069
608 950 20591
157 742 27019
415 652 15811
459 797 44688
208 253 35128
45 104 20248
326 525 23707
20 812 49092
24 196 57306
536 780 18111
368 883 57315
375 884 10198
460 802 14000
157 886 33106
143 166 14866
729 931 44643
48 634 20396
553 926 58694
689 853 19698
274 308 17464
249 443 17692
763 959 68411
150 893 16401
307 499 34540
234 913 43290
85 271 18439
95 771 41773
248 606 49031
776 835 29155
919 929 28231
10 656 28071
424 949 13928
68 743 18248
118 513 11314
22 305 44654
2 311 51225
173 652 18601
267 485 27074
114 205 20809
357 522 64195
30 299 14560
331 832 32757
203 407 40050
142 954 46390
405 942 48374
148 917 14142
132 740 35000
229 363 42107
220 716 11662
91 293 25632
145 175 23087
726 876 17889
17 215 43829
221 612 23854
391 653 23259
509 917 25495
380 871 34482
621 701 15811
184 919 26926
29 777 11180
647 702 54120
125 909 10770
500 825 30000
378 616 13038
628 838 13601
243 456 11314
354 859 26571
152 914 45122
54 633 21190
274 549 36235
360 688 13601
8 474 29967
63 669 39661
223 937 27893
673 792 34059
605 880 20125
26 586 23087
373 712 26000
49 60 24021
105 903 44407
270 904 39962
295 417 60000
503 715 44147
479 880 43139
280 922 23022
1 379 19799
144 918 12207
384 716 33615
261 530 29967
525 584 45000
73 934 15033
435 578 11705
653 669 24331
267 742 39395
221 604 11402
591 711 51039
47 557 33541
330 564 43174
390 907 47074
239 487 83169
318 635 61033
604 746 24597
141 443 26000
9 918 29547
62 659 40719
800 817 68029
40 58 35468
586 816 39051
74 934 37483
507 852 16031
405 611 18788
325 895 11402
67 339 53907
17 23 25495
93 674 26249
252 927 61814
10 348 56365
65 755 35000
476 710 35128
36 625 33377
353 468 47676
291 827 18358
334 518 43829
405 576 38079
319 737 24413
912 938 21932
824 934 48466
32 555 42802
50 222 36056
416 948 18111
452 905 28231
192 195 46530
711 804 19209
272 427 42485
4 892 21378
467 958 42953
193 739 56586
472 720 21932
746 782 46872
199 596 43658
521 738 25456
255 622 50990
371 817 50596
263 786 14422
4 160 46690
114 170 21587
146 873 29275
264 354 36249
259 462 38833
480 627 63506
270 294 36125
54 217 35000
124 445 50912
642 829 13416
161 846 43600
685 956 16279
182 464 25456
328 592 23409
120 958 43278
219 290 81216
115 644 24021
203 446 29206
126 394 35228
190 936 21095
188 377 35171
723 936 43738
304 494 57801
728 880 55758
501 829 23022
175 561 12166
351 521 15524
725 739 44147
495 898 17029
351 952 39560
349 805 35609
28 563 36674
701 826 27019
14 705 38013
283 910 28425
231 491 47802
570 925 25962
130 295 30480
730 782 32202
556 940 22204
711 954 31321
577 809 27459
515 928 39925
533 536 21095
783 839 41000
403 583 29000
316 945 27203
377 423 35355
297 331 10817
129 190 22136
645 912 60374
322 547 29275
194 675 27459
111 842 41485
221 746 29069
307 431 35171
548 656 47802
22 934 58009
543 587 40817
77 329 39357
790 878 27514
240 747 19647
276 942 34525
51 600 34015
310 953 51662
309 799 17804
581 832 23854
402 851 14866
492 932 31064
81 934 41869
2 41 44045
356 451 24759
212 881 24352
787 915 11045
605 728 61221
310 811 32985
115 639 33242
128 808 14422
380 410 19209
160 689 40608
236 945 59059
57 592 14036
92 733 23022
255 303 22561
845 888 28460
150 378 21000
619 781 33422
497 567 21401
574 741 23537
49 468 24352
66 866 26683
117 894 22204
350 810 11402
916 924 38079
452 810 24515
358 823 18868
15 471 49477
497 575 42154
98 128 25000
360 930 23087
429 501 33601
509 722 31321
601 815 36139
186 321 51865
159 557 30017
127 525 58052
163 488 32650
778 861 34059
761 936 38897
346 940 31890
131 847 18439
522 565 13038
685 768 53740
323 858 44777
231 382 47043
438 898 11045
388 850 41304
573 846 24352
365 593 31575
12 277 29411
247 564 52811
867 896 40804
309 911 44688
636 717 42107
497 721 18358
169 946 55172
134 253 47854
299 738 39459
704 771 34828
491 753 14318
240 413 22847
292 876 49254
494 548 23324
690 720 50000
323 641 11314
21 295 48918
614 802 36056
455 897 46141
210 932 35000
39 281 44654
765 929 120553
225 821 25239
513 849 13454
463 515 12728
462 908 49244
662 700 63285
118 302 17464
479 499 32280
576 942 39623
445 670 44181
311 903 50010
495 528 31016
544 684 28320
407 446 30414
254 794 23409
533 719 31401
382 491 43863
164 256 37537
28 269 20100
489 948 31385
12 152 37202
625 873 47011
409 915 16031
276 779 21633
581 617 21471
303 814 40000
372 532 19313
470 551 43417
227 368 29206
648 758 15033
205 340 44407
115 506 17000
329 384 20025
463 928 36878
58 726 51000
228 559 31064
354 685 28231
112 290 11314
539 945 21401
254 288 28160
586 925 15811
313 896 34205
105 743 47011
260 654 22023
212 688 23537
611 928 22804
546 794 26627
135 792 47074
394 921 38897
109 779 55946
149 200 26000
101 823 19799
197 514 38079
642 705 11314
740 834 45453
478 626 26019
681 951 28862
565 858 21954
163 949 44011
72 520 11402
289 552 17117
602 672 19723
198 712 38639
270 856 32062
174 213 17117
93 571 36014
632 865 27586
465 660 40050
473 785 33015
311 935 34670
684 693 48052
257 859 37000
252 629 57940
19 279 20248
157 699 31780
283 401 32202
384 860 44283
114 535 35511
48 341 30232
376 798 44553
72 392 21378
1 803 43681
567 933 17000
582 879 18358
505 760 22023
244 542 17029
403 754 26077
693 906 16125
228 440 46325
56 734 20224
126 572 25942
382 541 18868
510 562 29732
597 878 12166
452 916 24413
593 677 61984
739 930 28231
360 578 54203
68 667 24413
386 426 24021
306 552 19723
82 804 50249
344 784 42154
583 827 42485
132 657 34928
430 913 39962
300 819 58898
332 572 18439
268 900 26683
40 185 40311
608 735 14866
221 756 34525
18 744 28636
137 457 17029
211 258 37590
214 250 25000
195 268 65376
193 342 25495
390 456 24839
66 912 27295
136 289 59135
518 669 33838
280 590 44045
241 346 39000
606 874 58009
219 952 60440
143 254 41110
467 727 88527
106 166 26683
282 304 23345
3 915 38079
214 773 10198
312 678 15033
484 917 16279
241 849 19849
312 347 28320
102 843 10630
425 805 37947
397 656 45177
273 296 14213
410 544 34176
316 417 18385
265 531 10630
720 766 26833
245 404 49193
734 919 40719
7 516 15297
7 557 33422
330 396 33061
477 586 34886
333 370 15811
102 437 35384
183 725 26401
338 453 10440
355 742 34540
111 153 41000
237 351 34482
562 609 24187
618 818 14422
9 298 48260
300 301 18028
359 807 21024
416 828 63561
724 763 17205
637 906 31321
386 609 21954
312 529 25080
841 865 21587
444 534 14866
206 889 27295
107 366 10050
686 929 78791
261 872 30806
457 473 20248
31 545 17000
474 764 33121
506 835 28636
736 777 32650
335 770 44102
192 889 28792
285 339 41976
367 619 25060
113 873 30594
504 775 24597
237 869 28071
318 795 56303
587 807 13928
33 532 43046
6 19 46861
76 458 28320
408 527 21024
800 862 67007
542 852 30806
34 306 17720
380 441 36222
827 851 18358
343 758 28792
244 826 24839
12 395 26249
526 920 41677
549 696 29833
27 797 34540
104 571 46872
65 478 54342
112 251 46690
340 944 51157
2 84 57983
361 858 14318
404 549 37202
244 507 31401
366 762 23087
191 821 43566
90 213 13000
258 767 29155
668 686 39115
187 942 17029
177 664 11314
86 541 33302
447 723 22091
66 957 20125
118 645 32016
232 438 27019
15 689 36770
125 479 32249
765 868 30887
47 92 20000
864 895 18358
301 960 33061
587 839 29000
123 407 29069
149 164 29206
752 775 90802
285 756 34205
158 387 27514
35 681 42953
265 913 16000
441 453 20881
627 822 36878
824 907 26683
90 174 22672
34 780 28160
176 345 17493
97 914 26926
5 44 46957
647 677 62626
302 645 33287
208 537 28460
332 364 24331
212 242 39000
640 822 20616
322 702 48270
854 866 14866
12 172 42485
230 292 12000
261 891 12042
145 961 11180
218 485 21190
624 879 15033
280 367 52811
13 263 26077
523 837 47434
27 272 165602
62 747 10630
297 757 19026
231 314 51546
52 844 49244
124 309 31257
109 134 14866
140 350 40025
604 838 22361
188 362 16125
45 595 21633
730 796 72007
168 911 25239
91 890 25000
527 620 43278
485 930 41881
2 939 48083
257 940 25060
472 480 27074
150 278 60415
75 139 22472
299 861 33136
473 864 25632
82 125 28018
168 798 50120
33 372 39395
585 788 212532
649 736 38053
244 488 39850
341 630 20591
89 902 29120
71 523 44147
246 580 24083
679 868 33287
444 850 37162
313 409 19000
431 675 36222
443 749 50537
684 817 44294
239 284 80455
233 870 26077
221 628 25318
383 813 34059
141 696 15524
210 894 21095
199 566 14142
146 473 38484
272 806 64622
484 509 24597
56 719 55172
46 94 24759
79 620 26571
30 952 20025
114 357 17804
428 622 40804
18 793 47676
401 458 28284
201 279 15524
119 195 24597
3 891 47424
259 771 13038
88 179 30232
420 600 16553
755 809 45222
361 714 28284
55 785 30232
34 658 21024
543 609 45188
153 613 28071
225 641 35171
48 425 38588
459 708 47539
77 87 34059
59 118 38897
305 418 45177
441 871 21840
115 623 15556
8 885 31765
361 535 31145
540 610 62290
209 908 44147
64 529 43174
116 575 37216
347 529 21378
38 110 37483
776 877 20616
8 237 18788
180 784 24083
452 924 40817
108 867 22472
388 719 77369
54 475 15000
633 856 29155
252 296 23195
498 569 46573
315 372 46872
680 713 65460
620 863 27166
169 315 25612
194 283 24083
379 874 84345
302 849 25807
110 201 15556
317 792 39205
96 780 25080
44 892 26401
610 638 123713
120 467 68659
412 640 44102
730 921 19416
636 683 60216
343 439 24597
631 755 50636
271 671 33302
461 727 150652
211 767 15524
393 615 22361
439 486 18028
433 696 34482
30 85 47202
439 910 39850
41 501 31257
285 922 26926
678 693 26683
24 121 18439
177 312 20616
758 910 40719
739 863 60803
635 795 16279
207 303 39115
274 749 36797
645 657 15811
496 582 29120
184 735 17464
811 953 61033
1 606 11000
74 646 39962
349 731 32280
184 950 25020
630 920 18439
100 369 35128
132 421 19235
5 369 23087
142 591 36770
238 619 34000
287 892 47011
328 579 43267
392 460 31828
409 556 27659
633 736 18111
517 743 41037
113 698 51614
10 463 33838
149 348 19799
198 373 32757
94 960 33242
299 671 30480
87 660 17720
90 859 33061
366 514 23537
731 815 39825
364 597 28018
37 477 11000
683 713 24187
224 531 14142
181 946 25495
632 765 105603
291 851 25962
181 278 24187
269 563 31257
362 377 40608
22 418 38588
241 257 14000
80 364 42720
299 952 27295
24 659 39395
281 294 50160
234 430 44777
493 665 38013
466 789 41881
569 752 22091
335 518 16125
131 568 19723
624 722 26627
667 875 42107
97 624 26173
233 706 77369
334 841 36401
35 481 35000
375 615 13000
99 220 21587
778 893 57219
396 662 25020
50 227 59682
266 339 44911
575 665 43174
371 862 43566
255 654 37443
805 815 28000
80 733 23770
189 539 35341
28 864 21954
288 399 30887
122 432 12369
181 400 32757
355 847 39661
114 262 50000
593 955 60208
293 652 16125
912 957 22804
76 789 19313
533 676 45453
169 561 27659
133 472 25318
848 951 19416
235 729 28862
248 372 40817
15 757 53600
681 896 40497
480 819 42012
807 839 17464
107 197 21190
200 481 37336
8 489 37121
606 901 14318
207 428 27459
552 780 24207
410 559 14318
11 504 20809
476 600 55317
610 692 86977
266 321 35355
137 795 31575
666 806 42720
371 613 22023
355 594 51196
259 897 67941
665 782 11180
508 579 23345
27 412 124595
67 476 55973
18 66 25318
745 857 12042
208 639 21954
387 933 13038
813 830 21095
588 820 18385
415 431 12728
564 655 26401
334 770 39623
167 532 11402
538 685 34482
337 520 18974
374 769 28425
172 335 27074
71 744 20248
265 891 60877
111 546 32450
344 516 35341
794 842 23770
576 611 31385
133 690 44721
88 123 26401
258 534 42450
692 844 50249
132 834 35511
154 814 28071
464 851 26420
750 883 63600
92 159 29428
655 958 32757
500 761 20000
349 920 21378
284 487 20248
103 840 41110
220 713 25710
493 790 10440
543 559 29732
717 718 30083
296 545 33242
151 793 42048
590 891 25060
36 353 34176
454 470 37121
340 672 30083
61 626 24187
154 527 38419
664 791 15556
153 546 35468
137 146 35228
14 226 33526
714 737 36359
225 714 51856
37 816 42720
140 916 29547
585 661 51478
264 548 28460
106 399 34000
24 86 19416
437 819 13416
299 778 48270
519 584 49930
709 939 13153
352 694 23770
134 537 24042
217 736 30000
475 633 29428
449 519 41725
428 486 43829
253 835 31305
87 329 15264
140 282 15297
65 831 44407
492 662 24352
760 769 68118
89 465 25239
63 391 36878
206 806 30887
841 947 27893
225 482 43932
455 676 36014
226 642 21190
674 723 14866
70 75 23345
207 603 45277
697 917 27785
74 320 20248
40 711 15133
166 288 10296
293 307 22023
121 337 21000
324 868 54203
612 922 21213
165 480 28601
61 840 32000
442 899 18385
857 906 30887
619 926 61221
255 588 53824
227 286 69080
483 872 30887
64 380 22023
148 518 17029
271 729 24352
503 643 79812
668 950 39217
379 606 28653
833 955 35228
695 831 57070
397 951 27659
127 727 31765
42 112 44553
42 231 53600
11 111 55227
629 927 31780
334 947 29069
332 394 20881
52 422 37696
103 820 35805
57 328 21840
502 897 24207
187 256 16031
404 696 29017
453 871 12042
631 809 23087
530 590 29411
298 636 16643
119 748 15000
233 767 57385
249 433 13454
158 933 37054
17 74 22561
147 643 15133
495 589 25495
56 388 69642
221 887 17263
648 675 38184
70 135 36346
746 838 33242
748 804 31575
483 943 23022
74 830 11000
108 599 21024
113 845 19105
93 882 17720
16 659 36715
423 956 11402
185 230 18439
757 860 18682
222 411 29614
639 644 24000
377 854 32000
81 383 37014
260 303 23022
440 800 28636
173 601 25239
144 298 42579
568 826 38079
83 505 33302
374 558 22361
458 466 25239
253 776 41110
23 902 26077
44 287 48260
46 365 18868
45 200 39205
63 414 19313
292 512 45398
324 632 26306
706 811 76295
445 753 18028
419 703 36674
342 725 26019
772 811 112004
25 406 12207
236 419 15620
250 773 32696
379 585 140228
547 890 34000
448 568 37537
314 614 37590
315 901 27459
78 528 47424
139 745 41725
69 938 12042
239 447 50329
38 201 40853
331 718 12530
175 372 43658
810 916 18028
147 239 13416
678 857 10296
95 275 28320
872 943 14560
300 378 18974
171 459 14866
645 938 49518
133 822 44598
449 492 31906
436 852 24515
95 583 41593
31 363 38833
266 426 31048
295 812 42202
291 408 28443
198 577 34059
263 703 32894
183 444 12369
101 358 24083
165 766 39850
338 941 14213
547 702 54083
392 413 28862
3 470 62177
535 714 17720
400 961 40497
154 603 29732
666 750 28653
19 110 15133
359 871 12207
310 949 50448
327 506 26306
588 712 37577
44 100 40000
220 442 44045
664 741 31145
635 638 32249
710 781 21213
49 801 27459
272 726 57385
135 406 37216
438 699 33242
732 839 32558
258 388 18601
232 435 11662
278 946 20616
211 706 37656
191 641 16971
134 187 28231
126 828 26077
524 631 10630
418 845 46615
500 553 58310
28 785 23345
145 400 33838
177 791 19235
461 650 15811
199 687 73007
242 688 49041
84 97 29698
57 569 47297
200 348 10770
570 924 12042
389 830 12166
499 675 52631
229 471 31000
721 878 23601
441 923 12369
122 882 37483
350 916 24187
162 337 22204
783 894 24207
131 163 21587
498 842 25080
570 916 36125
144 159 19416
156 295 51088
227 890 38949
61 198 48260
106 637 24187
469 842 43139
601 731 34234
161 391 25239
89 698 62626
209 897 56921
173 431 11402
507 542 24083
108 190 37216
483 787 14318
50 411 32757
49 363 12806
38 784 23195
661 751 21471
421 834 49649
336 675 33061
110 180 20518
104 623 32062
163 424 46098
253 644 16000
319 837 26019
317 673 50804
687 692 13892
362 854 32757
203 721 44294
28 490
715 643
592 335
252 321
200 280
453 527
386 452
362 518
404 411
748 194
873 747
720 743
174 178
618 628
307 331
151 390
410 206
503 176
423 491
125 267
178 296
437 106
391 189
169 374
921 565
711 133
54 725
385 42
610 676
271 493
253 249
853 630
37 394
600 889
735 269
326 184
751 94
381 463
641 537
261 862
713 687
210 457
462 338
242 301
815 259
180 634
427 461
347 578
283 231
184 698
712 425
271 169
695 811
568 640
352 84
564 979
955 627
248 895
514 294
259 232
489 580
116 395
832 791
804 532
564 578
507 201
698 493
736 554
462 233
965 592
542 187
154 416
453 165
432 201
942 596
371 607
326 231
344 777
590 756
438 489
465 132
301 815
409 9
746 692
243 455
180 390
352 253
476 378
381 187
656 248
264 728
447 461
819 303
162 651
650 744
637 858
767 713
770 86
377 262
242 261
287 931
145 660
444 619
822 278
719 598
882 593
608 159
682 323
871 173
408 489
836 706
241 425
360 98
601 35
865 265
583 454
814 404
542 267
246 827
990 425
165 392
873 314
487 402
320 393
302 787
490 569
981 472
750 71
726 298
118 348
397 928
463 285
64 568
857 178
960 556
591 801
306 46
692 701
921 588
630 111
729 861
313 900
862 624
438 413
111 453
326 75
817 388
769 766
786 231
169 552
493 171
698 713
836 665
508 749
683 624
90 325
403 848
544 419
442 432
298 313
845 769
168 435
392 949
804 208
110 574
876 619
91 395
367 411
63 469
580 30
47 693
739 781
305 692
639 233
88 451
472 355
866 520
487 784
501 361
394 504
128 502
533 659
495 882
647 952
226 842
670 522
831 167
567 239
92 296
719 319
493 70
211 798
567 862
377 690
257 805
197 324
588 152
494 628
183 134
776 255
419 478
475 788
459 429
54 685
618 47
157 812
485 714
831 222
639 778
843 399
483 917
484 796
656 235
129 749
449 226
123 656
568 675
472 837
329 447
382 283
615 470
196 664
70 643
556 407
514 92
650 638
235 729
745 503
288 283
212 830
223 405
414 786
465 985
522 374
189 475
142 219
345 510
674 357
811 376
114 406
572 250
520 781
464 40
333 912
674 833
779 94
916 327
38 431
752 897
144 769
275 393
216 202
866 225
893 651
484 686
832 183
586 250
516 935
671 786
529 682
636 371
587 83
196 192
665 210
565 385
672 496
438 859
250 740
387 62
623 606
225 459
154 857
202 234
735 815
671 725
808 132
696 726
116 523
434 474
618 416
604 562
627 126
393 672
743 419
622 443
209 665
194 296
885 624
595 860
249 433
581 715
200 830
288 719
650 582
141 328
213 225
358 363
431 371
267 507
151 579
168 585
538 250
506 681
644 142
462 69
595 872
305 733
718 819
324 424
400 977
755 611
871 540
631 286
174 421
47 449
112 263
981 534
319 130
553 104
449 190
641 479
277 669
497 50
781 883
391 29
935 482
908 269
934 621
344 266
924 354
364 354
474 528
539 710
802 816
766 779
352 662
165 413
857 491
663 452
662 53
330 553
542 867
405 717
339 470
481 340
587 286
850 521
772 245
304 606
621 72
328 480
899 768
338 216
632 225
434 888
363 655
615 24
263 929
825 486
478 827
550 31
551 237
291 241
478 504
190 618
618 160
668 399
217 752
207 258
524 705
852 620
73 410
466 645
479 23
682 596
375 424
576 205
169 573
14 504
805 510
757 135
221 358
466 169
345 286
612 587
726 503
518 428
527 920
445 213
472 67
824 755
133 420
657 574
494 534
703 763
891 356
724 241
743 246
912 609
100 485
412 646
564 701
630 717
696 877
766 160
928 575
461 389
553 720
612 286
790 498
167 670
14 607
105 427
839 809
305 708
406 541
105 280
417 73
152 207
688 424
472 268
306 183
607 222
346 952
314 598
702 504
192 876
458 709
655 703
544 335
314 699
876 302
742 906
663 329
420 796
293 914
119 636
387 785
427 728
756 548
841 514
384 327
739 885
498 894
284 357
482 411
778 338
362 883
886 416
148 192
380 637
656 64
847 494
500 303
661 855
456 48
323 47
392 626
57 704
156 442
982 594
639 764
716 183
551 677
367 208
413 612
975 358
291 208
907 725
537 306
319 283
89 564
342 40
389 531
559 628
735 451
740 94
511 566
306 755
87 591
763 290
547 121
628 314
770 736
465 857
433 745
732 402
371 924
359 555
217 813
261 376
869 389
498 493
694 171
387 771
775 663
507 434
899 685
337 746
749 347
682 683
606 851
881 323
890 759
434 31
882 265
314 937
933 661
792 747
764 448
708 92
155 824
550 275
623 137
707 174
371 455
690 581
782 777
915 446
147 407
324 495
554 4
552 144
506 612
924 461
272 564
532 719
376 742
846 542
663 358
558 393
80 392
627 920
487 904
571 54
629 899
840 195
654 189
77 264
142 161
205 368
316 913
786 473
778 530
245 234
863 688
248 673
674 183
718 847
666 606
499 327
612 862
719 397
671 897
879 664
630 265
412 431
457 19
776 501
801 230
90 463
742 468
418 58
966 344
555 17
173 144
490 421
387 911
944 673
669 108
783 304
478 546
863 827
910 548
546 450
785 193
516 654
431 800
910 657
797 110
351 373
803 671
609 737
888 488
22 364
709 110
821 452
440 655
392 746
646 382
327 866
956 613
196 587
484 877
827 241
198 175
477 476
99 747
681 344
681 439
291 671
708 71
480 759
608 479
319 794
28 479
530 5
654 941
745 492
184 115
758 177
602 450
838 637
192 454
677 584
176 562
332 363
480 309
690 387
565 747
344 870
434 676
854 276
786 695
331 151
510 592
30 619
611 495
270 223
320 571
514 605
807 879
588 633
367 582
284 80
445 362
861 605
288 48
842 241
17 563
505 58
657 658
832 386
866 241
510 268
411 167
218 647
377 722
588 689
977 609
353 621
290 703
814 734
515 665
950 365
720 196
497 277
591 908
133 358
369 248
73 371
892 381
418 632
874 528
536 492
171 785
716 540
685 914
810 758
288 401
247 484
691 61
972 484
794 311
350 695
662 891
257 598
870 555
710 934
386 227
696 251
425 758
410 313
797 551
621 199
682 953
254 151
489 819
273 345
24 548
386 517
266 144
844 561
890 790
594 553
725 876
743 738
402 128
396 817
946 414
331 879
266 622
185 223
700 748
649 650
446 910
711 60
103 716
763 670
732 416
276 864
456 621
407 289
554 59
924 313
376 273
403 359
375 348
602 939
74 548
498 450
801 717
780 316
866 840
516 866
197 895
996 444
367 832
217 482
533 523
295 637
866 450
460 480
584 976
640 936
586 651
573 90
306 513
526 823
463 320
905 525
402 875
718 551
531 170
891 559
586 468
109 387
258 818
762 840
196 771
92 361
966 675
267 363
656 719
564 613
649 464
359 344
378 707
844 652
433 9
765 335
640 153
876 826
405 502
723 943
98 536
487 932
583 161
501 5
763 823
678 775
544 986
131 739
387 337
912 748
905 212
615 666
236 544
820 150
627 881
711 413
547 494
851 432
378 486
369 59
208 184
622 301
123 177
378 589
488 490
885 517
950 510
495 129
885 673
300 77
605 522
86 738
343 455
310 413
768 574
310 236
156 456
16 532
264 849
326 634
130 797
826 465
738 79
521 627
632 69
432 985
166 294
464 203
506 721
326 662
739 135
836 572
492 317
113 624
423 648
500 113
22 583
273 945
456 119
725 329
352 896
590 699
468 555
669 664
443 201
538 542
371 386
282 551
428 291
894 239
715 524
579 105
598 499
842 472
457 580
831 838
876 695
152 668
316 149
379 100
871 804
401 910
687 234
559 265
532 879
574 690
298 938
255 337
544 205
654 553
591 604
879 560
536 28
623 250
364 326
234 510
809 627
562 774
366 31
826 859
533 195
670 304
738 916
373 512
491 983
835 493
643 341
330 104
29 421
674 543
205 879
913 231
479 464
787 680
337 785
461 788
836 308
178 710
680 606
347 546
417 818
618 453
388 73
184 808
264 703
624 370
231 325
179 539
832 417
382 22
658 265
621 832
376 784
397 340
276 746
42 476
389 215
745 562
657 627
682 75
852 575
482 113
596 788
292 791
415 690
353 390
483 214
565 369
742 723
611 302
642 84
767 752
431 423
621 959
308 585
522 507
599 429
838 526
677 99
694 115
728 339
277 192
744 159
610 985
500 834
174 494
871 420
507 421
438 164
774 640
737 308
97 636
474 234
761 657
608 262
868 500
814 166
647 327
713 49
90 247
103 507
804 845
388 543
351 965
672 951
703 223
291 494
413 927
267 894
247 555
610 211
489 192
957 397
918 772
166 618
122 451
