786 1349 26 56
500 592 18974
127 276 41231
211 362 32696
345 355 27659
98 470 17720
227 458 14318
340 617 54918
268 735 23259
76 545 27459
480 660 33526
513 604 29069
103 136 81609
100 704 18974
105 682 52202
9 54 18028
61 375 11662
510 576 33422
134 340 49679
712 754 38328
138 489 30610
251 498 13038
99 264 56045
168 276 31305
252 308 29428
136 560 72422
408 551 114634
71 89 19209
424 501 30610
308 488 35468
271 372 54589
52 347 51788
505 748 46872
327 599 21932
430 563 20025
405 594 13601
46 72 28653
694 781 38949
445 488 38275
17 702 76059
218 652 21378
422 651 39319
629 723 63032
403 730 28636
13 770 20224
653 705 16125
201 215 41000
481 706 26019
126 762 48384
235 535 24083
348 413 41037
348 624 29017
421 721 20248
240 617 12042
171 314 28425
237 287 30067
262 379 46648
289 302 19235
249 769 17117
255 781 39319
483 697 31623
113 771 30150
199 487 29732
77 602 43012
88 348 21587
34 743 48918
145 443 35805
604 610 23537
163 337 10817
160 607 48083
80 321 22136
452 785 57009
241 556 33615
565 658 43738
24 464 13601
231 499 21095
665 727 23537
130 600 45044
41 698 29069
325 761 40792
481 633 28284
539 677 30150
610 680 44045
282 614 30414
53 700 71176
238 416 41725
158 702 68505
115 295 55000
260 757 13000
447 452 14866
228 320 13153
397 712 47539
609 722 27166
130 260 35014
118 213 21024
393 667 41000
165 239 21401
534 619 50010
197 477 39925
234 321 30017
138 267 21190
275 490 10630
173 292 26926
471 693 54452
7 552 43417
576 582 56754
201 558 38910
250 484 33601
300 475 77827
547 756 12369
436 590 55109
420 421 49649
166 303 19849
596 776 201693
172 704 29069
298 445 33015
499 616 32280
376 601 47518
409 779 22136
543 733 42379
196 463 30414
205 512 25318
363 634 54708
77 452 31906
70 662 31780
525 587 22672
15 230 40447
83 459 21840
204 296 10770
109 259 28425
299 319 44721
25 74 27785
30 169 45000
317 645 35440
274 284 20025
389 586 16553
92 745 25080
89 579 55946
692 698 18385
262 485 32757
243 376 35847
271 432 18682
310 531 33541
339 676 22023
309 448 14213
251 781 34409
206 246 18028
384 639 37855
178 265 42953
301 681 19698
41 586 44777
78 176 34438
254 574 39115
13 120 43932
55 651 49193
75 381 28443
17 750 51614
13 363 19209
390 621 13038
389 572 18028
429 511 17889
221 399 20248
242 601 43267
567 728 45011
478 613 26627
43 224 18028
26 214 42521
208 353 14765
169 548 55109
400 618 27459
194 252 44045
40 554 32558
668 683 46000
74 373 16763
392 719 20591
84 777 34205
124 478 42426
463 537 24597
654 761 15524
37 47 52802
538 665 15811
101 288 50220
234 242 32757
609 616 26627
187 365 39357
27 595 21633
177 651 22804
424 456 51740
265 783 30000
336 699 126909
609 632 24187
341 600 35903
39 598 71344
66 227 45541
71 574 41049
434 475 20100
11 649 23537
202 482 49649
193 455 45880
693 733 26401
15 740 40361
505 562 29155
350 594 35228
515 769 25318
167 599 70605
157 764 31401
75 304 16279
340 465 50329
251 255 18601
412 738 34132
376 636 42953
74 392 21378
377 507 59228
65 688 31305
23 149 35228
132 483 34482
133 627 28443
64 84 20616
210 238 23022
424 646 18601
117 755 49336
29 96 28284
131 686 13601
356 732 52202
689 774 12728
395 524 44283
72 345 31401
288 306 59414
212 421 22847
156 407 34205
59 564 13892
206 474 18028
479 648 66000
620 663 29411
288 696 23087
423 591 25612
306 702 83000
126 621 34785
447 773 26420
621 762 39357
462 491 64514
407 619 10817
51 250 23601
17 158 137528
158 580 27019
458 740 10296
299 737 24000
208 233 56080
111 766 55803
543 693 35511
688 784 36674
256 366 67779
66 778 43186
183 383 39925
38 170 57009
227 256 36014
279 567 19209
194 614 18111
495 546 20000
243 653 14318
51 578 107201
55 139 36497
316 319 19925
190 343 11045
101 586 31623
744 786 25239
171 203 11180
217 410 26476
108 231 34886
147 188 22804
21 276 31575
82 307 22472
289 384 32280
81 217 21260
285 779 27731
108 499 39446
73 529 11662
457 633 25298
297 488 34409
184 515 50000
22 580 29732
293 641 35468
14 423 28160
578 676 41629
3 216 19416
23 446 30067
7 570 30083
370 590 56859
410 546 16279
354 558 40447
225 476 33000
345 643 49649
12 179 23087
136 760 82680
388 502 47676
316 678 18385
532 625 74947
114 157 40804
241 512 38328
613 679 49041
262 357 46325
34 371 16000
358 731 58523
83 328 12207
118 234 20396
42 496 24207
183 216 38949
224 625 35114
294 319 22204
34 630 51264
79 257 16155
192 624 23087
32 132 32000
364 654 40804
390 762 34655
52 635 66189
250 463 40608
274 559 14318
125 175 39825
331 456 50000
27 90 35228
274 636 21587
133 266 45695
182 593 32016
561 601 17464
95 561 28284
16 146 60415
18 486 20000
419 689 25807
11 675 23770
417 614 43600
270 714 44204
507 620 26019
29 33 34713
222 641 18439
263 631 18028
381 579 65620
363 584 59666
312 768 18385
554 708 36359
148 199 45122
343 498 31906
368 532 40804
559 705 17205
453 736 45044
29 50 40804
360 427 10296
107 735 38897
244 409 43829
104 475 22804
304 381 18385
351 768 44147
250 699 36878
471 543 50931
292 329 17088
343 597 45618
113 238 33422
188 368 19026
23 61 24000
402 573 79812
354 684 16643
209 283 23537
370 378 25179
216 629 48260
147 164 31780
445 542 41110
253 572 73007
513 674 17088
254 555 17692
353 418 31385
318 685 46819
134 278 40249
618 656 38897
457 756 24207
307 412 45277
563 638 25632
25 392 28862
177 468 54626
338 436 35355
379 485 32016
181 248 63127
266 533 61612
269 644 43186
520 603 27857
511 536 23195
21 235 26870
115 591 56080
693 754 54745
326 766 64070
293 477 13928
83 708 23022
217 374 30265
67 191 19000
30 548 24083
278 678 31780
248 606 57385
361 749 38471
268 492 23022
12 572 29155
34 707 49649
340 565 38419
308 445 10817
193 626 63285
380 490 47927
441 565 14213
123 453 47634
378 432 28601
455 626 26870
436 684 40853
449 691 26926
63 378 31241
434 614 40162
86 644 120416
2 121 56080
40 86 21471
19 222 36056
294 647 22204
283 472 11402
219 374 41617
184 620 37000
217 576 41976
36 715 27203
250 537 21213
537 699 48600
214 253 53824
246 666 27203
116 561 30067
542 711 12806
134 170 56303
33 459 42202
419 774 30594
175 606 54672
195 548 55154
387 662 26173
454 719 31780
450 671 69462
106 385 27893
14 477 62032
373 703 34059
330 430 79699
514 739 31145
579 686 81584
68 124 63032
86 765 34409
540 624 21541
119 740 26476
335 529 42059
466 602 21378
388 610 34132
314 533 36222
294 550 47011
280 454 36770
507 746 28320
207 331 34828
162 262 38013
526 705 17493
510 523 32202
56 190 25554
48 279 10630
21 767 27295
399 784 38897
80 242 39925
141 562 17000
314 369 46648
470 576 37802
24 552 35468
59 764 93295
121 380 64405
450 742 16031
90 656 37537
2 660 45044
60 651 36401
19 371 26019
159 648 17464
138 189 24739
155 377 31765
76 261 20248
117 565 41000
146 599 58822
174 722 36674
37 358 26000
616 722 18682
177 683 34713
58 142 12369
665 694 33242
516 747 38079
201 763 35355
595 786 15000
28 763 37014
103 353 35014
214 519 31048
521 679 19849
534 611 28862
211 782 26571
446 703 24352
658 748 20518
244 501 34234
186 319 31257
567 732 41400
425 756 33287
373 608 41976
527 700 50695
55 218 53085
247 409 11180
332 739 19416
109 711 81498
117 451 17263
414 426 24839
701 775 48662
295 476 19416
68 467 55000
214 759 35128
134 315 53824
164 368 24331
60 726 26173
364 508 17464
230 592 22804
56 346 62241
237 305 16125
17 631 41773
267 588 21024
612 745 19799
465 480 17000
367 597 31321
259 365 49366
509 683 48374
310 667 48166
151 595 61000
178 738 34713
25 373 35511
528 580 39699
214 661 25298
522 524 37656
55 468 18439
1 229 55000
469 556 10296
54 121 48166
162 733 43174
198 551 215641
71 555 56356
318 516 27019
131 488 27857
772 780 44407
389 461 24839
683 783 33377
428 741 11045
585 589 28862
326 346 62936
218 517 27203
169 472 64661
180 182 36125
361 567 43417
431 633 11180
157 351 44385
578 713 24759
43 180 46043
111 486 36014
538 727 16125
523 530 27019
425 438 25060
464 640 25239
243 526 25942
129 515 66189
125 556 34015
20 401 47434
344 721 30265
281 508 19723
453 575 34670
632 672 13000
280 695 31780
219 359 55570
174 539 38949
541 623 21213
146 327 58694
381 615 33615
120 770 34540
73 394 37590
63 370 27459
612 650 40112
438 540 43658
18 398 60638
258 276 36401
665 769 42059
654 666 58181
583 709 16492
126 729 35000
231 521 47127
504 707 49244
382 400 21840
16 716 11180
82 412 45222
105 620 15524
8 272 21095
552 570 23022
1 564 60803
525 553 24000
532 569 74431
114 564 19235
9 275 10630
415 637 25962
306 473 69857
470 582 54406
50 197 42297
150 725 32650
497 739 23707
282 337 20100
151 277 47707
299 678 39962
66 451 28425
311 371 81786
212 324 17804
383 723 41773
228 752 31064
79 635 46043
68 489 49396
44 757 12042
366 469 66030
108 609 33422
411 529 30067
180 758 23345
727 769 24759
367 515 30529
426 782 29967
665 781 28071
387 699 59397
195 471 32558
340 441 43658
44 499 33302
320 752 38419
109 715 14422
638 713 27203
430 767 65924
39 688 24597
468 651 48166
53 222 56859
604 674 14318
342 676 34132
622 758 10296
487 692 24352
40 765 13454
391 573 71589
196 709 41485
670 697 26476
192 664 53935
162 357 12530
92 633 33106
100 305 32016
292 774 49041
348 717 22204
483 529 61774
98 245 50448
152 376 38053
3 351 25000
386 510 37014
133 350 31145
572 661 24515
444 568 27166
488 780 59008
80 234 22561
125 181 44553
461 659 28018
519 734 27803
335 411 41629
266 352 93134
456 785 29000
192 540 32696
357 379 55154
225 333 64815
55 634 40817
147 300 21000
291 437 35468
85 784 32016
127 563 61717
95 122 25080
195 244 18385
132 323 44385
419 554 15524
65 598 61294
305 704 32202
585 690 55973
749 784 37947
365 647 21213
430 638 10770
156 254 28302
193 491 41037
209 472 18439
24 640 35440
87 579 78435
571 720 31953
233 418 34234
460 651 40853
7 93 32450
48 323 43566
390 460 11314
150 599 14765
98 523 23087
369 533 45607
72 487 28636
196 714 60836
102 518 39294
504 775 46043
618 660 50606
589 728 23707
362 394 57983
173 423 40804
216 351 11045
352 594 33838
351 764 34986
479 650 30017
17 782 38601
119 458 21378
506 773 52839
56 196 33242
111 448 36069
76 112 36715
490 716 47634
140 277 32311
94 119 50040
232 459 45188
153 184 25060
693 712 25495
372 613 33015
334 437 25179
518 557 21095
535 637 39294
104 349 36359
8 92 26401
105 507 34000
77 773 13454
99 258 34132
140 685 35805
411 414 14866
401 449 61587
186 315 14318
76 236 21024
28 88 15297
76 752 22472
20 500 23345
759 771 18601
422 460 40804
211 426 22091
178 264 52038
47 731 53226
410 495 23345
583 714 41012
417 434 25060
73 414 25080
128 466 40853
208 518 37802
198 580 24739
478 695 41617
215 664 19105
332 497 22561
91 701 84155
174 644 10630
171 440 21541
311 349 65276
598 649 18028
212 609 25239
502 680 56321
167 711 22000
137 755 16492
38 532 57801
398 662 40792
451 778 30414
626 650 21213
101 154 24187
433 555 36401
36 259 22361
47 730 21024
566 779 23087
471 566 42048
11 444 11705
197 329 37000
447 785 57801
90 617 26476
1 730 73756
277 747 37443
242 429 32650
144 707 15133
256 393 69462
439 443 19416
35 261 27586
395 522 12369
215 325 34438
708 774 28443
100 172 16031
49 226 33526
290 615 37108
64 128 20881
328 459 31016
718 747 29069
206 257 46325
156 555 36056
204 493 52431
156 433 42012
265 509 56798
117 441 31321
70 387 50448
99 168 14142
236 261 20591
545 752 10630
167 542 31623
324 644 23409
32 732 13038
385 472 26571
457 547 13892
69 473 27659
53 405 49193
396 467 32527
111 725 33061
503 780 47802
304 314 13038
44 347 27731
135 178 28601
295 591 21213
15 256 40112
142 569 21954
118 321 46098
225 607 73736
187 337 26000
415 535 21401
62 239 35014
333 420 42544
1 596 10440
272 773 73430
253 771 13153
75 615 26401
220 582 58694
541 618 32311
144 504 43290
360 675 55172
10 159 15811
221 356 32016
429 536 19849
193 720 38588
113 248 38833
187 252 58523
366 395 13153
213 514 29000
185 202 28320
205 241 36249
8 612 32249
10 745 26627
20 107 76694
431 706 29155
399 410 50249
314 317 32016
210 606 25495
207 589 26571
324 609 35128
129 464 15033
158 551 204247
156 336 81609
338 608 32985
137 751 34015
78 437 30871
635 757 26173
77 149 60208
320 738 17029
388 453 61074
180 630 13928
284 636 25000
86 204 128390
455 650 16125
188 737 31257
644 765 89554
116 242 46530
269 765 50448
400 742 39051
272 650 60465
58 625 12728
682 746 29411
358 724 43463
155 450 22825
281 325 34785
54 490 16279
109 146 27514
563 767 62201
97 588 23345
85 442 22204
286 663 22825
159 457 17889
406 427 47297
164 775 36359
170 332 59481
384 489 32000
173 329 16401
246 474 21633
22 642 45044
355 734 58249
75 645 22136
96 296 20000
592 605 41437
226 657 15264
517 560 15652
183 629 14142
630 707 10050
539 644 40249
156 619 42107
78 642 17804
156 486 56089
26 519 40050
10 633 21401
263 750 11045
298 574 30364
427 606 39115
32 323 47854
139 363 65368
58 569 22023
3 233 17117
136 383 34438
266 440 36056
95 123 18601
589 690 60828
391 402 36674
312 643 28284
112 235 27019
46 643 40497
15 469 45222
269 421 20248
45 549 21213
291 643 119218
90 669 19647
330 415 28160
435 673 14318
322 342 30806
278 299 47676
145 321 61188
223 433 185551
104 434 17088
89 223 77233
82 731 21932
553 587 19235
249 367 14765
168 258 25000
166 492 26907
687 780 32650
129 583 36770
282 550 58000
449 753 49010
309 611 13153
491 650 32696
558 703 42426
393 718 21095
295 333 44011
36 109 18439
97 375 32016
52 677 36359
349 772 73055
143 510 38910
127 741 32450
448 611 11180
141 658 36235
500 605 48508
628 647 39446
547 633 19209
279 402 53038
203 440 15133
495 670 33015
406 675 40162
306 530 35341
401 753 32140
428 570 30414
404 588 40162
143 530 13601
13 525 98250
397 753 48021
37 403 73062
253 659 63127
336 398 46573
19 527 83744
517 760 38471
145 514 27019
273 306 79931
72 334 25495
291 301 44407
148 734 29530
286 671 76942
185 408 71505
381 503 53852
220 362 60017
145 152 57079
237 571 38013
131 298 25318
160 467 44011
270 603 39000
299 550 32202
499 677 35468
30 690 42720
479 745 40025
106 500 48260
474 666 29530
313 473 25080
34 293 46271
497 562 13416
287 720 46239
341 757 25080
721 765 36620
135 584 21095
4 24 47381
610 674 10050
275 694 47707
476 513 40497
272 481 44000
410 494 41012
372 590 23707
146 715 18248
549 763 49497
315 480 42059
28 664 50359
488 687 33106
70 537 40608
9 694 45967
233 557 57559
155 742 19647
8 481 46957
176 580 18000
115 173 61008
297 687 17205
148 661 20616
189 404 40497
122 243 16763
346 662 28844
140 516 17205
91 743 32016
152 492 42107
239 675 37947
22 528 20100
552 682 39051
338 373 40224
257 341 33000
689 708 23601
520 640 14142
270 322 15000
99 746 42755
7 276 17692
155 509 41340
207 646 18868
668 783 60745
6 26 72801
102 120 37855
121 490 42154
435 439 31016
76 228 29833
245 631 24739
31 639 25495
50 544 24698
22 273 16643
502 593 42802
119 755 49477
403 776 136341
281 761 38288
249 727 19026
335 551 70767
114 553 10440
81 546 10296
421 632 29155
171 317 13454
114 587 23601
341 577 22804
438 479 88685
352 493 49031
273 313 20248
153 663 40447
108 607 30083
22 313 23259
31 396 48765
639 736 39825
39 65 39812
94 439 49649
85 356 30806
88 624 32558
46 334 37108
87 298 18439
149 706 48549
5 260 23431
5 499 16125
528 702 44911
422 652 62073
329 544 29833
172 287 26907
541 655 20224
52 79 85000
247 779 29206
369 381 39850
60 318 54037
303 443 22472
413 425 38471
203 700 34828
206 378 22361
270 484 37014
691 710 36069
595 669 18248
531 729 23259
264 507 44553
110 496 13454
656 669 31321
302 581 13416
64 581 56939
69 586 49244
344 765 35171
209 568 34928
349 743 54231
123 736 32985
161 777 38079
565 751 20396
240 465 17088
124 679 34785
165 359 31765
226 255 41231
128 285 10050
350 627 19313
673 751 23345
190 709 56080
81 220 22000
45 717 13601
271 613 47518
374 494 31575
35 236 39051
498 657 21190
176 681 10630
577 757 19416
432 600 13342
143 386 18111
225 575 56754
397 754 57245
122 653 20591
31 736 43681
339 713 39357
27 744 24698
104 417 18974
77 506 58523
439 673 37162
634 770 55973
73 483 62482
163 282 26926
760 770 56045
5 521 52498
156 309 56036
268 710 15264
297 503 13454
648 745 28460
87 686 11662
48 567 22361
744 778 14142
107 401 64498
43 504 41304
33 296 14318
303 439 19647
2 541 30232
68 396 39408
653 736 38013
638 776 205205
175 406 15033
6 729 71176
213 739 42107
35 724 47297
205 675 32280
287 571 34540
4 515 66219
4 552 31890
165 191 38275
301 312 186132
283 385 16125
454 478 27459
61 602 18385
154 659 11180
179 487 42720
424 585 28443
57 285 27803
34 641 26173
189 267 31064
489 695 43738
34 144 51478
135 307 24331
442 749 26077
302 404 16279
311 527 26173
532 739 22136
502 622 30414
339 520 34828
247 785 56080
229 596 47011
51 342 58310
382 655 11045
106 568 46690
121 660 55462
512 675 31385
66 256 52697
347 499 37121
59 114 31257
165 360 36688
202 573 62032
286 377 37643
166 735 13153
431 756 19416
328 708 31321
139 668 18028
130 577 29833
325 684 12649
608 719 22804
50 96 45880
55 668 27514
289 639 36235
342 484 17720
142 511 11045
191 210 31765
382 623 25000
307 584 31064
12 199 39699
253 416 49396
413 624 27019
290 311 26907
66 718 50249
248 524 22023
326 657 20224
49 725 13038
376 526 43290
331 646 37483
18 662 74277
538 781 16553
223 381 65000
593 622 20025
186 316 15620
41 69 42426
268 691 35468
405 627 36125
270 342 34525
219 386 46487
91 504 70725
403 724 89961
62 649 38013
224 536 52326
344 554 29833
67 416 21840
45 706 39408
300 737 27785
149 506 41617
386 696 54378
322 339 28862
116 453 47127
560 652 15811
527 645 27586
435 505 35341
652 762 56648
35 637 54818
504 701 37202
251 597 30150
181 395 36620
155 726 41400
49 599 31780
685 726 13892
64 161 25710
462 650 74545
623 671 35847
642 692 30414
200 462 46098
126 531 18000
161 581 42438
232 544 35341
137 439 42012
67 386 72801
182 680 42720
16 694 33541
245 263 16643
43 758 35511
79 341 41785
240 340 53038
319 678 34713
6 762 41110
310 621 23000
57 64 19849
662 766 29155
290 772 20000
57 284 63655
50 493 36797
391 496 40311
230 241 15000
84 466 33287
38 299 54708
14 197 58600
200 272 60415
57 566 37000
93 741 16643
229 403 18358
63 508 16492
34 311 86539
254 407 23431
281 364 14000
232 708 42720
355 723 68359
42 720 39459
704 728 56604
198 681 23345
420 672 43932
156 534 63702
112 545 23537
102 103 42202
185 482 32696
408 482 102176
246 378 16279
631 750 14036
361 442 48166
559 639 31257
778 786 23000
121 628 68622
17 211 45607
522 667 40000
323 732 48166
603 714 12042
151 669 63388
201 354 12083
160 575 53907
93 428 15133
94 735 48083
101 696 48508
485 710 35114
13 47 65031
444 605 36222
97 777 18385
179 698 40719
351 557 52697
446 558 44688
315 628 58412
221 697 31064
400 541 27893
113 759 44777
150 167 65947
208 418 41000
501 785 28302
141 748 43932
380 716 13038
42 110 26926
153 665 53535
255 327 49649
110 193 59203
200 773 49254
375 466 28302
333 672 35609
394 670 48083
163 194 18974
62 359 36125
643 768 41976
330 535 25000
138 280 33136
549 717 11180
400 655 12207
154 461 24698
494 688 25942
159 144
537 336
118 294
509 157
782 810
282 332
461 99
421 918
558 303
454 942
299 566
134 433
252 202
846 629
409 540
621 286
42 652
777 156
878 515
397 601
455 55
56 512
544 835
515 110
584 829
224 376
505 429
562 970
947 620
337 723
632 726
187 786
981 613
836 516
347 54
681 305
292 105
613 453
286 670
932 722
97 476
299 890
737 545
776 833
521 919
68 364
250 137
209 822
697 184
923 587
677 33
852 854
913 517
557 321
327 285
642 146
503 742
678 572
116 181
406 297
520 835
256 590
684 924
516 757
250 653
435 456
212 502
647 736
127 506
692 98
894 239
82 389
124 716
608 843
922 393
377 91
464 823
43 453
784 905
616 611
189 656
318 169
950 668
529 773
246 737
951 712
862 274
559 955
909 251
509 394
791 453
437 939
488 81
491 538
641 667
967 600
557 817
136 586
433 128
318 867
164 476
186 243
220 268
785 399
492 173
353 605
468 572
818 774
685 287
289 915
741 175
409 73
268 425
120 212
870 693
675 637
474 477
625 569
441 536
223 235
589 357
616 665
652 652
694 778
340 509
308 375
475 54
496 763
543 115
732 829
848 295
155 786
949 475
577 415
343 201
196 346
505 528
602 802
321 249
441 336
586 508
675 584
168 572
785 509
583 544
676 261
698 470
148 417
515 855
723 206
427 406
580 601
537 210
185 488
465 275
832 187
87 236
7 519
459 957
743 752
541 763
491 687
736 343
685 499
244 538
518 586
766 256
435 114
301 696
558 468
959 415
302 868
871 632
880 806
305 490
28 484
389 293
366 184
112 440
783 547
347 465
810 571
128 316
525 188
177 856
621 377
727 323
680 456
608 778
629 168
231 502
559 986
325 962
754 337
394 746
633 114
881 582
4 508
104 407
406 838
610 916
198 837
964 425
991 590
324 552
724 910
312 807
178 256
321 629
246 474
78 680
865 781
624 548
192 404
610 957
99 290
205 642
274 288
201 614
167 656
215 712
866 549
960 309
720 551
763 697
665 194
442 501
370 120
203 111
369 546
787 790
915 628
135 292
621 589
436 74
356 92
352 884
247 451
257 555
547 400
357 537
653 596
600 670
401 763
97 618
707 916
438 794
306 417
586 197
663 52
638 217
782 303
236 435
856 202
649 232
406 500
769 899
415 99
703 309
767 828
366 74
508 653
83 609
418 182
405 202
991 457
582 795
515 605
891 771
613 61
703 882
419 897
70 521
569 699
565 311
449 86
453 366
613 433
216 830
635 799
658 937
729 369
344 634
549 698
486 764
486 236
322 886
135 517
590 737
889 418
29 448
897 625
831 562
670 368
815 693
987 600
866 341
844 270
660 425
698 449
3 484
571 740
533 573
934 382
350 868
128 576
339 177
811 298
776 189
341 387
869 436
42 302
77 502
941 393
608 371
633 387
949 424
404 351
652 381
372 133
595 604
601 52
166 829
879 792
625 926
655 166
690 204
957 678
881 619
453 30
334 834
611 495
814 737
59 400
105 766
808 109
727 349
636 882
573 59
545 453
769 866
619 27
628 179
889 723
87 358
699 121
801 845
538 950
804 430
972 496
98 279
996 550
185 269
615 905
105 379
216 744
497 698
318 105
229 566
255 503
265 791
108 667
264 217
672 937
709 358
381 437
599 190
681 475
965 353
679 897
852 516
677 834
603 859
235 638
526 825
582 639
450 247
704 900
548 677
617 299
927 365
499 297
165 331
621 746
360 632
186 570
741 86
736 643
153 451
348 353
285 865
612 822
398 431
157 698
368 435
679 713
398 635
763 97
234 705
493 318
436 628
269 832
219 102
574 756
957 539
306 505
841 220
124 808
440 783
200 668
88 728
344 132
510 980
99 718
425 33
218 481
791 381
169 296
893 704
851 716
874 760
332 312
838 656
343 786
476 962
80 702
260 494
503 83
682 611
529 6
478 923
721 877
858 154
769 393
537 523
667 899
56 425
488 984
538 554
979 423
504 468
233 755
554 565
310 570
817 289
546 865
432 820
767 200
488 661
485 264
457 474
437 806
689 682
661 825
369 949
382 820
475 949
445 515
956 647
356 345
172 467
376 873
638 84
528 114
563 406
511 801
702 736
339 271
383 503
141 603
426 752
335 641
100 512
725 928
767 413
796 697
844 567
688 820
400 973
571 391
463 897
190 886
172 756
636 32
540 646
777 176
76 417
838 321
621 778
573 318
355 934
538 604
948 560
241 669
184 685
280 905
606 517
645 206
798 808
393 578
367 767
744 596
875 351
742 504
569 538
481 879
462 189
668 920
430 253
185 607
674 595
320 527
774 663
604 527
573 174
431 350
258 310
148 233
184 374
551 86
742 776
365 423
159 588
328 416
154 209
577 682
895 433
54 532
118 726
160 561
308 393
648 499
977 397
785 230
438 50
697 598
660 73
595 230
851 832
529 999
520 311
776 286
463 717
900 596
404 96
184 665
482 937
355 707
536 934
689 411
53 718
488 133
130 209
908 700
868 189
374 508
127 235
575 899
582 705
265 324
645 639
594 523
530 26
123 193
515 477
468 754
231 818
307 597
656 573
489 110
335 918
163 436
220 895
853 241
708 711
164 633
751 852
573 7
936 300
28 502
565 728
109 647
577 129
322 203
315 791
138 458
139 226
561 794
287 798
656 845
818 672
387 560
778 570
968 531
487 417
162 134
608 220
279 599
710 213
734 874
629 632
507 822
577 76
793 641
346 566
263 455
789 766
644 850
844 795
770 646
778 202
425 950
710 835
756 355
898 382
829 817
535 399
508 341
835 229
488 188
341 364
758 569
523 290
537 979
687 563
388 968
954 503
654 335
126 330
788 534
73 624
847 771
467 925
292 264
786 859
564 678
400 40
539 2
613 709
549 100
854 535
54 467
46 330
887 814
915 414
328 797
688 355
466 973
294 589
385 947
371 307
270 309
606 683
648 970
500 308
481 369
652 186
558 485
195 483
539 381
168 412
723 105
497 216
612 976
582 239
699 942
389 391
336 259
490 399
203 712
554 272
842 759
523 520
780 647
293 543
590 45
821 835
626 404
727 789
798 612
21 492
450 142
382 259
629 914
420 307
856 284
852 351
264 681
908 683
297 738
502 638
68 440
433 698
591 271
664 786
157 524
198 738
75 457
699 44
942 452
712 482
45 576
569 857
324 849
592 691
489 896
787 524
927 669
593 125
528 613
766 278
416 679
555 24
578 88
673 279
610 288
525 932
409 413
630 832
305 929
893 753
847 822
173 372
301 65
708 177
432 300
587 216
276 819
287 403
231 128
298 160
198 793
449 677
162 391
505 584
644 684
684 425
373 150
627 506
436 510
502 72
484 280
799 484
492 450
439 964
441 170
422 387
543 499
259 753
72 610
519 497
396 103
439 660
379 689
489 524
494 934
767 841
767 564
227 407
240 276
633 966
323 329
585 941
68 261
923 732
708 130
468 31
55 289
569 199
255 222
238 422
873 406
455 833
899 674
704 530
336 32
550 800
478 452
461 776
837 380
610 237
53 689
387 226
271 717
382 791
478 429
