670 1855 23 152
25 404 46615
441 451 39459
312 606 87983
253 318 13342
24 541 41146
174 413 29206
147 457 64661
9 518 63953
284 455 67082
7 26 11000
227 467 44777
88 322 29155
131 234 31257
109 383 29155
377 507 46065
81 322 23537
56 409 46228
262 609 14318
405 456 31401
411 629 10050
270 338 44045
462 542 17117
271 462 49041
105 244 48010
63 151 27203
355 566 22023
137 258 44721
5 291 47634
113 571 67779
616 626 30414
167 375 43417
349 594 33615
458 501 32802
20 172 36222
190 463 42438
152 616 52431
108 539 99005
311 486 10296
390 646 36125
101 285 46325
190 517 58728
341 638 10440
2 389 41976
16 74 41037
320 512 17464
324 640 44822
384 604 25298
403 425 31321
430 524 27203
42 53 26306
133 166 153525
56 440 19698
342 653 36797
249 501 54083
157 170 47676
207 237 26000
209 644 60308
31 381 28460
197 454 29547
28 179 45695
155 244 44944
106 360 31000
542 625 33615
377 393 32016
482 520 23854
34 466 130920
608 624 13038
110 290 60407
210 211 13038
398 475 25080
27 173 23345
234 655 44045
192 419 35440
183 215 21213
205 497 27295
115 649 29411
168 205 33526
282 581 36715
564 593 39000
578 618 12000
242 488 14866
161 247 20518
242 635 24413
395 554 64777
238 256 12083
29 606 75107
517 616 34482
30 507 40224
396 530 25000
178 343 18111
258 446 46615
587 630 56321
24 248 44045
115 506 38833
96 228 26173
359 428 49769
129 145 37696
162 641 15556
448 473 17263
303 639 40792
321 574 56303
189 485 47202
203 307 20248
176 329 47381
6 497 17464
520 599 46530
307 385 48166
260 349 22023
474 534 44721
69 480 51740
378 622 45607
130 380 64444
168 597 47508
43 431 61131
451 478 28231
128 255 41593
170 565 60415
389 614 51624
585 610 75286
317 356 47760
165 356 52697
23 299 44000
174 648 57983
29 312 50000
93 434 45354
479 548 59816
68 581 27459
421 646 23087
282 592 30463
564 574 43417
191 313 37855
23 292 33838
445 575 45188
98 230 43932
431 557 31048
474 653 74887
106 439 23537
244 516 27203
222 634 12042
251 272 12042
196 293 30414
615 643 56036
83 637 49406
13 406 38833
602 667 53460
269 275 16401
481 659 43681
101 202 38328
44 193 26926
101 223 57801
425 650 34828
607 614 41881
452 666 54083
76 539 29069
84 641 23854
437 521 22561
11 91 38013
194 387 48010
88 189 51884
4 14 14866
46 224 10296
168 402 56294
362 628 17720
80 283 21587
555 614 38210
134 209 52802
575 642 51662
10 618 46530
15 218 28844
558 588 44553
191 260 31145
120 495 28160
122 547 50329
125 151 58138
266 623 20518
254 350 62290
45 519 58694
248 261 35511
113 267 63695
466 469 84220
31 97 30150
118 293 32388
74 419 20809
137 341 28018
339 433 106944
274 663 119854
391 526 48374
80 225 42107
337 348 96881
108 529 40460
105 253 22204
156 207 34713
417 448 25239
472 482 20616
90 657 14213
91 422 54148
385 600 38588
279 480 44102
38 384 21401
395 448 50774
159 642 31145
106 454 38833
421 634 20248
273 636 64846
444 514 29120
350 511 37577
185 306 32650
600 603 28178
382 501 40497
201 478 45453
6 205 15556
164 276 43382
249 394 46271
432 604 22672
431 669 53907
103 213 29698
136 526 32573
36 582 48332
436 643 26173
18 366 12083
61 357 33734
87 445 81025
404 620 30000
363 578 17464
254 602 55073
180 524 18682
184 296 43046
279 641 49820
106 478 56303
164 530 42942
35 487 51856
376 599 25962
464 615 78102
75 85 33136
86 619 39319
552 574 47802
112 371 44181
247 628 13892
288 326 15033
18 21 17464
230 447 48826
95 580 50000
609 650 31321
466 631 49396
350 525 31623
202 544 73246
476 644 16401
166 338 30414
143 505 41304
236 397 67209
73 400 39560
478 656 53712
68 615 30676
239 659 55902
75 103 52887
250 535 17464
425 593 51430
107 141 18601
208 502 14036
165 238 55227
243 493 24515
410 492 49041
233 587 69029
32 227 16125
40 216 17205
314 352 44204
184 421 28792
145 277 38471
218 225 18974
271 461 21932
77 340 53009
334 573 23195
30 259 15556
50 550 32450
246 627 44822
137 464 10050
54 87 22023
160 484 43417
302 579 17000
3 655 16763
507 569 42190
295 447 13928
282 532 28460
438 524 53038
83 510 34234
311 410 30529
192 224 20000
367 640 53451
373 665 131061
69 450 44204
214 619 19416
344 389 20518
52 328 31780
422 515 16031
362 423 18385
470 558 25807
295 388 29547
34 601 78715
343 408 17889
564 609 44045
230 419 30414
197 314 36069
211 224 31257
225 500 17029
323 504 22136
135 529 37736
38 167 42720
506 552 35384
348 658 67676
209 313 31953
29 477 27019
430 488 21633
58 287 77801
511 525 26306
137 331 30232
358 461 28284
163 227 47170
52 76 39812
176 572 58078
651 670 35511
341 464 19849
197 527 23259
161 628 27893
51 390 15811
453 532 34015
21 670 45967
325 665 142004
230 504 77337
426 606 87092
87 450 47854
435 474 81271
305 571 33242
127 483 67956
481 655 35805
42 77 66400
131 255 39661
276 567 38484
471 485 13038
154 338 57009
555 624 25080
273 509 32450
86 587 53226
454 627 30150
401 446 11045
132 612 44688
231 516 14213
460 631 30676
301 432 12530
379 396 35384
15 455 56009
425 645 25298
417 554 39408
94 355 18028
515 524 39205
232 477 46011
297 534 27203
20 88 21024
426 439 42190
189 607 39623
245 267 43278
45 94 42942
29 336 61612
144 359 16000
277 509 55218
60 593 40608
61 353 49679
59 670 39319
370 402 67231
256 570 19026
32 163 31765
453 592 38588
21 287 24021
369 594 12806
477 606 57940
254 667 60836
189 471 49820
82 558 34000
251 329 27074
274 359 203376
609 645 39115
97 381 31890
263 530 30265
195 375 38210
125 356 54781
10 300 59682
546 629 24698
265 582 73000
443 655 74431
267 651 74813
3 70 37202
427 479 29069
126 291 51000
132 557 22561
350 409 54626
87 346 63906
117 338 54083
300 653 14866
120 378 26077
67 424 33302
35 411 49769
298 471 69000
241 602 48270
76 78 17804
230 388 43600
646 668 58941
409 525 40792
138 461 26249
158 606 84534
71 198 12083
27 667 43463
280 638 16553
490 531 15652
345 478 22561
393 582 69462
16 211 19235
199 348 65253
201 345 30806
346 575 38013
537 631 76694
275 508 12166
374 563 25239
64 85 22204
128 429 13342
165 512 56613
71 164 16279
175 562 28018
181 235 18868
153 551 48795
588 595 46271
381 400 15811
266 432 21954
112 379 37014
158 246 10817
317 513 45607
253 324 11180
54 445 73824
249 493 46141
8 461 29275
345 441 23770
132 384 39205
131 182 23770
436 615 42059
427 587 65795
334 647 29069
455 611 28844
56 521 32757
136 147 23770
459 540 60539
520 560 37014
327 431 39446
418 547 59363
580 582 62769
319 633 67067
28 569 51352
234 481 24207
126 339 39395
103 668 79076
155 668 51078
105 155 18028
529 670 45222
452 613 30806
134 291 69857
353 589 17029
184 634 18788
164 610 52402
239 514 26870
119 633 13342
406 561 28302
293 558 47434
117 154 90139
303 636 37363
83 639 48703
19 183 47854
52 473 32202
304 343 25298
183 414 14036
111 406 42720
208 533 43382
37 519 39623
96 291 59237
510 583 38897
305 545 52811
175 530 34059
437 526 52802
19 151 34986
281 603 15133
63 395 10817
62 213 32140
384 443 50804
258 387 55362
95 545 35847
386 392 21190
365 385 61612
145 585 28425
125 513 31048
428 491 53339
341 382 35228
134 579 48166
37 159 42426
1 247 36892
139 240 27459
150 348 65069
83 217 55866
59 651 40311
258 331 31906
170 616 55000
298 329 41869
294 347 20000
353 484 24021
236 625 88814
172 475 34000
268 631 57940
79 370 36235
410 434 31145
161 364 20591
502 605 50040
5 17 46872
456 460 35228
336 556 26077
187 192 51352
148 200 28000
543 587 45453
153 518 44688
223 285 21378
164 198 23087
260 594 37162
330 524 37537
435 653 21932
405 541 31016
41 289 46861
116 619 42059
332 487 11180
21 529 58138
384 432 26571
23 172 48270
269 437 37014
238 448 23601
383 511 61465
179 465 44385
346 491 59414
161 221 39925
309 469 11045
12 66 38013
275 549 11045
174 536 22472
416 610 67082
20 475 52345
125 317 36497
17 339 139646
168 600 40112
116 533 27313
7 404 47854
489 589 53451
39 544 34409
222 390 35341
583 637 33615
202 407 75186
268 488 39623
54 412 21932
45 566 22091
564 645 41881
319 570 70007
124 339 10050
339 665 198154
249 382 34540
318 324 22204
307 365 32062
383 489 51225
455 636 51624
120 394 29069
204 470 32558
146 340 59034
109 576 29967
510 639 53141
168 385 18385
284 450 43841
115 321 26173
28 468 40012
337 535 13601
162 450 27166
101 139 77666
415 603 20518
640 668 74250
253 367 35735
173 667 44407
424 540 55579
65 143 34540
312 336 69971
292 616 46573
72 627 59908
183 529 37696
276 585 48166
436 453 32757
433 466 97652
2 152 34059
181 411 56754
441 547 59304
235 505 22627
402 597 47011
220 566 37216
36 95 52154
46 187 42953
476 502 34205
319 347 25554
416 661 32558
55 662 33526
65 103 26249
331 458 50990
4 613 18788
163 203 42802
71 518 24187
122 231 56321
233 427 55462
541 644 51313
159 445 42059
410 486 22136
66 623 62241
286 545 51662
152 344 21378
89 227 59076
147 526 41400
613 666 44407
144 519 53085
340 624 47854
310 428 16125
312 426 36770
154 620 51000
412 445 70007
45 219 56303
280 464 25080
86 91 51624
140 402 30364
300 342 39560
488 524 35440
457 508 35128
225 412 30414
252 300 14866
139 232 17088
23 81 17205
262 266 55902
230 492 61522
56 508 35341
150 632 14000
140 368 23431
506 649 51078
235 411 45793
396 567 36139
194 401 31575
18 287 35355
465 641 16971
149 352 52953
82 351 14422
74 211 34205
77 559 38949
90 379 29967
26 190 102728
180 430 11705
16 188 41485
82 390 41110
372 548 35014
315 474 60216
227 311 96167
75 129 54231
12 352 63325
192 504 63953
273 455 76968
20 226 27803
38 132 44777
181 505 26000
62 104 10296
307 486 31385
444 621 22847
225 577 30364
102 548 48270
117 166 47539
621 665 19416
61 589 52555
69 346 24083
25 348 20881
149 427 23087
37 412 56000
379 657 36056
163 311 56365
48 136 29120
350 590 60033
38 432 23409
266 604 28284
133 584 51624
265 468 17804
252 474 61221
291 302 59942
307 494 36222
539 652 43324
8 271 31241
102 522 28018
82 376 66648
101 102 36125
84 461 59464
577 617 39205
247 251 41629
84 279 57245
486 494 10630
142 586 26627
111 216 14422
255 574 53852
163 602 19105
176 442 57009
102 285 22204
410 494 14036
166 463 45044
242 631 45607
286 305 30000
195 669 54332
33 206 52498
205 597 26019
317 668 50961
302 321 51740
453 591 31145
121 319 70328
220 355 46043
375 561 35693
31 153 19235
172 322 27857
312 560 75186
57 387 53814
296 482 12083
92 289 63600
16 415 40311
34 662 33015
122 610 75664
68 446 26249
96 523 17000
86 630 39459
205 281 22804
207 454 36674
182 333 21932
7 154 33601
301 623 18601
316 541 41400
151 395 32016
6 415 41012
334 393 10296
28 84 33422
177 636 13416
48 457 53310
89 590 29411
35 123 38328
83 276 41485
455 572 56613
311 492 79202
35 571 62266
152 157 27074
373 528 87966
103 660 34482
413 422 58856
2 23 32757
39 202 57385
144 274 187579
40 111 26077
206 249 21954
267 568 122784
377 582 65192
120 612 29530
9 361 43046
133 626 39459
70 534 15556
52 553 31305
224 347 29069
98 127 43012
221 364 47096
141 313 63600
22 70 39825
223 606 23854
529 651 56143
109 110 32249
52 121 30150
40 197 53413
89 467 17000
438 533 19723
369 425 47539
41 646 56400
136 437 36235
257 483 52240
308 644 11705
605 630 30806
201 482 34059
482 599 50478
323 633 43105
596 661 34713
172 264 19105
107 543 28018
547 610 80610
16 210 25612
107 587 28862
45 146 56462
420 528 40447
537 662 46690
293 376 22804
423 500 10440
254 467 20000
92 204 17464
509 569 26077
57 226 43417
498 553 14560
9 416 61205
77 170 56939
442 583 19698
348 535 85165
490 632 44777
36 411 25632
476 605 41012
33 503 43738
216 352 37014
395 417 46530
244 418 31385
8 138 15811
67 264 40817
386 658 30414
308 405 43105
55 537 53814
266 429 44777
262 564 48508
210 294 16492
47 501 19105
466 537 109481
453 643 36139
429 604 25554
246 527 44407
80 219 27659
33 632 42059
198 518 26019
387 459 38079
127 388 61587
28 507 41725
216 406 40804
185 491 36249
70 586 40012
206 493 51157
233 548 42154
273 284 62801
118 196 10198
212 545 55866
409 457 56303
41 390 64514
5 96 29155
61 232 28653
106 627 41340
309 433 20809
13 361 29000
150 490 52010
64 129 46755
558 595 12166
195 282 43186
117 463 10050
157 559 27203
189 226 43046
85 259 72918
173 511 57489
103 640 41617
158 372 13892
2 344 26476
265 271 39598
313 349 17029
380 597 39205
9 73 12728
64 75 40706
76 553 24597
26 67 55009
415 600 39051
429 574 38833
124 126 35511
79 402 45398
118 556 44643
160 173 46065
203 311 17117
436 532 17088
17 228 39850
248 316 15652
536 666 13601
116 605 33601
278 454 40706
143 573 45618
386 653 28636
208 635 34886
71 610 55036
438 635 46669
548 606 53000
323 483 36069
112 194 31575
551 581 23537
12 609 18385
282 615 45177
586 655 26077
393 647 34713
539 568 135447
89 521 104293
250 270 12806
95 582 25298
201 656 15652
280 622 21932
6 603 30017
107 399 18601
270 337 23707
367 668 36056
249 638 51971
36 235 48000
19 554 53151
123 411 45188
328 473 21095
374 471 17464
112 562 55444
351 558 28636
66 262 41110
18 151 31780
58 513 43829
325 342 85604
245 651 44385
74 192 27803
510 611 67119
397 625 26173
48 147 37162
46 192 17493
180 330 33734
489 511 57567
231 547 34713
104 143 41049
122 324 53226
173 402 65069
413 515 57315
248 309 50931
22 514 56639
327 622 30594
45 355 29000
215 652 38897
118 599 17464
346 480 59775
179 273 56143
26 531 44654
124 291 52173
379 562 36497
48 549 11045
345 418 35355
23 264 57454
229 383 24000
253 640 43863
67 475 40112
359 654 22804
237 416 39395
212 462 56036
246 479 34525
121 256 18028
285 548 45354
11 202 28862
200 474 41976
197 278 48662
454 527 22804
165 289 43566
57 326 42000
50 472 28425
67 398 36056
171 662 26000
118 560 26571
392 435 20100
143 334 44102
21 366 21095
528 618 53759
44 613 51039
78 257 25000
61 489 45967
64 277 26627
404 490 43382
152 169 29411
174 666 29155
528 665 47170
184 244 55973
215 554 11180
369 593 41049
23 517 44147
512 588 56356
175 371 25000
333 659 28160
420 665 23345
485 657 30067
584 626 15811
193 526 42012
329 555 39925
156 360 25554
387 540 67119
380 556 24839
186 493 38833
434 600 44944
260 649 49659
72 606 84528
297 474 31305
197 352 53935
306 335 12728
581 615 19105
247 272 38288
142 534 37947
503 632 37014
583 611 68000
68 175 31906
451 547 72897
81 172 39115
176 374 75286
360 449 34438
77 624 52802
10 297 57974
117 190 36770
236 428 80156
456 631 35355
392 503 77279
50 599 29411
59 181 80062
60 260 36235
12 262 15652
193 391 34828
418 516 36401
93 230 24187
115 579 30414
530 562 17804
91 214 14765
374 442 47011
37 445 50488
4 171 32450
328 652 44102
149 479 26000
376 550 48042
121 633 66242
375 381 55946
298 614 37108
295 483 158808
141 605 29155
286 571 47381
230 434 58600
396 562 20591
327 378 30067
329 614 41976
281 600 36235
212 538 36235
78 483 65742
114 216 33377
104 213 23087
314 479 29967
447 492 29000
338 664 34986
97 551 38079
111 361 17029
1 355 54424
198 530 31385
422 438 54562
50 376 26401
99 451 32202
202 413 54589
160 499 72450
66 352 43417
593 645 38013
110 413 55145
6 281 20248
75 640 41629
48 508 27785
99 360 18028
203 486 23087
134 191 41110
622 638 23000
17 621 39560
167 301 22361
169 344 20396
161 218 37000
201 296 40025
389 607 38897
2 81 35847
188 595 54452
116 630 13342
397 542 33242
75 122 77337
273 569 42059
505 573 41677
226 459 29069
25 150 58600
186 200 13000
182 659 18385
55 452 20616
158 548 47381
240 606 16125
228 444 34886
207 661 22804
153 381 36878
93 415 44654
326 657 31145
35 629 47854
109 544 37363
217 563 28018
52 257 38949
115 302 39217
138 335 26077
56 89 73553
151 356 65307
68 371 24187
218 500 29833
203 365 42544
310 654 34482
295 492 17000
240 477 52240
185 480 20616
506 574 54342
80 220 35014
282 375 55145
41 356 35903
420 444 30364
239 444 28460
214 422 47854
53 565 10050
175 263 47202
144 642 33734
399 425 33838
30 509 35128
290 383 39560
156 454 18868
326 485 42638
99 661 34540
308 476 22847
261 316 45607
92 390 49204
559 624 51624
274 519 136308
88 607 55082
215 328 52953
141 543 22023
206 501 54489
247 329 41231
200 612 33615
375 406 24597
372 479 37947
15 617 16155
99 449 32140
246 372 18111
414 529 36000
342 386 19026
505 513 53085
533 619 26476
33 47 39115
237 361 49649
280 341 11180
280 643 32202
187 633 48836
363 534 13601
450 465 36770
265 461 51624
44 391 20396
601 613 64498
79 380 28425
236 491 40050
140 241 21541
27 402 54562
17 96 43324
339 408 43932
435 503 81437
127 504 25632
545 580 22023
139 477 41146
523 659 46669
130 293 31241
252 653 24739
119 257 34928
517 584 41881
382 458 21633
106 451 40361
221 572 11000
249 622 60745
374 583 42544
304 433 34482
313 476 49406
263 551 59481
252 297 55714
337 664 63702
296 418 59540
290 511 45222
97 581 40792
102 233 41773
177 639 28425
487 545 39825
63 356 57489
438 619 27203
386 435 25554
165 395 23259
86 522 48703
132 669 39560
466 601 209093
6 188 28284
346 450 46239
10 528 79831
276 639 66038
250 337 11402
184 472 33971
385 494 61057
353 477 35777
130 556 68352
418 441 27514
22 528 61008
439 656 70349
464 643 52154
371 401 22136
280 591 33061
543 630 23022
141 399 22000
14 452 15133
619 630 47381
86 233 65054
155 421 40025
383 576 24000
199 658 39013
148 586 32573
82 550 59481
49 617 28792
331 540 44294
160 489 46141
169 389 18682
277 303 25318
488 631 50329
227 295 189489
187 319 43139
191 649 50120
186 315 30083
243 435 72533
178 304 11662
409 590 22361
483 633 27803
201 520 30414
398 540 13342
470 588 31828
177 611 35114
553 652 44011
315 493 33242
370 556 24083
498 652 45044
195 592 17464
51 550 33615
244 318 47539
167 561 47127
178 261 36401
170 663 27731
93 419 31623
299 517 10050
24 309 37656
13 73 41400
236 335 40719
3 22 53235
563 583 25318
158 627 42802
46 319 23707
47 424 27785
72 158 76007
320 570 17493
121 473 35777
223 240 15524
456 598 28160
26 154 41110
336 560 55543
235 573 42059
455 617 51923
332 545 33956
645 650 30150
122 129 55227
43 195 35511
266 564 50359
608 614 17117
51 82 39699
496 620 31780
437 601 117273
8 542 31401
224 319 25612
233 479 63032
80 423 28320
27 241 25000
183 554 20616
131 659 35228
84 468 26077
126 261 55973
255 321 47518
49 284 21471
342 658 28443
1 272 10817
150 199 32249
143 513 61221
35 546 36056
393 573 21633
10 373 31321
484 589 19105
82 92 27514
209 261 63008
41 668 37802
190 584 77621
11 413 51078
488 635 30150
154 270 71063
290 648 66400
19 366 12000
62 647 15652
9 237 32650
443 604 41629
232 407 19026
20 322 11662
5 124 85071
11 422 53038
568 651 59034
199 392 21587
129 585 34540
72 439 33526
541 598 47170
460 635 44283
308 541 45255
1 340 56586
40 352 25495
108 135 12530
152 292 34438
37 219 18028
308 502 36000
480 491 26926
138 358 19416
175 551 48847
49 455 57280
152 559 22825
407 544 12000
269 521 24021
484 499 44407
57 189 23537
491 575 44102
79 597 13153
220 283 37202
222 421 18028
611 639 55326
53 77 58694
42 274 27803
15 221 18358
449 661 16000
160 402 68118
108 568 37363
173 350 53935
122 640 76942
336 484 52355
110 174 41593
104 647 23087
532 615 47508
99 596 20100
150 503 48765
17 665 58600
332 546 31623
419 504 76538
100 182 38639
35 305 58034
331 387 57801
487 546 28018
66 114 23259
416 596 20809
114 561 15811
498 539 16492
179 284 15232
530 567 44598
120 493 38484
91 522 69462
354 654 12207
259 647 34670
244 296 64000
398 424 52240
325 337 273183
262 623 58138
95 332 22000
40 278 52202
388 447 15652
148 612 31016
137 458 36249
105 318 11180
69 279 43174
237 661 16125
182 321 50596
91 101 58592
146 519 110766
271 582 80654
135 215 39205
108 652 59908
215 417 45343
166 664 23000
19 395 57801
219 566 45891
50 482 39560
85 277 44654
287 513 82389
30 569 17029
14 55 26907
126 408 45100
85 103 67179
233 522 30000
133 616 57009
297 618 42802
8 397 34828
312 520 68622
347 512 62650
32 602 30265
357 489 26019
585 639 53600
579 649 14765
391 648 25000
65 513 78262
47 206 57775
54 577 14765
48 437 41485
538 542 27203
156 449 29411
210 588 32757
351 470 14213
261 343 26401
6 16 53075
38 669 29155
77 565 58138
212 580 58310
191 209 20248
60 369 28460
134 649 44385
161 500 41725
272 555 26077
276 610 54000
501 540 62177
218 221 15000
422 524 39850
88 226 26173
131 321 36069
417 473 24187
43 453 18028
87 577 30806
25 496 16031
56 275 26249
469 598 60166
561 623 52010
297 578 34059
506 593 46141
3 586 35847
206 503 25000
378 394 25000
51 222 30610
154 404 32450
202 232 80951
398 459 57871
164 567 35228
109 229 11402
181 287 80808
15 577 38079
392 658 39446
431 495 25000
434 492 45222
91 619 25632
243 503 53151
420 621 23324
611 636 36125
217 567 65000
328 417 32558
364 572 47676
128 574 35355
112 288 40522
22 578 37363
101 522 44654
26 47 51624
507 582 76236
184 550 23854
116 502 41725
238 570 18439
268 430 29155
61 544 29411
7 531 39560
360 451 27019
34 171 27893
112 175 54781
27 368 15811
174 391 44011
538 625 22847
145 303 23770
121 570 35171
36 573 46400
120 186 38118
106 156 28425
69 641 41110
112 401 44654
259 509 46690
24 469 36222
163 365 43290
38 195 61855
242 460 26019
149 650 57559
229 290 53038
114 352 45255
296 345 50567
495 557 12207
140 385 58181
34 537 21954
251 555 19723
640 660 14036
132 586 68469
426 656 56080
532 592 21024
9 13 44944
237 278 28636
100 302 27019
135 652 52154
378 431 22361
120 431 19698
371 446 20396
51 634 30887
278 361 36401
468 582 74243
100 523 42953
12 149 56939
312 656 59237
231 324 44553
299 616 29833
197 246 46271
563 637 29547
335 397 31385
196 599 10817
194 288 49244
269 549 12042
22 239 63891
268 537 28443
267 571 93408
130 595 35468
84 465 26249
515 536 54745
76 257 20591
270 620 55326
427 650 57009
14 613 27166
128 443 14422
126 134 43463
439 478 63781
85 509 57559
416 518 84404
234 255 38079
300 325 72918
499 556 26627
259 507 45607
385 434 53712
134 302 57070
291 523 63388
219 283 12530
293 595 43105
234 659 41110
73 381 42012
269 440 17493
346 445 70803
110 648 60133
41 317 41593
207 449 14142
43 669 34655
255 655 63514
209 316 49497
81 88 39446
497 597 41037
415 419 35693
358 480 36797
526 601 70406
190 264 56859
155 646 48918
207 278 12000
315 435 67119
169 624 51078
365 602 43324
22 363 40608
560 599 19313
169 559 28284
565 663 65123
56 269 27893
211 294 24042
198 263 12369
167 623 16553
135 414 20396
39 109 12806
354 428 23409
263 518 25495
127 323 33242
515 666 50160
63 165 20000
204 512 27295
246 314 29698
62 259 44643
25 490 58249
160 589 36878
399 594 43417
52 633 61033
328 553 27019
468 507 29732
104 334 37443
574 593 41037
127 295 90918
19 529 58694
100 291 55218
270 664 41231
459 475 45277
350 667 18358
362 500 20224
14 662 14422
321 552 18028
457 648 63891
200 315 40447
196 376 20616
26 264 84095
168 281 28636
8 462 36401
310 575 36249
87 284 53367
1 628 33015
28 273 59666
313 644 52498
457 525 40025
38 301 24839
118 130 55362
58 181 16643
394 622 57489
185 335 31241
140 168 61620
22 534 41183
75 660 30000
145 639 43139
141 594 51313
370 380 14866
340 555 45177
238 320 29155
171 601 51865
17 444 28862
194 258 20396
167 195 48052
35 113 10817
141 349 60008
69 162 31048
325 348 178440
266 301 25000
70 142 33971
264 475 37216
441 478 21401
212 286 27857
73 153 28653
413 536 15297
94 340 41485
193 601 53814
274 565 55660
451 596 45793
191 349 39051
187 504 20809
442 572 84149
72 426 12649
508 549 18385
354 359 26401
32 254 35847
555 608 26401
92 351 22023
2 292 14213
394 493 18974
550 634 28284
306 358 10817
114 406 29000
557 612 26833
289 356 22023
304 309 34205
208 405 49406
57 288 45541
146 274 30414
2 88 53451
310 354 31241
130 188 31385
173 489 63600
304 408 32985
292 299 24839
327 453 31623
94 146 44272
66 561 26476
176 364 15556
272 340 55758
347 588 37000
297 363 22561
119 483 21932
59 287 54589
18 125 57706
285 606 37577
403 587 23770
220 362 27019
425 587 48166
544 576 28601
10 252 51624
159 519 38079
13 111 20224
208 308 39560
138 306 18385
510 637 25710
518 610 62032
463 584 75007
143 213 36000
400 406 38949
80 412 36878
169 608 48508
439 627 40012
471 563 35355
514 528 47011
138 397 34015
258 464 48466
16 595 54203
471 657 39217
591 643 12649
97 282 27203
132 655 77820
259 377 33136
62 103 55973
53 274 46615
247 364 33242
37 80 36878
219 519 41485
287 670 32280
416 547 69584
243 315 12728
13 400 11705
214 438 27659
298 374 67186
187 323 34482
123 181 65734
148 474 45188
283 566 37162
325 658 111647
446 615 32311
3 481 24515
557 669 44385
22 618 42190
529 568 42202
147 648 16155
100 321 59237
160 370 78230
255 443 32650
39 413 68884
92 470 28443
5 339 94372
442 611 62642
204 588 46011
524 635 36892
57 485 36249
155 367 24597
49 87 42579
132 148 62394
42 340 53600
587 650 63789
189 298 54452
434 494 34482
88 389 48877
310 491 41725
33 490 28320
404 496 38601
212 571 73817
495 612 17117
19 21 18028
420 514 17029
279 461 21095
178 309 31906
133 170 54745
329 364 49649
313 605 59034
261 408 40112
369 399 35847
150 392 49578
440 521 13454
185 358 35511
113 123 31016
348 496 30414
134 261 59076
591 622 24042
368 402 44911
87 617 46690
22 481 56080
90 326 23324
26 424 40804
467 590 32062
217 637 11045
424 501 37000
4 601 61327
153 263 56859
399 403 20100
502 533 40311
44 666 42202
43 592 34059
381 406 44688
231 418 43046
1 94 52010
125 287 77201
458 540 56939
64 145 49163
40 361 29155
445 642 16279
147 391 34438
227 254 29069
248 541 46872
98 388 18788
133 664 171968
57 459 51245
61 407 24515
304 339 73498
289 390 64885
43 327 43829
296 472 14318
294 588 36235
133 663 44944
11 101 47539
429 564 47424
58 505 22023
123 245 50478
20 459 43932
333 523 30414
55 330 18439
193 613 50120
65 213 13601
59 245 27659
442 455 76236
228 523 25456
359 642 34205
241 365 25710
271 580 54083
186 612 37643
256 448 28653
220 423 25612
100 333 24698
376 558 59076
220 628 36715
336 499 22825
316 644 53935
93 600 27074
520 656 29120
258 401 37483
165 320 50000
56 590 55471
7 490 41037
169 614 47074
55 180 26870
466 598 35511
456 541 37363
347 570 61465
227 492 172630
357 576 15652
65 317 82492
149 314 40719
288 387 21213
4 662 18028
44 174 37216
642 654 27459
161 362 33526
290 525 48508
547 596 62650
12 650 37855
543 605 20809
330 452 18028
132 443 72250
65 668 85288
222 646 14422
881 497
850 650
462 847
67 602
330 927
264 246
748 795
826 194
505 539
544 944
184 568
397 646
489 581
78 612
811 410
303 210
369 953
526 121
515 104
790 653
533 105
467 900
833 678
150 797
730 880
748 784
160 326
761 293
279 416
699 286
542 581
83 286
697 804
47 647
692 97
682 167
923 393
483 720
169 487
443 576
492 233
974 549
537 699
77 534
953 458
305 151
700 765
43 449
795 368
382 316
422 267
390 75
978 575
851 378
98 630
25 410
752 593
604 166
605 78
324 747
214 443
645 263
471 142
642 351
600 256
431 629
749 729
602 604
843 283
492 869
589 516
359 454
514 548
273 182
606 332
382 36
921 589
371 22
254 296
895 417
819 668
392 241
660 477
782 267
639 329
249 621
837 361
799 634
34 337
698 573
201 602
401 215
226 180
933 496
734 163
355 912
539 611
220 113
463 468
345 858
228 550
264 547
592 281
636 258
510 320
414 469
290 672
503 16
161 477
133 493
469 578
670 597
683 91
452 619
341 800
230 663
850 765
338 318
332 60
561 776
387 105
556 391
654 102
249 901
535 178
255 866
255 88
421 755
611 386
319 266
392 829
501 761
959 692
272 826
497 27
35 477
652 692
839 203
244 474
180 293
279 687
515 844
613 224
965 347
646 400
975 510
58 483
524 819
368 597
677 855
497 134
876 628
539 562
775 815
495 310
432 491
903 630
358 530
953 363
205 370
835 463
813 291
111 271
601 505
455 154
862 811
471 679
221 247
859 604
950 638
40 620
786 689
164 349
114 530
619 577
806 484
698 413
184 851
779 335
117 649
618 157
383 851
494 61
429 311
885 225
564 814
296 109
292 250
775 588
836 731
269 785
290 160
51 541
664 628
518 669
348 316
410 534
594 527
661 883
552 819
398 387
191 540
137 237
397 198
253 257
647 788
458 514
186 691
250 778
319 190
306 191
806 109
613 260
194 615
473 58
457 586
699 517
835 426
922 411
894 452
820 426
446 286
263 504
310 160
853 420
773 631
67 288
381 915
150 474
229 156
502 375
228 468
295 575
423 833
634 167
902 218
484 514
408 125
406 919
267 489
160 301
135 689
601 816
471 348
626 60
364 539
850 477
194 799
636 769
822 870
867 515
581 908
528 333
65 317
414 796
397 120
364 46
660 648
688 275
292 764
213 829
404 660
591 539
784 708
774 242
442 701
659 32
86 671
32 437
830 860
802 214
875 506
723 339
996 532
45 427
620 466
664 366
458 526
833 241
619 703
247 235
547 637
916 422
785 349
267 525
780 99
557 104
709 608
462 197
113 436
300 890
861 659
343 286
323 174
176 133
407 348
529 888
813 549
877 678
595 913
467 701
328 837
668 391
178 861
750 99
856 210
156 244
200 728
157 834
930 287
135 220
329 416
261 748
385 560
592 825
201 785
529 214
515 330
326 140
405 154
367 803
796 663
286 76
533 343
564 979
710 593
573 724
421 68
840 517
110 616
677 675
734 141
368 867
657 227
865 201
293 356
819 881
832 816
239 902
922 536
629 708
632 927
202 853
855 624
428 394
859 301
339 162
724 900
278 747
111 359
384 229
420 587
246 405
954 307
932 478
484 198
181 436
850 219
965 331
445 469
468 561
867 453
507 893
817 473
154 276
515 116
517 299
165 311
315 720
271 328
626 601
346 537
553 974
748 532
492 641
361 300
691 242
575 754
671 560
276 314
515 590
649 737
150 450
470 737
204 240
633 908
712 629
203 121
841 609
431 254
73 514
640 888
666 222
590 774
465 133
645 536
853 172
729 699
301 687
500 585
633 622
209 302
303 667
757 842
157 731
481 619
209 467
210 869
61 381
151 194
673 143
867 393
137 548
493 47
263 205
500 478
443 92
459 377
256 170
426 955
456 301
147 606
874 436
724 751
333 676
355 442
345 599
946 285
424 742
113 660
553 758
461 712
145 851
182 191
620 886
572 670
3 460
188 642
391 464
17 428
450 403
749 485
429 767
397 946
916 343
622 621
189 128
422 106
460 500
816 318
444 442
93 610
555 698
422 507
755 409
132 750
92 428
667 725
747 644
136 715
822 223
804 165
860 766
642 693
790 292
89 771
49 329
760 253
146 833
373 220
744 549
404 334
419 89
543 860
752 689
221 719
262 437
433 416
358 573
877 244
438 852
396 353
312 51
247 381
737 560
144 215
732 130
125 678
182 410
718 823
900 258
168 148
596 792
152 208
533 773
746 879
280 253
400 33
273 345
864 433
687 751
200 692
654 812
279 97
618 183
333 762
732 263
57 425
696 321
694 481
127 393
401 171
565 186
425 938
131 605
493 364
876 688
568 528
962 400
376 366
8 438
265 575
363 897
135 644
101 389
25 508
400 513
466 961
529 47
621 543
711 809
556 664
205 652
503 880
806 877
122 551
58 666
829 137
404 17
716 696
168 760
821 163
262 673
197 467
767 149
704 131
509 409
311 536
44 438
409 298
574 596
357 788
404 47
475 69
877 532
295 330
523 766
358 241
887 608
347 343
457 634
635 554
727 518
392 707
979 585
931 456
636 501
539 6
710 299
396 139
746 66
809 426
654 204
386 750
897 302
174 450
844 391
503 910
320 822
784 163
579 619
726 187
731 493
911 711
624 418
493 829
297 644
351 197
233 394
51 361
586 701
535 665
356 722
307 730
346 243
483 466
252 283
124 777
354 325
224 207
11 577
113 290
249 220
446 729
250 690
283 491
814 581
866 556
390 663
566 466
731 425
535 790
75 585
849 558
592 633
906 671
805 395
503 922
210 626
775 866
406 967
603 718
456 686
879 557
850 146
920 698
392 504
862 470
683 144
243 660
107 725
677 841
329 73
437 294
155 675
704 401
700 506
626 718
676 431
568 315
802 280
932 340
590 689
211 732
357 684
458 278
659 256
73 489
313 809
360 654
585 43
445 31
605 902
947 317
467 831
384 394
707 562
660 922
396 864
582 314
476 500
66 620
975 650
862 834
422 978
111 559
120 343
515 263
512 723
566 73
