619 1599 25 73
144 577 51010
310 335 101789
83 380 14866
479 535 17464
422 472 38897
158 502 26833
112 596 68352
29 397 32311
19 369 29069
52 167 31780
481 527 49396
454 547 28653
232 537 36346
372 548 21471
283 507 30414
29 604 33971
455 504 51196
313 422 29428
20 59 107648
477 492 43932
114 424 29411
220 304 30265
17 613 31765
62 201 25080
366 578 48260
121 436 40853
38 594 47424
253 492 33615
293 370 43012
22 92 17464
268 345 51245
51 308 45804
221 616 39623
226 328 72111
224 234 25318
189 431 16000
86 380 28844
4 28 19698
170 293 25060
26 593 39051
49 214 14036
240 376 27295
227 501 30000
178 417 71169
276 337 67897
57 318 61008
253 392 47170
13 31 35468
81 191 39699
431 455 26000
103 557 69354
79 248 52631
473 577 38079
249 600 40522
535 552 14765
468 506 27019
459 524 18385
68 164 18028
130 343 27586
104 162 80056
131 143 16492
258 521 55973
280 345 60828
59 242 214374
133 568 29411
166 528 33956
261 580 43463
4 123 17720
259 260 57009
147 462 26077
94 174 77162
193 518 48332
370 372 41231
212 612 28460
256 564 47885
11 120 22561
33 571 19849
369 505 32016
398 617 19799
140 469 35440
66 565 33838
289 405 22627
539 607 63198
176 292 41400
181 331 30414
253 393 41146
432 618 100125
208 474 59540
63 286 61717
55 150 17464
239 477 33121
169 356 31145
95 264 36249
293 500 38897
404 437 36056
247 420 16279
446 505 42720
69 247 74465
351 530 19209
335 412 40112
97 152 22804
335 461 36688
3 119 68476
200 391 31890
260 386 71063
453 598 38949
198 313 38601
97 553 30529
91 143 32311
141 255 11662
138 292 25632
135 344 47760
51 130 35735
163 242 57315
483 522 22804
490 505 13892
160 228 42638
59 465 29069
195 361 56798
20 163 57315
146 440 41183
274 495 12369
5 550 25807
325 566 76609
168 594 58310
294 536 30806
293 372 47434
331 600 43046
172 173 37054
346 357 24698
243 473 23770
16 578 76059
288 451 39699
174 551 24759
285 403 48765
392 559 35355
276 528 74330
96 455 26833
83 86 30414
187 437 67365
50 416 29000
220 564 48847
46 289 33422
165 542 18028
376 381 18028
338 602 36125
436 465 40311
151 389 98005
234 466 30529
372 391 53151
44 330 40497
181 352 73239
453 461 52010
171 357 26926
54 176 21213
41 334 54083
15 331 17493
71 266 23770
132 523 38013
224 276 32202
275 371 41785
300 327 33061
161 394 16763
302 364 43932
147 360 25632
58 205 20224
393 486 47413
47 73 48166
74 413 61847
266 489 32650
144 403 36878
334 414 48415
205 542 41773
219 322 49497
105 434 137058
112 376 26077
117 494 31401
93 164 29411
405 581 23259
49 122 43382
433 493 32280
311 421 21587
367 578 78549
228 252 45891
350 354 28018
115 248 35468
247 559 44385
412 598 41000
225 527 67476
90 123 21471
232 597 26571
126 278 92779
114 402 37802
140 167 27019
453 485 60374
149 449 52953
169 208 60605
194 488 66189
294 379 58138
54 186 34132
145 207 57940
518 547 27313
108 228 50448
375 456 26627
211 601 69405
256 304 13892
384 600 64031
378 502 64537
107 181 43000
3 43 22023
97 205 36620
75 596 65123
383 596 14000
186 600 37947
20 467 83863
227 317 44598
32 410 54378
328 615 30265
560 563 58215
81 544 45891
231 521 43174
30 568 57428
94 113 39205
176 262 41110
272 609 12042
129 543 27074
150 247 40224
91 122 19235
21 235 45354
228 578 74887
190 208 23770
309 472 39051
92 565 19105
277 450 56604
45 567 15297
207 605 28231
6 149 46174
2 563 19416
62 589 41183
254 403 66242
128 386 67052
152 476 24207
413 419 69771
195 516 54120
302 519 63032
463 505 26249
500 548 35468
47 265 36401
191 544 22672
169 483 66851
19 488 27203
183 423 26249
27 345 94048
238 350 32016
69 502 44147
165 509 48332
39 536 82389
8 105 49041
302 603 74947
267 316 39623
58 68 13000
105 389 240169
5 206 32696
305 481 46043
397 499 37483
40 385 36056
263 499 49336
11 437 68352
341 403 69051
371 526 26173
236 469 25000
282 533 62968
574 592 43174
83 492 25807
33 264 69260
57 374 19105
423 548 21190
25 138 57697
87 355 59203
576 604 10050
356 368 41110
97 185 20000
471 512 43174
458 519 23087
4 90 25000
180 574 52202
205 476 16279
323 433 36715
176 384 66940
330 457 32388
219 357 31890
21 109 25962
336 499 36674
53 332 14318
220 531 38275
104 360 81609
98 563 25000
136 223 24042
158 193 61327
284 440 30806
195 509 28601
150 420 39962
96 189 31305
279 313 35000
41 127 29530
67 334 15652
61 511 51157
83 253 37577
119 442 51000
221 527 67897
97 482 14213
245 603 22361
197 536 42059
43 94 41231
65 315 33136
320 396 23022
35 137 15297
111 229 11180
303 344 51430
160 578 82765
18 484 27459
110 537 44385
11 405 43417
54 408 39661
352 414 13892
67 448 24042
495 563 17029
66 119 56400
135 460 55785
297 343 54083
325 520 16553
328 435 64846
458 584 53038
116 589 18974
361 507 52393
5 269 26401
18 592 26173
207 534 18682
28 123 33971
192 207 22472
322 437 24413
489 588 45000
68 306 35228
12 27 34205
213 355 70937
105 210 48847
209 608 66708
204 572 32249
35 489 52953
69 492 31623
154 291 82055
145 473 52431
154 440 76844
297 399 23345
421 429 51039
85 589 42012
55 100 51000
143 526 20591
37 596 42638
26 500 25080
8 317 15811
177 393 41012
162 306 48384
141 486 26249
52 135 44654
295 301 13342
206 529 50804
73 265 26173
10 546 37054
63 161 21932
465 467 35128
36 526 11402
462 586 22204
425 590 107424
78 408 64637
82 284 46487
106 307 45354
355 512 35777
240 592 43105
173 303 10198
109 358 41340
163 461 35341
244 382 17029
158 567 35511
230 566 113600
269 430 37643
125 560 31145
181 600 49679
117 229 39699
88 324 47518
486 619 25495
183 500 34059
206 550 17000
171 447 54452
45 518 27857
141 619 10817
342 614 48010
293 413 32311
359 386 59211
61 238 21095
330 400 74250
310 412 69527
421 467 37000
166 296 23345
468 486 60141
252 334 42544
273 445 52345
172 191 36620
3 342 52326
315 444 43738
296 532 53075
54 138 30610
62 85 16401
281 318 32558
123 132 45706
147 399 44045
72 402 41049
280 458 39051
137 521 38013
369 490 29967
50 182 41000
444 515 35609
466 606 25179
15 53 67067
296 334 51884
178 363 64637
189 347 50010
471 575 38053
132 580 41012
50 60 52802
233 527 67476
323 498 12530
340 538 42012
242 461 26571
39 386 99368
334 352 52202
356 483 52469
41 352 49820
475 616 33838
213 216 39408
389 605 46011
510 562 34132
94 95 23022
29 124 18385
253 272 30083
110 269 15033
7 389 189708
74 480 33422
327 599 35355
204 595 40853
290 510 49820
105 211 30414
256 553 45343
554 586 30000
485 524 47011
17 364 20616
353 580 13153
30 290 29155
511 529 51313
182 603 34132
50 121 38079
238 354 43932
192 295 37202
90 203 13342
319 370 74793
194 558 47265
76 499 16553
42 294 15652
217 462 30017
166 532 59464
154 521 21633
155 315 16000
307 339 25020
243 577 26926
228 448 15000
311 316 37121
9 612 51865
225 596 20248
504 539 68964
246 502 75180
239 590 37643
77 184 94847
370 614 59816
92 292 21932
39 128 32650
152 482 27166
7 254 27659
194 218 36222
47 582 44102
63 241 32573
19 65 48270
226 263 65115
340 457 23345
353 555 56613
246 378 27295
475 606 20616
349 563 92849
328 594 63159
408 587 35511
287 582 20000
181 384 61774
422 514 32802
291 434 53935
224 532 92655
475 484 30000
241 379 15297
141 215 34655
1 454 24021
77 550 19647
222 427 24083
100 366 70292
118 528 71400
457 524 21260
36 371 22472
200 270 17464
397 604 14765
119 517 63789
126 533 65788
256 509 44418
81 245 60836
229 604 52202
24 76 40522
186 408 16553
442 446 22472
21 588 11000
210 235 68768
55 420 45804
222 445 35355
261 353 42190
532 552 57428
360 570 74411
287 320 13038
281 551 22361
330 583 34540
117 546 41037
406 521 48104
249 331 13601
215 393 41881
165 423 32757
389 594 77466
323 418 38013
114 551 72250
262 565 27893
197 248 38833
172 303 35903
417 607 28178
388 391 41110
402 539 33302
16 160 32016
282 379 47634
100 420 22204
40 50 30610
287 396 13416
110 529 38013
139 590 51088
60 618 75822
114 573 64637
296 414 54589
119 419 12649
104 570 33302
65 323 20396
171 326 12806
363 382 38013
242 561 151990
112 484 35355
60 432 69814
179 251 16125
377 438 21000
310 525 31257
15 127 52393
273 578 20224
116 349 74007
68 407 31623
400 543 12083
42 175 39357
160 535 10440
56 238 54009
31 123 64203
109 291 87464
174 281 27074
110 286 56851
57 496 73000
99 345 155168
197 379 67956
10 236 29614
66 446 33302
25 422 14142
559 619 41110
253 609 36056
65 515 26173
326 573 13038
56 368 22136
340 524 15000
182 432 64133
79 471 50804
418 433 18028
466 475 30480
119 410 70711
57 188 42426
271 484 42059
155 444 43738
326 447 57454
246 464 58669
510 568 32527
353 513 61911
269 529 40311
474 558 69871
194 497 29017
208 562 68352
190 562 58009
38 211 130177
360 399 57697
24 336 47634
317 540 29206
466 484 47043
393 545 22561
14 477 53740
559 599 24207
343 549 42048
71 106 14318
117 407 36249
374 447 61188
147 586 35228
404 470 32202
108 448 42544
339 489 23770
206 438 38013
43 410 43681
87 454 30610
255 559 32016
180 271 19416
190 438 22091
149 260 149030
32 264 57315
189 607 52202
3 614 24839
153 216 45486
289 341 23345
17 231 41761
196 574 14142
84 233 47265
317 501 37590
376 592 40361
215 486 45541
391 439 45880
237 494 29069
459 485 43863
14 567 33377
486 506 64195
77 428 48083
46 341 43290
330 375 29120
527 531 44643
474 483 69635
162 270 22804
192 285 20616
24 499 46174
172 390 40706
84 618 53852
290 329 32016
66 517 41037
399 586 63506
70 129 62000
304 564 50220
235 588 44000
161 232 51894
252 448 45398
58 164 12083
370 413 27313
365 554 40224
64 299 35341
230 486 62073
317 612 39000
177 545 51430
122 143 18601
161 537 71610
139 239 50090
125 589 34015
1 567 39598
74 293 54083
105 202 121803
247 502 87681
41 373 33601
20 538 56727
85 116 35341
401 494 13416
52 460 42544
298 594 85913
48 324 36359
108 366 46690
23 470 34176
287 384 51078
313 547 73055
340 456 48877
39 42 57079
445 566 48052
385 436 17263
95 174 86533
194 483 39962
221 337 32311
367 579 41881
299 444 18028
327 619 50537
46 405 38328
193 502 68007
361 516 50090
198 378 51352
23 188 52202
19 490 41437
88 527 36056
432 481 75073
303 482 23022
59 99 24042
395 606 24515
107 331 48415
33 551 69181
18 112 37202
268 434 95341
14 492 67186
335 561 129850
349 367 49729
216 239 39661
31 523 63151
309 441 37443
12 121 51196
497 571 33242
356 493 18358
6 449 25298
390 460 44922
246 247 98082
483 558 73926
347 449 107801
414 528 32249
265 582 48270
134 407 26926
237 407 16643
267 429 42059
276 277 82000
25 398 58830
56 493 36401
76 308 62801
34 225 38053
173 553 17088
22 348 21932
568 602 52773
456 618 47539
530 533 43966
171 219 50220
363 607 44553
196 261 45695
149 347 157064
55 464 53339
177 425 64537
131 371 41773
196 513 28862
158 492 66940
80 235 47424
493 569 12000
381 543 30083
195 423 29275
344 390 27731
37 383 35468
24 288 37696
103 613 25000
21 80 40000
31 90 64195
315 515 20518
193 198 56859
45 193 34525
489 491 32558
146 458 37014
295 403 59506
34 44 27295
10 469 34670
124 307 70178
126 282 26401
23 447 28320
7 289 37443
243 549 33061
261 513 50010
232 511 42438
347 382 44272
468 520 11662
214 309 17493
164 476 12166
44 618 17117
120 187 32202
123 523 45277
375 618 36125
523 580 23259
279 309 21190
61 597 22091
271 466 44204
174 586 27203
182 416 21954
164 205 20518
56 356 38471
84 481 26627
409 566 29069
145 301 40719
329 608 61294
427 445 15033
34 233 31016
372 500 45310
61 232 41110
416 603 31828
47 384 43566
297 496 59615
179 593 28160
288 328 49649
93 401 14560
195 507 13000
511 537 41761
52 546 33956
134 229 43139
80 109 18385
53 159 38118
9 317 38949
17 82 40311
156 403 14765
233 618 54424
136 243 10630
70 525 24839
77 149 117201
306 542 28284
360 439 27203
66 442 34525
66 262 42154
80 443 26306
187 417 68425
78 587 60539
387 496 25060
372 542 34928
364 603 70803
296 479 38910
250 513 44553
297 308 26173
72 322 48083
129 330 65146
26 480 36249
157 512 63906
33 424 35228
121 302 48260
68 237 29547
265 595 46174
267 311 33526
236 312 44407
62 90 105679
368 377 57697
42 536 27313
384 517 57585
237 401 18788
9 71 55362
126 530 80604
110 161 75007
248 471 19723
120 581 57871
278 351 28178
440 503 18385
201 579 18028
230 325 39623
41 331 51430
403 556 59548
149 184 38626
562 568 52240
159 332 33526
268 503 13000
211 227 53226
23 144 58009
342 413 10817
277 595 39459
321 480 24413
8 612 27074
440 584 12530
170 480 28425
539 568 76609
179 500 44283
75 221 12806
374 573 17117
459 583 21260
55 159 49739
224 426 80808
214 279 30083
209 329 45354
316 538 59076
368 529 68264
532 579 78006
30 539 52240
111 576 51624
93 476 36401
37 376 38288
314 398 37336
326 374 21095
40 121 39051
227 601 19698
264 497 53009
281 573 82377
398 505 55803
244 581 134239
143 371 37855
204 277 21024
342 370 19105
22 398 46098
70 310 49336
77 260 39925
270 306 45967
343 451 50090
226 435 21095
101 613 68250
305 564 40522
188 223 65803
29 117 58523
38 389 80623
63 362 17000
369 442 55109
86 139 17464
137 358 25710
115 197 46325
238 493 43863
333 338 23854
585 616 47074
411 554 10770
516 572 41677
283 361 49396
404 447 32757
179 195 37590
498 522 10630
312 491 30414
15 464 39319
395 466 29000
81 305 56648
335 453 30150
504 607 39115
431 504 33422
106 263 48052
84 527 57140
208 438 26401
34 618 37202
38 168 30017
545 609 15620
300 578 57140
115 533 33615
64 463 43932
81 603 65276
111 134 38079
104 134 58138
73 118 39000
284 406 17088
463 490 13928
100 559 38626
65 488 32894
186 249 36797
46 470 24187
585 596 60539
15 41 53038
178 382 52010
57 447 58421
308 570 38210
18 271 26926
197 533 32249
154 358 19849
402 602 48384
433 522 36222
513 561 59908
109 154 48508
442 505 42450
138 408 48083
415 508 17117
133 558 17692
217 360 36878
456 538 51788
313 514 22847
477 541 49092
35 491 45343
89 242 210297
87 351 13038
28 271 39115
104 200 84629
128 359 15811
259 286 52010
83 272 24515
3 419 67357
345 584 44944
200 360 53535
212 610 11402
35 588 36069
127 332 28425
257 313 20881
337 616 39013
163 452 27295
348 398 33015
32 369 45398
426 528 21024
51 76 30232
51 451 32016
176 565 34234
95 551 93920
151 285 39205
239 541 45967
227 298 40311
523 555 68154
194 522 51313
6 455 60415
356 433 33302
28 180 49406
106 226 58078
395 616 37537
310 561 28320
196 525 74813
10 29 49336
49 309 26926
72 219 30887
207 615 56303
64 617 19925
275 362 41000
190 608 38833
44 375 24166
557 613 71309
417 437 38471
113 319 23601
418 515 43081
208 368 52773
314 617 21024
210 443 63325
232 394 41110
8 211 34409
129 400 33242
503 584 14318
184 329 59034
202 434 15264
153 157 16125
333 424 23431
570 576 64031
241 282 39661
133 338 38275
74 170 39205
311 465 37054
30 510 37577
118 265 44407
261 574 54406
447 470 35468
280 302 68007
103 521 62129
77 206 33601
210 212 59615
441 472 43463
1 213 43417
59 467 24839
321 396 18439
365 496 37121
118 276 71113
368 511 33302
75 616 40719
72 539 25612
209 290 49659
300 366 46239
283 509 29732
250 561 58052
292 398 59169
434 443 34540
451 549 31385
240 574 55803
352 528 42154
13 589 39459
266 612 60877
387 549 33302
388 439 13153
508 618 53160
144 188 64031
146 519 21840
114 219 49254
318 374 62298
189 363 49396
563 566 191901
222 468 22804
155 299 43174
79 530 55902
126 547 96881
72 607 49336
252 535 27514
130 308 16279
224 466 31321
27 99 61205
308 576 72111
206 428 48549
65 463 49244
531 564 42059
47 352 77782
110 259 47760
541 567 45651
184 428 58822
63 359 58138
183 195 12649
327 468 41869
18 180 15232
153 512 68469
191 390 51245
118 277 51546
332 373 28443
10 117 33242
320 582 23022
91 299 24207
188 496 81908
100 300 62968
28 261 50990
128 175 51352
268 584 23022
109 443 39115
525 574 76217
48 204 36249
16 579 33422
142 269 35355
140 258 50040
103 231 42755
496 611 26173
362 371 62650
255 392 25000
272 380 21260
186 464 47760
2 274 29155
480 593 42438
380 425 37696
266 610 52326
369 410 54406
163 485 30676
148 234 32016
60 508 42012
298 435 21095
114 281 80994
223 387 27659
78 246 60008
213 541 31828
255 619 19000
303 478 35903
370 391 45000
286 359 23345
1 541 51420
135 401 33956
102 448 34655
135 494 25239
469 546 35847
31 555 95692
320 595 82680
12 465 44553
316 415 38275
7 556 28653
76 576 50040
171 346 36674
229 576 50636
258 312 44283
115 530 32696
379 533 73553
254 289 27295
212 489 51088
264 571 57245
69 392 54083
53 464 60166
230 506 17029
273 349 89499
198 547 81049
350 418 24042
142 430 39205
157 355 45122
208 377 16000
54 600 24759
102 373 31623
108 332 33136
124 236 43417
468 619 57871
346 437 27731
8 540 28792
402 424 48765
88 337 56586
68 93 30000
36 126 46690
371 597 43012
35 258 18868
100 159 49041
85 367 48384
146 364 76158
137 588 24597
363 417 44553
193 567 37443
209 510 30265
169 474 24207
278 454 18028
345 458 30017
248 575 33838
107 352 45310
79 512 20025
104 576 47885
348 505 44000
124 263 60208
48 572 21401
154 406 48104
135 478 50329
251 516 17205
161 286 58052
424 602 28018
180 592 33838
78 422 36014
365 611 15133
427 566 52355
354 418 41340
85 201 22361
250 555 75717
238 569 36056
38 105 159665
125 274 33015
232 275 29428
157 216 40804
278 547 31145
251 593 32202
347 363 47508
11 46 41231
274 589 13153
281 411 13454
184 608 40200
218 497 43012
86 477 33541
152 303 34409
78 378 52326
340 452 33302
487 564 33242
273 409 56515
62 579 36878
28 132 39661
299 314 38910
41 107 10630
20 429 33541
362 394 17804
25 472 46872
121 280 79812
192 301 30232
236 307 58052
209 562 22023
315 463 25942
552 579 57070
49 126 53460
101 199 38079
460 557 40853
116 495 23022
136 577 24207
199 364 51264
211 540 10050
222 520 28284
5 142 25239
223 496 48010
9 226 37108
193 378 45188
263 397 46530
320 593 37483
479 552 11705
168 298 60075
349 409 71386
582 591 35014
285 295 46530
555 580 56143
5 529 42544
43 95 43012
98 349 68964
270 391 18385
323 488 28460
2 560 39013
43 614 20881
334 373 44944
100 599 33615
254 556 23022
89 561 58412
40 316 31113
77 142 40460
321 517 57140
122 526 29428
28 148 32757
479 532 53151
179 183 30414
322 417 35384
38 601 61847
152 478 13892
168 601 32558
13 125 11314
488 498 21932
96 431 18439
145 534 49092
138 176 35171
428 438 25298
88 450 31113
437 470 54818
238 511 55660
37 381 40262
409 445 62626
247 392 49396
285 605 40012
190 209 61465
154 284 60745
9 435 45343
87 278 18111
610 612 18111
425 545 19235
251 320 52612
84 432 82855
151 403 29206
280 519 46065
151 605 71554
324 531 31575
121 416 54009
197 294 34438
505 617 56303
56 511 18028
215 253 22023
333 602 18868
266 307 43600
101 390 42450
108 159 13038
318 573 67956
58 306 25298
318 411 35114
26 170 16553
47 181 55660
482 553 17720
179 516 31048
412 453 11662
3 413 52010
267 421 18601
37 400 38626
344 478 55317
390 557 28443
103 258 52010
343 387 13601
506 520 16553
202 443 24000
169 368 28284
228 535 39812
148 271 28018
85 349 67602
150 246 80411
129 598 26401
67 102 41773
554 611 49041
300 599 43278
166 426 22023
98 495 21095
145 549 55902
214 547 81025
351 355 56824
423 500 34132
87 213 70859
264 551 97185
97 509 63820
133 218 24187
104 111 33971
31 589 58592
360 388 28443
118 595 24166
120 244 77026
240 525 80131
216 590 46174
130 451 49396
321 593 49163
78 138 67602
24 51 42190
23 341 43324
337 450 63891
136 549 26571
188 577 41012
86 239 48083
275 597 14560
235 489 39812
160 552 16279
279 547 60877
199 603 39459
135 546 17464
120 405 48270
207 594 62936
449 455 45277
246 587 22361
216 541 54000
142 260 12530
68 162 51108
428 608 27203
52 469 10198
14 158 11180
7 581 27659
252 479 23409
311 385 41785
263 336 34015
254 341 22361
91 444 18248
122 441 34886
139 380 38588
188 447 46400
67 252 36235
50 316 41049
151 156 16763
91 441 34132
346 404 25554
47 591 25080
432 603 63906
252 296 28178
218 338 35128
582 595 76485
116 274 17464
242 335 22361
265 591 15620
429 538 44147
452 538 55009
172 487 48918
338 497 39294
380 609 30017
536 575 17029
300 445 57428
64 505 54342
74 419 28018
231 406 45891
305 544 30083
318 554 37054
63 175 55973
10 124 40050
29 229 50249
292 565 29017
529 537 16279
64 155 26926
153 590 73055
37 330 68154
149 386 220000
185 476 13928
17 199 48795
90 532 80131
257 514 15033
445 578 60836
95 410 60415
94 462 61033
25 78 37162
226 336 60440
328 336 57035
113 439 39051
249 464 44777
509 542 59841
203 532 71868
9 266 58138
324 361 36056
21 358 28160
70 598 50567
452 524 35440
259 430 14142
53 127 37000
43 319 37202
481 531 56613
156 556 56036
257 279 22023
75 585 28460
291 440 50695
65 418 39962
171 573 24698
349 566 100285
152 185 14142
178 187 12207
101 245 47802
393 609 20809
583 598 47539
397 576 23770
32 488 35128
606 616 23022
9 298 44011
144 473 50912
415 538 47802
32 497 70007
148 203 50990
49 441 35903
290 504 65947
12 280 61392
231 613 29547
199 613 65146
485 598 50160
384 582 47000
290 455 61400
167 258 58669
185 205 23259
148 466 36014
456 508 27459
24 328 44204
381 400 24187
241 362 31780
103 167 56859
276 395 29206
215 392 31623
370 439 72801
219 402 36069
82 146 55785
354 515 38328
267 538 42426
133 602 38079
144 295 55471
142 550 36674
472 514 13601
389 556 162432
102 108 17000
81 101 69080
358 521 25179
20 452 39850
173 482 23707
298 601 46615
307 312 33015
113 217 13454
178 244 43324
93 237 12369
594 615 40311
39 175 30414
174 554 26077
318 365 21378
172 344 32894
223 549 16125
464 587 43932
91 354 31048
461 485 26077
270 542 53600
88 221 52173
161 362 16125
199 245 19416
19 463 43417
418 569 28653
500 593 47011
484 585 36125
61 371 46065
22 66 28018
324 450 29155
304 361 43932
89 555 75928
6 329 43278
262 517 17804
22 292 34176
419 517 63977
151 556 67624
67 373 49041
222 327 38328
220 324 15033
377 529 62968
217 439 33287
192 605 36715
105 612 60877
189 504 23259
1 518 19849
268 291 41485
74 321 46530
173 487 30000
9 501 37014
11 470 57801
15 249 13153
36 49 46065
325 506 23409
70 543 65795
172 544 47381
301 534 23324
354 444 28792
420 559 39408
402 568 76538
49 526 45122
176 600 32140
250 353 47539
212 235 22204
83 477 45607
140 312 23259
423 509 29547
203 234 55543
36 282 49729
75 527 70725
594 605 66528
101 191 67676
145 288 16553
66 92 30000
339 491 13153
358 588 31305
6 184 37202
69 158 56754
63 379 34366
146 284 30676
174 411 21633
34 383 41976
192 534 13342
144 341 59464
48 361 31145
60 415 43863
79 355 20809
162 200 14318
494 546 25179
433 569 31145
145 615 52469
61 131 38588
101 557 20616
32 194 75240
126 351 87235
215 255 33541
408 464 52010
9 106 59076
305 432 58138
525 561 52811
14 541 36688
350 569 21095
70 412 30594
133 609
496 988
450 428
579 855
125 264
229 132
537 14
855 229
808 239
714 377
458 40
955 592
522 956
156 670
347 672
413 865
858 484
643 804
342 408
908 743
880 349
344 523
519 102
677 217
271 554
506 519
982 571
597 847
699 330
314 179
535 923
361 389
397 281
752 709
843 374
172 442
724 751
780 112
18 387
896 619
385 709
21 444
449 406
776 696
158 622
490 66
445 641
597 625
193 483
872 600
641 239
745 406
324 735
342 603
302 730
207 328
507 181
626 439
970 655
824 622
185 380
463 914
92 391
282 471
295 397
372 522
396 774
631 427
181 727
770 858
789 291
386 158
477 677
452 508
632 714
666 256
135 224
256 588
41 565
912 325
764 563
887 456
130 752
728 651
450 924
103 738
110 566
635 653
688 960
555 862
231 441
348 540
661 427
459 366
436 365
294 79
644 489
457 977
977 632
278 775
790 499
355 766
828 436
622 329
902 215
775 288
392 701
340 774
905 342
108 300
645 354
673 782
498 370
418 222
61 527
465 956
682 386
516 677
417 488
453 18
905 581
212 444
574 872
716 337
514 964
140 476
359 723
33 358
770 796
607 250
205 413
619 880
338 260
626 387
708 431
597 167
858 371
323 579
86 742
777 386
205 807
104 250
201 429
577 101
656 167
941 470
535 329
590 815
185 118
286 723
624 55
658 471
29 634
898 390
292 446
608 60
43 626
167 672
327 773
412 833
107 375
587 401
866 782
637 444
572 482
465 767
776 413
795 138
242 303
491 512
462 162
713 507
676 509
484 293
39 409
357 588
147 846
417 30
536 561
637 818
392 658
832 591
557 539
199 154
644 469
324 632
427 37
537 151
322 93
211 232
734 537
656 105
192 616
331 320
569 543
677 863
50 482
239 584
823 518
573 398
440 904
962 321
552 849
564 640
623 459
155 251
677 113
205 255
268 209
921 260
875 201
866 283
99 636
192 497
181 782
67 659
508 361
335 284
413 173
627 591
624 704
251 877
590 190
561 770
714 707
772 230
827 178
379 806
656 356
191 889
870 444
154 353
723 698
565 795
869 305
743 371
658 415
206 382
89 692
712 804
102 422
860 839
604 159
376 16
819 537
257 648
253 746
28 514
349 659
677 935
534 577
424 797
164 768
543 41
211 797
630 549
222 527
827 384
63 284
98 239
635 881
388 561
728 278
403 350
480 651
812 297
901 670
991 427
109 285
569 415
618 814
135 776
334 888
481 963
149 382
547 741
565 661
128 568
200 526
968 532
486 266
124 455
612 548
931 441
648 86
64 336
469 584
663 182
516 45
289 164
980 387
332 555
503 490
35 451
626 127
449 784
585 284
792 198
250 456
289 837
639 130
900 533
678 499
623 561
711 583
602 447
786 332
604 266
207 506
755 905
911 638
787 365
228 547
267 491
292 430
874 641
842 220
508 242
479 384
482 585
459 554
420 124
299 377
628 606
230 896
470 172
256 839
712 190
257 165
790 734
362 663
337 741
383 261
403 760
840 849
714 247
594 692
370 281
811 331
845 733
533 61
497 451
588 230
724 476
996 478
446 129
323 43
335 503
391 957
238 383
103 555
434 718
631 923
239 411
53 582
245 334
437 152
883 377
48 353
544 353
594 594
109 391
364 67
871 500
529 246
332 820
404 909
214 307
355 434
516 449
164 421
548 475
365 736
488 183
798 706
699 780
189 255
233 635
87 425
119 762
714 790
365 29
711 718
422 604
926 599
53 294
584 217
549 381
722 56
749 488
552 422
211 772
146 805
123 380
570 759
463 572
687 300
302 504
569 301
738 787
675 423
388 199
601 73
468 116
500 29
915 435
649 401
309 625
321 943
407 418
496 275
800 852
491 460
441 730
842 662
851 580
396 98
261 376
429 492
265 757
916 659
257 552
565 514
401 246
105 797
482 753
267 895
181 210
914 710
73 274
306 93
769 579
267 359
970 334
774 209
943 596
434 104
189 234
536 379
961 434
228 475
366 488
938 321
249 438
282 894
347 500
500 123
379 791
237 108
613 631
633 208
870 755
810 846
134 585
282 103
820 691
822 729
970 493
819 752
762 445
851 814
509 331
315 442
308 677
948 636
591 779
951 671
229 871
743 396
487 90
11 524
245 515
613 137
257 284
614 759
639 456
118 708
670 464
432 819
473 534
713 629
655 498
297 341
638 777
837 792
188 827
676 539
326 386
833 322
328 447
809 344
151 737
236 350
687 417
478 975
562 229
360 319
310 371
681 263
531 517
809 202
191 684
978 427
332 114
335 459
208 888
582 543
825 664
592 526
298 213
189 329
21 566
684 891
237 526
277 416
544 591
402 550
148 596
947 491
223 881
880 402
303 363
597 911
836 745
751 874
183 439
671 655
473 734
146 301
91 540
659 612
485 823
78 498
659 118
415 823
10 469
149 317
871 700
366 174
865 202
121 659
582 467
743 798
719 554
124 800
712 414
159 571
558 494
606 192
140 243
466 276
428 830
660 515
506 279
614 977
562 28
777 483
326 273
242 789
535 987
734 924
269 231
477 992
672 572
361 554
292 941
161 637
321 236
236 362
600 304
384 296
580 612
471 185
679 849
9 486
664 306
578 152
337 868
439 886
618 921
510 8
469 604
803 766
972 440
641 741
506 309
279 644
869 349
483 950
53 703
470 639
669 807
508 558
737 132
526 655
697 718
163 378
791 812
261 804
360 620
819 160
373 245
829 557
674 307
688 87
594 754
371 111
203 194
134 788
859 274
544 248
857 256
843 456
469 412
708 160
595 731
288 490
774 679
211 816
