850 2050 10 377
18 81 11180
195 688 12207
67 579 55579
36 617 12207
681 820 37537
12 826 26571
182 307 71113
457 766 14318
77 110 46615
64 741 45967
749 820 19647
130 283 27074
214 782 48795
95 812 68542
487 757 54708
544 579 12649
249 561 32249
274 845 54009
275 535 21401
72 98 31385
232 744 17000
293 533 32894
246 658 36401
222 559 17804
292 843 50537
53 713 54009
269 317 31016
217 736 40608
19 521 35000
368 384 33734
72 227 25807
61 704 25612
102 157 50090
73 430 40311
52 402 63561
28 74 23431
403 605 29017
375 799 40000
140 316 12166
434 550 41725
143 741 46487
561 762 28231
252 455 15000
384 806 12530
103 828 48600
335 767 23324
301 700 36139
390 461 24042
351 796 43417
167 579 27313
167 351 52086
136 137 46043
381 717 40361
340 500 10770
17 488 43290
160 529 15232
147 227 17029
348 783 29411
157 418 47011
486 806 30529
130 507 42426
231 538 10296
33 686 28792
73 670 28844
385 604 54562
25 674 22804
269 587 65765
654 750 41773
59 141 16279
53 401 44688
426 702 59506
132 782 26077
75 518 28862
129 531 16643
705 806 44045
378 488 40460
210 647 34176
403 724 16401
226 601 41785
369 676 30414
50 812 61612
262 501 43012
753 770 32016
214 709 33971
319 426 18682
66 640 49163
191 393 27803
107 503 45607
163 710 20000
618 735 33956
222 647 49406
67 558 32016
166 367 35440
84 528 47508
190 511 23022
107 547 20616
498 848 47011
441 612 26476
660 744 24187
454 519 29833
467 678 34785
251 523 56045
675 732 31145
152 503 42379
303 774 48374
190 552 21840
291 674 30463
101 578 36497
210 378 57559
32 773 24597
374 386 45277
11 567 23431
190 825 28320
329 364 22091
223 677 17464
201 557 38210
704 804 15232
570 598 43186
163 758 30806
520 832 23022
162 459 33015
343 808 14000
296 574 30480
388 712 30000
183 305 19235
103 268 20248
275 622 11705
325 409 27514
384 486 38328
55 110 49930
313 471 23601
38 75 54342
652 697 21541
126 660 45793
226 677 39205
42 551 21000
135 505 39000
362 511 93408
166 726 60465
73 377 19416
103 689 24042
460 780 16125
163 397 36235
234 818 32558
487 827 23022
556 578 40162
562 657 52924
87 832 21932
22 618 35511
474 782 17205
126 569 23345
602 651 18682
691 721 68007
114 545 33106
87 543 25020
118 458 35171
559 757 32985
407 730 20616
100 781 55758
324 404 26926
453 513 39623
26 237 14000
347 450 32202
294 803 49930
407 658 21633
46 840 14036
457 489 20616
349 601 26627
597 606 40249
30 190 44011
182 435 65924
63 800 18868
414 432 14560
692 739 36346
546 808 83570
266 711 38949
35 245 19105
26 678 28443
482 684 28160
61 306 18385
280 444 20100
574 680 48415
687 809 37121
344 367 23409
255 306 145000
117 369 42450
55 411 44777
214 679 39115
76 729 16553
280 643 62968
31 616 16763
268 689 15620
555 747 44045
484 501 47000
113 318 26306
301 496 44045
253 850 40112
575 742 47096
568 569 42012
338 464 16553
90 360 49769
472 812 12728
271 460 23022
632 671 12649
28 792 34540
196 327 11662
20 40 27295
449 561 12530
78 476 50160
304 458 41785
52 831 12728
31 781 67602
360 663 21840
318 816 26420
591 844 29000
465 828 42802
339 730 29411
213 312 58215
122 311 42521
29 165 29833
581 666 17117
233 599 18682
784 830 14036
322 460 49031
34 720 39560
600 653 35609
374 738 43324
115 474 43566
178 526 27731
590 842 18868
176 682 34205
34 825 15133
584 719 136620
566 774 18111
161 427 16031
680 814 20025
511 825 34000
666 698 17720
160 797 20616
40 790 47074
278 636 33287
379 690 53254
644 713 48662
185 708 32062
649 845 55785
242 778 27074
69 495 18974
45 664 40112
360 579 49366
4 829 13928
424 501 46615
521 779 43681
164 738 42544
313 669 28302
134 753 25080
478 686 58009
612 743 36056
265 629 60415
374 587 77897
209 511 37014
29 53 48662
271 300 18358
129 685 33601
272 347 39560
5 93 26926
154 805 34928
193 526 42379
47 98 22361
397 454 44944
618 670 31890
516 598 36715
171 471 48374
646 701 50040
87 624 63506
540 742 53600
349 656 21840
157 788 41110
303 515 31906
95 287 21213
123 200 46141
203 438 53852
131 384 53451
290 402 59059
679 709 27203
502 778 26306
233 800 14036
224 766 36674
498 576 39825
29 380 12166
279 397 52612
10 92 33287
563 789 16125
265 719 55073
347 822 50220
184 318 64846
142 514 32000
166 494 31623
453 668 41785
451 658 53907
145 519 36878
28 104 32062
182 281 19105
261 710 51088
419 599 36497
482 728 56648
81 119 28636
545 715 38897
84 652 47802
235 264 30806
292 651 47802
35 687 50000
556 608 37947
833 842 97129
348 595 28018
286 346 40249
383 425 42450
171 334 69921
176 377 26077
183 574 32558
40 378 64846
218 301 47381
296 707 12166
536 726 55227
161 176 36069
157 371 42942
101 373 34713
709 782 58694
69 702 19209
231 393 18682
107 693 25495
697 760 21954
257 266 40249
334 358 61131
500 661 22825
235 300 42450
481 777 33242
93 587 51740
431 605 20616
177 286 32280
353 566 32527
260 714 31780
170 301 25239
618 706 39446
316 477 15811
263 844 13416
294 457 36401
133 145 46819
438 693 44407
168 480 32573
2 536 22561
140 639 38833
399 803 11180
29 682 54626
282 623 55009
330 540 26306
408 490 18974
110 510 44598
713 739 12530
132 229 32000
545 576 38328
248 577 17464
308 642 69635
129 208 29275
616 781 62394
239 518 39925
343 398 23195
58 600 22825
206 222 12806
56 555 22204
631 775 15264
516 570 24597
278 814 10050
98 570 20000
789 791 42544
162 181 53085
13 468 61847
504 602 17029
71 167 13601
24 345 36125
319 664 39205
2 524 11045
403 642 30414
473 752 14422
338 373 35171
346 574 44204
52 588 35355
3 531 40050
742 791 53759
51 809 32388
440 848 58822
89 247 15232
180 824 31765
283 730 20125
362 610 115572
54 553 25554
175 640 43012
476 526 35128
580 765 19723
350 609 54231
432 464 35805
412 627 19026
509 756 57567
52 215 50160
661 754 54708
146 510 11180
92 134 24187
625 788 23537
169 189 22804
229 709 42438
57 799 16279
641 660 42202
11 684 49041
149 153 46957
170 496 35511
285 364 20518
79 338 25179
153 392 27659
168 416 30887
179 499 22561
31 170 44598
97 357 35341
203 673 36401
644 735 30000
25 490 22847
133 740 34000
411 809 28792
465 650 26926
106 221 15811
309 444 64008
208 531 26907
471 669 10770
134 792 35440
277 679 54424
584 627 19416
116 351 25318
583 801 32985
488 786 34886
271 435 37000
105 214 47074
37 294 11180
41 547 27459
37 255 16279
14 352 29428
368 488 26000
195 699 68797
757 838 23537
378 786 58941
336 620 14560
347 393 19209
142 719 115879
41 707 48042
79 464 21633
445 708 17029
470 694 53852
139 785 41000
226 254 37000
225 275 30000
29 573 17464
298 745 45343
286 335 49031
324 601 13000
124 223 13416
527 699 17088
269 374 42059
274 404 39205
551 743 33242
520 521 57201
168 810 17493
477 628 15620
104 662 36235
665 680 34205
157 228 64413
448 781 14213
110 687 29411
445 476 21840
238 556 51614
31 43 31890
77 112 41881
179 370 17804
145 234 12083
438 509 37443
320 579 39395
256 751 11402
755 784 19235
357 389 16553
221 665 43046
367 655 36359
221 649 20616
218 496 37643
28 500 30463
214 277 20000
333 535 37855
123 704 57801
422 664 41000
187 776 46573
193 332 19416
731 756 46141
284 291 74324
398 570 29833
60 291 16125
337 689 40262
396 608 10050
402 633 37108
166 655 29155
455 590 22627
60 232 25495
568 646 29120
44 116 62936
362 369 48826
744 822 18385
537 737 24042
524 726 51546
27 415 54452
326 734 32650
233 501 50537
169 655 15264
546 840 55444
57 847 31064
199 702 66030
448 798 100658
236 837 36715
558 593 31953
32 164 43186
235 333 34482
120 548 30414
332 476 32388
453 499 27295
388 450 17464
110 112 26249
483 728 12166
540 612 41110
215 535 54083
138 517 37483
587 732 49041
529 788 41195
91 362 53151
186 423 21633
148 238 29732
529 797 22023
78 533 58600
82 410 11402
5 763 31385
233 723 18601
387 394 10817
1 752 43000
125 631 22804
579 843 57079
299 603 14560
142 738 57723
15 65 33000
113 701 54452
115 461 35171
1 423 59506
438 547 18682
98 516 23770
263 662 32450
293 415 14213
111 639 37000
127 333 36235
505 657 25710
436 583 50010
366 509 53600
66 175 61847
220 586 19849
178 533 40112
371 834 30676
330 742 61847
174 323 22825
584 600 43046
346 814 18028
32 763 41773
88 298 39115
108 622 34713
313 376 34205
518 805 46043
157 721 73783
559 672 13416
295 775 13892
299 498 24739
257 724 32016
96 776 49041
344 611 27659
591 661 35355
331 814 14318
49 94 27514
706 759 24413
338 534 24352
224 255 75240
131 571 60671
49 600 23022
365 431 19026
337 359 27514
16 363 44553
256 847 37443
172 499 27586
765 768 47424
226 324 43417
321 468 62097
28 763 31890
672 817 12207
121 778 16125
122 733 24759
139 261 26173
124 135 27000
257 605 39013
483 765 25318
27 745 29411
9 318 72615
725 837 47707
209 825 49578
645 756 34234
788 801 87132
159 609 14765
292 358 24759
213 424 55902
57 341 34409
20 502 39000
445 673 24597
201 508 38419
83 207 79511
147 541 14142
270 456 39051
683 807 44944
375 555 29732
249 777 18439
205 661 10198
643 694 25239
365 577 10817
59 593 28443
4 78 21378
55 633 31401
33 771 36688
201 645 56080
304 719 195489
383 771 17000
84 405 26173
228 371 37855
77 181 73926
685 820 22561
659 717 26306
492 644 31828
381 832 56436
202 630 17117
224 566 40311
575 791 37363
5 32 31401
82 308 38118
504 651 19313
559 817 24839
492 741 32573
694 830 37643
337 808 54452
374 514 15524
138 185 44553
434 624 17692
640 711 21587
79 578 29017
582 766 77156
32 386 24698
601 604 38601
537 606 27295
25 291 15232
149 254 42953
541 595 31623
182 426 43463
283 407 31780
267 593 41110
230 770 36401
124 677 21471
571 846 54231
56 614 62394
210 456 11662
204 236 42521
815 824 27203
266 829 43417
385 513 19416
406 557 16492
93 839 22023
319 322 40706
187 660 21024
327 641 45100
44 798 47000
116 824 15620
96 712 52240
699 727 66573
303 375 42544
766 774 55172
307 592 31241
139 621 31048
386 738 19416
226 604 11314
259 352 23259
85 302 16125
265 361 44181
33 640 31623
185 256 46615
35 289 33242
458 784 14142
672 718 24739
517 764 43174
531 563 35693
166 536 39319
452 563 57801
238 553 59841
174 807 26249
21 267 13601
775 837 32388
234 733 30594
659 832 53235
14 732 29206
177 636 32280
319 702 49497
244 350 58873
320 544 31241
251 765 43046
217 242 31906
155 733 36056
169 611 27166
460 487 27803
543 576 19209
634 679 10050
350 413 35384
124 226 36056
117 505 16279
240 433 17029
564 690 35847
435 440 29967
91 610 68877
618 692 35114
452 789 57940
364 706 26926
295 631 20396
250 436 14000
183 296 20809
186 243 35355
732 839 35114
615 687 42297
348 698 43863
523 775 43186
44 207 155052
13 314 29155
539 759 23770
492 642 79624
3 681 24739
127 695 51478
230 452 46840
524 536 12530
146 687 27074
87 576 16401
523 828 61008
231 388 25060
493 716 28792
382 732 32202
75 805 46872
184 219 16643
56 847 66189
610 779 20616
116 443 57559
377 739 49396
304 412 32280
421 732 38013
259 561 16401
6 213 18788
263 638 38639
431 642 47854
358 843 62201
222 672 20025
618 759 44721
400 407 46325
53 682 63561
350 634 120739
62 474 36770
728 813 50040
102 797 46098
685 749 22023
690 820 24187
91 676 28425
346 680 12083
112 703 19416
156 573 32249
300 435 26306
189 473 18248
424 484 42942
441 777 49041
437 701 38210
605 724 23601
565 705 38053
87 498 48836
336 617 16763
606 737 30806
439 596 16763
89 139 42012
127 440 30232
19 91 42190
392 845 58669
255 566 115395
297 839 30414
77 258 17000
209 306 97949
326 815 26401
84 812 45880
147 542 19235
68 643 35057
277 634 64195
491 558 27459
26 470 17117
446 628 24021
413 750 47381
64 713 58249
522 648 36249
356 623 63246
309 373 37108
376 684 55543
507 567 20248
105 782 26401
187 347 48508
634 709 33422
491 555 31890
667 699 37202
136 258 29547
270 757 10050
587 666 21587
224 489 41049
212 503 41437
38 312 46573
192 617 28284
530 792 20881
3 563 10296
437 716 19698
160 239 59203
12 588 17029
273 358 24413
439 751 17720
127 235 13038
483 813 50000
155 474 42059
157 797 19849
417 441 42579
63 408 67424
40 736 44407
431 479 36125
83 796 17720
244 621 48260
161 165 28443
187 450 31623
721 835 70000
114 453 30594
325 417 25000
138 764 16763
34 552 30232
50 113 33941
120 790 32000
130 567 43012
347 388 21633
117 795 22472
72 783 50160
151 683 34059
432 608 21471
78 80 25495
273 334 49649
420 541 27586
589 642 23409
46 204 54745
230 777 32062
334 376 66030
55 510 42000
139 397 53141
670 706 45880
273 815 30610
247 696 41617
284 718 50695
97 305 12042
390 570 21378
72 570 30083
143 242 16279
519 740 53852
159 350 57559
21 141 39205
65 617 22023
406 509 21000
136 633 48826
586 749 10050
69 298 25239
59 635 24739
34 286 56613
92 753 15556
175 847 56080
42 540 22804
454 650 24739
509 693 29967
521 610 47676
452 791 36674
206 647 51624
730 798 36125
356 630 51624
391 845 56045
734 815 14318
412 584 30480
125 165 15232
317 698 37483
110 703 13038
198 351 42059
758 818 37577
48 401 26401
8 453 43863
192 549 55973
478 539 35228
80 257 25962
562 767 26000
252 842 29206
10 208 28792
640 686 26249
401 619 31064
80 829 35000
219 568 34366
78 185 23087
304 752 113225
666 783 25000
283 567 33061
194 322 21954
131 548 16125
152 804 25495
299 748 24166
27 293 55073
99 259 23770
161 631 19209
174 442 17804
11 246 27514
302 548 31321
171 376 59439
72 581 47413
210 838 37577
260 477 18358
9 345 24207
159 621 69051
181 321 75604
545 656 21954
171 669 52154
367 611 29275
218 654 22023
212 648 24515
104 844 23409
188 320 36125
406 821 62298
695 826 31575
447 754 20100
74 591 15033
23 267 34713
266 403 20881
323 807 37947
109 175 21095
69 293 56080
92 792 47297
56 747 51078
41 107 39357
135 223 24187
156 417 46098
100 448 69893
587 698 10770
343 598 20224
647 838 28071
230 481 26249
7 118 39051
353 766 38079
150 501 67268
66 829 44418
490 674 11402
581 587 25942
357 804 27019
539 771 42297
294 811 31257
136 626 59211
145 818 31016
91 369 20809
162 632 22472
670 823 37483
540 743 25495
153 324 38471
379 678 38419
80 415 12166
241 835 31401
167 360 29411
257 829 48877
81 671 51614
285 504 24739
116 734 22023
285 329 13892
352 598 39205
53 380 46174
269 842 157537
34 335 53824
410 502 19235
50 437 30806
20 466 22825
507 824 39459
255 522 115313
451 819 49497
149 469 30364
596 751 10050
38 310 33971
109 614 44000
736 790 32802
317 348 38639
310 836 49092
135 657 51478
704 849 18000
455 841 17117
320 843 56586
333 695 57385
420 590 34713
153 761 19698
158 206 44011
164 661 27166
159 244 72560
480 809 44944
410 594 26683
90 593 53263
45 354 45177
423 752 100170
334 602 60828
341 375 39408
45 422 48270
546 777 33734
535 831 51430
95 280 58215
596 847 29000
18 181 117890
53 302 59414
525 564 26249
115 420 22136
250 418 14866
385 656 42202
178 649 44385
98 581 40853
22 735 11402
86 743 30871
236 725 44721
4 256 44553
246 684 46648
416 550 21471
366 673 12728
3 789 23195
179 520 52697
411 633 38275
519 794 11402
225 527 21095
22 739 26173
224 353 12369
424 721 50448
480 687 55731
326 613 10198
357 574 45453
130 824 48836
115 155 20224
318 569 75166
208 753 27074
182 462 31953
616 700 28231
128 292 75584
164 265 59439
104 263 17205
27 69 36797
282 321 72422
122 398 48662
560 703 12166
397 519 57009
338 726 29069
358 602 41629
90 663 52038
315 483 39825
158 786 38013
503 804 46325
355 691 18111
611 752 43600
400 730 58215
187 568 34015
308 410 30676
356 729 66400
303 582 70576
64 428 16492
149 392 48374
486 705 22804
188 544 51157
410 479 31385
172 832 23259
365 479 26249
116 130 51971
271 462 19026
216 318 53254
232 272 37736
307 324 40608
27 298 39459
56 109 80281
213 288 10050
73 823 43046
456 838 40447
394 836 15652
180 334 51624
193 637 24698
45 378 77833
5 773 36125
453 543 48415
809 826 38949
364 670 34205
595 783 18439
246 482 37216
400 819 25807
97 804 35114
263 683 43829
250 834 26000
580 728 33015
243 556 34234
403 711 28653
202 356 53759
139 279 10198
472 816 32558
305 707 36892
402 722 25298
64 143 21633
491 747 30480
787 820 34015
30 511 60075
43 315 13928
10 753 33615
351 585 11180
1 432 47413
51 416 38601
95 525 36014
191 272 60208
493 578 32802
297 530 31623
555 593 59008
249 449 43046
642 686 34015
150 626 23770
265 754 32280
137 459 15524
302 551 40853
144 623 20000
68 287 30083
446 639 26926
254 331 32016
68 470 26306
5 530 56009
290 411 22136
219 646 34713
78 829 23345
42 302 38471
177 335 25495
11 180 15133
381 630 27785
310 484 35511
220 429 43738
412 755 25807
58 174 16553
452 531 43417
411 510 18028
17 111 37121
372 575 46690
92 662 46228
313 363 48374
144 173 31623
286 574 19235
71 360 23707
181 314 56400
39 252 22136
207 443 128191
129 749 39217
487 688 30414
446 760 32280
302 401 33302
112 245 53000
219 569 38833
27 248 10296
690 787 31113
430 523 35440
65 284 40162
4 439 37802
152 522 34059
424 712 41049
179 676 43681
247 768 12530
334 815 48826
360 558 62650
331 636 29155
485 638 24207
79 373 15000
203 366 36892
449 598 23022
123 389 56613
171 285 19723
343 449 36674
155 311 30017
483 580 25807
45 88 19849
246 567 29155
312 484 31623
369 475 19849
229 758 30806
597 607 51088
408 667 31241
96 835 27586
88 354 45000
348 666 38079
493 553 31780
211 765 42202
98 382 34205
211 768 56921
508 582 42059
40 217 45222
208 769 32985
472 597 49254
245 497 19416
118 304 24515
44 339 46615
72 390 26000
434 810 19235
65 549 38601
30 720 26249
285 425 20224
111 192 34000
638 662 28284
645 766 33061
22 692 22804
149 845 35128
109 843 50804
762 777 36674
290 809 36892
152 704 26870
158 378 60539
531 685 31780
509 645 61400
372 441 48600
3 528 27803
508 764 32202
63 215 48083
112 468 63063
384 548 44102
363 430 12806
203 332 29155
10 429 11662
228 721 70178
163 229 43566
131 330 36401
431 577 16401
289 497 48795
474 733 47424
699 718 67941
324 349 27166
222 838 38013
513 668 15620
486 565 28844
135 562 45177
663 796 38626
166 433 45354
138 256 25020
111 705 25632
766 811 26249
58 807 18028
646 776 56321
498 550 39925
468 802 19416
86 156 32249
67 747 20248
682 713 25318
408 674 25179
262 424 28443
553 556 59540
317 833 31145
164 205 17720
508 847 43012
158 549 29411
481 770 43681
252 277 52240
518 529 101651
508 557 52154
414 534 22561
217 619 34015
629 719 85165
363 523 32802
141 635 22204
151 807 37363
241 646 48415
523 572 61131
478 759 20100
152 306 33287
559 838 30887
553 578 40025
200 286 49092
55 136 35128
151 754 30480
299 848 26420
487 780 24021
118 344 28302
343 546 79624
389 804 13416
70 537 51865
58 442 29275
182 322 41437
140 446 26627
681 787 24739
222 718 28653
35 810 39812
550 748 14213
387 459 30480
528 652 12083
495 702 10817
708 764 47854
63 723 15000
727 817 12530
557 645 58523
41 203 69203
17 786 24187
316 628 23195
506 850 40853
557 821 63127
506 702 63325
478 512 29069
173 802 27019
57 582 38419
256 508 38833
206 284 42720
143 428 22361
558 579 67067
249 343 68600
319 422 60000
177 346 29967
487 559 55145
185 517 14765
159 261 61847
376 728 35228
131 486 67007
133 733 27166
323 470 34525
19 610 32802
395 487 20591
197 512 38275
362 795 23854
467 749 23259
53 428 43290
178 193 48010
108 408 37537
469 680 34205
78 415 34438
587 773 56613
662 792 49980
494 830 49769
457 811 17263
356 779 66483
521 630 72035
459 626 56080
9 216 40311
30 362 37202
339 798 18439
200 825 32650
150 310 86816
606 816 35014
104 591 12042
279 785 40262
564 812 42544
342 345 34482
254 636 23345
124 604 32802
48 53 46840
682 739 20248
141 566 38210
486 571 32757
376 482 58941
76 381 44721
182 194 32016
195 275 46325
315 813 35468
342 620 42059
149 761 37643
215 831 41304
102 721 40311
85 330 26077
199 281 19105
206 718 29411
200 574 50990
2 643 42048
541 542 15811
199 463 19647
432 433 21633
128 383 56604
688 827 20025
14 516 16031
107 212 51196
84 564 34713
51 480 19925
26 379 25318
627 653 25962
328 641 27203
3 697 26249
254 761 19849
39 62 19698
31 451 37363
77 314 67067
354 745 42720
249 546 26870
660 822 26249
609 710 38949
219 701 31890
554 793 25000
388 393 27659
251 580 28636
274 324 56939
378 790 40804
340 661 16031
548 619 28302
448 819 31906
163 709 46098
179 521 19723
812 816 35468
29 409 24000
331 469 25962
342 554 44011
584 653 33422
216 345 22204
475 505 42579
39 455 22472
84 597 33541
218 350 51157
628 760 12207
529 805 146891
434 717 27731
262 712 18974
18 671 60141
328 569 26476
32 205 40162
46 808 75611
248 257 43417
60 641 40311
102 160 53759
495 664 45277
217 401 16000
473 611 30414
626 746 10198
520 630 46228
250 371 38949
254 677 24739
499 520 39623
656 715 39812
590 595 57219
753 769 35511
769 770 11045
479 745 31780
111 565 38949
96 241 45000
237 683 33541
236 840 23537
41 305 24759
550 624 44385
17 192 33136
8 676 33615
40 778 39013
607 697 21633
255 803 56436
259 449 16125
308 479 39217
52 809 46098
244 496 32558
75 213 53488
281 426 42048
253 506 43012
106 193 27785
18 154 39962
129 586 38118
442 694 52479
227 420 30083
603 748 16125
31 819 65742
264 780 15620
418 436 28443
74 104 19105
322 422 67000
7 166 32249
441 840 52811
306 849 21024
121 308 55000
304 611 69635
303 766 83187
389 704 19698
128 843 60539
593 635 29069
151 265 52887
303 341 63789
342 793 52498
132 474 22627
463 506 17205
1 186 42579
15 345 38484
34 190 23345
35 497 30067
260 316 25318
392 404 13038
268 725 24083
141 515 24207
648 803 26907
216 737 28302
414 464 29155
756 811 25495
120 384 20248
279 650 22804
81 836 32311
251 363 53263
425 539 23022
136 722 46141
658 819 42755
212 399 44045
113 816 29967
59 515 28160
220 467 16553
187 822 18028
10 129 14142
579 747 55073
322 426 31016
492 512 26249
308 741 29732
342 737 38484
15 196 16279
79 532 16155
537 597 33242
76 173 19416
41 438 42202
70 607 47043
176 523 47539
390 398 27074
8 370 48094
377 692 31575
100 700 25239
5 297 46615
693 756 43174
599 723 21190
95 564 50120
150 387 68447
298 664 43186
127 848 55946
241 355 43046
501 599 57280
54 355 27586
388 538 21401
478 771 19849
627 755 16125
480 810 40311
405 690 31321
9 328 14765
204 689 14142
82 502 10770
168 550 38013
399 731 35384
238 834 20616
626 722 33838
287 525 38588
603 848 19026
106 649 13601
265 661 62586
529 625 20125
16 376 40460
47 516 24839
241 493 50922
75 288 49820
191 233 19235
203 707 53339
9 196 40000
239 288 22561
16 251 49031
451 813 41049
272 822 28160
86 551 10296
633 722 20809
519 689 42012
296 305 30083
142 629 70007
577 605 32062
207 798 202040
301 654 36688
15 36 27731
497 717 48847
496 768 42012
311 461 28231
61 123 62650
653 784 38210
191 800 18682
625 797 23022
149 331 40497
395 727 38484
12 831 39115
70 446 37162
189 655 28792
399 648 25080
446 793 39825
657 795 24021
472 606 26420
512 759 25000
225 699 24515
176 427 26571
576 715 38079
305 503 24000
21 255 186497
16 728 36139
107 438 33971
696 768 42059
581 783 32558
497 802 17889
176 430 29732
488 806 28160
274 307 65552
416 603 23431
194 462 10296
215 419 45011
171 504 17804
2 694 36235
238 583 46755
269 698 59405
184 701 38079
246 813 45651
585 734 26401
725 828 49477
442 470 39825
246 451 45398
180 815 37643
137 626 46669
165 409 23537
292 383 66098
575 777 45486
225 622 21190
386 773 13454
105 252 27659
7 367 14142
364 823 47000
644 741 34205
140 571 39000
176 295 40249
78 708 45793
88 664 26926
212 522 29411
90 558 46325
714 742 22825
370 499 17889
55 258 12042
243 583 29155
667 718 73756
295 523 36878
464 532 12369
355 553 33136
227 542 22804
609 634 70605
21 566 71197
248 605 42953
37 457 36056
712 776 10296
218 413 40361
82 121 36497
11 507 11705
130 339 23345
113 184 54083
33 383 35511
464 534 30806
276 385 37483
490 667 18111
534 726 21213
496 696 24413
403 589 27803
280 524 37162
425 651 16125
638 683 49396
395 559 47127
163 634 63388
131 742 72801
398 808 25495
335 636 31305
463 850 48010
352 516 35000
714 791 51624
421 675 25000
501 538 33106
94 151 55073
63 191 35000
54 493 26926
109 847 68659
445 821 13342
6 288 25456
419 723 20616
536 830 51971
444 726 33377
693 731 13153
624 659 17029
645 811 19849
52 419 65437
146 411 20000
466 502 21954
481 762 12806
60 327 40608
382 581 12530
251 572 58138
103 465 13928
542 783 29155
329 539 14422
373 578 23854
108 215 42202
4 185 11045
23 90 17205
99 297 46400
601 656 28636
269 833 60531
126 328 15620
752 801 143618
372 742 34438
199 426 33121
216 342 21541
257 415 27459
443 796 47927
695 848 34059
529 801 127393
49 807 11402
253 702 36056
243 608 38833
397 758 16125
160 518 86585
48 242 18028
269 514 33377
231 501 28320
300 460 28160
614 843 30150
282 802 29732
235 440 33287
241 716 58856
469 814 23087
454 465 23601
165 427 31016
24 36 26476
764 821 43932
429 662 51624
298 354 57315
89 785 27203
99 421 41012
109 128 16553
569 660 47011
122 359 27893
292 425 56080
272 674 43658
75 239 45880
92 429 35609
16 313 17117
111 554 27514
144 729 19416
85 548 23345
87 172 32311
525 690 23409
18 119 24021
260 846 29069
515 566 27459
338 444 50567
612 772 19026
25 718 81056
56 799 42485
1 189 34205
213 484 59405
318 737 29614
743 772 31016
303 593 55172
382 587 28601
413 654 27203
351 544 54083
113 437 42012
335 562 15620
361 719 47170
172 453 43566
372 612 27295
477 789 39395
341 799 36235
230 575 36674
1 240 41593
572 650 31623
841 842 17000
255 294 26077
135 276 39408
276 513 21587
677 767 18358
247 251 48508
186 608 39013
187 646 51039
23 207 14000
135 668 43417
284 549 36125
639 793 45044
229 818 18358
418 788 20000
686 711 15524
368 790 14422
441 546 24515
66 266 48332
381 659 23345
188 734 28636
207 663 49477
41 503 19313
567 658 22472
526 533 35609
387 626 68264
197 618 20248
287 643 38184
202 729 45880
309 716 27074
723 800 10050
591 754 28160
140 846 26907
243 423 39825
30 657 27203
172 520 23854
147 420 18682
528 681 17464
27 257 44643
691 835 23770
65 327 43909
440 498 63953
191 408 76792
366 438 39962
150 394 70880
270 487 59666
423 583 31048
203 637 23770
63 419 13038
74 661 26000
84 472 42202
195 827 28460
407 819 31623
689 740 32202
215 408 53759
562 720 46174
621 696 36401
32 340 33941
332 526 41725
220 485 24331
24 336 17000
52 290 17205
594 745 35341
122 133 18028
485 683 42638
409 573 10630
441 575 63388
133 234 39115
301 750 40361
15 24 42942
688 780 23195
50 444 81025
630 779 82735
383 539 43681
444 812 91285
2 280 35228
81 394 34713
402 419 42544
532 578 37696
694 784 47202
464 608 39051
675 839 16279
93 732 33526
94 584 63953
13 321 25942
171 823 51000
178 850 35128
489 766 29967
143 308 54818
153 404 20616
51 848 51196
623 729 21190
236 417 36359
290 633 43738
405 564 23195
39 105 11000
42 330 10770
637 665 32016
541 590 30887
287 379 40608
73 313 52773
197 644 34366
89 621 41195
177 278 27166
118 830 45541
50 309 35440
25 284 76026
588 826 14560
93 773 29732
560 687 34540
370 676 40460
447 591 31385
323 683 28636
165 631 25612
6 102 25962
161 295 13601
73 692 22672
197 492 30463
228 355 26420
469 649 41037
125 837 19235
200 209 48662
17 549 52202
124 276 32249
192 620 14866
30 795 17117
359 808 32311
101 716 14866
273 613 21213
799 847 31305
102 239 33541
200 357 32650
165 682 49092
599 746 47297
232 641 30414
260 791 42720
589 686 13892
182 592 70434
6 721 19209
442 784 55444
196 328 36359
232 822 28443
156 325 42426
156 380 34828
133 519 55714
167 544 21024
308 492 55902
66 596 15264
605 642 37643
435 462 47508
223 767 24042
261 397 47508
103 519 26173
665 707 19209
447 844 11314
38 119 28284
275 699 49729
14 47 18000
220 638 41785
95 643 53666
182 391 38419
280 726 34438
61 849 16125
384 790 31401
289 810 13342
422 456 21095
227 461 22091
47 382 31016
1 396 45277
96 646 30806
114 513 23195
188 613 35355
417 772 33287
148 228 40311
624 717 28178
122 155 47043
273 326 13928
195 264 24352
429 638 41773
175 596 61741
539 706 13601
318 606 32558
678 683 41110
459 632 27659
636 767 17088
183 357 35128
624 832 55317
186 396 41485
51 603 49649
454 794 26306
112 615 39812
184 569 29411
120 619 32650
439 829 36401
106 637 23022
7 344 32558
300 780 29069
283 658 31401
465 794 12207
151 361 62650
43 813 38000
95 444 61327
39 474 34928
471 823 18248
467 586 20000
686 771 47760
62 115 25495
262 538 18385
406 645 59135
146 809 16155
408 527 34000
105 277 42802
172 543 33615
259 598 33615
323 442 31145
619 736 22847
477 760 20616
99 481 28018
292 602 39446
22 713 31780
452 769 18028
388 776 27459
151 447 21000
687 810 58830
53 551 53824
278 346 16000
479 594 22023
142 374 31765
713 735 35384
378 647 51000
133 359 27803
100 750 34059
119 154 22361
138 508 31145
294 399 52326
237 323 21095
631 837 23022
167 198 22672
579 614 63285
45 210 45000
148 371 21541
240 432 29017
252 841 12806
542 595 21213
494 536 10296
475 676 19723
188 585 13454
560 615 12806
71 198 11705
352 421 19799
14 421 24207
370 453 22472
182 274 50000
220 678 25456
25 667 21024
391 463 17889
722 746 27659
42 85 31048
125 325 31064
81 387 34928
228 553 50160
466 778 21213
440 592 33541
537 793 52469
31 211 42297
554 639 46043
332 673 37216
206 549 51420
163 609 50488
245 615 20881
5 792 53488
253 293 59059
83 443 49041
114 385 10630
552 720 12369
577 745 21213
324 57
284 183
315 373
654 717
123 416
581 100
252 126
915 524
500 300
247 368
383 896
738 339
873 221
142 489
520 335
342 762
481 420
753 82
970 483
515 551
635 976
412 678
588 987
482 355
602 319
236 269
604 627
160 365
352 603
955 607
276 871
98 397
539 756
916 652
870 298
508 360
789 880
701 85
69 624
488 547
820 752
369 530
297 847
419 983
574 542
249 583
124 489
445 582
157 243
413 222
794 333
744 291
400 595
466 152
797 233
621 858
652 809
178 231
647 934
574 305
913 774
77 606
680 249
447 616
520 368
618 750
581 897
264 256
631 602
405 367
511 943
104 538
383 713
145 347
648 73
928 331
821 217
658 696
385 140
641 677
755 93
511 600
495 978
361 315
399 522
364 560
860 429
589 555
241 750
578 973
966 525
219 386
109 439
131 234
314 245
533 176
850 736
120 511
198 471
220 908
420 175
574 75
219 658
158 333
69 635
775 665
802 787
669 329
559 807
839 260
448 403
856 240
437 246
867 490
96 589
438 923
938 578
213 128
729 81
446 501
475 594
163 594
943 719
861 566
319 620
525 283
732 406
552 792
261 366
393 949
402 498
119 648
173 609
207 407
888 566
794 198
768 160
672 762
208 724
375 423
659 945
17 377
465 604
947 305
157 653
795 286
70 564
471 81
785 600
712 187
158 282
878 773
806 558
719 61
116 592
332 564
529 53
540 433
132 766
557 24
328 654
797 146
126 723
94 354
333 626
284 122
515 930
844 349
273 80
246 838
426 780
890 441
917 315
193 238
570 789
353 680
853 638
723 640
932 465
398 898
850 149
711 519
847 718
491 243
665 718
366 50
568 235
463 913
291 66
939 648
652 228
478 387
751 679
691 494
688 408
532 324
442 691
500 947
700 552
903 696
693 823
930 368
765 710
240 637
111 359
581 417
574 987
257 395
951 704
574 497
271 829
852 798
598 92
59 681
694 295
463 316
445 561
191 819
500 229
249 315
784 652
591 425
867 578
732 921
675 345
827 554
83 553
499 110
119 680
251 462
625 193
569 280
669 219
152 642
721 413
268 605
222 269
443 71
604 60
317 98
488 176
462 588
397 67
195 802
884 285
357 887
247 764
595 632
237 508
472 39
294 752
48 617
680 602
827 591
801 891
647 761
616 670
806 225
192 494
338 421
189 742
603 175
172 323
696 431
107 296
598 706
622 980
236 647
12 442
614 478
701 470
601 260
453 863
751 549
699 363
865 534
43 669
826 635
210 714
319 187
713 538
938 268
366 947
558 381
443 770
862 669
293 248
599 82
866 331
758 281
588 313
484 825
652 654
787 869
317 662
830 706
161 443
610 588
806 396
710 454
225 852
407 536
657 899
189 123
838 735
906 791
775 488
508 638
403 188
676 108
131 566
656 97
359 760
884 194
302 834
363 425
23 471
433 272
653 541
490 889
896 209
672 505
204 258
800 520
302 594
458 876
542 330
513 293
450 758
373 520
819 622
740 695
704 383
406 847
872 621
482 372
216 596
360 143
376 965
122 373
672 837
455 336
178 543
228 104
485 319
826 651
615 223
30 509
797 493
140 823
463 927
171 484
720 918
553 582
486 133
983 377
882 721
467 843
190 587
532 954
103 252
977 577
335 718
428 756
570 633
745 741
250 112
486 489
949 537
918 476
491 73
319 503
394 152
32 405
640 860
368 793
367 702
517 489
261 273
354 591
908 371
93 490
504 762
453 482
859 497
77 410
741 125
603 205
889 736
128 548
735 549
779 552
630 211
732 119
650 422
355 90
158 706
155 546
824 832
290 951
429 561
730 229
578 700
790 545
335 312
737 793
335 940
641 304
328 603
518 609
779 274
180 154
164 849
342 113
643 665
817 364
287 574
486 34
693 250
75 582
157 470
605 505
378 32
608 147
463 773
671 536
344 655
443 600
241 358
343 708
569 652
346 99
328 111
856 353
736 458
458 39
438 204
779 762
631 747
749 431
280 532
207 227
446 980
339 189
714 721
390 401
158 303
278 947
194 510
586 209
312 881
264 417
897 484
200 690
57 605
584 503
753 882
204 162
764 145
682 457
105 555
700 489
719 557
367 128
214 671
504 571
264 308
912 269
794 629
238 252
378 774
386 281
273 69
103 632
934 524
708 700
354 412
491 730
545 625
813 339
226 470
353 850
321 799
646 127
225 311
443 445
660 440
486 463
766 898
623 310
594 901
470 679
440 159
274 152
637 584
227 808
900 296
812 420
910 460
132 377
646 174
515 590
838 759
437 794
927 566
705 567
387 907
669 793
758 793
797 275
952 667
478 704
870 513
17 409
674 926
143 505
678 725
641 45
193 661
903 421
949 455
880 807
309 698
285 172
313 281
711 665
657 334
337 356
543 18
179 417
275 375
379 125
683 643
337 135
712 346
279 161
422 318
616 188
462 750
347 524
56 562
61 547
859 454
514 909
837 476
256 527
797 767
416 506
531 405
827 383
369 551
933 627
453 130
439 377
618 880
401 101
721 797
589 928
605 436
854 271
205 504
884 611
310 382
338 289
419 429
697 941
368 914
534 234
508 267
132 527
411 438
250 714
336 596
853 686
287 469
847 439
579 639
414 139
526 905
306 778
82 496
682 833
408 40
160 177
453 922
264 328
70 473
749 326
556 717
41 589
146 332
755 464
619 939
544 603
46 532
626 763
391 330
175 523
687 214
158 220
812 515
450 805
802 382
835 546
577 671
409 294
358 369
365 89
119 773
996 463
246 83
306 527
468 878
559 851
864 279
260 876
498 367
431 708
431 530
468 376
200 754
695 352
963 317
868 366
525 27
735 193
179 173
366 402
82 351
932 385
313 642
785 127
766 238
63 730
641 958
844 607
774 688
210 330
413 415
569 746
539 285
548 695
266 221
447 657
741 852
526 206
562 465
847 822
764 657
224 696
455 787
348 361
186 198
190 841
281 93
818 487
933 591
347 922
885 367
549 244
121 357
190 350
526 975
614 545
806 689
65 494
621 328
882 523
374 784
407 729
797 123
611 424
736 732
616 301
142 450
944 507
851 585
231 297
62 720
815 656
321 349
374 653
192 284
381 847
288 346
549 729
822 284
681 418
226 635
305 303
504 135
398 696
785 806
252 200
757 361
213 788
340 381
60 477
651 350
234 887
476 208
646 590
852 259
897 754
457 427
451 742
818 704
697 720
84 704
138 739
564 725
585 181
399 649
345 452
810 448
430 186
881 341
605 400
59 269
930 615
569 115
754 221
680 234
591 690
260 649
334 156
615 406
333 797
943 324
348 956
798 808
119 471
146 612
437 901
423 675
452 521
439 301
73 391
393 660
207 609
480 648
334 472
336 547
561 265
576 618
733 203
574 878
816 374
274 329
198 882
636 764
281 57
230 397
138 305
195 175
775 848
613 468
144 698
471 728
359 392
814 576
216 478
139 389
688 767
296 795
739 885
860 601
253 775
249 427
238 428
504 745
305 546
87 419
699 923
305 655
580 190
249 494
489 586
991 443
684 441
267 938
93 646
58 518
214 172
249 724
502 432
327 325
502 22
318 396
478 501
297 433
173 397
415 370
204 664
957 590
490 961
544 40
372 983
640 820
670 233
416 8
916 288
829 842
883 748
687 47
459 471
168 246
178 557
789 301
853 334
756 865
377 272
335 847
816 636
434 887
410 259
621 417
128 664
305 930
293 324
717 734
574 252
381 756
426 913
918 667
763 330
661 417
248 697
641 712
228 171
735 300
880 420
20 502
462 63
513 157
725 105
300 623
590 463
131 438
263 582
40 607
25 599
529 848
166 311
750 603
357 443
626 792
783 383
897 772
720 605
