752 1314 25 86
361 576 31575
178 461 29967
642 696 41304
149 569 53740
367 384 12207
11 497 50990
202 410 33601
391 568 28018
601 637 45793
6 210 13601
150 702 45541
156 496 25239
397 485 36235
182 650 18439
235 662 10050
1 623 41437
18 421 13342
114 162 62650
746 751 17263
618 691 19723
122 167 23195
54 516 65276
583 666 38897
288 413 43290
405 416 14142
74 494 25060
399 410 41049
383 627 30529
111 375 49254
382 687 32249
164 390 45398
323 607 50010
110 289 26571
265 301 29833
127 592 37443
72 172 48549
208 691 28792
322 680 50220
554 566 29120
469 530 41869
529 633 40162
295 328 13038
112 700 37443
79 411 36249
179 486 15524
319 612 50090
130 727 41049
135 674 65031
150 705 53488
139 518 20025
402 546 32650
436 482 49739
67 212 26401
108 469 46098
658 682 52469
109 707 43174
256 739 29428
188 712 61620
143 498 21541
83 392 54332
262 603 51614
224 595 19698
24 166 23087
15 310 35355
131 572 10440
460 644 12042
390 615 26249
46 186 50804
271 725 40497
318 678 13454
634 701 29206
161 477 23259
182 463 41773
33 252 15811
94 152 30806
222 381 23854
319 598 29732
55 354 56036
116 208 15811
496 656 33971
343 489 53263
141 617 35057
46 750 69260
36 721 13454
240 294 50990
312 748 33242
16 121 42579
637 690 49163
109 347 14318
291 588 10630
270 696 38639
280 456 18028
5 677 19209
64 337 37483
396 663 64846
418 449 33015
73 248 27893
570 728 11180
153 430 47854
169 508 30000
57 750 20224
132 417 54589
8 500 53038
190 244 34205
479 743 57723
411 470 34176
445 630 19416
279 352 52631
194 631 26627
346 734 70214
105 428 33106
318 649 20616
35 138 43463
197 488 57567
224 639 53038
136 394 49041
392 551 42012
308 403 13601
167 511 25020
95 137 52802
644 655 27586
200 697 19723
277 296 53666
333 438 18601
668 730 37736
65 634 38639
193 483 25495
641 739 25495
259 412 15811
216 738 31048
176 664 80498
287 592 33526
316 447 11180
153 655 40719
116 264 60902
286 590 13000
205 663 67801
82 508 61351
89 218 57801
154 192 59093
152 626 23087
221 521 24021
426 676 41049
549 752 30594
434 634 47381
109 177 63246
567 616 51788
420 506 49649
630 651 20248
381 707 19105
51 270 65307
305 450 19723
106 388 20809
297 443 50040
172 431 20000
576 699 36674
465 492 39205
372 737 57871
486 535 48332
542 606 29017
165 370 45880
232 449 34059
327 392 48010
217 745 41049
463 543 32016
159 398 21378
66 749 50567
215 481 30364
444 736 16763
391 588 48301
357 475 26173
418 498 33541
266 673 58856
83 285 164976
62 613 25080
432 583 52393
468 649 59540
354 548 63632
546 586 28636
562 744 24698
203 592 26249
492 632 49930
190 569 34540
390 519 36125
75 87 41437
45 571 34886
487 605 24166
76 584 42012
707 747 10440
454 522 24083
496 672 41012
79 201 46228
18 102 31064
509 609 44294
284 472 11402
237 685 33287
47 359 44911
179 226 26870
248 315 46957
409 520 25612
90 620 24515
193 359 14142
170 366 48847
221 694 21024
514 655 21190
55 60 21954
59 506 40608
160 436 49092
73 560 37537
87 164 16155
363 456 27295
100 419 37054
260 400 16279
540 610 21932
244 664 11045
255 365 47854
484 699 10440
626 680 14866
146 354 54083
599 643 25060
37 731 39051
292 567 28460
145 460 20000
179 641 42579
201 330 79101
326 695 14560
255 734 17000
29 639 33838
76 195 34928
214 455 30083
365 501 35355
120 497 26926
108 690 13000
187 516 63388
245 635 52202
565 727 29547
385 657 64885
353 737 13153
598 612 50606
148 371 185054
369 685 26019
283 528 17000
27 538 49578
62 514 13892
120 724 29155
366 595 38013
93 694 21840
249 343 87818
61 100 57489
43 561 32249
304 633 13153
522 696 31906
323 576 52631
646 708 27459
370 588 53160
134 533 36249
399 502 80957
104 525 58000
42 600 10630
309 559 28844
426 711 63032
214 433 39051
211 609 30150
41 443 58310
589 648 57706
330 505 67801
125 584 20100
632 663 18028
311 566 51000
419 513 30480
530 652 55317
2 368 32311
427 493 17493
438 527 41725
261 279 42012
382 740 26173
259 363 19849
484 693 23707
48 153 50329
370 544 51000
159 704 26926
283 384 38471
551 698 53075
271 675 19235
693 699 24021
188 619 58464
282 451 39850
148 230 45011
548 570 59908
719 743 44822
250 544 28160
269 634 46000
464 536 15811
219 299 40792
12 116 28178
145 181 43417
305 602 25495
451 750 34409
182 385 43566
31 598 40025
99 486 48301
69 338 13601
559 714 121511
508 714 26907
335 723 62290
369 471 30017
387 412 19925
507 727 35777
594 684 16401
619 712 36674
151 654 54083
103 539 55444
379 406 12728
37 306 36620
118 604 37643
34 188 68007
348 410 33061
83 183 91241
41 297 55714
226 586 30806
285 477 46690
316 534 49649
440 446 28862
315 423 16279
441 455 19416
218 616 31828
379 646 22204
227 362 54589
275 468 32558
185 390 53600
169 288 46098
114 564 46098
341 714 32388
474 643 37696
72 320 53600
231 653 21260
9 340 26627
215 464 30414
344 470 37656
313 728 52393
531 620 20616
311 351 51108
469 709 32450
636 746 32388
227 624 48765
153 683 38419
304 703 57315
470 732 30610
436 549 41437
373 443 25495
64 218 36770
238 529 26683
270 454 18248
108 431 26173
51 636 31401
34 295 46228
356 404 36497
457 620 37656
571 585 49000
56 372 57035
505 683 18028
157 212 43081
3 189 20248
68 299 41400
269 657 39925
296 492 28460
25 254 41000
253 696 25807
493 601 23345
282 604 61717
302 342 34438
61 187 56400
25 133 27074
331 422 13928
201 574 37537
75 367 41869
58 647 21587
248 656 16031
229 705 32650
121 177 75664
254 649 56613
47 273 26926
263 481 15000
306 637 14213
71 223 38949
260 723 19849
132 593 30265
47 387 27203
426 597 36797
342 716 69570
307 660 11662
414 718 64351
75 381 69340
2 615 23259
133 229 22023
30 137 26249
79 247 17263
129 644 29069
288 692 56036
118 178 38897
529 579 25962
405 731 32202
197 524 21932
106 453 30232
244 332 23537
349 542 26926
575 726 55073
5 405 27785
255 553 53038
195 208 117273
156 294 25942
279 605 22023
495 681 24166
158 695 30887
126 214 13416
135 538 27857
518 581 31890
344 482 23259
30 686 30265
465 632 31145
138 409 26627
181 476 17720
174 552 34928
93 95 35228
119 260 25612
123 192 36235
33 571 19105
134 729 40608
222 401 45398
172 648 49406
377 425 25080
7 676 24413
408 720 40200
429 640 17889
462 652 45486
621 681 27203
275 393 19925
151 701 36359
17 478 21932
352 605 52773
198 449 35014
139 207 38588
65 434 26306
79 344 25298
278 742 21095
113 427 23345
243 525 44407
219 452 34176
35 338 29967
495 521 57201
66 176 36056
348 566 36139
524 616 40497
14 198 33377
488 656 12000
28 632 32573
403 517 19698
504 641 26077
141 261 30529
362 515 61400
453 534 42154
62 385 14866
129 655 33734
233 402 22847
165 544 17889
107 239 17493
190 412 61911
471 750 44944
202 747 33956
155 320 29682
47 176 85988
22 47 41231
184 255 51884
144 424 13892
81 226 17263
5 731 33061
55 646 67007
192 502 56719
493 675 19723
531 667 35847
349 606 16155
265 473 16125
504 546 26077
278 719 38210
46 237 50606
341 413 56604
406 523 19026
81 453 80957
402 430 43829
319 674 29120
188 679 31623
199 297 38484
129 460 35355
11 101 32016
277 396 46141
334 641 16125
220 631 50596
704 751 18111
269 434 36401
118 150 25962
373 724 212953
43 55 44011
268 510 61294
512 696 33615
105 380 30017
176 593 41110
252 585 31113
467 687 28302
293 367 18111
267 478 36249
21 512 12042
540 638 40311
8 688 27586
296 716 47043
438 735 20616
196 425 15620
549 619 31305
83 721 88284
96 500 17205
236 684 57983
155 420 23022
442 595 29275
333 564 14866
207 518 32000
469 556 41183
159 751 21378
122 511 32558
84 307 28460
530 709 14000
397 472 13038
98 377 34234
499 513 20881
114 298 40311
271 462 34000
86 276 35777
317 590 29206
37 629 17029
590 619 20396
469 601 51420
171 466 33956
284 702 15264
48 490 40249
101 306 49649
96 677 39205
175 489 50537
300 624 51088
180 305 16643
231 360 12806
8 52 31016
480 647 13601
346 511 12042
216 602 12369
60 103 58138
388 449 19799
101 497 21095
540 698 42190
191 420 19235
153 330 30000
54 151 25000
185 466 49254
118 345 13601
234 686 29411
258 683 30529
344 411 46325
103 408 13416
22 612 59682
209 536 19235
113 600 14213
22 387 40000
5 416 26000
234 249 52202
53 148 48836
57 471 53075
52 312 28320
84 689 13038
184 339 18248
242 340 28000
66 386 19925
213 567 29120
163 503 11705
718 738 55036
154 628 54745
473 541 21954
338 361 26926
498 608 38013
10 680 77492
285 685 30529
134 207 37014
358 742 35468
264 487 38419
490 556 21401
325 578 58215
577 712 49244
343 407 40224
77 669 42297
290 417 27514
102 163 32894
607 635 17493
38 147 24698
356 492 24739
574 648 24739
50 265 46573
278 448 51856
25 229 19849
240 389 161050
23 548 24042
635 691 46098
170 194 46000
351 357 34205
437 458 54083
2 711 55317
119 335 66708
555 718 31257
335 585 24000
256 262 21954
139 161 32249
321 474 42297
335 371 55362
19 363 27857
279 331 50695
152 744 52345
289 591 18439
352 487 57035
17 630 23022
543 650 38079
112 520 39051
309 509 18000
521 573 48374
25 466 40311
177 212 13601
243 316 46098
179 504 29000
356 606 37216
573 621 28284
161 581 24331
324 421 30000
18 171 22023
241 489 93941
211 509 25632
464 623 62968
42 427 36000
359 483 13038
102 705 52154
533 592 38601
457 667 33015
311 348 37643
89 480 74632
184 553 16643
106 722 39217
456 474 26077
140 718 62225
10 382 120354
355 636 18439
437 542 26627
235 595 39825
326 749 16971
73 645 15524
276 543 16401
68 219 18385
263 706 18028
439 499 25495
20 110 22627
217 264 27019
200 374 29000
97 312 10050
78 314 34482
429 477 10630
7 21 13928
246 584 58009
311 394 17029
19 599 18385
314 424 41437
308 716 49041
155 688 53226
513 528 52402
287 729 40012
142 601 13601
69 576 29547
555 662 42012
147 183 25020
28 38 13000
257 679 41146
347 747 35468
614 659 37577
377 446 23345
59 201 45222
36 230 17720
148 710 36620
238 579 26870
115 382 89202
325 713 20100
527 659 55154
67 503 39560
474 599 29069
49 310 30414
291 491 46819
223 340 41195
233 546 20881
232 388 23324
23 126 40262
28 147 18248
200 393 48104
68 452 24207
158 176 68622
537 571 35128
545 725 24166
448 719 29069
379 583 28018
287 604 27659
397 479 27857
500 677 43417
180 560 44385
240 292 104752
10 541 80802
329 743 34132
407 681 57706
71 283 40817
360 704 19105
189 299 74148
313 548 81860
245 279 31953
654 701 34540
106 232 30083
478 596 49244
186 719 40200
355 751 15000
303 423 52393
227 515 70838
63 410 38013
358 624 42012
85 565 33422
202 347 45618
194 550 36797
35 449 30000
582 693 14142
188 459 202805
440 657 52555
98 425 38275
64 450 11402
273 332 16763
444 618 11045
224 383 43417
250 572 58138
294 672 27166
1 598 35805
82 350 72471
3 389 18439
150 318 40497
181 196 19313
41 582 17000
115 740 63514
246 651 47539
115 227 81025
167 346 18358
140 555 49729
225 266 39205
284 678 23022
235 366 53339
45 205 36770
673 714 31890
615 671 33422
613 655 31953
181 385 49092
485 735 36674
393 527 35355
187 223 36056
144 314 41231
360 667 39459
22 259 30610
2 519 32016
186 329 13928
24 510 25632
654 706 17720
271 427 29682
334 628 64257
124 433 60836
329 451 48083
59 160 16643
164 689 18028
390 401 46098
3 680 81584
174 674 45618
124 571 45354
41 668 44553
207 327 20591
628 641 69893
109 171 72125
125 720 12042
100 682 32696
77 336 31623
368 697 15524
263 726 26401
665 737 18111
430 655 12806
58 240 139176
158 749 31016
323 580 44045
71 384 21401
361 730 42154
375 515 46141
376 479 10630
88 687 14142
37 120 31906
51 670 51400
400 723 27074
258 505 32016
402 613 37336
275 659 57035
111 467 46690
695 749 30529
266 272 13153
450 645 38601
398 578 50606
209 658 19235
15 696 46174
75 242 15620
302 349 15652
15 21 10630
446 598 44922
339 579 17205
559 684 13454
102 133 44643
49 255 57245
199 725 38471
618 736 23345
131 395 29833
614 735 26077
1 653 26401
256 276 30871
447 617 17117
403 554 13892
1 31 26907
39 587 11402
78 335 61911
17 445 37162
418 608 17889
520 725 24166
6 386 21095
87 611 29967
107 560 11045
114 362 33015
72 637 50220
386 732 36674
335 557 25612
191 320 17000
445 596 25710
157 461 38328
233 586 34059
29 220 49578
17 43 32016
216 550 35057
322 473 31305
40 422 30364
215 726 19026
111 473 20616
243 415 37336
138 232 49244
671 689 34928
380 622 10440
245 691 28284
12 691 19313
227 300 18868
135 593 33615
168 219 56365
142 493 12649
556 625 26476
210 470 44294
56 406 29275
63 502 52154
253 522 32558
308 517 30414
126 455 30480
221 236 24759
170 738 21840
110 484 28302
184 365 33015
586 669 51196
267 313 38275
127 551 12083
29 696 37216
171 401 64133
91 720 45486
352 745 22847
624 719 40249
99 105 64195
428 568 27659
415 534 31241
81 722 87098
254 374 58669
60 532 18385
700 722 43105
286 317 23537
597 734 21190
370 568 27019
645 656 29732
19 90 21095
603 628 26249
51 209 54781
239 550 11180
93 321 58694
251 744 58000
175 569 63906
58 292 34482
575 623 42012
577 749 62225
591 607 68411
336 652 20224
189 435 53759
69 608 14866
274 627 17889
81 336 53488
376 451 21024
140 692 60638
176 732 38079
173 578 58873
610 638 38833
159 378 29732
257 489 122495
49 676 20881
122 564 38897
104 415 76538
27 258 16401
206 246 34132
152 219 42755
89 692 25080
39 596 17088
528 741 22361
523 646 44553
451 604 52773
47 664 26420
50 251 21471
239 602 37216
416 629 21633
93 225 49739
422 708 46872
183 437 48260
30 280 46615
607 618 19647
143 279 50695
631 642 80056
500 733 53339
130 507 20125
105 665 43174
431 625 19105
32 98 43417
157 203 47170
204 315 41437
231 746 13892
16 554 36688
204 303 20125
265 375 62008
542 698 16401
137 321 42942
1 446 36770
135 174 32558
74 623 29411
34 752 10440
198 418 48166
280 363 38601
11 70 18601
440 623 47011
123 622 15133
426 439 43046
220 442 27074
200 468 46872
104 535 12649
274 639 71694
372 391 36069
251 298 40311
711 741 23537
99 535 42012
457 643 22804
271 545 28844
171 421 23601
536 658 18000
273 387 19209
173 643 30150
51 454 61205
154 380 34132
138 668 48918
44 124 30806
80 475 27019
185 374 52326
230 721 30414
30 573 21587
91 195 21471
84 660 22672
234 259 22804
197 240 70937
85 662 29833
127 203 43324
247 411 30067
63 311 22204
389 435 82219
20 373 39013
282 640 57280
32 385 50804
5 733 26249
472 702 22023
565 578 34540
186 448 50329
32 181 20125
251 562 52555
44 475 40224
125 651 48754
464 575 72236
88 515 32650
45 537 38949
42 70 40497
12 487 29682
75 202 69376
576 580 52326
94 301 30083
327 533 25298
241 577 34886
272 609 51546
281 366 43046
212 324 34176
299 423 55227
70 600 46530
519 697 33377
236 694 37108
353 525 63285
52 688 31321
476 552 36688
53 710 34986
295 436 71589
210 286 32016
56 291 18111
141 447 38079
130 173 46872
324 503 31113
116 195 107205
123 428 33422
138 700 42755
719 742 34828
9 75 30806
313 557 22847
285 640 38639
26 371 58464
337 656 49041
154 622 42521
274 383 18000
121 212 71063
80 357 20616
53 663 12806
8 328 60216
308 351 17804
219 703 51478
717 727 45967
481 658 50567
171 222 65863
444 591 86023
141 331 19105
28 465 13000
44 441 47000
304 529 36000
127 610 29967
225 717 26173
268 603 61855
428 665 34409
563 737 24839
49 553 58241
494 670 24187
501 579 49769
65 166 17493
76 91 45354
13 370 21932
427 725 44777
89 414 61814
86 510 46648
322 541 47096
378 704 43738
278 358 38013
342 558 28443
663 710 32802
206 400 17263
54 187 13153
17 561 48836
427 675 26249
376 604 54342
325 667 30594
131 136 41195
22 193 25080
151 706 56009
163 461 20000
404 492 34986
13 192 60828
507 717 17000
94 626 27459
494 636 17692
459 500 56859
249 686 25962
180 450 19235
143 261 30480
302 542 32249
102 345 39623
16 517 18028
105 563 31890
289 323 34886
169 341 37483
115 278 52202
332 664 27203
7 439 24739
119 723 33015
161 547 27074
59 574 18601
160 482 28636
262 739 18868
158 326 23022
142 715 40719
50 298 25807
272 509 36235
409 725 39294
205 424 53151
223 510 35805
488 672 42426
236 594 58796
539 708 36770
178 345 38910
165 491 35468
667 713 34928
290 411 40497
93 594 43966
48 669 53151
407 489 57559
377 552 27459
557 723 48083
67 157 19000
168 238 21401
691 736 26000
19 643 32650
2 597 54708
146 291 17804
49 426 39357
9 399 67676
162 167 64351
228 587 11662
328 748 10440
547 729 40262
390 611 49336
22 483 43829
526 528 31401
432 666 27785
17 570 43105
402 463 33838
195 217 49659
112 545 33422
136 502 12806
436 506 48270
36 183 22136
589 625 13038
117 703 70612
92 132 50210
75 384 40497
578 595 76217
74 746 29732
157 638 45277
196 476 27295
309 673 61400
436 752 52773
293 307 12806
253 419 33015
463 650 36401
364 633 41049
419 499 29000
112 652 58138
128 531 29411
480 616 35128
368 519 35228
678 702 27000
182 657 51420
458 698 27586
97 420 50922
431 589 25710
14 534 52345
382 467 26249
168 562 35057
624 742 16643
149 158 25179
514 644 13038
100 516 26306
128 612 30083
532 630 48270
459 661 43417
175 241 47170
250 491 37000
124 252 43909
601 715 45398
92 417 16401
159 355 28320
73 204 36139
442 639 37736
300 333 44385
99 154 79404
212 558 71421
339 529 16553
156 435 13416
485 614 25239
364 642 82225
13 136 67801
353 563 17263
526 741 15033
213 524 37121
55 532 30463
40 745 27019
33 124 39825
408 539 59816
166 434 17029
31 653 31575
97 506 40200
242 384 38833
228 723 28071
128 598 36249
82 169 50990
138 199 42953
139 581 20396
218 414 44407
48 77 40050
206 723 28302
107 452 29411
548 728 61741
495 621 13416
85 350 22000
14 316 21932
712 749 64008
117 194 41593
218 337 46141
578 727 44721
39 228 19026
199 409 31241
247 290 32985
164 611 21095
303 315 48166
206 587 13892
334 739 15297
293 526 24739
38 183 28844
27 92 29411
132 538 27893
577 679 36497
95 694 16125
26 78 13416
661 733 19925
310 633 50000
86 262 32016
61 528 31828
457 713 18385
57 369 54918
629 637 26401
27 145 28160
582 730 20000
311 395 30000
481 682 15232
462 469 65192
404 606 25318
432 617 18439
146 523 18439
22 90 32802
6 317 16553
378 578 38833
646 666 19105
392 458 24759
383 398 13601
113 715 23770
188 257 72615
88 740 29547
72 96 29275
267 728 38079
191 574 20881
194 364 41437
162 346 68015
396 537 19416
23 572 51614
279 580 50606
211 309 10817
623 670 48600
24 151 27586
4 512 16279
350 727 45277
26 144 59135
413 647 16000
433 441 57974
346 501 66731
526 660 25298
80 455 11402
16 558 29155
394 395 31016
316 583 62008
237 750 58138
170 281 21095
52 748 22023
429 547 18028
159 627 36139
40 352 26907
281 718 37537
661 724 38288
55 561 51856
490 709 30414
4 419 16031
44 277 36056
390 671 29017
301 680 26000
213 240 47424
149 176 77801
268 628 64661
76 208 151714
268 340 32280
25 374 52393
20 289 41593
4 253 28160
431 690 22847
117 550 14422
76 125 35511
552 703
638 405
972 450
634 519
157 791
384 866
649 510
188 867
479 420
966 411
83 700
53 402
333 367
166 446
662 516
473 184
202 220
610 266
612 813
17 566
654 523
565 835
326 239
478 536
641 310
301 64
411 721
468 59
690 581
657 893
570 723
455 682
322 142
280 920
138 532
480 10
122 754
463 47
180 164
144 355
57 578
132 671
203 252
377 166
352 98
815 138
539 867
304 658
683 484
854 391
638 664
217 878
409 62
490 532
202 296
261 347
726 129
941 728
302 813
183 285
537 485
391 668
428 293
873 620
486 567
424 874
567 202
855 505
103 534
94 685
509 449
204 771
884 574
582 679
504 402
81 241
302 618
295 76
352 799
399 226
291 558
801 801
577 16
555 396
745 733
429 536
543 388
902 286
841 689
591 815
92 285
402 749
739 879
863 416
719 908
200 800
237 849
497 671
353 478
581 522
103 725
627 240
125 281
299 481
358 414
193 540
845 548
207 726
519 288
33 550
899 346
194 601
151 687
811 341
894 221
40 377
812 550
645 193
202 102
95 771
480 226
764 326
370 405
347 173
116 235
365 249
593 117
564 747
352 687
710 827
378 272
437 785
639 283
650 68
454 784
374 313
677 876
121 572
641 58
772 726
142 416
179 692
106 465
360 60
403 694
245 318
486 56
418 14
501 916
652 218
497 556
856 446
342 691
417 431
231 800
966 524
567 183
476 919
640 702
311 827
669 42
802 403
616 209
558 382
302 308
471 558
767 349
797 464
835 763
793 633
588 267
245 745
671 801
478 762
479 976
454 854
555 236
617 166
327 536
873 590
446 700
412 630
487 31
748 454
616 324
785 179
492 519
335 960
961 467
552 922
271 792
393 377
540 833
793 587
73 275
464 693
922 623
161 479
112 614
682 361
316 770
486 335
607 158
893 539
378 124
177 150
621 91
25 382
618 613
376 855
807 877
551 223
968 640
359 237
571 587
822 597
94 320
887 654
848 488
723 618
724 919
555 324
490 483
699 666
764 836
308 555
820 254
199 163
656 297
463 15
590 708
164 548
355 599
603 872
742 705
742 936
790 94
784 481
830 557
988 597
432 980
494 414
221 467
525 901
63 405
148 168
355 782
911 567
634 914
310 273
844 410
309 151
637 547
682 310
702 430
417 555
402 988
398 731
589 854
186 122
126 442
398 544
568 567
93 347
899 379
795 812
232 171
463 451
447 605
651 600
184 646
793 825
553 890
665 675
723 309
445 568
413 168
863 179
93 416
639 850
791 654
714 122
544 470
708 211
736 60
368 886
656 148
877 744
24 525
363 750
259 329
951 695
554 431
978 547
244 891
437 120
77 630
839 370
888 480
804 244
892 408
520 114
884 521
758 523
859 599
152 733
564 423
437 216
816 871
697 511
425 271
238 859
268 158
328 86
932 525
186 437
391 881
686 240
511 754
256 784
697 838
921 393
40 494
583 235
634 751
457 932
611 109
237 902
772 174
312 691
140 397
548 906
787 285
385 545
263 129
272 608
910 614
111 545
751 472
494 442
872 769
505 145
558 958
360 823
634 201
751 358
506 294
461 282
513 100
745 755
451 227
126 375
320 435
248 264
619 683
488 117
418 218
885 210
530 823
598 718
85 538
812 308
602 839
779 548
749 421
748 652
536 429
668 393
736 75
318 351
244 77
263 404
16 605
653 361
850 341
727 181
501 705
660 724
223 360
388 413
542 344
948 292
665 693
526 436
405 673
405 868
565 875
176 528
984 436
603 376
289 379
583 70
717 328
412 282
401 253
390 128
724 215
661 706
457 356
174 133
600 330
376 608
450 212
482 81
143 767
232 351
581 991
113 287
136 594
459 315
385 784
584 869
920 739
851 628
226 504
157 765
389 759
129 515
618 520
254 801
607 253
135 384
935 509
367 72
476 703
665 449
168 671
344 384
682 59
351 644
233 729
173 400
321 228
460 571
978 518
314 876
514 71
772 274
643 486
511 661
377 213
721 645
27 628
14 425
168 205
518 689
175 435
823 146
162 514
876 609
726 160
836 520
218 523
633 603
388 229
629 835
623 784
565 53
158 861
387 682
604 193
214 630
404 589
592 609
468 72
621 275
931 312
691 315
237 691
397 816
762 90
717 204
907 365
655 833
400 199
451 717
690 52
217 204
734 189
912 712
580 558
339 833
529 810
48 526
741 247
331 521
69 377
939 568
524 999
286 694
275 285
464 111
183 680
594 657
654 954
952 545
105 746
114 485
618 491
190 814
784 416
384 321
605 213
347 557
366 732
277 845
728 818
859 781
816 853
469 512
742 350
645 531
598 497
379 661
873 301
555 526
458 194
621 59
639 373
156 610
700 920
631 579
233 332
931 643
257 441
578 437
742 303
559 462
758 487
264 659
573 775
190 268
635 101
202 484
311 477
601 622
371 132
444 758
160 324
550 115
918 346
536 86
435 581
318 300
168 622
361 579
667 69
303 232
320 917
820 562
582 112
486 728
739 468
462 219
785 678
273 711
247 149
500 173
800 895
856 549
235 256
795 429
337 438
792 299
724 759
470 247
960 668
317 378
539 954
245 217
336 129
368 269
652 914
291 798
525 636
91 507
401 964
692 746
765 462
68 460
645 38
57 561
224 388
114 215
287 129
333 573
189 157
267 336
258 723
368 899
12 511
624 138
441 815
781 892
717 674
174 180
690 422
531 732
629 820
140 678
187 703
834 594
428 502
674 169
79 399
507 85
30 445
113 523
777 874
566 130
556 361
556 776
389 643
755 268
628 384
909 677
177 418
25 426
348 903
586 791
648 942
385 403
558 662
843 211
247 716
878 439
649 667
408 485
139 753
179 221
771 602
437 69
745 525
493 605
45 454
607 669
163 742
534 152
701 613
698 67
369 543
699 567
641 798
378 674
899 578
201 363
920 723
285 774
699 256
426 618
160 214
252 605
576 692
548 574
359 654
927 568
462 642
601 604
721 252
570 413
131 827
752 704
419 70
526 890
316 404
187 376
604 757
89 609
344 623
597 633
602 405
981 574
853 822
519 782
193 663
663 490
169 776
695 230
365 970
892 434
632 964
594 552
372 715
791 905
762 76
627 889
916 288
208 848
568 397
212 738
35 409
831 712
59 547
733 900
461 946
658 562
672 378
546 73
58 523
163 580
516 587
695 203
797 481
617 716
671 268
553 557
529 330
174 358
264 673
439 44
602 447
381 919
636 771
877 801
142 709
439 167
745 818
816 682
825 175
117 247
490 1
206 577
201 135
106 798
146 632
552 588
712 786
247 206
657 108
69 577
124 793
421 835
137 808
710 415
777 254
9 409
318 422
814 627
388 560
929 274
579 452
852 197
790 203
804 452
117 354
602 701
519 327
234 892
445 920
746 132
619 698
290 923
