750 1780 17 106
234 333 50329
396 477 52038
209 695 14142
204 554 43417
109 195 32140
200 484 21932
433 588 25318
77 636 27166
490 528 31623
38 487 69376
311 391 23345
714 739 25000
54 702 33242
476 710 23345
551 722 55973
93 726 47854
336 636 34785
129 155 33601
180 238 114022
103 545 42720
303 422 46174
141 712 53160
315 367 57628
57 137 28320
55 440 19105
50 154 30676
48 731 13038
231 592 38639
211 665 49092
256 625 33121
279 447 30017
166 391 67268
11 505 17117
117 570 41785
221 655 31385
300 360 36249
386 524 45398
194 535 11705
174 677 53235
657 709 40804
31 62 17000
440 649 46648
437 666 44045
188 746 75472
324 431 94149
563 688 38626
323 594 44911
20 671 61057
336 424 57628
256 615 20518
158 632 45222
114 568 24083
168 526 37014
525 732 123483
192 526 45000
97 632 40112
16 558 37802
163 425 10198
113 418 44181
166 312 56462
91 428 33287
126 189 13038
44 720 57000
11 594 10770
65 594 25495
378 523 50000
21 167 140289
366 445 19105
61 105 22804
12 349 29017
40 556 19026
179 447 39408
300 612 49649
258 461 31257
36 665 45695
336 377 34928
667 707 44553
354 467 23000
211 511 36069
182 247 27459
97 275 39115
312 457 12083
297 574 28460
492 692 63008
103 507 76844
22 723 29000
116 226 33302
237 497 43463
167 520 55444
480 560 50804
131 243 42059
152 179 42720
32 494 25632
232 298 42802
30 688 45607
43 550 38484
120 505 25495
18 142 13000
671 721 46573
367 486 47127
330 352 27203
351 468 55902
232 329 67417
165 387 38471
139 348 38053
181 606 37443
27 664 23345
111 233 44000
556 635 37014
18 20 68015
641 718 51039
37 322 25000
480 613 13000
139 645 26077
293 584 27295
19 152 30610
556 665 44911
333 696 41976
15 131 18974
225 308 38184
48 448 22091
40 121 41195
156 692 50596
149 637 34234
265 565 31048
120 594 24352
373 559 29017
59 476 21587
410 495 65299
288 716 30594
183 747 51225
23 257 82765
379 608 42720
116 437 42544
54 89 11180
247 325 25318
299 434 24187
407 626 78390
554 616 52802
49 244 47854
274 591 37014
440 521 40497
471 582 27857
233 526 51624
78 142 38079
184 748 45804
158 364 15652
508 661 27731
266 454 41400
32 479 35468
176 577 14866
190 585 16279
185 408 20000
341 385 26000
335 419 47634
122 412 45486
272 429 87367
399 551 29017
133 135 33242
164 169 72498
88 268 56613
613 667 53852
213 291 22472
278 341 29155
347 641 13928
131 426 12083
432 517 54589
131 612 43932
260 595 26833
273 433 45255
442 683 20616
534 619 16279
97 611 56569
327 357 12083
361 449 39395
20 38 59211
373 558 23087
133 698 34525
231 719 22561
128 237 26077
19 261 30610
85 473 52402
205 493 92114
332 712 38626
70 259 13601
227 446 31906
267 670 17205
276 358 45000
22 198 52173
265 529 48703
153 463 44654
153 646 21024
640 683 24739
276 582 30083
140 470 25020
351 619 59203
1 452 15620
90 700 15297
612 644 17117
354 660 46174
489 539 65276
319 404 46530
418 665 24413
549 722 71176
72 372 31906
96 624 32985
512 582 58669
551 736 38949
309 608 26870
475 495 43417
219 501 52924
439 493 87321
256 298 22204
469 475 20591
89 119 21213
119 339 30610
451 479 21633
49 275 44407
462 733 14318
74 75 25000
24 489 74653
188 555 66287
126 353 19799
583 593 21401
390 738 33422
438 478 15652
483 582 45310
16 456 75802
508 643 38588
27 548 29069
500 678 74330
13 541 46755
149 306 165048
265 502 29155
32 39 48094
253 719 33242
547 588 21401
177 728 11705
32 485 20248
176 690 60008
21 557 48549
233 699 46174
228 543 28231
98 116 36249
179 279 33734
208 456 30364
135 498 31623
65 521 31016
500 605 12649
317 425 40025
96 224 16763
26 96 25554
157 307 26833
176 473 40025
695 727 32311
71 81 23854
330 467 12042
216 743 31780
104 148 44407
309 379 38013
190 681 28178
334 712 45000
275 729 28636
589 599 126289
424 702 42154
469 486 22672
76 320 79196
382 417 16643
30 482 68096
266 518 87846
273 547 53339
225 639 39850
54 339 36688
7 329 28425
43 392 44204
88 496 51196
23 730 47539
216 380 31906
129 393 51225
206 332 36056
375 405 21633
591 659 18868
488 534 54672
172 379 42953
143 711 19416
197 303 42720
92 617 42107
234 716 17088
378 507 29155
508 726 31623
14 404 35014
276 315 35511
147 703 43046
74 333 37643
274 499 41110
461 693 43566
643 726 30150
16 389 77647
90 193 23022
628 695 69857
354 478 21000
216 683 46141
46 634 51430
217 327 25020
199 404 10296
196 749 17000
41 412 24166
167 227 72173
70 714 34986
638 725 35384
403 654 43174
206 712 31241
391 456 54708
153 689 29069
283 581 21401
306 431 131867
413 591 23195
177 238 23022
423 646 42544
277 316 56080
106 578 46043
14 533 20591
705 737 19799
610 655 46011
262 710 56436
173 534 21932
303 332 28425
102 539 40000
9 335 15652
28 747 25080
198 221 39051
370 532 82280
77 539 60877
364 629 21932
208 559 38210
549 551 50249
442 510 18028
628 741 23770
288 678 72732
201 276 19235
61 532 25239
396 465 39446
369 621 31401
285 578 21095
207 733 42190
164 515 53488
291 483 21095
636 704 25239
72 143 23770
307 403 34234
212 427 44407
335 410 48847
47 400 54083
87 206 25962
501 654 24187
419 495 65368
87 712 27019
322 596 33242
107 489 14213
231 453 47424
79 345 22672
677 740 53009
217 242 60531
440 567 11180
130 629 49092
410 585 41000
691 728 22361
473 509 44822
18 574 71007
368 462 26077
139 662 13454
446 584 37216
373 735 11705
211 553 25495
382 749 18868
79 323 13038
241 588 43046
106 683 14213
141 573 27459
158 252 37855
95 607 34655
439 539 51971
535 616 25020
477 580 49578
46 109 34713
339 669 27313
241 675 36000
81 268 61400
402 543 23345
492 740 47508
207 747 36125
513 666 36620
35 85 42942
285 626 51430
189 353 15033
418 466 15652
76 543 72125
412 425 21840
364 585 39408
363 662 42438
351 639 71386
152 464 18028
441 599 130863
159 656 30414
210 614 27893
729 734 61033
181 537 29069
720 737 68542
571 692 32450
270 530 28425
318 555 40804
283 486 40000
59 208 33615
134 595 57689
348 395 45967
545 743 53413
330 487 30083
168 521 41304
201 722 75664
229 530 29069
167 600 47096
281 568 47539
208 735 40311
511 522 29530
29 452 20000
52 437 65000
166 351 28460
87 141 51420
397 698 31016
433 575 39560
229 627 26907
450 639 27019
292 522 39408
265 434 75954
166 389 33061
89 396 35014
342 403 85709
85 161 43081
45 633 13000
31 85 40608
236 534 14866
291 512 38601
34 84 55471
145 573 13342
302 343 32650
114 688 46098
329 346 65000
444 501 27000
25 46 43324
39 612 49204
15 402 57385
337 368 29120
171 477 36797
44 148 56613
164 678 40804
24 246 44654
533 708 23022
27 314 36125
5 587 19647
240 578 49739
193 603 34828
47 334 65307
282 716 30871
471 483 31385
20 721 42059
222 500 38484
408 414 52154
88 481 39560
281 326 35000
152 694 31321
424 465 20125
358 384 42450
2 370 25612
43 503 62201
323 470 42426
604 699 40804
67 540 23195
222 678 79209
262 487 12806
115 420 23601
643 661 21587
112 616 58052
669 676 49396
291 602 21378
129 376 50961
296 637 185302
28 207 18385
584 600 45122
99 513 16492
3 706 14142
585 681 36014
563 663 24759
146 170 20125
314 564 16763
316 401 18000
84 420 38949
516 668 22091
134 528 44922
317 494 21213
57 419 25000
22 66 51157
80 267 28231
173 619 18385
420 638 23259
218 374 19209
121 583 37855
230 329 58009
443 641 56436
619 717 48703
15 426 23537
195 400 83259
159 191 31016
111 526 27000
52 724 43841
6 561 39205
259 661 31145
11 79 42202
172 669 29411
222 605 30480
277 371 41677
616 740 61984
157 654 26000
388 555 51088
160 560 35355
4 171 39459
72 711 33287
474 551 74061
98 147 42450
34 231 43000
475 617 42426
443 718 10296
554 677 41231
405 455 41725
406 470 44011
656 709 34205
369 423 35128
58 731 33422
101 318 37855
255 616 21471
287 371 59808
26 231 50567
351 717 78924
303 695 38013
546 624 41485
29 80 12166
203 676 19723
68 530 42438
197 422 26173
211 264 63159
21 217 50249
403 472 52345
24 563 34525
640 686 27295
328 693 22561
469 581 12000
139 395 30414
92 367 38079
528 678 61033
206 209 16279
328 461 40853
6 431 110440
360 425 29833
22 482 60108
579 651 43417
72 745 16643
252 447 22561
328 568 36401
102 246 49497
8 499 25020
273 455 70214
13 262 39560
162 369 42202
253 708 27313
35 165 34928
117 247 30232
121 428 34132
585 614 28792
118 462 12042
125 262 50990
161 165 14422
177 255 22804
418 511 44598
67 525 25495
69 678 16401
369 542 23195
119 396 37736
230 589 63246
424 636 56080
115 525 15232
188 302 67030
350 495 51039
123 150 62682
152 261 38000
214 715 40200
515 577 29682
443 623 60141
380 510 30676
107 244 42000
711 722 44654
255 535 12530
219 736 15811
91 263 28425
73 205 11045
598 697 28302
155 340 17117
304 317 19313
56 598 34132
113 466 38328
1 84 33615
174 496 36235
207 368 34713
319 536 53759
74 553 39661
511 553 44911
206 303 37577
6 306 21954
237 429 17000
522 700 21587
138 713 23770
52 687 31257
133 516 21024
11 120 19105
12 180 53038
202 566 15556
160 524 32650
127 725 16031
383 739 39000
84 267 30676
426 644 42720
71 174 41304
192 378 42190
311 718 50606
251 672 35693
214 441 28178
275 734 56436
146 658 45880
122 680 37656
687 747 25000
35 531 23409
101 388 26870
188 516 30364
495 581 29682
9 614 30806
596 705 18601
446 604 37336
411 459 33015
319 592 64498
307 501 20809
437 578 12166
614 632 26420
170 658 48083
417 655 18788
48 58 26249
127 420 33615
395 645 44553
111 168 23087
125 138 12806
5 506 41725
246 370 21024
252 258 24331
158 629 30364
631 728 33121
314 528 42426
204 616 31385
459 697 25239
331 526 47381
281 458 30083
153 715 48166
228 402 28460
69 175 27785
626 697 43932
39 360 51400
217 357 14560
16 343 44102
322 729 52326
7 344 16155
55 470 45188
257 519 37483
299 623 21024
146 601 18385
434 537 59548
299 518 10198
139 586 26907
315 750 35777
685 731 12000
93 301 21840
448 562 37483
363 645 43566
39 644 39217
320 408 54120
384 512 56569
506 586 34482
463 646 36222
471 549 12166
282 652 48332
723 732 55362
349 492 38833
86 527 22361
240 510 10198
361 438 31016
174 569 43012
430 432 17804
391 491 39395
385 544 51430
236 389 66708
62 479 36674
215 554 40162
136 578 27785
293 600 30480
257 640 28178
383 496 48260
20 142 77233
483 512 36401
284 569 26019
428 583 12806
269 386 10440
12 245 25456
225 351 77897
114 281 56851
10 350 43966
627 701 50596
121 736 26907
375 750 29833
572 600 53814
125 476 31113
70 496 41485
277 470 23324
13 297 37736
2 30 45255
416 580 10630
63 229 20224
555 659 11045
191 624 36139
73 439 28284
568 693 18385
285 590 33061
193 292 29411
169 260 48332
71 249 66491
47 109 49518
536 592 41110
23 316 38484
17 87 55973
216 442 34409
122 318 26571
383 481 31000
213 219 39000
66 618 28460
456 679 34059
427 557 47508
159 709 41437
58 685 42012
217 649 24515
372 633 20248
224 455 58249
732 748 45222
143 617 29682
390 499 32311
56 697 15620
85 509 70859
402 738 25495
314 490 31241
258 328 44944
433 455 63514
500 577 18385
201 471 48384
352 467 32016
281 435 34015
77 439 31575
118 368 28653
36 556 42012
48 278 13153
258 382 47518
24 281 65000
405 562 15297
462 742 23195
18 38 40792
629 681 13892
565 599 33601
10 708 57775
3 740 51196
91 593 25962
243 527 41110
174 508 37736
126 375 45880
58 341 34176
523 648 35228
262 330 26173
601 750 18028
500 509 22847
243 413 32016
73 336 29000
340 488 60415
250 652 23601
703 724 34409
182 250 51971
199 533 41231
506 587 36401
409 641 27203
21 242 38949
261 452 25318
56 459 11180
186 302 35228
218 645 37202
203 416 59841
310 512 32558
93 504 47096
326 461 43829
423 689 39051
237 703 31257
102 532 53310
24 114 38897
345 743 52773
430 596 25318
137 372 30083
101 243 45177
39 300 46690
397 431 75027
191 546 55471
229 306 121342
99 165 38601
108 454 65947
26 592 29120
103 407 59363
157 403 18868
228 306 37216
61 362 25632
387 666 14318
325 717 50774
421 533 16763
296 640 24413
160 707 42579
95 375 39699
312 416 38626
178 723 39115
117 173 37643
35 56 39560
674 727 57489
411 651 45607
31 451 36497
119 676 42012
83 422 14866
130 279 34828
70 661 38949
13 574 24042
269 436 36401
415 620 10770
518 606 25495
58 544 60671
250 304 31385
654 714 52431
17 209 63655
95 126 22023
233 338 34540
230 625 22361
276 367 39013
470 594 25239
590 626 28178
124 127 31953
284 504 42485
123 544 58189
85 484 36715
287 327 41785
435 693 23770
126 268 32757
93 674 23022
105 532 35228
164 595 50990
167 584 13342
107 704 25060
250 552 42802
290 563 34482
1 184 35903
24 539 55027
388 659 50636
344 346 54129
16 679 81006
8 738 14866
82 238 37121
436 684 29155
310 444 36222
115 647 23770
215 249 25495
51 289 16643
198 610 35903
226 437 18788
51 565 40112
93 643 58796
80 253 18439
221 618 23195
6 324 17804
398 499 29547
62 366 33015
227 584 59034
596 734 11045
542 621 11314
381 450 26249
371 440 31048
326 435 17205
653 713 29155
411 690 40311
112 740 38833
460 552 15264
166 580 71589
349 740 53151
51 589 61685
292 553 12166
70 383 58258
39 479 29000
117 460 32558
392 446 19105
407 507 48549
108 672 38079
169 684 34482
560 650 21213
216 257 51624
689 715 30017
257 683 32894
89 465 19026
170 455 60407
220 698 11314
79 103 53451
343 393 37736
101 300 36069
393 746 15524
179 464 40447
168 331 42438
78 574 50329
333 553 62032
88 607 47011
85 531 46043
254 460 12166
186 361 44777
202 570 46228
296 622 27313
37 432 28636
95 750 33015
97 244 45695
35 99 31145
123 238 115122
513 626 31064
355 484 18974
560 707 55973
244 636 59908
306 744 59942
374 727 30871
379 676 37336
508 569 16553
434 606 16279
235 642 45343
185 355 21260
295 400 34132
118 270 26627
30 178 108706
379 457 46390
239 507 49244
398 698 23259
218 674 43139
359 506 50040
393 555 31000
83 504 58694
120 648 31064
453 546 12000
400 520 27459
645 662 18788
173 325 49396
287 649 14866
302 682 23409
49 702 31064
10 279 48270
75 333 17720
191 725 27857
278 433 50804
504 727 84646
627 742 49930
651 690 21932
141 145 20591
240 626 49820
91 113 14318
595 678 77492
546 638 35511
327 649 32016
113 321 19416
183 200 21095
248 703 45310
342 395 42202
342 472 55946
456 735 60407
184 540 44598
164 260 48083
108 463 54424
355 408 28071
260 436 24597
398 591 52010
64 550 30480
343 746 29411
603 717 19416
350 681 41773
525 647 18788
328 688 65924
430 705 23601
306 561 42297
390 527 32202
214 493 27731
64 141 40853
423 715 60828
534 566 25000
82 691 18682
271 286 31241
694 748 37696
205 439 29833
81 496 51088
362 493 12649
468 639 43829
182 234 61000
15 543 62626
52 248 18028
109 634 23195
126 562 34886
358 750 42379
43 604 46098
352 449 30067
354 559 26249
148 432 38210
144 307 45804
141 295 36797
335 514 25710
525 540 39446
67 647 19925
280 741 15000
44 60 53075
184 694 13153
296 429 136312
269 667 43081
283 404 32388
50 319 33734
609 693 16279
455 658 48549
195 634 10817
223 298 31145
401 730 28862
151 314 20248
59 394 29275
471 722 69354
380 545 17000
78 223 24739
175 528 32558
119 669 45880
8 398 45222
50 536 44407
90 603 40112
448 731 25807
232 346 31241
482 688 66129
145 295 37656
210 275 29614
113 522 50289
320 733 53085
364 632 36000
272 686 32202
459 579 62394
46 180 66008
423 493 83815
95 189 16031
196 748 35693
422 504 66287
232 630 24166
34 546 23324
141 550 61205
203 396 40249
302 746 42107
506 597 34015
113 511 35735
52 116 51430
218 415 44283
104 263 43081
7 265 67179
33 318 23022
399 549 38328
326 611 46271
375 455 50922
25 197 39560
222 282 26476
367 722 68884
249 677 61131
98 272 30529
192 650 27203
150 544 38588
242 557 15297
180 692 61000
642 675 50090
335 633 37000
91 321 28178
377 465 45453
196 464 23431
203 477 48083
205 377 27295
166 468 59034
2 105 103870
170 750 24042
592 658 43012
234 282 36401
259 342 112178
4 396 33242
166 416 69340
140 323 31401
349 571 20518
76 701 23409
64 295 14866
459 473 45343
280 506 41773
503 699 17464
451 485 16125
183 687 47676
410 419 23431
77 704 22204
148 737 15811
464 748 18788
515 690 52355
389 679 29614
90 308 19416
83 706 45100
222 716 18111
249 268 69642
220 397 24698
40 219 30083
9 210 25080
60 593 39395
248 368 35341
41 163 10817
117 202 14318
264 696 14036
312 468 25000
318 388 32450
264 333 46141
496 661 31145
74 603 42059
411 473 35128
356 685 65069
234 538 15297
130 350 31780
246 663 15133
415 674 28178
558 735 25456
631 691 25710
249 554 38275
250 494 27019
359 695 48918
357 649 21932
253 261 17464
275 514 52631
332 334 47508
133 431 63820
366 408 14560
23 519 48508
365 652 15297
472 490 33734
46 692 13416
507 579 37202
474 720 21095
25 109 39925
218 359 23770
598 626 30610
19 279 55462
31 282 88023
228 744 34234
181 266 87207
239 579 47802
245 535 17117
174 661 44283
321 466 26683
190 410 31016
212 649 43267
26 453 34059
443 653 33615
162 377 48826
116 147 14142
207 414 38013
90 305 28302
165 183 13038
309 450 13454
669 729 49254
562 575 30067
587 613 20100
67 84 18868
19 708 46690
49 729 24000
374 674 45541
94 420 22361
617 745 33061
131 527 14866
4 454 33000
529 589 22804
158 326 49406
213 444 44688
83 492 50695
382 655 17263
176 509 19416
37 450 53151
19 253 38910
187 517 22561
90 522 26000
108 181 29155
481 496 60000
60 121 40853
20 271 34409
622 686 25554
55 406 18248
321 635 27313
55 521 36125
280 359 69893
268 685 38013
121 635 22204
326 632 55785
82 673 22204
65 406 17720
61 576 29069
314 664 37736
708 719 39962
10 533 49518
56 531 30083
7 529 31064
10 19 65192
435 461 44688
335 614 36715
101 612 47413
521 648 22000
272 296 57428
631 673 11180
197 492 66483
339 702 16279
478 682 30017
559 660 33422
441 715 17493
538 716 15811
331 378 54406
200 355 16643
139 597 20248
519 743 17263
259 301 86313
132 481 23707
620 674 22672
392 604 21932
117 566 26249
204 728 22472
239 651 11314
294 580 27459
273 657 14000
233 503 51662
413 659 38079
366 479 38013
323 730 19799
528 595 82765
537 672 12369
65 120 13153
240 442 18358
346 653 42107
60 583 23022
656 657 23431
271 721 25000
87 550 66528
152 452 42202
59 456 26000
161 200 14036
215 356 21190
264 664 68622
28 52 23431
144 490 15620
547 656 85475
526 650 28018
34 638 42012
188 698 54406
498 671 51884
94 115 18248
476 491 25239
96 709 33601
187 308 25456
375 562 30887
74 325 24083
513 590 16155
64 572 34205
31 484 33302
241 341 12530
377 424 45354
701 733 32894
362 576 43909
110 664 58592
41 340 23770
94 127 25495
327 371 101592
244 458 36401
381 639 37216
328 610 29069
66 748 28284
286 498 52345
105 214 67912
338 427 24083
109 334 35000
539 704 60374
230 232 35014
480 503 53666
154 486 38328
386 707 21633
76 426 39825
215 631 35384
365 494 34713
216 519 41617
476 713 39051
38 449 24331
123 385 41869
223 256 33838
289 529 28425
251 502 31906
204 631 25298
86 274 34015
100 239 48918
129 412 38484
615 625 33106
201 582 32016
43 600 31780
27 211 52431
474 722 53759
45 711 50249
493 576 48083
156 349 29155
182 333 31780
573 712 66483
427 699 65000
68 270 43966
55 567 12166
526 560 32016
42 199 16125
207 248 31401
367 617 64815
62 451 21095
162 423 38328
415 645 30414
212 440 65115
402 561 28601
191 638 52498
36 548 16000
1 670 12042
100 313 45177
10 42 31048
155 412 18601
118 530 40608
586 597 11045
417 749 25318
734 737 29120
199 495 38833
321 428 16553
171 409 57871
319 421 52154
68 637 19313
10 130 22825
77 336 15232
322 669 43681
436 667 35511
58 356 53075
36 307 37121
383 384 29411
94 124 55326
60 720 44294
282 365 53907
116 724 17000
173 247 46011
103 505 51624
257 296 34785
149 530 39825
468 608 14213
331 523 47539
476 718 46400
361 467 33302
165 666 40311
33 555 26926
56 99 37696
122 393 45695
611 632 67119
414 747 25495
132 358 37014
240 285 54452
331 648 18788
182 652 54644
302 558 35014
660 710 21401
557 699 67543
171 396 36797
547 675 20025
623 653 75027
153 599 71309
304 460 28178
225 305 19026
152 748 30529
73 377 19105
370 663 21840
252 279 40817
244 611 29530
183 355 26571
134 472 34409
78 615 55172
490 564 19416
84 647 23770
83 284 38079
98 136 10198
45 720 56604
87 209 29411
140 401 20809
187 225 45891
455 657 67365
297 298 27514
460 570 19235
369 646 42379
179 196 30414
108 369 43658
212 217 31000
54 119 20616
350 410 44011
40 501 41976
269 684 25000
425 680 38079
151 528 37336
474 711 14000
265 289 24083
310 654 42755
613 707 27659
37 172 21213
43 699 57585
16 376 20591
81 174 37537
96 455 59059
64 600 45541
622 640 14213
93 727 69260
133 188 39294
243 274 33422
304 494 31765
7 434 45607
150 673 23770
60 551 53759
42 533 42426
75 182 34234
503 741 39925
320 701 72471
69 528 48662
249 356 10050
492 571 39812
132 384 28636
286 668 61327
179 749 29833
2 663 39560
407 579 19416
160 650 35777
230 615 55462
3 83 35693
238 691 28018
433 448 44385
51 265 14866
336 439 26249
5 480 31321
294 477 50000
532 576 17889
194 255 22672
301 620 13153
373 478 31401
489 704 23707
124 725 18439
267 719 38910
569 726 37336
153 251 64281
288 696 29411
75 247 26870
8 397 50596
53 479 15000
63 149 35355
107 458 25554
530 627 44553
25 492 77621
313 690 25000
361 478 33302
557 604 46530
435 609 13416
235 385 22847
292 511 46098
454 621 34132
512 739 25962
466 556 39395
497 703 46174
138 476 34928
38 574 74095
518 641 42190
369 463 42190
40 736 33242
245 616 29206
169 313 35511
52 207 31064
29 670 20125
53 366 34059
68 497 37054
235 675 36674
144 403 33734
262 541 46530
243 612 51430
549 602 23431
281 611 33971
193 522 23537
293 392 22023
25 334 10817
100 507 61984
188 668 13038
97 614 23345
216 545 35057
223 615 36770
216 510 27074
706 740 45177
394 476 29411
359 628 65795
294 409 34886
25 692 47043
171 266 15232
185 484 10770
457 608 18682
187 381 51157
247 254 35355
98 226 10630
44 593 23000
37 381 42521
498 721 36014
32 317 24187
184 452 29206
636 702 58000
455 575 42107
359 363 13454
13 630 50329
252 461 38897
298 630 44181
305 308 27203
22 178 33956
504 726 12000
80 719 29411
324 561 42942
28 687 21260
159 675 133821
269 707 17000
408 747 51478
17 628 38833
342 645 57079
514 737 55471
378 505 62626
160 386 30610
23 277 93744
186 438 31385
408 445 18028
31 365 65803
345 545 57219
208 660 27731
221 417 23324
538 696 15000
289 589 45607
352 361 15232
197 332 25080
106 442 12530
372 711 46325
133 397 41400
283 469 30232
434 502 70491
31 445 27019
263 593 11402
127 638 28160
590 666 30887
43 741 53600
346 630 14142
55 371 27803
239 313 17889
75 325 23770
99 598 11045
112 677 29698
379 450 43012
514 633 31780
198 482 33242
137 495 60299
217 427 50606
405 575 29967
407 545 73164
16 488 56400
163 317 41012
76 644 71701
222 288 34176
311 491 32757
596 737 29155
34 719 43909
63 530 11662
378 524 63071
110 151 30871
227 557 40361
12 156 29530
180 195 110277
47 712 71554
110 678 31241
294 391 35609
168 212 22847
184 732 63789
630 653 43463
106 136 38833
170 375 26833
181 434 44147
12 194 31401
159 624 42190
209 628 67469
426 612 38053
9 275 43841
536 658 17205
4 266 33956
390 402 31257
2 290 44011
201 367 23409
428 635 32249
418 556 41725
160 192 48374
47 195 31257
568 609 16643
25 332 45804
359 741 70725
147 724 18028
8 324 40460
91 104 58310
154 319 17464
387 687 29682
105 441 95509
315 601 33061
35 161 29732
229 744 67742
76 627 56321
53 644 54203
428 593 25179
268 353 19313
454 465 49193
13 298 29614
466 635 17029
543 627 57219
45 737 58941
232 625 32650
137 745 30067
483 549 25318
337 497 13342
234 696 27659
295 520 23087
134 342 51478
122 129 24166
384 582 64885
219 444 49497
100 169 22847
294 347 35735
259 714 45222
132 607 17464
248 337 49244
134 395 47802
311 347 39115
140 277 23022
236 619 20248
356 544 49659
250 365 22023
394 660 12649
218 363 19849
452 670 21095
86 243 35355
79 594 42059
452 694 25495
344 434 43966
165 513 41304
58 385 34928
323 401 15652
117 254 24166
16 735 42720
26 224 17263
713 718 19026
128 497 46872
360 680 36715
27 665 19416
110 288 62241
95 132 43863
186 188 56303
340 534 69921
108 542 38833
246 563 19235
102 576 55227
204 215 34000
421 708 32202
151 175 17029
100 524 13038
111 338 17692
458 611 15524
301 342 59816
137 419 26173
420 647 20396
316 730 30083
530 742 51865
29 261 12042
226 578 15524
309 639 32016
1 267 23087
24 102 21633
270 497 15811
136 686 25080
586 667 32894
95 358 43382
509 605 27019
500 515 42953
314 548 18868
291 444 39217
33 393 11662
509 577 16125
188 659 61741
147 272 47096
5 503 39459
586 587 49739
135 671 37577
111 212 26926
9 514 26907
37 430 25942
320 644 67683
541 653 31241
241 278 33000
502 672 26907
91 700 50990
339 729 48415
335 585 50090
91 517 64777
540 732 84309
290 663 16553
348 595 53852
343 558 29530
128 296 174132
157 501 13000
392 600 40447
383 512 40608
404 495 37121
79 730 21213
186 286 46228
458 489 27295
198 655 42190
355 747 49497
124 642 229654
343 376 37162
57 335 44407
182 552 20616
266 606 90272
520 572 22000
550 600 25554
258 447 34132
453 624 46141
371 567 21471
37 379 49204
558 682 34205
627 744 50010
478 559 20396
14 319 43966
203 379 48508
618 749 29069
342 654 108784
399 602 28284
38 271 39825
431 671 36878
381 517 49396
158 461 22361
485 494 32573
92 475 35114
91 522 51010
548 564 15000
304 570 23409
153 441 63198
479 485 20396
84 540 38079
285 666 34132
220 398 13153
202 340 51245
436 595 36401
71 677 30594
238 255 37014
8 561 16279
68 149 19416
911 620
776 905
723 201
514 812
483 157
24 606
363 916
66 594
653 669
791 624
269 134
798 160
256 843
815 570
115 521
277 665
558 92
162 837
852 647
111 792
403 14
884 771
161 135
710 845
689 120
894 512
499 436
145 389
885 620
808 873
260 420
263 491
207 620
916 558
247 342
528 410
535 668
170 797
215 488
573 442
291 553
783 594
527 81
556 560
643 608
730 106
670 47
871 346
596 736
795 495
401 974
130 371
221 468
547 777
292 84
261 305
666 611
879 321
322 752
592 521
663 933
252 435
34 447
585 45
290 119
888 720
958 617
20 406
442 366
664 329
768 295
676 576
579 849
417 518
393 511
107 491
613 822
195 869
228 144
887 608
755 315
898 216
688 194
942 607
267 380
118 559
611 110
754 329
537 782
470 555
531 530
725 526
618 251
990 574
801 395
907 490
661 703
122 292
226 319
378 230
198 560
698 863
244 195
537 588
681 947
142 250
643 787
471 895
704 83
449 380
383 105
795 244
528 516
738 818
987 592
107 325
349 547
84 434
534 761
288 132
577 483
231 588
943 280
996 519
295 795
815 378
985 549
18 378
253 598
780 644
133 527
761 377
107 675
503 315
95 706
120 282
687 592
303 805
521 239
226 102
623 60
162 850
667 554
528 386
633 42
810 463
93 323
573 614
9 422
908 228
477 393
876 666
527 971
785 524
280 578
784 134
577 389
744 714
975 476
398 192
227 364
537 876
285 544
417 317
215 356
387 677
543 5
360 103
387 251
819 445
475 806
538 689
373 576
727 290
466 380
341 350
862 196
892 804
835 678
796 107
442 898
359 507
208 367
919 655
231 408
192 716
499 589
145 685
802 379
716 665
974 507
356 168
457 536
829 165
701 51
857 699
675 157
833 782
785 578
226 378
726 467
346 561
484 745
850 228
578 860
618 135
132 402
293 735
602 138
651 694
469 479
369 82
638 435
615 963
850 262
173 216
369 51
569 207
602 450
105 633
858 752
374 413
219 875
891 495
454 598
129 300
471 10
45 568
31 467
283 933
873 558
284 898
427 105
370 447
920 328
369 610
40 364
881 183
341 262
169 253
917 344
429 43
153 564
643 745
816 178
747 870
374 530
113 377
833 281
314 481
463 965
781 706
869 612
339 525
844 182
247 894
122 208
785 730
660 316
431 271
876 628
245 805
553 548
411 454
411 963
481 820
913 597
808 346
432 214
62 419
139 772
96 276
946 417
132 590
622 700
735 450
239 83
884 344
802 671
505 145
694 782
348 418
748 574
703 229
162 307
163 752
331 41
406 425
387 965
777 861
646 414
448 508
517 32
402 765
596 35
89 219
224 863
250 872
402 864
223 534
597 257
212 687
634 169
302 510
455 579
13 587
565 413
481 571
474 667
645 397
370 766
439 699
357 270
496 400
770 444
196 119
284 503
206 597
802 528
163 435
544 505
559 675
221 133
35 620
399 534
715 754
370 26
769 772
341 934
226 787
336 138
652 147
388 494
683 111
660 655
599 828
70 401
395 92
558 742
297 576
911 333
550 294
233 662
357 901
213 161
308 878
391 799
483 237
769 159
749 637
396 650
204 771
801 364
235 756
217 392
843 282
365 37
762 414
563 184
256 519
210 757
639 942
554 194
737 700
313 459
219 434
734 489
98 409
512 910
756 889
275 62
659 603
254 710
584 195
831 421
267 647
565 836
320 190
496 698
200 233
503 640
832 723
709 366
733 383
911 307
422 211
177 350
179 579
354 675
103 563
374 743
500 46
213 630
293 756
516 269
502 781
82 642
103 620
630 455
625 17
214 119
72 559
561 379
780 569
849 409
295 102
276 245
215 420
418 796
705 636
305 306
269 563
152 596
163 424
574 251
425 735
846 732
524 472
690 618
968 578
830 572
678 183
547 913
554 792
275 542
138 516
413 76
559 512
48 349
558 656
55 712
547 642
914 385
399 888
725 768
442 249
146 308
221 728
607 853
305 70
590 976
153 244
340 819
609 401
233 421
498 27
803 701
873 368
174 773
483 657
254 456
901 632
916 538
514 845
879 438
322 726
450 704
665 774
272 307
327 523
754 734
96 435
490 946
875 684
536 801
538 479
235 779
446 675
731 549
251 103
680 452
523 343
302 341
634 558
713 559
317 773
450 779
235 735
236 468
453 166
740 366
842 814
664 425
235 398
256 472
748 534
237 815
322 631
652 798
516 376
338 759
737 181
627 938
287 482
747 586
704 318
57 404
125 716
91 593
358 378
582 401
436 948
477 118
665 248
271 151
513 186
317 219
695 270
337 369
171 243
494 505
677 391
210 315
635 649
367 336
116 694
521 594
400 854
149 182
598 12
319 108
480 531
290 150
377 217
981 606
383 132
122 537
490 358
365 947
44 441
269 334
677 912
825 588
364 596
833 176
839 489
444 927
385 444
658 863
961 640
291 812
509 887
56 542
888 261
208 218
928 538
952 364
512 410
668 450
562 65
631 484
340 515
450 496
812 249
182 630
554 443
444 40
247 688
255 739
403 157
55 582
846 394
744 851
512 395
441 971
357 572
294 72
740 794
702 255
310 532
754 145
576 12
646 45
233 836
876 396
661 904
351 361
144 296
295 249
417 742
731 561
706 442
569 520
530 8
705 677
503 219
478 176
939 381
343 953
195 309
155 619
866 520
556 537
265 124
455 283
583 652
514 220
227 308
461 998
540 52
803 446
650 435
430 558
485 62
354 390
411 877
777 370
455 686
731 780
798 774
669 759
176 518
458 178
678 687
233 909
834 201
683 529
861 729
380 593
584 255
517 879
100 244
381 863
939 498
263 923
208 284
51 485
536 124
753 685
294 876
874 236
701 700
648 620
707 60
555 480
610 795
13 388
958 557
466 636
109 233
396 812
950 294
662 290
178 501
547 237
526 950
964 598
319 130
345 46
382 160
333 270
328 462
311 836
603 389
829 740
961 449
946 431
853 479
171 629
281 760
683 295
530 229
762 868
476 432
510 452
180 336
472 230
138 696
547 717
903 611
79 740
456 930
885 234
599 238
953 344
501 735
774 265
429 356
348 704
238 551
741 678
220 709
133 239
417 234
846 347
122 257
161 375
780 837
549 952
342 290
880 211
736 118
747 777
906 657
600 152
397 453
251 293
113 641
473 101
485 552
99 469
570 753
71 360
631 809
572 637
733 191
440 199
844 601
934 470
294 777
648 558
638 111
326 811
646 359
575 967
376 431
426 577
345 810
878 580
613 560
124 752
673 521
913 771
99 340
984 533
665 260
612 182
858 207
596 712
207 147
858 347
929 718
110 438
594 651
265 706
597 465
586 623
77 584
670 366
773 212
514 133
93 458
166 185
41 534
685 562
209 645
168 399
892 692
842 707
802 428
