584 1708 11 209
33 452 87144
57 543 36139
87 485 40361
48 279 55731
312 423 26019
505 556 83054
54 150 76531
311 466 12369
171 492 44721
262 500 64885
56 241 30806
536 584 49000
19 243 26870
259 535 57385
2 31 60539
47 568 33838
295 538 51788
85 182 40497
205 482 47074
262 420 64382
213 579 66038
233 301 57280
137 558 36620
143 180 71400
298 327 39661
13 268 45044
343 415 68942
221 447 49477
129 232 61008
98 343 144201
383 392 42059
268 423 41617
108 577 44553
158 333 76059
391 447 43290
459 550 29833
92 125 24698
326 510 40719
23 543 37736
158 389 86701
135 370 17117
26 63 19209
259 334 61984
104 249 33106
401 448 22204
405 503 45044
306 446 56080
300 358 47854
119 175 48549
76 147 59093
25 75 38601
208 575 42202
90 115 45967
165 520 11402
366 504 33377
482 548 79404
85 303 60033
203 296 18028
125 189 63561
471 490 41110
140 261 25179
134 429 18358
280 388 29069
462 464 24759
40 518 58669
105 206 38013
43 213 49578
394 552 39925
273 425 69123
230 479 58592
442 471 62241
54 403 67535
236 548 43681
176 395 26249
51 443 35128
85 221 69231
290 357 21932
339 429 40012
174 496 38626
211 279 18682
18 204 39357
157 306 69814
346 379 36620
258 283 50695
250 369 30610
205 307 47424
458 558 36401
33 196 56859
47 377 32573
83 469 63530
83 122 26571
351 573 22000
111 367 25710
335 532 38210
137 275 60033
137 283 61847
449 473 65437
119 275 35511
160 260 69029
64 361 15297
274 326 31064
99 140 51313
45 305 59076
138 233 37483
249 531 23707
217 485 99730
170 444 17088
213 324 91263
229 327 20224
149 551 58600
368 492 51039
512 531 35468
199 579 62626
12 546 32202
125 126 30414
311 485 66708
288 527 41231
11 554 50695
88 318 26249
76 547 54231
221 542 46098
248 485 83355
380 396 14422
480 539 27019
426 543 73239
361 542 11705
35 73 23259
220 305 55172
314 341 18028
305 386 69814
145 480 41000
215 267 32650
23 376 62936
162 407 36056
180 406 87641
65 151 87464
45 560 89269
317 560 58822
80 583 21541
457 501 33287
54 149 91269
11 542 36620
217 338 51478
118 421 47760
567 578 11662
199 420 107075
172 559 55362
113 444 55326
134 513 38639
159 422 11000
34 101 47381
150 382 27586
382 433 80808
207 408 44407
106 427 17263
310 495 41231
275 344 36346
83 308 67179
236 402 20616
91 152 56754
317 365 23324
196 396 52345
133 183 73600
141 285 32573
42 571 34886
102 420 41049
67 309 53151
306 473 31828
95 418 22561
127 285 74404
90 112 62362
303 447 28443
88 235 31890
163 481 51313
216 407 44102
342 478 21541
348 458 40817
187 343 86770
7 406 14213
383 509 24042
515 556 66098
204 362 70235
42 168 41231
235 283 48466
35 516 18028
374 504 65605
386 421 120416
197 481 17088
217 436 57306
59 63 21260
360 434 40162
171 250 48104
290 583 38484
111 383 55109
248 559 35171
62 541 17205
289 498 45607
265 580 30083
121 288 61400
5 106 37014
200 538 41231
129 568 31145
290 466 47634
401 466 23259
142 146 14213
380 564 56939
402 411 35228
95 337 20248
97 244 20396
289 459 51088
157 354 16031
330 374 127624
173 464 38328
10 178 21024
425 434 48754
62 406 44385
368 452 32802
529 581 20025
139 228 29155
191 362 49649
40 353 31000
24 502 22361
238 530 21401
194 207 72111
107 302 75664
198 520 68029
271 572 51788
286 325 21633
443 464 25710
307 326 39319
30 299 29069
341 435 22204
158 183 93086
7 488 11705
468 507 34176
389 566 86493
300 459 24187
168 483 48703
119 395 28320
364 492 41629
207 460 31906
12 130 42638
308 372 40706
10 259 64008
371 540 14765
79 82 27203
177 320 56719
181 250 26077
46 165 46098
289 514 55902
221 380 60440
96 513 58052
63 105 26926
95 352 34176
148 540 16643
117 346 23431
41 257 14142
78 478 17205
233 431 18028
118 414 36249
286 571 38601
267 527 63977
29 212 43417
42 526 21190
37 572 46840
227 329 23087
323 511 29411
227 546 53759
270 292 33956
501 538 46325
362 412 45277
94 173 39051
199 324 42942
88 463 16643
124 384 46755
217 311 77253
58 513 41110
245 578 87098
47 129 54672
411 440 26420
296 404 34886
377 553 28425
123 189 53226
97 187 28844
72 447 19723
253 402 17117
183 481 76903
141 545 23537
263 405 47434
193 533 12806
103 576 52887
213 477 20518
453 490 29069
254 580 28636
329 546 39560
127 133 27295
332 489 46228
271 471 19235
43 142 15652
35 350 31305
293 485 55471
225 324 60008
346 564 44385
173 462 21541
437 505 75472
51 99 82861
271 490 34928
92 512 58181
209 460 41437
145 461 44045
221 303 45880
376 452 62482
46 52 33242
5 522 47043
246 309 44385
267 365 25632
120 173 38013
254 433 24698
121 280 19416
71 387 30887
368 426 59169
281 465 40311
61 391 42012
133 223 55227
205 442 60033
103 124 22672
403 541 67476
10 469 50537
398 456 34409
292 379 48508
138 432 26476
351 428 28460
309 382 87115
69 427 18028
110 547 31321
458 578 73082
1 52 19723
470 563 29069
309 433 43324
433 499 17029
138 525 37336
317 450 17720
273 330 138438
37 65 136000
144 229 18385
28 149 24839
48 484 23259
402 440 20809
16 183 164201
132 522 55803
1 390 57454
99 261 66400
156 355 39357
217 355 20100
262 579 65803
155 290 52839
242 468 28071
35 545 72422
36 489 23259
392 446 35847
55 393 13454
49 143 16492
6 470 42450
158 202 37000
12 66 29732
167 553 61074
70 316 17889
236 253 22847
188 277 16763
167 577 53600
186 560 100717
217 248 54203
446 473 39446
18 176 36674
194 408 65146
15 118 33121
143 198 47170
247 433 40000
372 449 51000
66 130 23022
422 492 54083
289 527 29120
171 452 21095
223 524 28653
193 288 30017
108 335 28636
321 455 41110
30 503 23022
55 139 27313
10 168 41110
172 248 68250
314 397 41773
247 499 27459
384 436 12649
40 84 83815
193 456 30265
260 324 61522
69 392 49041
179 526 24413
113 484 85165
1 455 52469
53 293 27074
112 520 63655
497 577 48104
95 189 62769
191 204 51245
168 308 44553
326 362 43324
1 321 29000
85 363 25179
43 439 37000
119 344 30232
282 345 49659
50 330 45651
54 492 75073
116 243 31016
147 150 54626
289 408 48600
162 214 28862
177 475 20616
23 117 35057
28 264 17117
140 538 56436
133 172 90078
62 536 53600
335 552 17088
101 286 50990
131 382 13038
212 323 53759
442 572 51478
77 571 35440
43 166 25000
122 301 11000
94 120 38833
348 506 23087
10 494 58941
160 546 63561
66 546 41437
14 97 25710
225 508 68942
235 463 38079
3 368 52202
16 248 70178
184 504 30480
221 554 52631
401 569 33242
388 397 15297
143 454 45277
51 464 36401
224 543 17464
202 328 67119
76 401 42107
300 317 33601
178 308 32573
448 466 26833
23 57 43658
521 569 23087
500 561 83169
21 238 48549
175 256 18868
60 434 16401
47 232 48549
62 403 68447
78 259 74330
307 482 28653
357 466 47074
409 420 62817
313 339 15000
360 387 48270
175 219 33838
95 419 74947
53 485 34670
167 263 47802
14 187 10050
61 379 42059
22 36 54708
185 374 39623
195 425 20125
426 549 61351
174 493 13038
410 414 29017
15 583 18385
393 584 35777
129 536 54129
82 348 68007
375 425 37121
152 465 66483
226 289 57315
176 362 58694
70 94 30887
364 437 32311
132 218 57706
13 568 41110
257 474 107968
469 525 51546
186 565 27893
261 537 34205
336 522 32757
182 363 26571
558 578 82073
41 332 72007
386 441 58421
33 564 44643
96 134 46271
279 334 49497
164 500 20616
202 296 34713
114 577 46174
267 475 26173
324 508 52612
139 393 34015
51 479 87920
315 416 17493
187 415 18439
272 351 45222
257 410 248910
80 410 39661
340 466 13000
60 360 28000
201 315 31016
4 500 29967
92 531 59169
34 65 168074
77 154 34176
306 431 68505
12 185 37108
73 350 25000
161 319 20025
161 470 25710
27 488 27074
37 151 48847
61 292 21541
94 218 21401
274 362 18868
176 237 47854
426 452 64008
298 316 26476
403 492 87573
118 290 53254
101 534 40522
342 461 53600
26 105 24166
255 470 47170
39 96 25495
222 320 38897
201 317 12728
363 419 50010
228 528 23022
34 574 26926
58 189 46174
35 141 78237
251 373 45310
262 561 61587
33 117 44721
261 479 50567
285 576 53235
503 570 21932
216 515 55660
349 449 62936
19 464 41012
232 584 54009
385 460 34132
182 554 23854
482 562 58856
226 358 45011
48 113 108157
101 574 49031
83 178 60166
299 570 38626
195 434 53085
199 409 103000
9 224 34438
461 555 47011
478 484 45651
222 317 59034
431 518 68359
121 527 68542
116 132 46648
270 447 42802
497 528 33956
2 445 24187
16 172 12207
46 230 48466
285 524 61400
147 521 77647
239 574 18439
151 490 65620
16 133 93408
109 419 25632
25 341 27019
53 155 21024
9 530 56727
104 281 30806
261 409 59034
229 379 50695
76 523 59034
417 558 33526
201 450 16125
77 286 21213
128 419 67624
37 56 35511
46 517 25554
82 287 28160
310 581 24839
146 166 24166
225 260 17088
498 514 42485
205 510 45880
228 497 14866
336 354 30083
121 352 66528
205 326 30806
38 88 29069
320 489 52498
461 495 17088
30 360 44385
191 373 62936
321 508 63008
290 297 61911
154 325 46325
49 454 38910
98 330 16125
244 302 13454
211 259 67179
117 376 47854
13 445 58181
345 424 39850
136 545 36069
235 275 48166
37 241 38601
3 27 34670
229 292 54672
335 491 29155
355 559 11180
32 476 41195
20 227 57567
115 321 24331
94 462 38013
373 471 74202
23 144 47802
364 422 37336
70 522 22361
103 516 10198
92 370 32202
96 189 64900
57 298 16155
196 564 36688
135 531 64195
281 531 26476
50 184 41437
208 511 71028
206 335 35735
291 439 35014
32 413 22672
80 414 21378
136 285 50220
270 518 37202
2 430 32450
102 409 28160
31 377 26249
195 399 51088
213 260 61612
8 86 74953
444 484 31906
103 223 48374
51 378 42048
54 252 93172
259 279 60033
112 519 27019
287 567 20025
33 369 91837
200 501 39623
86 96 42720
284 478 37855
205 562 60000
288 408 23707
53 583 33242
83 138 43278
17 79 63348
426 454 60440
121 267 47508
13 47 41725
294 307 38275
149 264 14142
273 375 34000
67 282 58138
312 319 17493
226 459 46573
242 266 42450
84 310 48000
458 582 18028
17 347 74431
199 390 45277
291 330 29120
35 103 23854
276 442 48877
151 572 32000
378 457 38833
553 570 46011
381 552 27893
496 575 53535
132 451 49041
229 354 54562
205 276 55902
64 209 20591
99 538 57306
405 434 51088
245 558 50220
145 525 37202
51 530 41761
461 539 38275
345 386 80654
127 557 30529
52 519 16125
78 211 47707
263 329 66098
333 387 17263
50 374 82098
337 419 64351
75 388 24698
162 272 18868
301 449 65513
2 13 60877
132 507 34000
73 523 38210
26 139 27166
39 135 63891
74 371 43738
38 537 46098
36 472 19313
112 321 12649
189 513 11402
254 502 23345
65 154 55570
235 344 41195
4 575 10296
48 78 37643
491 528 12806
155 485 30067
96 370 68505
284 465 70803
283 463 34482
181 364 53339
184 366 26926
392 449 62650
37 276 43278
137 458 24413
459 527 49739
91 581 64257
78 484 41231
104 531 39825
218 451 25080
218 522 26833
245 548 48877
327 336 40853
376 426 23345
156 172 73164
247 521 48847
66 366 21095
22 489 46043
129 470 45607
99 479 74243
93 502 28018
171 368 37054
212 278 46098
97 208 36359
187 302 29614
18 362 57706
357 499 55579
136 141 31064
32 395 24166
287 347 38053
6 252 22627
51 165 73682
479 517 33242
316 522 28636
247 569 43186
22 320 32558
149 486 33838
488 541 34713
243 462 40361
90 198 58592
163 328 60877
440 558 23770
152 495 42059
328 404 42297
428 573 10296
9 543 49244
203 333 25495
141 576 68154
411 558 39812
145 432 54708
271 442 59933
95 123 84481
236 294 53600
174 278 63008
72 303 12083
334 494 39661
297 421 69065
159 492 58669
333 389 31401
167 405 28018
74 148 33015
332 560 56080
12 329 48765
234 481 57245
221 361 52839
407 515 61294
21 520 73389
282 358 20616
183 557 17493
89 463 26926
311 448 21000
15 290 28018
111 204 44294
8 339 47434
86 313 35228
21 530 51313
258 506 22361
342 539 54644
209 385 17720
561 579 53151
326 476 41110
324 390 43012
23 426 68029
486 547 19925
99 457 31145
196 573 56639
136 328 37802
360 389 43841
437 556 79612
456 533 22804
127 234 56223
332 472 28018
29 323 19723
487 554 45177
206 381 13454
38 318 27166
180 240 21840
206 532 46615
415 500 53488
178 469 46043
167 570 38013
349 544 10050
152 529 18028
165 517 34176
153 269 25612
236 482 59034
62 180 102259
283 582 55660
304 536 55317
186 220 10630
196 460 38000
181 369 33061
430 445 15297
81 505 58856
291 477 33971
101 571 34205
119 417 69871
491 532 31145
308 544 38210
219 256 34828
97 415 32311
111 507 32450
34 325 107019
42 77 27659
192 237 65863
258 322 46487
100 435 51662
192 344 25632
120 298 28160
55 497 30414
177 314 55227
466 569 46239
251 349 50040
254 309 33601
116 451 12207
379 564 63348
192 200 60877
58 75 33971
185 195 49679
3 549 25298
116 242 48166
472 489 29120
19 210 56321
89 258 44045
160 184 53339
131 247 56036
345 580 48374
73 400 55785
53 80 24352
26 393 46400
348 578 50961
86 429 50448
212 322 37014
188 309 64537
351 369 28653
38 140 46957
253 440 32650
114 497 33615
144 379 42190
59 584 57271
262 575 69642
20 263 19698
93 580 34986
32 175 25080
81 150 65605
106 157 48083
296 430 21213
131 521 59816
233 432 46519
170 465 69065
158 481 27659
236 256 45277
412 442 39825
132 468 28071
210 457 28443
338 448 25239
331 551 16125
92 96 79612
267 550 24352
214 498 20248
45 282 56613
379 391 67424
403 536 59093
22 341 30529
219 440 39560
22 435 19416
272 498 26926
115 371 19416
41 565 43932
186 305 55758
153 282 45100
37 359 77987
27 492 42755
201 560 58052
19 266 69814
292 306 76217
200 210 54708
54 81 39205
185 375 35847
44 509 37202
384 523 48847
222 489 43417
153 358 46141
106 507 24021
265 386 76551
139 532 20248
260 546 57559
227 260 51078
144 231 44643
257 441 67882
128 554 58009
469 480 39217
52 230 22804
265 297 53759
294 413 24331
100 341 43012
385 456 39446
56 562 10050
115 508 63325
28 255 24597
98 166 64125
29 208 72339
145 469 53339
191 412 33242
278 496 60216
412 471 83522
412 510 28160
133 524 31321
454 543 91679
102 261 62801
23 231 45343
359 548 91788
88 538 33956
380 447 55471
60 389 66648
181 216 30000
74 381 19723
257 332 83934
20 577 33377
478 535 51400
301 473 68949
329 399 63569
137 417 11180
214 514 45000
3 7 19235
330 343 158373
98 291 15620
248 293 135473
207 456 38328
8 36 89320
232 377 31401
45 186 29547
373 449 87476
180 198 53151
76 448 43382
101 168 49729
29 278 47539
79 348 73246
113 170 50010
256 413 20125
90 240 40311
348 356 18028
89 283 48765
311 340 16553
193 352 53488
147 551 19209
13 423 28231
162 216 26926
218 243 34928
241 276 17464
128 193 59304
189 418 53038
372 544 13454
356 506 14422
99 378 62370
447 518 64125
95 109 83630
367 507 33734
68 105 31064
406 541 38184
191 383 66940
250 452 48384
170 281 62968
24 93 12042
17 107 24042
5 132 31064
233 473 68710
293 410 45222
124 350 34015
292 518 30150
144 327 10440
43 146 25080
30 405 50567
100 429 34176
29 511 36770
71 299 10630
334 574 45188
55 377 47011
456 542 44688
1 519 12042
130 374 30806
506 582 16492
142 166 13038
523 547 31016
182 419 42720
219 253 30083
77 526 42450
17 511 16031
122 138 24187
83 301 25080
284 444 33242
39 370 53600
343 500 84900
362 510 31257
228 532 17088
237 367 58249
103 141 80957
169 277 34928
480 535 17263
219 417 21954
239 494 10050
203 430 29000
87 311 31000
261 493 61741
455 508 42521
241 562 29155
268 404 20616
301 372 73926
165 238 57489
404 445 11180
467 572 26420
199 230 92973
81 159 23345
304 403 12000
421 474 125284
338 436 21024
108 227 60407
240 540 42438
226 514 31780
146 343 78549
422 437 28601
157 229 62482
1 112 18358
69 106 17804
281 512 32140
215 475 28443
10 308 44553
174 261 58464
149 252 27000
361 396 36892
57 327 33287
32 119 31145
253 256 30067
378 443 15297
92 135 43841
121 177 37108
200 266 66731
343 561 48094
169 246 25612
24 297 24166
81 437 30594
483 544 24515
409 479 67956
76 338 47170
402 548 46011
314 320 37216
10 534 51662
113 281 33526
14 302 19647
64 456 41110
263 399 65115
116 468 38210
17 323 19698
6 129 67007
223 576 20224
123 125 41340
110 149 17464
280 397 36235
102 496 33015
126 512 33615
44 383 41110
41 560 100499
214 407 44011
8 22 56754
84 432 46098
42 483 37202
188 246 32016
318 463 34525
46 519 23087
27 403 85235
290 340 45695
108 394 69642
74 508 51420
460 573 38210
97 500 39560
411 548 35014
87 290 49041
110 486 18601
8 313 40804
154 286 43932
9 120 29682
59 105 12530
394 508 25080
72 221 38328
74 552 38328
438 511 61131
198 240 49980
67 424 46755
130 185 36125
86 339 38833
231 379 16031
44 449 79158
11 128 30871
425 566 28862
349 373 80156
49 180 79310
179 251 28018
302 438 29411
299 503 36620
373 412 72125
495 555 36797
49 549 42438
535 539 20396
188 505 94557
150 521 68007
26 206 41000
316 336 11000
68 381 18028
256 294 20518
228 491 29428
150 505 30594
84 353 79057
74 540 36346
423 563 31623
146 579 34205
285 328 64008
499 502 36620
194 351 47854
148 180 49930
464 530 44777
310 529 15033
129 161 24597
50 160 61188
21 198 27019
61 270 20616
350 384 49000
331 547 22804
273 374 10817
163 234 14213
233 306 63781
306 518 58310
282 305 50249
89 322 51546
502 580 30676
276 572 26249
424 580 33106
119 192 26019
33 250 88233
79 212 67119
270 391 33615
399 434 73756
294 326 48549
66 184 22136
406 488 21190
350 523 19416
63 393 45651
15 414 31257
337 352 25962
361 456 42048
124 516 14765
149 331 45277
432 525 32696
166 343 97417
391 564 52469
176 476 46755
308 483 23087
257 565 45277
156 217 33061
35 400 64382
205 241 51478
188 556 26926
305 345 29069
30 71 21587
234 285 56294
108 528 31401
192 266 86331
25 429 55027
207 428 51923
164 208 26077
109 581 61814
420 496 24021
399 405 59076
208 438 25020
441 474 59135
277 556 15620
454 549 21095
274 510 16155
220 565 19000
245 411 25000
106 132 32016
335 394 53009
280 352 59034
305 441 50289
312 470 32650
5 336 42426
123 126 49254
51 517 74061
68 74 27459
300 365 42720
467 490 55027
232 393 26627
176 192 43174
91 465 62650
83 372 67082
392 509 37802
404 430 16401
168 571 26627
45 201 51000
204 367 56613
251 453 69971
158 197 15133
316 327 38210
386 474 12166
92 126 40608
14 244 11180
169 214 42438
174 318 77233
410 474 140943
349 526 37696
170 284 23431
128 352 26571
433 502 29275
210 501 25080
69 383 65391
121 475 29732
487 542 24042
28 73 43829
50 504 17088
150 551 48795
352 418 50249
5 354 22023
174 537 45343
56 359 43186
417 440 42012
209 396 22204
300 550 31064
194 428 42048
259 469 55109
296 333 36401
202 481 33106
75 397 26683
105 180 51088
8 39 131366
169 188 24839
190 269 32249
312 563 17000
434 566 32249
116 266 61205
96 125 82970
299 387 34713
100 339 15264
174 212 85235
179 349 39962
38 538 19799
363 581 24187
413 476 30610
140 537 24331
64 396 28443
342 555 44598
247 357 50606
216 351 40792
25 100 42379
13 312 30887
70 120 37336
3 488 21095
67 246 24187
67 269 14765
4 164 19313
127 524 45541
84 495 49679
358 416 37643
493 496 27459
401 521 36359
319 568 18601
49 406 37537
151 467 15811
194 272 23345
73 255 47096
65 490 37363
210 266 40522
204 237 41617
97 164 34205
5 157 27459
545 563 35468
277 407 19235
309 505 91586
11 487 23087
218 462 44283
171 364 40361
242 367 27893
9 21 86470
179 453 63820
127 183 46755
427 446 40361
245 359 140656
157 446 59439
80 293 28320
348 582 32450
131 150 19313
25 397 34438
465 555 56080
93 297 31064
220 441 26926
155 583 31321
83 525 46530
18 237 19416
239 334 32527
237 242 63411
295 501 20881
367 468 32650
33 376 52402
408 527 38601
124 156 45310
169 269 24021
19 462 47297
91 529 61074
33 573 89202
45 358 52631
494 534 28862
85 353 51088
359 482 45277
275 283 22204
442 510 43738
254 424 43681
79 347 24187
243 451 25632
437 515 23345
238 520 58181
84 461 46819
63 584 38833
157 292 90139
333 360 50359
71 360 49679
114 377 29411
52 390 60415
11 193 57201
416 450 14142
2 47 72780
177 397 33242
407 556 12728
265 421 103769
114 553 10817
126 465 45607
101 325 64777
43 579 23087
34 334 55145
3 49 43000
227 394 81492
428 460 35468
453 471 50249
19 457 50448
237 266 73082
400 470 42059
161 568 16643
28 252 21954
419 554 34409
315 450 26420
54 159 27019
288 533 28018
128 337 24083
91 126 43417
320 341 38053
231 346 24413
202 404 54918
6 304 68352
98 439 48270
197 202 24413
221 487 38897
235 538 34176
60 566 30017
2 299 30610
110 523 38013
449 509 55946
244 438 29530
311 338 40817
59 180 45706
147 547 19000
68 148 23409
234 557 36620
58 134 48795
216 369 26627
168 534 45222
446 449 71344
90 520 33121
245 567 95509
121 193 68184
65 453 38949
342 535 50220
359 562 38079
300 416 22825
172 355 50636
385 398 16125
33 346 38949
79 322 57000
352 388 66000
57 120 31145
349 483 29155
74 115 54203
400 563 41231
190 358 45354
465 512 23195
380 391 36125
377 497 46530
89 212 72863
90 540 44000
84 431 79649
67 153 24042
441 565 26571
215 365 30017
190 226 10050
315 358 37483
31 570 41785
177 280 33526
85 310 46390
269 514 28653
166 439 22672
500 575 38833
225 394 73553
86 134 47011
319 470 27785
268 445 27203
366 374 39825
59 62 97417
78 535 54644
408 533 38897
64 385 24042
390 455 23195
230 409 33541
247 382 57009
69 507 15620
120 224 18028
73 149 48332
87 340 17464
48 104 125000
156 436 52240
31 553 15652
54 304 73817
212 318 85615
275 417 64661
160 477 25807
85 581 34828
259 494 48549
135 249 64661
157 427 53009
196 209 45793
185 399 39825
347 567 58009
284 484 50289
243 266 71694
195 375 24021
349 372 21024
217 559 22204
79 356 74967
398 460 31064
97 438 30594
318 537 49244
362 476 51624
70 298 16401
11 456 50160
152 555 46098
236 307 48826
13 319 34986
145 539 25942
192 395 23087
299 430 42755
57 224 32016
62 584 67007
295 457 22091
156 223 70036
225 227 40460
122 233 50000
365 550 34928
136 563 38639
12 399 47170
68 206 24000
214 277 38118
202 333 55009
76 436 41195
20 108 37054
25 314 12207
40 431 27803
414 583 27295
185 273 38588
104 113 17117
6 255 29682
215 320 48836
24 499 51196
263 577 33971
84 145 50478
204 383 59908
152 310 27659
268 328 27203
48 211 37216
69 111 37483
99 295 19026
119 219 65299
105 148 45793
173 530 54424
199 213 96026
82 347 11180
400 545 29428
278 575 64125
396 564 57983
23 327 48765
130 366 13000
35 124 28160
8 100 53038
160 213 29614
8 435 40249
361 380 44643
169 514 26000
410 421 16031
81 422 24042
284 342 31385
33 351 93301
6 28 27166
109 363 59666
265 345 50249
252 304 62482
232 536 73593
194 498 24698
107 347 91444
257 472 111400
300 450 22204
206 552 24759
259 480 48549
39 86 57140
45 315 28653
74 394 34828
32 176 40262
112 165 63514
40 303 44283
214 272 20125
7 49 38013
153 190 12649
222 365 55471
54 551 60828
177 215 31241
213 439 37216
420 575 44283
357 569 27166
489 560 42638
9 173 19698
108 491 21213
207 398 13454
65 325 61400
75 418 43324
258 582 36497
328 481 73027
183 234 41677
117 231 32388
44 373 22136
118 297 25942
194 289 54129
148 240 39115
199 262 72111
534 574 22847
156 384 48508
41 186 61741
250 364 60208
89 318 35228
358 459 55000
102 493 30000
309 424 44777
30 434 57454
112 115 32249
215 222 48166
107 438 67231
163 285 51430
200 235 28636
175 413 10630
91 123 35341
58 429 47539
331 486 13000
40 447 58600
190 514 30150
73 110 48094
524 576 22804
93 265 24597
328 423 42048
94 522 25962
258 356 19698
494 574 23601
58 418 18358
146 561 40608
368 549 50488
287 348 59228
207 533 44553
91 109 33015
208 278 65460
414 421 34482
439 477 24166
182 221 50567
147 331 14036
553 577 52240
200 344 42438
167 503 26077
21 143 51430
19 443 23345
528 577 27000
109 123 35847
90 371 39217
27 368 51662
222 560 16279
255 400 18385
287 578 27514
50 291 59363
297 357 68118
44 191 56859
31 47 41785
137 582 34015
252 264 13153
107 567 149335
84 85 62290
251 471 64288
322 356 52086
76 384 45706
75 429 45188
107 511 18028
26 532 40497
303 353 21024
229 336 41304
9 454 104805
55 232 26833
431 432 52240
181 515 35693
162 351 44598
20 329 57315
136 423 27731
4 208 35341
271 467 40497
527 550 50160
364 515 35735
392 427 41110
46 112 44147
19 378 22825
230 390 65620
87 155 28160
154 453 29614
51 238 39623
483 526 30676
21 454 79404
79 323 54231
103 156 57000
297 499 61000
324 455 46648
172 223 80523
284 555 45011
46 479 38471
2 570 41629
154 179 48765
294 476 23000
27 541 41183
282 424 59481
129 304 77936
184 546 47424
374 715
121 514
409 481
380 898
641 588
235 396
392 490
737 68
522 577
903 534
683 300
135 716
162 469
358 974
290 131
88 219
469 972
690 736
549 661
184 636
436 586
682 82
553 497
364 137
699 135
283 576
390 452
232 369
467 937
100 567
177 537
673 811
547 418
997 552
186 323
654 35
873 829
530 797
838 152
732 443
537 15
900 611
240 835
780 664
523 98
408 709
192 498
977 393
409 524
118 804
491 654
384 732
242 112
342 360
245 548
843 848
568 538
733 197
311 575
57 606
643 455
340 482
295 561
636 337
937 709
125 744
464 196
307 617
681 625
584 566
95 546
702 398
207 333
302 644
710 172
259 252
921 629
941 404
531 959
265 104
373 336
553 975
824 519
811 415
765 373
790 121
240 161
552 816
547 853
382 639
815 291
856 224
373 129
569 593
719 235
813 157
364 949
156 846
516 733
739 121
964 586
413 811
166 310
942 273
305 586
670 611
452 989
221 634
782 290
255 336
687 662
365 699
944 290
193 557
349 671
599 643
555 462
319 115
642 808
547 561
642 198
799 510
800 259
183 295
835 237
849 264
50 333
696 272
234 463
102 743
340 266
639 619
63 309
767 162
887 193
139 418
642 879
796 486
256 573
488 776
141 387
233 849
413 540
599 510
853 443
242 860
283 306
329 625
251 353
333 284
892 784
829 346
487 189
909 661
243 133
166 253
656 565
15 461
369 359
178 792
212 452
489 296
64 400
373 916
418 664
220 850
137 590
916 573
472 233
934 339
442 402
98 226
530 595
450 830
683 834
683 772
651 162
882 535
866 638
356 583
461 345
743 339
19 368
132 765
99 707
511 71
348 973
453 249
777 211
499 193
757 716
641 782
637 266
528 282
67 669
579 371
30 459
409 587
302 784
582 767
568 122
50 473
74 517
708 701
785 811
283 617
596 306
395 930
618 347
565 715
981 430
494 903
207 798
496 268
627 142
479 321
168 220
582 610
672 866
504 63
697 360
623 94
118 304
537 546
227 722
509 194
201 691
229 584
616 517
390 754
587 467
233 524
759 480
55 389
576 795
722 883
674 725
462 627
970 520
362 604
836 818
635 675
568 642
368 969
692 950
452 217
338 210
141 173
928 243
475 367
843 654
251 380
701 874
391 173
210 380
699 844
527 5
575 887
934 478
221 738
463 773
326 852
166 628
249 367
395 118
604 704
606 167
117 467
471 209
659 442
869 733
505 286
66 727
757 773
612 827
840 801
458 265
449 893
986 448
661 194
912 280
490 144
594 840
919 357
110 377
942 632
581 978
611 251
551 233
289 159
168 836
651 475
244 85
714 830
535 732
73 499
342 127
574 553
102 538
557 158
799 521
377 979
713 403
299 420
464 101
711 522
750 843
872 566
411 200
811 367
240 192
177 442
761 101
692 125
537 123
600 558
577 131
527 824
192 451
660 106
353 695
531 902
477 954
282 746
954 650
755 804
596 520
109 441
178 693
140 844
282 320
608 27
51 528
993 497
249 628
611 558
712 254
219 227
752 113
247 177
698 108
907 386
271 933
617 791
445 123
573 447
543 980
593 920
845 604
214 309
519 329
687 247
732 412
640 566
148 218
583 905
298 179
510 149
814 880
57 578
651 334
741 763
768 348
415 372
597 143
107 755
662 668
440 439
494 343
870 195
345 652
836 585
801 671
72 736
66 693
508 453
202 529
529 672
603 468
639 377
292 627
353 265
741 651
214 260
613 330
421 46
68 531
687 181
26 547
325 745
642 413
728 611
255 539
280 671
663 789
631 365
684 166
605 316
118 672
193 387
262 210
703 891
311 420
104 483
121 613
381 499
455 284
590 262
405 784
287 71
699 926
780 740
690 826
286 100
334 961
546 138
653 877
724 213
758 299
390 845
303 70
380 359
151 443
433 161
49 660
491 469
687 608
546 320
751 153
94 496
749 465
801 460
370 186
70 616
701 86
218 248
403 342
394 955
203 835
686 903
479 53
815 759
526 657
950 345
109 493
714 578
685 408
240 213
785 585
560 136
592 633
460 413
903 690
444 507
322 722
633 296
537 710
628 899
554 182
579 333
855 399
538 615
561 830
520 632
877 300
252 189
883 771
637 647
880 489
206 427
860 716
636 28
734 544
423 34
632 170
714 807
193 813
927 394
442 727
893 452
36 443
775 857
870 589
967 372
213 131
270 325
685 323
388 479
644 56
901 719
224 613
398 410
437 829
960 519
849 383
414 844
224 570
515 261
353 187
353 911
555 738
374 157
123 568
112 788
363 278
595 897
669 635
290 694
758 634
772 767
453 971
880 277
774 200
496 223
426 338
176 308
430 696
681 472
386 716
411 655
293 229
594 586
233 305
93 318
831 473
880 618
579 225
216 603
812 352
479 614
907 254
245 590
627 274
953 547
896 435
287 474
484 800
544 783
876 431
338 639
354 472
662 330
533 529
846 594
164 392
164 730
264 306
734 925
433 489
583 175
298 318
265 634
184 551
730 319
874 356
446 275
34 359
663 909
150 207
611 83
274 885
833 847
177 425
590 406
504 44
42 632
601 979
203 466
295 206
138 552
931 595
860 784
541 329
974 538
385 889
115 324
189 603
607 969
263 833
403 147
792 351
611 893
273 124
287 523
