544 1530 23 128
159 318 39051
215 444 93941
111 424 94372
193 541 88685
18 305 14142
13 367 35014
8 137 28018
14 454 45891
238 271 70036
22 410 85493
368 451 50220
31 233 22204
228 470 20616
160 426 12042
15 231 30083
198 380 59540
167 336 39051
59 387 64133
142 227 27074
105 377 37443
182 302 36014
385 415 46519
277 531 18682
45 520 74431
74 364 13601
95 180 26077
306 500 12000
465 535 83385
359 535 15033
94 536 37643
92 437 64514
130 379 46690
515 528 51894
21 194 69814
355 467 48508
45 461 64405
179 382 50359
396 531 79177
474 488 47676
152 302 78262
316 526 27731
17 539 35171
240 412 62586
315 525 33242
62 433 41785
75 496 47011
283 351 28636
117 183 30232
480 525 89376
114 436 32894
16 233 35171
33 257 56921
109 203 35693
9 535 35341
65 543 50040
76 194 78160
48 408 51039
30 292 52555
205 417 62032
90 525 44598
51 424 25612
39 344 11180
404 467 36014
350 373 45706
312 460 46519
437 468 30232
213 217 28653
121 310 41110
20 40 58523
273 315 48260
133 332 41037
18 280 29682
116 288 31385
396 450 86267
230 405 49769
205 312 84504
244 373 58694
445 502 18000
204 516 12166
115 365 46648
132 451 28302
30 168 77058
129 313 45695
248 497 26420
30 330 91241
289 463 15620
40 248 58138
188 239 57775
36 307 36125
311 448 115745
225 399 42426
120 459 67007
151 368 38013
228 355 57140
201 313 47265
6 524 40311
281 490 36125
63 433 62129
219 354 39000
6 380 95294
178 390 16000
220 482 35805
185 210 29206
397 418 39357
208 264 13342
2 267 47854
37 391 29069
189 280 40224
3 37 20518
66 317 37336
226 347 26249
127 460 46819
108 362 65253
127 507 30480
391 467 36770
413 492 58138
2 324 50249
31 443 33061
57 98 56089
370 459 57009
254 484 26077
55 376 54644
209 362 30083
256 293 66121
20 131 69318
13 527 51884
367 519 30083
259 318 12728
214 418 32527
76 311 82280
395 482 34059
47 520 58009
35 184 67779
298 407 27000
290 320 53740
82 258 30806
138 195 16492
13 511 55218
245 279 22091
178 280 45398
167 174 37363
99 505 90802
30 77 85165
32 81 13928
367 445 46011
83 215 25495
36 503 36674
382 501 42438
55 103 25632
479 522 12649
443 507 36892
521 541 98387
164 241 69065
30 278 41037
36 94 34234
165 217 25179
109 354 21541
181 346 44944
89 175 22023
22 79 34409
283 321 17088
102 479 51088
392 481 45706
285 450 28862
58 226 43932
389 466 63159
427 502 69642
188 234 19235
202 398 22361
256 474 48052
368 424 61660
36 539 33422
175 272 29732
21 374 18788
163 394 27203
15 410 76400
335 440 27586
49 64 33541
48 322 20881
134 221 47539
277 414 41195
503 536 48270
369 457 36401
146 536 19647
210 372 22472
291 301 22804
402 427 10817
35 252 79906
163 403 56921
24 256 31241
154 236 35847
100 332 53226
425 488 37656
209 382 16401
66 456 26077
366 524 37696
38 411 34132
151 523 54342
276 280 35355
216 468 45277
132 424 35228
350 488 28284
154 463 52173
188 530 54129
194 311 24021
215 515 48662
210 489 33422
178 306 19235
3 369 35057
251 375 15524
224 255 41304
107 356 20809
64 175 44598
58 522 45000
209 474 32650
58 187 44045
21 76 61033
139 524 47043
429 455 48826
319 358 29069
339 371 71218
64 440 36620
377 397 100285
85 386 35468
137 245 20616
99 289 33615
105 164 60877
23 42 33838
250 331 41617
423 518 15133
224 465 57201
84 365 22825
331 347 32202
355 391 64846
118 497 22091
49 394 13000
4 378 68964
95 346 26000
17 308 26249
215 427 77833
235 532 42297
99 192 32388
422 436 50249
337 504 55973
93 465 33000
498 513 48010
418 465 62394
31 326 32280
324 339 29833
314 476 83150
101 199 31241
416 494 146250
467 500 40608
221 390 32573
256 501 14866
91 415 22204
312 398 44822
312 538 46043
320 491 57801
307 363 42190
25 452 31401
378 428 38949
10 519 34928
305 470 22672
343 362 48094
326 460 27659
191 540 48052
303 538 26000
59 521 15000
115 213 40311
162 490 66761
318 370 37577
289 400 55317
33 529 42544
330 355 29614
35 422 17493
378 433 59464
388 454 12042
226 309 26926
211 544 29833
268 530 27295
46 320 27459
4 23 60008
143 328 39812
475 497 30265
44 239 185000
110 329 56648
49 440 26833
39 333 33015
56 88 13342
77 168 20616
234 534 10817
97 483 50922
106 315 32202
72 119 28231
67 247 92849
104 224 58694
80 154 47170
75 186 88000
81 260 21471
330 391 67365
40 204 39699
428 498 104005
167 499 52202
276 470 46098
214 457 87618
16 180 43863
128 429 27313
346 393 74673
257 529 38079
19 330 104389
475 482 85959
223 318 50804
92 475 43046
450 458 16971
139 486 15652
33 399 69635
185 394 38471
220 395 29967
119 164 59405
22 88 38013
62 133 25000
96 400 55714
96 352 46098
344 432 48877
185 349 56080
513 517 37537
292 543 14765
41 395 17464
142 351 64288
282 312 49477
280 325 33615
352 400 82201
107 207 24042
345 448 33061
106 273 48083
53 69 28018
197 516 55570
108 209 56294
262 368 19416
212 328 47074
64 299 47885
91 362 55902
25 402 25060
1 454 50210
109 340 37108
190 466 43863
32 433 55009
405 495 90785
7 31 31385
321 493 18028
118 174 11705
201 348 21190
159 365 39661
406 505 21095
307 539 26000
83 196 35805
449 466 57428
5 466 54571
73 172 59135
360 489 12042
190 533 18601
444 448 143673
131 446 43932
469 496 42154
171 214 34670
185 540 61685
79 168 25710
50 196 17464
256 373 57454
427 528 46615
314 327 46098
55 450 82098
166 251 56921
141 329 18385
169 198 44147
123 173 50606
110 454 58600
262 473 31385
398 538 41146
147 214 53085
22 30 71421
119 430 37000
286 337 13416
185 372 31145
223 387 60415
331 409 15811
7 456 10050
135 324 25020
11 177 43267
54 181 22825
108 290 54203
61 92 27019
2 495 74411
98 293 34015
245 298 26306
214 463 81222
216 504 51971
134 280 25495
152 162 29530
85 496 62682
46 491 51624
254 349 16553
117 485 14142
6 62 14318
138 364 25612
35 270 41195
122 482 63953
50 83 36346
83 112 54231
311 523 106217
26 122 28844
7 66 27731
13 148 57000
106 134 56939
164 224 45044
308 434 28320
171 406 29206
88 122 29411
39 483 22204
173 310 20000
85 107 27074
154 289 47011
49 185 46011
238 455 59211
92 211 51430
125 469 31048
20 446 72007
384 416 101213
324 336 33601
101 517 14142
94 225 64846
128 137 51624
125 480 60208
147 369 37014
290 491 73437
160 200 32558
85 334 40000
115 205 59439
7 233 30364
69 157 53235
31 507 35468
61 78 55172
456 507 39623
116 208 34525
303 393 31000
189 276 30463
282 388 34438
165 489 43012
389 431 31016
75 334 43600
60 116 35805
94 238 57306
161 294 66287
148 445 35440
377 384 79429
121 260 66038
466 533 51088
28 447 28425
208 288 23087
317 507 31048
34 250 71868
484 506 37947
159 329 101020
218 413 29732
386 435 36056
419 462 59034
304 317 48466
374 510 11402
419 477 18385
43 205 18111
108 338 36401
172 470 34713
297 348 51624
174 497 29069
177 512 19105
47 516 42720
11 134 49244
130 491 58241
252 412 19313
223 259 38275
278 292 21024
338 474 21213
315 512 43966
207 435 26019
373 488 27731
103 533 56436
136 281 28320
41 476 12042
277 450 48600
36 363 25000
38 53 65924
306 390 30232
12 447 27313
376 431 30414
377 441 30265
65 294 58822
111 295 74250
76 87 70228
465 508 12042
309 479 19235
38 300 65947
78 103 22561
9 255 44385
364 410 66851
45 91 55471
3 535 42485
62 380 95520
264 484 45177
11 297 34986
486 524 55317
120 223 60208
26 314 32894
466 527 59093
113 117 34525
257 399 85212
20 39 42942
175 499 72422
41 216 20025
143 510 47424
66 491 55946
68 365 52154
44 258 248244
2 481 31906
242 375 35128
118 248 15033
142 364 63561
121 183 56851
397 508 48836
4 198 35114
267 481 21541
307 308 14765
63 133 44643
19 161 54626
213 264 50249
271 438 29833
443 460 18868
503 539 15620
91 464 64537
287 340 69260
117 332 29206
212 514 45793
227 410 31623
286 314 100449
38 129 62642
253 532 120768
78 392 33015
379 447 56321
363 399 59211
6 399 75133
235 428 51856
15 364 60083
2 339 57070
173 452 30017
239 258 67897
136 152 70000
6 133 30594
164 526 42202
165 360 40012
102 420 26173
153 357 31890
166 426 43566
248 333 42059
50 194 48600
295 322 37696
41 544 26077
206 435 50249
240 541 46648
43 282 37643
29 271 52555
387 521 59093
187 296 46098
276 327 55109
451 473 11662
475 518 96177
85 155 33422
286 504 52431
57 244 38013
5 486 49649
75 85 59034
124 322 19235
175 383 13416
235 378 14560
464 520 15033
41 170 30414
157 296 70178
125 496 34015
227 278 17493
276 313 71169
255 323 51478
26 56 32757
232 413 72567
15 487 50606
108 419 108467
23 169 44283
9 330 90244
151 311 69376
58 411 17205
249 504 64661
120 342 66400
161 543 38079
371 434 68942
38 341 46228
55 277 80411
351 472 23770
224 535 89067
177 356 37014
185 403 58000
35 455 23770
422 542 71701
209 338 47413
71 379 19000
384 494 247413
6 366 15232
249 300 17205
68 264 37121
339 495 60000
155 386 17692
66 379 68425
299 383 22136
15 22 70725
286 313 75107
161 413 82492
396 414 84006
73 228 39560
84 110 17029
174 333 39217
227 543 27459
33 434 65734
182 523 37643
228 325 42544
196 502 35777
154 214 90272
216 437 50359
45 464 75326
309 534 21633
61 135 56143
74 195 10630
440 506 34059
295 401 38833
197 518 54000
246 353 54589
1 417 31064
333 344 30083
105 316 11402
406 418 37643
302 345 55227
197 423 54120
106 512 26420
405 434 85000
519 527 26173
149 269 62073
153 222 11180
276 297 45177
132 302 22023
36 284 52953
32 378 21024
49 349 24698
24 474 30414
64 166 55606
193 521 55000
116 541 36125
400 406 137768
343 382 45880
59 275 31064
136 490 45706
344 483 29967
91 290 36069
30 227 39925
227 283 54406
328 414 50596
8 128 38833
461 520 37202
40 471 51478
40 333 57035
102 309 44272
340 385 60836
64 335 49010
19 543 44385
82 188 86954
178 358 37696
373 474 61400
317 456 17493
54 538 33734
45 362 48600
12 28 33734
24 382 22136
223 342 45541
260 532 32527
25 427 22204
187 341 40792
285 458 16763
40 423 20125
334 522 33734
26 88 25318
268 490 46390
424 451 28284
148 374 36222
9 391 34205
471 516 31145
89 298 29275
133 524 34015
66 130 71176
265 411 56356
29 101 60828
32 260 24187
284 399 21190
128 503 49000
148 194 67742
498 517 32802
350 462 45453
95 181 32985
379 381 12042
63 260 59808
13 389 48877
272 426 44822
287 520 46174
171 192 58189
145 271 35777
320 385 38833
357 416 55154
260 263 38897
158 508 36892
122 487 78721
25 310 35114
203 385 20248
44 480 48795
153 232 27000
5 230 56719
153 293 31241
176 455 74330
86 467 45222
402 452 31145
240 269 72007
243 453 14318
205 540 98082
82 530 64630
48 414 55227
28 346 43105
418 535 89196
147 535 50636
405 453 32016
85 90 46519
116 149 46098
126 173 34713
184 270 36401
16 31 27203
360 372 22472
69 124 53339
59 144 85212
212 511 35128
178 325 40608
247 381 46690
253 263 103315
319 500 10296
64 272 53600
109 219 36892
162 302 65856
157 250 32802
254 506 17205
242 478 34409
171 505 12000
127 354 39294
57 416 62801
418 508 54037
5 405 29732
146 455 48384
64 383 36620
395 544 26173
120 541 63127
219 446 53339
70 329 68600
27 48 67082
365 417 24515
9 19 89359
24 361 21954
263 532 17804
30 410 30887
211 437 45486
9 359 33000
124 295 26173
28 233 34540
200 432 17263
309 522 24698
9 224 74027
80 221 27659
130 477 87052
197 364 55866
13 514 48374
270 422 33838
458 504 54818
217 489 39850
93 224 36401
325 358 20591
279 298 30000
140 482 37855
358 404 25080
280 390 46098
184 412 83487
47 287 77801
306 319 11402
431 533 62201
468 504 30480
86 236 34205
132 268 87321
67 346 53852
403 478 40706
166 200 29069
182 262 27166
325 355 48836
5 243 24739
210 213 39319
187 409 41110
328 376 57280
114 193 51039
205 217 48010
386 439 27514
13 212 48094
111 368 78588
179 343 23087
103 392 44418
360 540 51865
52 525 70178
340 464 77233
261 339 31257
203 304 15811
238 536 39812
232 294 56045
313 327 37336
68 288 39560
114 144 50000
11 512 31064
163 375 36125
33 307 49930
54 393 20809
295 424 59034
225 238 51196
146 238 23854
158 377 46615
510 514 21471
310 353 34176
365 370 48765
234 347 22204
37 359 29833
97 131 67476
1 110 19723
148 196 42190
188 534 13454
38 201 36359
215 502 61221
127 191 79649
227 351 64777
53 296 33971
25 353 29000
199 380 26571
100 449 10440
411 435 63695
318 329 119331
412 509 34713
106 221 34438
249 396 65299
152 448 108416
46 317 39661
129 337 40262
164 218 71309
19 492 26627
69 296 48508
78 442 45880
361 382 34176
246 263 86267
219 478 67067
343 472 54589
15 197 27659
10 367 46957
252 429 48415
264 288 27586
3 359 37216
144 542 82765
307 434 28636
188 331 45100
361 501 12369
169 498 28460
87 266 34928
20 471 41773
22 122 62241
299 335 25000
257 366 49010
129 300 36235
218 222 39294
57 494 85094
236 306 38419
18 325 29614
73 77 23770
101 380 47434
25 528 46861
352 480 55902
229 449 45880
191 219 58592
12 346 50912
5 190 63514
100 123 20616
61 437 60828
335 506 42579
47 156 30676
261 336 45277
11 356 59211
179 493 23259
231 487 25495
78 285 77801
31 456 36770
42 169 13416
120 387 30414
32 235 15811
14 205 29428
115 417 35000
45 472 57315
198 199 43186
211 482 54083
450 531 39962
191 354 53367
277 328 50606
34 51 15297
99 400 29428
296 341 11180
287 471 53160
42 198 37054
226 234 23537
113 183 14213
91 385 61555
434 495 61131
407 499 82765
150 482 43841
453 529 19313
350 494 47413
426 499 41617
107 439 25060
253 528 23854
393 538 31890
145 176 36139
400 505 117886
51 295 37483
200 344 39812
27 396 16401
260 274 65605
143 212 47802
249 337 13342
182 473 26401
397 406 42426
78 437 80100
436 542 41617
7 447 43000
97 166 31064
303 346 105475
87 111 28284
242 251 42953
145 542 72835
345 523 32249
142 472 56321
98 357 35440
127 304 43863
226 522 36674
385 537 40608
323 492 17720
178 319 17889
202 326 17720
335 509 49649
302 451 16125
104 255 46011
103 481 50990
425 474 18028
109 385 47074
151 182 50220
343 351 42107
347 409 21378
323 413 53310
149 240 56921
181 393 32558
140 170 13000
48 111 52326
27 249 63820
202 460 40162
288 459 25632
321 351 20396
52 289 66038
358 500 34015
137 279 39357
248 518 61612
266 328 27857
236 369 32558
3 147 29547
290 362 46861
152 345 77621
241 430 51923
160 167 31780
199 517 33106
8 252 11402
159 370 16643
267 405 61131
47 461 35000
157 187 72111
57 373 59414
114 270 21401
19 255 72945
283 493 27514
246 253 22361
16 28 31145
180 181 11662
294 413 88865
3 467 32280
444 515 129402
65 283 11402
86 306 22847
111 322 53085
135 497 44822
98 416 49254
73 79 48836
10 452 28443
192 463 17464
48 124 37014
113 332 26401
187 250 60033
26 172 31780
179 301 11000
3 86 38013
419 491 115741
176 238 75664
376 533 49092
328 431 50990
68 213 43278
65 227 51478
102 534 35384
90 356 33015
151 262 38053
65 291 53226
186 480 49739
71 381 12806
118 333 41049
166 432 19105
180 202 36056
140 395 10440
179 321 31401
188 420 51225
150 170 11662
141 346 184003
253 515 54037
37 467 16763
292 330 100245
160 499 45880
80 273 36401
17 279 54918
173 183 33734
230 267 27459
389 511 22361
359 391 21840
111 408 21378
60 208 15811
460 507 41677
476 504 47802
170 476 38210
114 184 46872
246 528 18358
138 472 34928
205 282 52202
90 496 55902
332 485 25318
93 526 25000
158 465 41761
414 531 38626
55 285 77130
89 299 18682
71 130 35341
348 435 53226
233 447 16643
191 312 114070
200 426 28302
8 429 42638
157 401 25060
67 381 48260
243 257 42544
352 525 99725
139 243 30887
248 475 53759
52 315 50695
303 388 57706
214 535 80808
416 430 51894
112 444 28071
332 486 60440
241 357 24597
176 422 70838
372 540 55902
229 519 21024
237 542 138159
256 361 13038
490 530 54231
94 503 20025
105 384 59203
152 281 55154
52 154 59908
212 510 49254
19 292 34234
237 513 21024
4 42 57983
67 379 46755
33 363 21932
402 502 64008
184 240 47170
437 544 51624
170 482 42544
131 483 60133
340 446 55902
251 394 50537
22 56 31257
10 502 71512
63 81 46043
29 438 56886
163 185 18439
104 323 24021
44 420 172525
123 183 51624
70 365 23324
207 297 66008
167 261 33541
86 369 15033
10 126 18682
155 439 13342
276 305 28443
4 428 71589
387 541 76026
131 478 32757
108 462 72732
244 350 34234
177 525 48260
190 230 44102
16 326 19849
265 348 24166
261 371 61392
19 323 40262
398 460 48508
238 438 64288
116 120 49820
51 250 70859
75 102 73410
55 533 58138
137 412 38419
321 343 41629
103 230 64885
204 471 22847
119 384 40447
70 159 45044
102 188 37696
279 407 25632
158 441 48508
82 239 70520
396 458 90874
121 173 51088
245 509 50359
25 246 53339
191 403 56303
362 382 19647
341 411 32062
164 316 54626
17 503 44102
197 231 27203
165 205 28653
423 516 40804
13 445 58009
14 43 13038
13 519 51313
145 237 69405
44 75 96421
375 403 49930
176 271 25179
79 172 55714
158 397 56036
150 314 52479
184 193 37121
284 363 54120
90 107 44553
132 162 52479
415 537 13153
240 509 72250
119 241 43417
133 433 46872
224 526 29155
65 161 27019
126 229 30083
282 538 57201
338 462 50210
141 303 79511
256 294 43290
386 421 14866
46 66 35057
266 414 39294
327 470 55606
96 289 64031
193 275 37643
421 435 42720
75 469 80306
47 471 62968
162 268 87115
63 485 20248
462 488 51245
12 379 48847
97 251 37855
52 96 48260
50 148 47802
129 201 47011
66 447 60415
371 407 65000
342 459 58592
60 149 36069
427 515 68308
229 527 20224
222 232 27313
170 314 58873
108 491 60308
20 287 70605
222 357 26420
54 180 26019
429 536 23770
144 275 61221
308 539 20248
44 186 12042
105 441 17029
301 493 21024
302 473 15620
115 217 24207
137 509 38328
225 380 61057
114 422 45398
225 438 60745
103 190 61392
235 260 26173
287 464 46325
210 484 52173
126 519 30676
196 445 32062
269 509 13454
148 514 28302
425 462 47413
141 388 45607
97 242 63135
458 468 45343
247 477 74706
17 407 56400
34 268 67912
334 479 29428
446 478 42720
128 279 54037
326 443 11180
139 257 34176
250 530 46043
130 419 96104
63 121 56000
34 424 23022
29 145 38910
164 413 64382
193 240 70264
21 143 49578
134 390 36401
367 502 49041
143 266 22204
245 335 60108
113 123 46098
298 335 49041
52 273 34828
174 336 38897
297 435 71512
109 304 27203
191 205 112610
160 333 56143
122 150 37736
421 522 34482
277 376 67082
477 494 88391
138 142 56639
68 459 29732
285 437 46615
297 313 66408
101 438 67941
234 309 20125
64 394 33734
336 497 40050
147 457 59203
2 392 30806
144 436 51010
282 454 41869
29 237 31890
47 197 61392
469 480 54083
461 472 61033
90 125 57983
310 452 19105
405 529 39294
371 495 44181
187 347 35903
100 486 41231
24 209 12530
58 206 23537
389 533 66310
16 202 20396
54 398 25318
60 484 34828
261 499 36056
250 409 40025
207 439 18601
300 337 27893
20 483 35057
244 494 47539
232 293 25000
286 327 93301
175 407 59169
84 417 16492
187 226 29155
428 532 86649
487 518 60216
110 417 28460
201 265 18028
121 353 25962
242 403 39812
23 428 33136
99 463 32650
286 476 69426
172 228 45695
17 128 68118
48 69 69029
129 286 39661
149 484 48042
332 524 29275
338 425 14318
349 440 25179
76 368 38419
449 486 37000
18 276 35511
73 168 29155
30 79 74330
250 268 42012
221 273 35355
89 407 42450
120 288 62394
172 327 63569
432 483 55036
210 349 55606
449 527 57428
291 294 11000
135 442 59034
128 536 33242
136 258 56321
87 408 16031
156 461 19698
2 442 36249
130 247 38275
162 281 37336
274 353 24352
259 370 35355
377 406 142706
23 498 71113
203 320 43290
117 121 56303
22 487 83815
203 317 54231
187 411 48374
87 143 33422
109 127 47074
313 348 42720
466 486 64413
176 542 67417
349 506 29155
144 193 59034
287 446 52154
39 40 67742
81 433 55317
83 502 54571
4 433 22361
290 537 31321
189 297 23345
371 499 43463
27 300 60440
169 199 57428
69 401 35355
216 476 23022
80 390 33615
161 492 56223
131 242 24187
27 53 35777
80 306 40497
45 343 33242
137 252 33242
385 464 84095
320 537 30083
72 430 27785
134 189 35440
1 205 50448
82 490 33106
124 401 29275
262 451 38328
182 345 40012
53 300 56045
89 383 19416
123 229 27659
342 370 12369
75 420 89644
325 404 40311
272 499 59304
74 156 18974
38 296 52498
57 293 58694
206 421 14142
76 111 63655
180 398 34059
40 518 28844
294 501 35341
408 414 45222
77 330 19026
232 256 65307
165 540 80777
61 442 22204
331 530 16125
104 413 48094
149 541 37202
65 493 33000
435 439 14866
177 315 44407
112 311 55036
225 284 25554
4 62 49254
163 251 45277
304 507 54342
141 454 38484
191 460 104652
291 493 27459
56 172 42720
482 487 66641
366 399 68007
77 355 37537
392 442 18028
107 155 19026
246 274 56080
100 113 37014
210 264 64661
73 355 34525
146 429 30806
431 511 14213
172 314 43863
92 135 42544
192 505 63135
298 299 32558
349 484 37121
228 305 25318
311 444 64413
384 430 49649
448 523 18682
365 459 52802
28 95 23022
257 524 48795
154 273 48270
275 521 21954
188 347 29069
266 408 40804
141 318 137528
133 485 32388
291 501 32249
135 475 39051
102 334 64498
121 274 23345
112 215 71701
34 132 40706
101 237 51740
122 314 48765
441 526 35057
59 223 110603
231 518 52839
11 106 49163
324 442 52010
41 140 19799
104 164 44181
55 78 31780
50 112 57009
56 79 33838
169 517 49980
195 364 20396
243 486 35228
72 384 22023
358 467 46043
160 344 51000
94 284 65115
123 449 23537
123 126 33526
334 386 45891
10 402 47508
97 432 20248
204 423 37000
27 69 33242
14 282 38275
267 495 65031
11 207 56080
142 410 12369
64 251 52953
167 333 55946
213 489 29069
357 430 61522
48 396 61717
219 340 12083
211 220 22204
389 527 49163
252 455 70711
51 157 62201
336 339 43738
220 544 16031
374 514 22472
236 457 19105
98 153 14866
105 119 67417
47 74 24352
434 529 84077
194 374 68154
222 413 60828
90 177 42048
475 487 105546
211 475 64622
18 228 25080
253 444 183251
166 272 22472
171 418 42426
285 468 39357
212 431 44721
206 522 31257
422 455 39205
301 501 31623
88 391
537 380
591 837
561 74
578 262
560 136
121 620
336 232
521 841
711 198
717 728
53 631
731 275
98 418
452 622
83 577
426 268
624 721
445 794
355 511
800 328
511 661
562 14
267 756
735 145
570 640
751 514
60 598
401 36
460 711
105 593
630 59
501 217
888 471
313 150
456 208
577 822
756 611
375 473
410 531
594 547
530 25
109 425
882 815
308 687
168 643
374 614
781 454
276 362
826 246
873 468
734 845
767 546
44 533
624 384
542 657
250 888
804 624
150 149
203 302
555 435
566 123
633 118
309 368
378 751
133 645
37 645
152 337
783 523
80 353
72 695
371 962
564 725
382 637
873 719
850 363
542 734
595 397
531 689
672 813
635 72
964 573
831 210
89 361
815 708
625 820
784 387
545 644
350 331
795 750
259 661
538 456
488 933
422 204
41 585
761 885
336 428
305 877
712 932
641 208
461 46
903 652
600 375
434 857
445 960
721 777
788 706
206 733
207 570
78 374
804 407
881 231
642 171
259 129
140 365
182 273
636 137
449 472
382 936
143 242
689 118
554 616
661 213
810 477
836 791
693 203
161 560
374 224
696 593
104 710
293 480
924 452
590 130
672 748
499 439
995 535
337 260
379 661
587 211
580 561
18 411
421 699
763 361
219 99
366 53
381 174
603 864
788 275
228 276
574 584
897 353
995 465
315 866
676 860
789 687
364 643
836 518
509 973
78 308
404 418
395 772
969 479
260 397
430 901
152 409
353 402
435 425
537 714
518 19
580 574
625 946
583 669
686 169
445 461
351 353
357 88
753 752
643 782
324 741
43 559
33 553
926 394
653 162
250 175
242 393
873 807
832 590
889 617
682 714
613 315
211 498
680 927
217 158
855 285
375 645
810 239
434 601
528 62
485 66
372 424
725 630
79 557
200 605
384 561
127 423
809 647
765 699
188 307
261 745
219 375
561 502
734 323
180 370
606 917
826 185
593 527
155 384
364 874
238 550
564 524
690 792
326 864
83 237
475 899
444 143
847 615
423 726
601 711
682 231
569 318
460 593
315 839
92 611
870 620
635 44
658 829
422 12
394 154
942 640
246 222
361 898
281 459
572 238
216 871
350 276
762 99
72 731
448 487
699 551
862 538
299 420
325 229
784 95
256 326
480 858
287 780
555 199
989 591
62 269
654 62
450 395
899 391
691 50
185 320
740 640
750 379
546 333
904 537
290 279
272 146
382 85
361 381
707 823
706 102
181 147
654 702
699 413
432 741
372 278
649 737
974 516
85 454
371 742
466 156
642 459
674 560
312 567
166 300
699 901
233 686
330 774
441 760
291 846
330 785
836 474
790 571
699 698
354 302
332 326
713 561
324 752
925 430
27 490
191 592
626 707
634 799
459 244
446 251
861 638
702 157
879 286
97 502
678 635
601 629
747 796
452 951
146 610
53 278
627 790
195 648
355 736
801 460
435 833
500 414
618 750
96 562
643 648
724 369
25 394
541 753
886 572
618 160
408 474
847 684
308 319
473 434
686 554
219 767
481 391
243 561
792 582
90 282
317 719
380 463
966 393
17 595
867 598
718 650
263 341
212 837
359 716
807 888
714 125
199 550
570 759
776 723
339 887
608 768
554 841
192 408
286 767
269 716
481 208
395 641
100 341
554 150
732 240
880 387
626 835
87 294
437 335
211 396
257 829
792 311
284 424
669 353
466 991
621 40
72 676
476 91
64 685
274 735
339 347
388 976
217 616
802 675
138 212
54 439
689 300
659 782
548 820
562 398
27 521
276 375
577 551
741 501
565 975
69 537
486 149
741 937
814 506
747 167
242 451
583 770
550 272
607 969
381 302
783 403
871 577
433 696
790 614
307 236
386 854
740 417
237 658
300 926
105 365
583 940
124 804
929 649
807 661
304 135
419 549
889 448
225 780
396 409
753 158
595 11
363 199
347 948
690 331
355 421
581 84
465 272
766 673
270 98
599 477
411 92
776 684
288 338
462 961
552 413
107 560
909 229
778 241
284 523
78 620
968 360
638 218
670 452
909 428
716 170
558 241
53 427
335 159
131 619
660 848
658 464
142 309
117 544
346 635
183 802
687 911
301 612
521 933
631 275
582 806
624 494
866 799
609 692
363 552
365 693
915 418
240 770
501 478
606 546
107 797
261 487
852 655
848 850
554 353
543 553
353 476
230 324
622 135
601 218
483 582
232 817
193 396
950 543
160 694
430 816
345 751
170 859
481 331
850 760
471 474
491 10
420 375
622 799
298 770
778 223
423 224
644 517
625 958
266 312
138 580
529 942
300 270
783 318
699 320
734 754
443 11
773 299
818 137
386 573
471 36
434 547
703 232
316 613
162 158
840 651
950 365
589 164
780 792
464 926
685 251
771 115
540 234
900 564
704 431
677 39
628 326
879 626
553 856
386 193
224 656
51 500
435 234
221 451
206 246
294 64
428 753
580 525
