780 2272 28 138
419 769 36401
122 404 30265
55 625 55326
545 630 14142
596 661 31953
179 286 63561
78 230 12530
56 526 31016
107 309 50990
314 379 17692
286 494 52802
424 503 44643
225 436 13601
353 490 32650
53 546 29833
178 234 18868
127 482 23409
87 437 57489
221 565 31305
681 751 33377
146 443 60539
168 500 32062
416 682 27857
145 280 21213
67 378 49820
491 623 69857
566 677 67030
284 705 32650
36 610 44294
607 615 60836
179 243 20616
23 459 41785
22 308 52154
15 463 44045
45 398 44407
345 416 57801
150 204 35000
272 577 25318
71 341 10050
143 392 39850
8 418 40706
65 364 33601
12 689 90089
236 390 70576
106 360 32280
143 165 25000
382 677 27514
483 556 31305
413 625 47424
331 739 17205
39 240 36222
572 776 28284
470 652 40719
529 733 21000
551 661 51546
88 463 50922
237 243 20125
236 372 53413
139 775 43463
433 732 28862
255 293 52086
503 592 67676
439 590 46872
214 586 21000
173 354 29411
337 687 45804
42 640 27785
338 741 39115
517 610 40112
524 718 10198
443 608 33242
31 309 66408
679 709 16553
168 360 44944
538 676 70682
26 183 46239
178 571 34785
395 496 44418
244 461 27203
240 715 22825
191 411 15524
295 548 59000
417 684 27166
132 291 35000
251 611 17464
657 686 33956
4 531 54781
454 563 17692
200 429 19105
80 227 34132
113 779 37014
301 498 72007
10 258 34886
167 249 12166
165 735 33015
397 701 35468
482 620 37483
574 578 199620
115 424 48836
222 735 28018
187 669 35128
463 556 43932
121 526 26173
105 691 37577
162 665 30000
58 150 41437
391 700 42048
39 46 33526
341 420 35228
125 417 28178
63 321 49163
325 690 39850
446 633 50488
134 218 13601
454 637 31064
184 472 37108
308 584 26249
110 713 15033
317 611 32894
379 653 25020
239 408 35114
376 566 34438
309 441 58310
142 652 58549
421 651 23000
721 727 55036
290 476 35847
485 494 48083
335 541 14318
503 639 51039
449 693 32757
172 588 18682
366 771 45354
351 480 55172
88 589 34785
460 721 58189
285 312 32016
397 632 55714
523 684 34438
321 457 13601
65 74 32573
3 427 15033
105 510 27019
599 714 44777
283 561 37483
677 738 74733
115 284 30000
336 622 45695
419 568 20616
209 396 23537
114 131 29682
5 23 47676
415 750 16643
203 738 56798
30 173 34482
62 718 45310
479 568 26000
584 667 19313
513 719 41000
453 696 40804
197 641 21587
164 205 25318
202 778 41485
13 392 18439
332 516 37121
44 340 35341
347 556 24698
55 413 42942
87 410 10770
197 469 37014
145 335 33615
193 476 40706
263 469 29120
233 459 34205
436 709 46325
246 776 24207
192 202 15000
492 498 18000
190 334 44944
9 599 17720
119 212 44777
652 705 60465
116 158 20518
274 461 36000
696 762 36401
305 480 66030
240 700 27785
167 220 11045
212 705 43267
348 586 31906
198 697 51546
25 372 20224
550 706 24207
484 661 54918
309 618 65490
228 709 25495
299 506 57706
400 743 42521
124 571 13928
595 629 19723
148 626 70838
92 235 51624
87 160 42720
171 697 45310
317 697 55866
521 708 22000
160 362 31016
287 358 30414
154 258 32062
343 577 23409
266 365 19647
688 747 43566
139 303 33526
154 322 27893
134 575 31145
74 280 20616
538 546 72035
182 400 56223
310 477 37363
162 547 66708
423 681 47676
611 684 37014
135 651 23195
132 203 57628
502 570 26249
180 266 18385
63 599 36892
411 509 22204
377 707 170848
608 747 40719
136 668 41012
42 340 17000
587 638 45967
447 577 25080
462 753 12728
256 733 53263
456 559 26420
310 360 43012
210 329 90244
632 756 28862
77 591 37216
436 596 56080
314 653 17692
100 399 85440
17 132 14765
203 273 23345
85 717 10440
515 586 39560
512 554 13454
240 443 57983
57 114 76322
410 570 31145
49 559 41485
559 717 31145
88 373 25495
416 614 59414
266 284 91679
193 721 58241
136 296 52173
458 473 26077
29 261 54424
426 718 32696
373 570 33015
20 630 11402
439 725 47413
9 461 49204
323 748 32650
197 297 20248
301 492 74465
499 767 149643
195 757 22361
55 333 38833
437 591 148054
187 356 16279
329 499 16492
317 684 12166
559 564 31765
101 227 39205
62 378 52498
267 406 31064
79 664 29155
32 425 21633
129 173 25456
529 695 31145
198 730 26019
347 589 51894
560 680 20809
67 579 40608
537 657 54918
254 714 49406
554 598 22804
331 472 12083
296 623 24207
6 682 13601
142 493 30676
31 717 50606
484 551 54452
266 674 20125
437 518 20616
186 726 75611
285 767 144848
433 628 44922
279 498 34482
575 654 21190
155 360 32202
14 537 73000
1 202 18111
172 194 17804
58 496 10198
27 445 13038
53 132 53759
163 358 33541
550 780 35511
131 186 49396
568 765 32202
15 763 41000
615 703 35693
79 101 11180
228 377 66370
112 369 24698
107 420 35228
443 700 51478
34 360 40311
234 571 23537
124 297 17029
148 552 44418
446 725 42107
147 618 42059
697 723 26077
113 644 38118
22 667 18439
31 363 41773
95 704 18028
469 528 31953
636 669 14036
421 624 37336
169 435 51430
27 623 30871
188 709 19026
408 685 24331
363 717 17088
280 364 22023
398 422 19235
5 451 32062
226 227 42485
307 722 42059
282 627 31401
70 409 34482
207 452 54406
348 515 55543
248 760 14142
93 386 61131
434 452 75166
375 414 37121
305 428 44272
117 480 50249
250 699 48166
521 609 12530
264 412 30480
148 260 70491
92 212 62225
318 671 16279
124 241 38079
61 576 10817
156 608 41000
128 766 42107
304 663 29833
247 409 31953
442 700 27459
110 709 37947
152 670 26401
581 703 23770
332 592 53367
19 716 20396
138 316 55362
155 477 49244
319 456 32062
26 301 57315
207 719 34785
237 494 16553
110 469 47413
207 513 37643
154 339 28160
54 375 41037
578 604 74733
228 679 16492
405 455 19849
203 535 30414
368 433 33941
563 688 31145
510 632 45486
196 584 22000
89 631 34482
56 597 13038
66 140 14213
519 600 21000
22 332 45222
333 435 56223
44 435 21954
119 681 39294
214 366 25495
699 715 15811
291 475 23087
309 511 43186
119 177 23770
70 337 39560
51 349 23431
481 593 24839
271 291 31780
211 277 30887
11 636 72111
534 657 48083
391 563 17464
572 642 21541
479 769 52000
443 773 47265
215 702 38013
514 524 86023
62 224 55000
714 755 23537
274 656 14318
597 750 16971
127 184 42450
224 406 43139
44 601 12369
403 460 24083
91 714 45011
137 224 34059
103 578 64351
510 691 16553
394 646 32388
70 687 51971
204 496 30463
94 204 42048
249 649 37121
268 544 25710
464 589 14318
173 549 35468
482 654 16643
18 554 17464
220 289 31385
118 466 19235
316 540 32016
211 652 50000
70 731 70491
246 572 14213
196 308 28653
653 768 21932
10 584 37656
134 654 28160
211 387 32894
62 269 57689
532 661 22472
622 663 54129
89 728 17464
217 618 50567
86 441 24331
375 615 24839
412 421 35355
546 752 15524
428 473 27659
452 719 33015
67 370 31906
123 691 11402
248 378 42012
143 655 45793
170 675 10817
720 765 34785
408 581 46174
26 640 43105
13 227 15297
208 471 28160
19 196 22804
270 642 40200
30 90 26306
455 683 30265
14 50 43417
219 672 34015
4 578 12369
269 406 37014
50 696 25612
318 737 28018
208 362 38419
72 413 26019
97 615 33377
120 477 16031
100 617 27459
223 305 17889
85 363 19416
307 522 76531
231 547 80081
423 775 37802
10 389 28320
424 754 65970
153 737 18682
146 683 51478
241 297 34059
256 721 64000
465 708 41195
170 179 34132
414 615 52010
94 557 22847
170 519 22361
215 285 43566
380 698 42544
15 69 52498
440 445 34234
542 618 48918
473 673 64661
171 198 33734
105 277 47011
356 533 25554
549 653 36797
1 340 28844
126 128 25179
385 529 39051
414 455 42107
273 566 41773
104 613 53339
11 98 62370
534 690 41593
354 549 32016
374 776 23431
141 570 20616
341 511 35847
185 511 10817
41 774 41304
514 657 28284
598 710 24083
198 317 26000
111 379 54918
250 484 35847
47 543 25298
182 278 33121
134 381 43658
153 720 13454
414 607 25179
133 579 25554
64 299 30414
315 762 51039
194 742 32558
29 515 54203
323 569 51039
543 659 27785
284 424 61847
506 521 26907
246 649 18028
108 690 19209
191 437 67801
43 445 58796
360 501 25179
41 300 51196
517 722 14142
330 381 29411
121 448 28320
486 638 64622
147 405 37643
257 609 21932
31 618 13153
133 732 23087
57 186 76694
151 480 23000
384 506 35511
512 710 16643
62 137 36401
113 461 45541
309 542 43932
426 612 18028
213 481 26476
228 758 49649
12 492 14560
2 467 61400
383 772 16763
410 437 64257
338 345 39000
80 489 42720
470 493 31257
377 636 252032
136 149 69354
163 192 35777
121 701 41195
114 186 45310
88 504 28636
100 738 32249
91 387 38118
129 362 28792
249 774 23022
60 691 39051
603 747 27019
543 610 31890
678 726 36401
439 692 45354
413 485 44654
342 629 45343
76 763 31575
54 703 46872
283 466 34234
427 709 44553
333 413 42426
35 331 23087
603 606 16155
144 594 23409
17 100 21095
186 459 38897
220 374 13928
160 471 13153
464 706 27203
48 276 36770
338 548 40162
533 641 32650
33 511 41231
144 569 58052
103 321 29833
660 683 38210
176 468 10630
195 694 24839
519 675 16763
282 379 41231
605 737 10050
261 629 28071
313 577 17205
58 204 22804
259 681 60440
320 458 50488
89 353 41773
582 671 47011
93 370 11180
225 469 39812
156 660 60208
34 106 19105
83 335 26077
458 692 51108
488 743 30067
562 635 53759
669 707 72402
256 609 42297
333 689 47170
16 189 24083
326 594 20616
3 78 40817
127 298 14318
386 723 20125
159 756 18358
211 394 56080
206 458 42450
294 517 40706
5 65 33838
175 231 99725
553 562 20248
359 714 14213
102 491 28302
422 753 19235
71 185 40706
148 283 54708
405 670 28160
18 598 28231
205 647 37216
600 675 22627
182 595 40460
259 506 39205
301 435 49041
75 729 108674
678 745 38601
453 762 11045
13 648 41183
562 620 37696
41 650 47434
29 278 43278
135 495 57009
537 555 68797
175 748 173142
228 565 37643
79 420 19105
145 488 24352
141 373 35000
462 646 24515
239 615 41231
338 545 20248
65 693 30806
499 566 119239
447 601 36249
7 642 50990
580 625 36878
178 633 42450
590 725 13601
514 537 53141
593 613 36770
43 255 38910
205 395 37483
467 607 27166
215 479 40608
84 507 23770
149 623 67956
24 688 59034
207 261 36620
335 364 28302
332 394 21000
219 583 18788
11 114 46648
81 315 37590
255 350 19647
608 683 54918
467 670 48662
33 432 26420
262 574 88955
253 321 21095
561 664 36674
25 582 51624
522 598 18788
176 687 24083
45 531 38079
222 648 30265
33 334 53852
72 494 33061
269 378 36715
9 254 41593
715 773 20616
117 383 20881
110 679 28320
432 683 41110
205 604 42048
108 453 26571
108 183 48104
311 773 41725
136 613 80281
187 533 17088
429 520 16553
435 640 58258
14 778 18439
606 700 36056
390 419 34525
5 186 59211
15 324 15652
82 754 32650
130 166 16000
82 592 33601
399 582 58464
181 267 34713
220 236 50567
251 367 15620
40 205 34059
4 103 52802
94 558 25060
544 724 37590
279 766 21471
81 696 20025
678 725 37336
157 489 47074
531 647 29017
356 571 37000
707 758 68884
280 439 38588
175 547 21260
338 630 19235
286 600 54037
126 338 26019
138 746 25456
337 409 48332
268 598 59816
240 773 36056
208 589 34132
51 184 24166
196 697 46325
485 689 31321
398 714 26077
109 525 31321
185 334 55109
746 763 36359
592 754 50448
444 557 16279
207 361 34540
315 340 33015
657 734 23022
379 509 23195
76 746 25000
324 736 66129
42 44 45255
252 632 69354
146 608 62177
530 621 24207
16 48 46098
136 407 76903
576 656 21840
182 357 22204
250 650 68308
307 429 65856
282 651 39825
19 611 39357
425 751 17000
179 409 39850
606 747 37643
161 408 22472
225 241 47676
57 726 25942
659 662 20616
32 472 35693
429 522 59481
258 430 17117
290 371 40311
180 575 62642
209 230 25000
8 215 39850
168 310 29017
39 442 23537
270 419 28018
401 566 95189
380 412 46174
171 433 48042
54 645 36235
206 305 55543
487 593 28000
57 505 71063
69 76 44654
637 700 43829
68 255 50804
143 489 73007
470 770 34205
212 465 50537
415 597 26173
203 677 47424
50 81 19416
161 172 13454
276 441 46530
50 537 57201
99 723 20616
39 700 35609
179 237 25495
525 580 37537
2 615 46098
564 717 29682
54 480 22804
400 541 42190
7 158 61741
1 287 16155
534 630 52469
298 575 24597
77 324 63151
190 311 49497
264 566 53310
192 287 12649
169 272 43566
109 600 42579
352 417 23195
13 655 18788
534 734 38184
105 770 68877
235 539 24352
342 595 43463
144 748 44102
200 520 29069
306 362 29967
251 381 15133
343 777 10770
117 645 43863
137 612 23022
435 601 10630
388 617 72111
245 491 33541
42 183 24739
519 685 36770
161 694 17029
159 701 39294
360 567 20248
126 325 13342
130 614 17029
26 108 34059
335 342 17205
202 248 40522
184 349 37855
12 593 23000
194 588 32558
194 685 45880
421 538 42438
3 188 44102
24 725 18111
94 150 19723
204 265 55444
539 609 19026
551 596 59666
347 483 21024
66 129 27893
489 655 51894
384 465 20591
326 701 39812
59 277 43566
186 508 54120
62 555 26077
124 346 25298
218 503 43012
383 581 31828
20 325 25942
183 453 32802
267 704 21260
103 560 110023
77 504 44204
342 361 14213
252 770 22472
153 418 38079
508 678 59540
228 712 56365
296 440 44822
568 720 20518
302 455 30806
37 353 10050
88 238 19026
402 502 14560
518 768 41773
405 431 13892
665 763 61612
218 639 42012
372 765 22091
294 631 22561
482 575 17088
6 686 65000
360 672 25632
219 366 28302
463 504 56080
553 635 44045
255 351 58000
605 671 28792
177 384 36878
210 318 29206
26 766 35128
377 712 22672
30 727 12530
385 744 10817
468 687 18358
152 405 20248
472 739 15297
151 759 19925
166 658 35114
163 202 32016
385 695 33541
250 344 27514
43 350 27203
57 178 45188
116 246 16155
268 307 70937
48 64 31241
104 200 54644
185 226 39205
30 111 32016
346 633 75166
33 542 47297
11 131 42720
35 139 19416
524 537 39395
299 385 31385
371 421 47127
99 386 17029
40 164 22204
600 742 21213
533 707 49031
608 660 57306
223 480 60729
491 497 97529
381 503 38897
8 479 23854
237 485 55946
134 740 30414
229 430 43139
105 252 70576
735 774 24042
460 550 34205
450 693 47424
649 776 31321
308 667 41231
85 456 21932
72 286 31321
711 748 84900
23 450 53759
510 756 33526
259 384 38601
85 559 28862
18 548 42048
89 307 32650
461 656 32696
437 768 47539
19 697 53460
565 709 42202
11 369 58822
520 722 34670
216 561 26173
86 664 33287
306 706 10296
351 731 62968
213 498 20616
676 698 68007
96 444 10630
75 155 123227
92 493 68622
307 517 42012
368 577 22804
509 768 39051
63 714 39294
339 398 26173
43 497 75166
367 716 31401
408 619 29206
346 596 12042
207 342 41049
205 573 41037
228 713 32802
250 649 56727
59 105 26000
426 524 28160
557 574 36892
7 702 43681
143 735 46141
45 339 52010
223 536 26627
23 288 53666
136 761 31765
427 596 60745
276 309 76322
153 605 17720
514 686 13000
41 648 38328
188 565 35511
216 441 26870
129 140 25456
243 409 25318
263 758 55471
309 341 25060
4 647 52773
361 513 11402
48 564 41146
481 492 12083
180 201 24187
260 552 63906
122 425 12042
152 607 35057
563 637 21954
633 745 41231
252 316 56569
183 762 26571
158 642 25060
40 531 12369
166 741 28425
7 221 48260
481 613 50249
304 336 18000
282 495 68250
159 632 29833
30 66 22472
92 142 62642
453 534 43417
281 701 13153
138 665 67067
165 222 27803
10 723 50478
235 540 85563
24 320 14422
16 385 27803
16 695 22627
311 393 16279
19 317 47802
152 431 13000
244 576 31145
338 416 61008
316 746 48795
314 549 42059
357 400 43012
75 544 65765
60 277 10050
71 101 31906
396 551 16125
35 217 66468
25 236 46840
41 73 34205
8 285 51245
272 368 24597
256 529 43012
22 516 18028
251 503 28178
75 353 52010
415 665 45804
55 621 52631
444 574 28284
264 624 17117
146 190 20248
265 370 11180
336 663 31016
283 626 36346
12 487 36235
573 647 27514
293 350 51894
200 710 45277
235 556 47011
411 627 30480
484 532 41340
118 489 42426
253 656 24597
254 461 47297
210 336 50695
440 764 14866
88 208 37802
454 688 24839
427 551 31401
668 764 40817
19 308 33838
569 756 49366
362 478 13000
328 627 54708
402 527 22136
99 433 36056
529 609 65734
478 780 38288
286 580 13153
540 770 44181
364 513 40311
11 112 43105
642 776 39395
258 322 10296
376 380 54120
51 472 29069
37 490 26627
280 749 24166
121 327 33422
491 662 33615
50 734 18385
239 619 11662
241 469 41037
177 465 45695
298 482 28443
27 43 63632
120 310 35511
355 748 121807
10 697 40050
210 767 43186
116 649 26571
144 756 45398
295 598 61400
310 543 31890
90 111 16031
126 545 21932
260 561 41000
721 780 12042
65 513 37363
65 451 29069
116 250 49396
286 413 33615
530 625 15524
318 767 31401
713 758 18248
156 536 57140
435 447 41773
281 594 32202
257 539 21471
325 545 18248
106 214 25000
182 348 53824
330 523 23770
535 566 44598
583 672 44944
486 771 37443
28 467 13153
203 380 30414
201 349 28636
23 693 44777
38 742 10440
128 292 49980
274 457 28844
34 214 22361
81 762 48104
161 239 37443
48 260 38328
292 766 20616
20 690 43600
4 63 69635
356 641 28862
303 775 28160
382 499 28844
71 227 38013
548 741 16031
34 168 19105
76 316 35440
213 292 22804
42 315 37590
438 520 46011
306 478 27000
134 503 45222
39 484 39115
530 740 29732
20 545 10296
620 654 27459
272 352 47297
32 51 39661
128 554 52393
250 300 56613
208 373 47170
99 171 42521
255 445 61131
152 455 20396
642 769 44385
617 738 34785
212 284 46325
302 405 25000
327 397 30364
401 411 77666
52 265 33615
328 651 43417
388 663 42048
37 631 14866
316 327 64498
29 629 53759
43 473 58009
3 209 31780
135 371 45651
534 696 20591
256 460 21024
149 438 44721
226 648 14036
97 703 12166
93 229 63127
396 484 46530
379 627 22136
645 703 22804
182 541 66008
289 735 22472
355 526 12000
332 616 21095
10 667 39051
319 775 36401
294 307 43566
44 358 18028
183 315 49930
180 349 42720
209 344 25632
245 500 19313
372 605 39459
345 614 45793
316 556 84876
412 624 22804
96 204 55785
130 345 33302
236 399 23431
2 217 69080
25 671 46011
721 733 50804
69 763 31575
125 198 10770
21 495 21541
75 728 47127
630 682 68264
6 614 75000
109 562 20000
541 595 50000
175 634 34205
96 267 19799
197 528 12207
295 724 11314
553 620 39205
32 201 25495
499 677 55902
22 154 20591
142 470 32650
641 707 38079
267 574 27803
206 428 37108
120 353 37336
132 752 51039
91 646 37537
60 644 40262
402 591 49578
376 412 29069
213 766 30414
383 731 35609
476 495 39850
350 473 39000
184 757 46755
394 616 11402
65 449 34928
192 358 31064
358 601 26907
692 749 26077
347 463 39294
346 661 31016
389 430 15620
588 635 44418
278 629 27586
47 245 14213
29 182 59481
416 630 61351
278 595 10198
32 303 27019
106 366 12042
122 674 29275
14 81 31048
417 523 36056
184 331 41049
93 99 58009
66 478 20396
127 275 10440
462 516 37643
15 504 34015
201 674 26420
293 473 38601
33 190 44181
18 126 50220
330 621 28320
63 755 21213
528 641 11180
156 747 36235
87 518 51865
72 485 36014
60 105 46872
116 230 38639
25 399 43139
597 634 30480
109 286 35903
91 462 30265
90 727 18028
345 741 12369
359 422 16971
108 128 36346
368 628 21954
253 457 26000
55 169 34928
418 568 42755
427 436 18028
174 193 32650
125 352 24166
182 515 45122
439 508 64444
185 341 38079
57 234 51088
91 254 28443
577 777 25456
144 323 46573
442 661 53852
443 606 25495
378 555 41037
348 497 66753
365 404 23195
180 298 47802
146 432 38471
2 694 39000
29 638 42485
446 637 64900
227 648 39319
390 642 34132
673 743 16971
137 426 36674
52 269 23601
147 670 16125
156 585 12649
120 490 25612
657 682 66641
33 405 41593
104 512 18788
172 408 29155
75 477 76420
313 732 34655
217 319 64008
501 567 11314
100 475 30083
371 495 41400
46 699 12530
189 299 21541
355 711 39812
102 348 44643
348 491 45607
406 704 35114
98 114 71007
254 387 53009
93 579 37336
189 744 15033
14 555 39925
24 446 42720
635 757 56321
592 616 41437
86 561 27659
294 610 16492
132 676 50010
509 653 32558
208 706 32558
21 476 31048
490 610 25942
105 474 36125
35 757 48104
133 433 34000
29 587 13928
116 344 57489
232 488 31145
419 765 21024
658 729 20809
503 754 80654
490 543 36056
522 710 21932
575 639 63561
176 408 45177
236 776 63246
217 363 64288
252 327 86533
438 662 44181
95 406 32558
288 643 65031
583 771 18248
633 637 62586
473 692 58138
297 571 16000
306 780 29069
483 539 26249
329 388 27857
261 434 22204
423 456 34176
264 376 18974
179 675 41761
104 710 23409
375 759 42000
366 501 15524
171 730 10630
229 370 66708
272 447 24207
453 690 14318
355 634 19105
131 459 38328
135 421 34713
560 666 86313
518 549 19235
761 764 30414
119 259 48836
549 768 41485
332 462 28160
623 662 68015
229 389 47424
172 685 42638
68 731 49396
502 527 27019
271 546 42059
52 181 37054
36 722 25000
117 351 46573
497 743 41976
268 295 22627
26 279 20616
587 771 53712
40 647 28231
385 609 65924
428 458 20616
264 401 42202
592 716 38471
156 223 62434
210 304 47011
66 173 26571
290 538 50249
115 754 29682
77 238 40497
266 639 59481
164 395 30067
347 464 53759
197 241 29833
268 728 48466
75 89 35805
732 760 20000
24 454 58258
262 426 35341
74 364 30265
635 742 48549
68 440 27166
28 670 46271
198 352 26000
468 519 51865
624 651 41146
77 527 22825
630 657 76662
84 689 78492
236 289 30594
574 604 127988
184 635 29833
422 462 28636
306 550 29732
417 621 41146
456 775 11180
107 664 36056
82 652 61717
665 750 54083
328 401 21401
552 695 34785
281 448 26833
119 266 55227
163 313 28844
193 552 41110
369 643 44102
237 689 69635
58 604 67186
578 602 52202
322 339 36620
451 508 41677
414 660 32016
308 332 59908
366 586 39408
1 778 38639
272 730 41183
158 572 20100
63 531 38601
217 467 19235
216 260 18439
73 648 36235
511 542 39560
539 556 45398
578 647 49092
111 314 53413
124 596 32016
32 122 29411
681 775 44944
45 395 54644
288 434 91788
253 274 16125
221 230 37643
359 398 16553
276 717 48000
244 680 29547
242 247 35014
153 767 43081
64 189 19925
308 592 27659
174 552 12166
47 168 34886
56 634 23259
313 777 28284
401 624 39623
298 349 16553
509 627 10198
342 541 13000
548 598 59942
25 605 44407
563 747 40792
229 395 50220
731 764 54672
259 299 54781
219 567 14422
110 225 28653
54 615 46872
34 500 24839
74 451 24083
500 586 31241
573 602 10296
173 314 38275
43 623 85147
112 233 17205
87 570 35693
234 356 46098
307 728 36014
112 131 12369
175 736 114180
222 392 36878
618 670 48010
148 561 50160
38 194 29275
161 588 17493
380 566 43463
486 587 29411
247 668 44944
51 201 28160
103 253 30414
294 490 27295
155 486 117478
193 733 48384
307 631 32016
74 508 52086
140 362 12042
104 213 44777
620 740 22091
633 661 80324
53 538 64133
273 380 18439
234 505 48166
335 513 23409
213 613 54644
252 397 83199
10 154 36674
404 681 12728
245 662 32016
300 649 22825
31 276 49649
7 565 42720
418 767 53310
281 326 37336
370 579 42297
272 628 33956
43 491 110463
287 340 18028
180 639 63655
149 407 21260
135 282 28071
388 499 17205
27 296 14318
540 556 92892
225 709 43046
49 64 16763
177 259 41110
486 672 95189
211 474 35903
102 586 33121
45 755 24207
61 560 41869
41 393 46011
673 692 30150
217 757 80895
263 707 14765
526 634 21471
381 611 24207
111 282 62514
4 321 61660
448 526 22561
178 346 52839
446 454 52240
54 151 20125
409 507 20616
224 262 41231
36 662 48270
610 659 38118
75 120 67417
617 622 25179
117 731 34059
154 667 16125
175 597 30676
650 699 66708
320 725 27857
45 322 54129
562 742 44147
132 738 12530
59 474 17692
125 317 19799
162 231 16763
68 764 17464
49 564 28636
129 354 13454
1 315 28601
166 729 45277
731 772 29547
211 646 42450
137 262 24083
44 287 33136
309 420 45310
493 540 45177
219 771 32802
492 689 86579
70 242 13416
56 750 27313
324 665 49578
33 185 43600
343 601 34132
230 344 44407
285 377 26077
181 265 33601
737 767 35057
402 437 98600
594 711 36674
256 483 38601
569 779 14213
3 551 20591
124 178 38053
92 708 48877
303 739 36359
179 494 26907
180 674 16031
202 378 49041
383 645 39294
301 640 39205
43 673 59093
291 752 29833
448 711 19235
53 676 18028
327 750 46861
303 425 15811
80 655 27785
68 445 48270
116 572 18028
525 625 22825
311 715 48104
574 704 31575
112 459 38910
119 365 38833
49 423 51624
310 490 26627
1 192 12530
199 293 12369
76 556 68264
418 720 36235
422 516 30017
10 196 39925
527 591 30529
288 452 17464
343 447 18028
602 647 21000
244 560 39319
206 320 20125
137 718 50160
271 475 44598
288 638 110549
90 476 63348
54 759 30463
91 753 21587
166 548 41049
579 760 25807
12 84 62682
442 532 35171
157 626 23345
21 290 10050
139 319 30594
311 650 19235
148 290 61392
204 229 56754
106 501 13416
157 271 51624
353 631 11045
295 729 30364
302 432 16401
125 684 16125
75 658 127424
83 488 17000
92 540 68731
319 363 18111
145 364 15652
455 660 48083
285 712 29428
155 672 22361
38 600 18682
231 736 16125
497 673 35805
5 693 11662
461 576 21024
200 522 55579
320 688 58898
535 677 28178
123 756 24083
111 495 51788
212 266 81320
96 557 23537
203 676 35355
48 441 52010
114 505 69318
19 367 36797
150 558 13000
344 396 14036
104 292 33000
200 407 25179
474 652 32388
322 395 42755
2 757 41231
347 403 15811
109 580 37336
296 445 24021
588 757 38013
235 257 18439
382 617 76158
17 291 30871
142 705 27203
614 658 39962
665 746 60877
390 776 48466
372 390 49578
282 328 52086
113 244 37443
30 314 55660
544 729 50448
407 520 31385
100 622 38419
299 744 22136
590 678 31000
423 559 21954
258 389 13000
126 548 41110
20 534 45044
560 576 44407
257 708 19849
177 212 33015
312 702 14142
36 520 44011
57 633 51420
438 623 49497
357 497 45255
79 80 29000
45 63 30265
538 698 53000
239 694 30265
145 749 27313
270 390 24597
160 354 26571
343 358 20518
70 668 37121
91 359 37947
585 608 30871
210 671 41785
83 541 19000
77 736 63411
207 629 28862
150 604 55543
322 430 24597
66 727 32062
293 428 34886
563 603 26420
257 521 17493
96 181 29000
536 747 57585
90 495 55902
475 489 63246
167 374 13416
166 295 49518
40 45 36674
331 757 34482
84 237 15033
109 742 34828
567 672 29069
77 373 36222
12 481 20248
480 645 39357
13 222 41231
166 345 25710
400 497 21024
530 620 13416
605 720 27295
139 739 29017
426 686 126063
123 644 29833
39 532 17804
206 688 54203
159 326 18028
50 534 35440
632 701 38079
45 164 36249
206 536 46819
113 569 39446
69 556 33015
218 575 31385
440 761 32894
546 626 42720
446 745 45793
313 760 24515
78 209 14560
108 766 49578
95 224 24021
508 590 52038
323 560 58009
194 635 33242
82 394 27313
276 564 28018
199 305 27019
537 734 50220
9 274 39459
259 423 55731
285 418 91548
63 457 43658
334 393 40311
434 638 19026
336 582 43382
484 699 27803
382 388 14142
585 747 26401
538 626 79209
305 351 47707
247 507 36139
558 604 47434
91 422 33941
87 354 45044
7 230 64031
469 758 54083
32 739 32985
233 369 11045
2 239 46098
487 507 39357
32 674 30463
569 644 17464
450 719 12207
162 324 55731
398 516 32450
283 664 42426
163 248 23601
167 774 17029
244 779 44045
60 254 60208
256 539 45222
168 543 24352
157 466 32527
5 459 56859
170 337 21095
459 643 46530
242 668 25179
229 386 36715
41 226 43382
268 724 25298
47 659 18868
429 722 36222
356 505 35847
391 637 18248
118 664 27019
687 772 29000
262 612 17720
547 597 30017
127 635 50359
145 232 29000
160 570 44643
284 639 69318
181 204 48795
21 371 41304
226 334 36056
52 67 13153
581 619 27514
391 606 25060
64 423 56569
412 698 14765
261 638 37216
348 357 40497
536 688 35355
240 699 21190
16 552 49254
420 664 31385
113 254 44553
82 616 19799
37 294 12083
442 637 44553
149 296 74216
123 510 15232
313 433 32249
157 283 21954
727 780 47518
148 193 50488
152 414 44418
394 652 66068
17 475 27857
238 504 14765
122 751 21633
105 632 63820
156 759 42450
525 620 22136
215 312 30083
68 351 72007
61 666 46573
371 538 14142
355 448 27803
523 611 38053
335 361 19235
262 704 64405
248 579 23022
102 500 12042
158 230 25298
323 680 43012
48 49 26249
86 107 17889
382 738 77162
486 583 51740
602 604 23022
56 121 35341
110 758 22472
140 478 10296
290 626 60407
381 523 23022
403 483 14560
188 427 44643
57 745 22804
100 143 81492
671 737 26000
213 279 37121
281 711 22136
15 665 57245
330 740 12806
464 550 31145
52 406 23431
426 574 124234
260 441 31401
232 692 18248
304 329 46065
56 327 42450
73 222 13153
187 505 28071
33 302 29069
14 315 27731
220 774 18868
524 686 98250
181 406 25495
403 464 53666
471 570 45011
439 458 57871
523 621 30150
115 652 59008
42 435 55154
33 147 52431
242 409 37643
143 475 66708
365 674 25080
108 325 37483
481 498 17029
619 703 21401
80 118 29614
233 643 45222
695 733 35847
73 735 21213
393 650 10630
284 652 65742
308 716 29411
36 438 35468
493 770 17464
146 773 49649
252 540 39812
358 777 18682
300 650 39560
171 628 12083
293 305 31953
398 755 32650
235 708 34205
656 666 30150
378 579 47508
332 646 35777
605 765 40311
329 767 133180
621 740 31780
557 558 45277
16 64 36620
38 519 31623
6 416 19105
71 420 31623
119 404 29017
224 269 32757
305 536 38639
69 463 32249
573 604 12806
289 774 28231
191 401 92439
58 205 51478
550 721 35609
80 101 24166
515 587 53852
421 698 30000
289 399 46573
75 614 167386
271 626 55714
79 118 16125
95 262 51740
399 622 73593
169 333 20591
13 80 32140
275 635 49649
512 598 19209
594 748 54378
199 351 28178
668 731 63000
315 778 36620
217 670 52479
83 400 27803
86 216 15811
60 113 45607
9 714 36014
174 695 35014
41 249 36878
354 518 44011
23 643 31064
16 260 61270
628 730 12369
163 760 21000
53 752 33302
36 659 39812
190 432 27019
286 675 56356
384 708 34015
101 420 21401
143 289 52154
292 554 40460
303 751 15264
215 769 41869
186 451 66708
85 319 22023
197 356 36235
270 769 13038
650 715 60000
533 669 31780
144 159 32650
122 681 24698
232 743 22847
439 749 31953
413 580 27295
99 133 51923
293 351 38328
591 736 44922
339 516 21024
97 239 12083
188 221 21190
134 330 34540
302 683 34713
373 471 54406
449 450 25179
168 245 32016
185 227 51923
555 778 26870
400 488 30067
525 562 25239
324 504 30887
692 743 20125
582 622 37121
165 392 23601
103 666 23770
90 193 65192
36 517 18028
41 334 40025
395 430 27586
144 326 17804
275 553 26173
195 588 27000
448 701 33302
249 300 31064
277 387 22627
136 440 42154
84 243 10440
241 596 23345
565 702 24021
579 732 15033
263 528 41629
468 685 29428
47 662 23259
617 663 51923
687 731 47854
362 471 27074
62 537 62426
263 641 40447
175 355 52469
123 569 40804
92 705 68469
28 152 34000
183 640 20000
301 689 32202
275 482 16279
176 772 22204
46 240 14560
271 489 28792
363 618 50220
450 452 28231
449 719 22204
2 195 25612
378 778 49820
107 441 20000
136 247 53759
139 217 65765
204 370 57140
312 712 13153
588 694 17889
299 423 54672
508 726 55946
136 487 64070
506 708 20396
474 770 59304
419 479 41725
366 515 48083
38 685 43081
344 484 40792
176 581 35228
149 520 29069
174 733 34482
102 245 17493
7 769 22136
256 403 36139
390 765 38079
386 389 57697
18 128 44181
537 718 34525
169 352 53226
214 500 20224
143 399 57280
380 676 47170
77 141 28302
323 779 42953
374 649 30887
503 716 50000
7 215 35735
297 356 35228
22 339 23431
660 759 49649
220 776 32573
122 365 33015
313 368 29120
466 489 40224
449 513 31113
241 436 43382
288 450 33377
98 636 27019
273 535 17029
367 611 10630
402 410 40706
443 747 43324
74 439 46174
320 439 57689
191 768 25080
557 604 92195
190 393 52773
515 771 46098
73 774 29530
171 723 41000
375 660 43324
138 750 42720
78 188 44418
97 619 15811
238 373 18111
2 607 61351
176 383 29967
261 452 66129
208 464 32249
16 744 26420
418 479 35777
333 485 31401
487 613 54037
679 713 22361
751 775 19647
385 521 65734
519 687 53600
55 352 35171
652 754 50249
28 607 14866
401 651 48754
98 187 37216
219 501 20000
478 727 42190
98 505 31321
163 777 23324
155 310 57280
680 779 43186
191 509 31305
621 625 19416
78 221 34986
377 758 102577
387 646 24166
130 658 33242
470 474 35341
129 160 24839
94 96 35777
482 553 30594
446 678 17464
67 265 24839
151 223 58215
267 444 21840
329 663 30463
391 603 16279
243 507 25612
415 547 18000
151 156 54120
176 685 36125
55 417 34015
271 752 32558
3 396 30529
141 527 26306
162 415 61660
232 749 11705
682 686 52154
463 589 40311
337 519 34655
128 325 24166
46 484 25495
466 664 26306
210 582 64405
193 727 69893
147 542 19235
442 633 61774
279 301 62177
179 337 36715
175 591 159101
560 748 83169
169 447 42048
121 397 18788
268 522 54083
138 327 26401
228 702 49497
247 487 27000
525 530 15811
93 133 17000
544 728 31241
431 670 16492
654 740 25962
35 739 17692
581 645 20616
644 691 24413
92 465 21024
231 324 60407
148 443
510 528
768 771
195 114
505 917
10 581
859 727
931 726
289 128
270 277
630 969
250 588
763 527
106 454
667 125
669 345
888 482
140 633
321 310
91 567
815 340
304 234
513 964
535 781
890 614
175 551
338 721
573 534
336 939
794 244
622 468
506 411
663 564
252 851
527 455
228 754
180 794
402 510
678 744
212 177
748 601
164 484
393 753
196 452
248 184
688 712
255 806
659 390
634 382
79 488
473 433
115 336
878 418
504 620
293 426
565 45
613 853
169 250
426 173
390 140
304 61
69 403
252 154
639 366
477 898
786 223
128 338
380 677
633 165
346 598
717 502
312 490
775 580
487 867
118 796
596 140
736 99
789 736
746 474
766 495
98 484
379 245
419 864
302 553
587 421
715 427
800 141
713 152
139 767
798 270
335 163
552 243
165 326
113 246
68 324
97 278
480 569
677 928
223 327
890 503
744 485
279 826
237 82
183 639
436 149
254 870
707 443
141 553
377 473
801 829
814 269
587 966
362 104
606 929
433 276
788 687
440 633
760 466
526 328
175 832
533 60
523 387
429 108
692 832
294 370
111 592
434 424
136 589
793 196
48 654
590 954
895 469
173 341
395 379
878 305
314 664
47 374
578 97
543 444
775 214
760 114
492 225
819 543
439 45
450 857
656 625
633 521
756 363
253 697
130 236
513 638
603 550
931 657
286 244
194 893
561 663
792 426
803 701
454 74
777 177
454 527
665 56
175 405
215 199
795 550
64 654
788 623
239 837
261 440
362 540
251 359
445 517
811 214
720 328
588 15
421 586
535 306
654 834
328 543
478 382
117 299
353 882
158 508
463 455
698 538
564 912
696 896
812 774
645 347
667 608
897 208
159 437
749 313
431 506
490 512
307 292
722 852
284 366
465 703
214 684
481 406
150 425
931 424
151 264
190 203
514 755
417 937
736 182
775 740
975 598
404 177
508 287
205 600
274 855
893 738
710 412
574 502
406 371
248 902
799 622
819 754
773 567
508 696
69 348
776 815
729 562
748 524
836 804
206 278
795 725
681 51
450 828
573 976
664 850
603 235
845 601
303 538
714 133
475 558
674 708
729 823
340 610
312 556
341 73
264 817
794 672
305 611
161 386
776 625
742 705
356 349
506 158
267 87
330 135
410 718
669 257
607 253
254 246
574 319
696 400
387 958
29 358
767 879
955 328
144 319
485 365
83 292
114 706
101 355
865 693
829 462
238 403
948 408
283 89
424 427
645 424
389 150
369 911
188 567
471 854
490 51
876 277
773 415
463 276
916 775
342 481
163 449
465 988
815 595
816 350
860 469
183 606
462 715
191 789
98 690
325 715
703 845
440 411
625 339
759 651
217 512
637 577
533 412
974 551
492 704
739 219
168 752
332 278
685 489
210 838
702 643
885 767
199 389
847 227
131 466
562 150
308 356
952 616
573 438
523 773
256 105
259 237
394 33
674 111
114 579
453 56
554 86
928 274
995 510
363 392
504 457
347 220
271 458
709 592
433 886
956 551
360 561
85 593
289 216
164 467
707 501
419 896
205 421
751 731
70 629
700 808
655 207
322 838
455 418
415 737
452 678
284 392
170 795
802 186
536 22
699 880
356 860
190 435
299 175
223 879
430 905
766 206
591 440
457 871
504 360
263 878
346 337
227 381
574 987
155 321
856 345
887 634
732 135
794 635
532 590
961 346
902 797
119 387
860 239
936 394
354 364
983 470
434 613
563 282
652 323
224 310
373 166
985 484
249 258
854 671
608 724
781 531
714 632
368 220
217 229
752 745
525 77
292 190
860 583
397 847
945 287
777 95
660 222
527 357
622 557
100 318
239 681
442 546
316 581
796 131
901 223
932 348
313 464
565 573
604 47
24 594
307 395
950 690
888 677
727 472
901 331
311 187
583 374
424 324
524 399
14 390
769 786
478 746
212 703
237 248
615 545
650 587
203 357
374 976
215 463
768 804
856 154
261 741
491 821
353 680
691 431
655 749
625 677
89 271
349 714
575 796
223 422
514 39
463 930
460 955
503 885
449 981
132 528
580 744
607 570
571 406
267 113
473 766
552 949
678 238
319 89
339 193
665 169
708 198
553 264
769 449
571 521
413 579
759 851
471 200
764 179
499 446
451 752
439 185
862 492
785 332
174 848
766 219
918 706
490 638
231 595
412 416
646 226
711 723
276 489
295 953
278 611
427 849
802 472
195 816
294 802
236 584
502 196
310 523
823 320
179 252
388 828
218 584
999 494
271 835
248 882
773 109
381 336
701 126
668 898
598 288
296 576
539 864
883 236
435 122
689 532
166 647
441 908
15 504
309 892
310 217
210 753
843 170
384 536
227 710
616 268
159 676
341 383
17 418
368 443
536 34
756 88
729 862
682 298
363 428
215 165
689 758
712 902
89 522
961 419
530 711
33 454
866 355
626 243
542 175
419 883
652 518
231 814
108 731
96 576
849 425
604 29
98 631
834 187
711 229
750 761
718 340
406 446
157 637
91 417
632 198
92 255
125 224
594 393
336 34
736 409
389 457
592 731
622 408
847 768
976 377
240 890
908 682
396 84
765 134
687 845
805 681
160 175
61 275
418 400
310 70
213 399
183 117
160 363
340 468
456 590
917 570
256 919
307 270
573 667
295 855
323 944
463 512
702 185
537 812
740 62
359 272
250 611
461 37
379 913
712 807
578 44
151 659
272 123
384 515
208 455
165 166
605 708
152 185
926 640
620 702
568 548
601 654
627 262
207 793
339 345
24 375
236 645
31 653
513 574
365 231
917 508
620 481
465 564
375 422
344 413
914 533
310 734
938 326
348 432
809 410
881 246
246 370
389 930
82 574
169 784
473 97
625 803
555 24
440 474
698 945
611 742
355 977
432 338
178 508
727 873
825 689
530 990
400 101
472 603
363 188
186 166
743 563
779 662
721 640
901 308
434 217
859 214
398 407
780 519
289 76
43 508
52 687
245 790
573 604
701 777
265 785
967 522
743 445
641 74
259 73
300 252
343 635
699 931
619 529
936 613
214 903
417 807
494 383
368 531
896 419
974 444
568 812
820 808
353 46
536 366
14 568
611 600
310 368
418 550
10 516
397 588
561 728
246 498
126 541
420 115
447 810
495 923
471 528
685 329
99 504
268 317
919 355
694 701
650 722
492 64
871 769
478 581
67 306
484 251
730 214
760 892
594 268
813 793
175 661
497 30
887 780
816 830
290 164
685 688
341 306
597 424
27 420
450 948
922 667
733 257
208 739
242 319
90 698
533 799
590 841
788 255
132 751
69 699
258 367
406 635
175 364
703 298
62 495
796 583
697 49
936 639
906 475
514 443
373 400
82 632
399 500
429 819
646 332
599 835
596 115
584 691
415 8
461 832
590 56
541 399
853 440
330 184
408 260
267 169
445 90
494 490
813 848
532 632
175 384
342 649
133 517
627 134
364 670
889 656
178 586
971 641
874 198
866 706
498 179
274 922
418 608
672 672
789 606
560 404
809 653
195 417
110 436
385 75
741 248
