646 1449 27 96
509 565 54589
78 179 50000
345 448 40112
51 330 28018
303 379 22023
43 485 16643
22 569 65008
547 596 35014
118 567 25020
98 474 23537
395 605 63953
418 500 50040
608 610 42190
125 197 68118
239 588 53460
385 571 39560
12 570 59666
96 440 21095
27 516 24698
19 194 32802
287 638 29614
235 534 25632
80 393 47518
105 633 25962
194 504 45343
118 481 36674
366 642 41773
181 323 52498
215 347 23259
245 525 22847
56 216 49769
358 447 10817
138 569 28653
373 448 38601
97 521 40497
212 281 46098
280 326 24166
164 403 29069
341 636 13038
188 590 35014
221 249 42012
79 211 39825
359 405 12000
53 529 66483
72 451 41183
507 550 25179
510 590 70328
226 367 50990
276 426 50990
159 626 65924
160 490 41012
187 365 64351
43 235 30480
48 367 57489
216 286 49193
392 483 42953
22 472 60671
493 600 18439
294 484 41773
10 646 20616
46 180 32558
492 612 22204
71 463 18868
3 134 148165
157 504 25179
32 108 20224
60 416 28320
291 420 39459
201 430 41617
514 609 27203
417 439 27731
449 540 36014
8 341 23259
31 323 11000
244 501 31828
288 471 53907
41 512 67476
59 286 33541
302 556 48703
176 384 21401
16 506 21378
139 414 26401
168 372 43278
209 439 32000
190 537 22091
17 175 27203
1 132 18439
295 546 91761
229 255 60465
167 275 38079
169 509 15556
1 306 26077
25 446 27659
175 514 35355
512 632 45255
202 516 54037
6 542 61555
31 515 28844
28 371 33061
230 442 24698
101 278 48166
81 467 21095
87 526 57280
101 460 78313
165 440 24839
348 604 75027
339 584 68066
60 302 26571
151 606 39699
182 206 59540
177 234 52326
298 388 39217
57 576 24042
129 523 61351
329 349 33242
58 204 25495
557 604 69656
304 613 31016
197 613 27803
101 380 34205
29 531 20396
163 440 33526
46 514 31385
461 525 77389
59 501 15524
505 573 47170
83 357 62370
4 373 22825
91 305 54000
246 437 48260
129 613 40361
82 172 66038
205 308 41340
261 289 185335
482 637 16279
136 326 60208
446 600 73763
150 536 10296
371 415 50359
194 200 47096
11 74 30887
338 399 37108
324 387 11705
35 346 17088
77 82 29275
430 475 80802
153 558 28160
66 359 36878
42 359 18439
50 230 59481
346 502 25612
50 295 26173
154 577 24042
193 239 38328
229 464 32573
68 390 29000
371 588 62290
211 628 32249
265 314 58694
56 530 53759
86 364 69635
118 399 16763
55 220 38079
444 471 64885
340 460 17464
292 568 39319
79 628 59682
51 298 47434
115 454 14765
437 645 56143
93 363 69116
22 33 39115
215 230 28601
89 305 24187
270 400 19209
48 226 71253
302 416 30594
402 590 64203
191 622 14866
70 226 65000
46 532 42048
78 207 28178
381 639 28844
205 240 37643
131 617 36222
106 597 15133
219 244 10770
335 384 54037
375 430 80895
256 499 23195
362 367 26571
356 492 16401
125 445 17117
181 618 21954
397 490 53038
502 582 28443
410 429 75166
482 604 50695
40 600 54918
520 524 42059
407 621 28071
330 386 25942
129 304 26019
88 524 69584
463 474 12806
223 243 65000
207 361 45607
566 642 33106
217 623 74967
199 593 69311
248 341 44922
253 591 38079
314 508 13928
37 522 21095
523 613 54708
284 327 19235
508 515 49396
303 351 49729
250 459 13601
263 383 21213
26 433 32202
262 422 28792
137 506 45122
204 450 50249
516 644 33615
426 575 26926
267 333 57140
411 483 53935
103 253 10440
34 101 31575
11 543 53712
163 468 84024
133 198 33838
493 565 59363
17 609 49980
223 478 64070
357 414 29275
122 237 54342
179 598 32016
225 586 137131
612 620 47854
146 642 18601
156 245 10198
169 428 20125
154 555 50289
267 420 42059
406 437 65788
10 188 21840
150 336 30463
380 407 20000
170 173 23022
549 567 85428
6 295 103078
45 419 33526
170 402 27785
182 382 62936
471 482 30414
323 635 41146
377 432 25495
100 307 19105
241 445 18601
120 447 18111
173 460 32249
190 639 33015
76 551 72780
36 220 34015
359 511 32650
214 605 80156
140 150 35014
26 341 42048
110 129 26306
154 294 40460
186 616 48384
101 428 26907
329 479 39560
352 523 42579
123 297 32062
386 608 34366
418 480 56859
274 464 15524
89 536 31321
485 626 45880
50 347 54745
295 633 84172
234 627 23537
43 258 25632
13 183 29069
565 600 67941
152 480 54672
42 57 11314
379 614 23770
25 557 15264
30 557 34015
107 619 48703
389 541 55946
78 508 51662
363 370 34059
160 548 49163
316 569 60465
296 300 24698
266 318 42942
157 184 60877
580 584 25080
276 575 59203
143 290 25495
163 165 33121
492 507 20100
67 369 29428
186 366 30594
165 449 52631
207 331 73164
5 98 47096
463 477 27313
329 418 68154
602 610 40000
500 622 43012
102 415 42190
237 560 57009
382 618 52326
101 385 49649
189 217 51856
182 521 68942
619 631 40804
55 635 40719
444 539 44000
155 621 16643
563 638 74169
131 614 55145
97 543 50000
214 618 48374
277 355 22472
75 550 17720
148 576 78549
92 426 15000
11 480 53814
337 498 55731
305 536 21633
168 339 71281
299 470 15033
315 322 59076
229 285 63032
146 528 29411
298 448 36125
383 395 19105
159 367 35511
122 529 65299
154 640 60083
157 185 25000
484 555 19105
546 563 25000
153 549 20616
14 603 39205
32 478 66370
94 345 49396
293 382 35000
100 578 18788
216 450 27857
133 273 40162
177 598 27659
87 490 35903
237 640 57775
16 552 27313
197 304 26926
292 313 51039
481 632 21190
408 417 23409
31 635 37656
413 608 27074
469 498 51740
186 243 71568
139 641 16000
26 248 35355
221 278 56586
172 217 61008
342 563 27074
339 405 46271
475 502 20000
34 544 30083
411 637 68622
277 494 63063
343 540 38079
172 326 11705
123 589 76158
32 223 61774
19 300 27659
56 197 86313
272 625 35847
352 507 60008
14 178 22672
127 353 33242
166 221 29275
268 333 91236
216 218 19849
556 604 62610
128 379 25020
203 310 38588
167 542 25000
174 229 51478
317 438 62241
190 381 44385
203 434 34928
32 85 75326
229 274 27459
84 174 43932
83 461 24413
458 465 31048
146 343 50210
271 488 36056
149 403 35228
165 478 24352
533 564 34928
99 239 52498
378 616 52086
70 479 49578
511 576 48166
7 403 23854
450 461 34482
225 229 104695
157 391 27295
54 486 18974
285 393 46530
21 352 47802
350 471 76243
220 630 45310
68 452 49204
64 409 34482
58 473 37590
35 523 51225
434 581 52431
202 577 40311
569 597 49497
205 220 46098
317 548 29411
3 141 48600
109 505 34234
526 568 31385
112 441 31385
101 169 39051
376 424 14422
74 116 23770
73 529 26173
145 604 23087
571 590 55471
332 460 55946
432 516 43738
234 351 56321
85 365 24187
227 639 42202
47 563 41340
430 523 59135
12 166 36235
161 552 15811
100 273 17029
189 199 78715
76 639 60803
398 531 41761
376 519 43278
174 285 29206
200 600 48877
61 628 42802
173 402 48765
10 489 32016
255 376 63781
134 372 19313
159 178 81400
460 571 69289
410 441 37656
435 573 18248
1 316 31016
63 429 82620
142 516 24839
141 589 39825
233 546 30017
53 122 76655
27 237 17000
102 588 58822
352 356 47854
137 257 37014
199 227 15620
111 644 26683
311 429 28862
406 429 30232
366 378 43566
147 281 21095
194 300 32757
158 319 22023
231 296 20518
213 279 31623
115 315 60877
169 493 19849
209 373 43324
140 384 24739
288 350 65368
397 425 28160
56 125 78549
65 308 52802
83 414 48466
564 584 36674
332 621 27803
249 340 76609
353 414 31623
404 410 28320
301 571 26907
398 419 52326
182 191 62817
242 337 52479
78 234 52038
467 482 20881
251 375 12083
77 121 68250
247 475 35440
106 562 16125
343 555 62177
49 165 12042
350 538 23601
587 612 28636
69 176 22204
40 166 25495
1 373 40025
61 522 41400
76 213 22672
192 551 39925
91 592 28071
279 543 44283
262 315 63820
308 539 22091
76 227 39319
294 312 34482
607 626 53600
124 131 36235
40 194 47424
62 337 41012
63 158 28601
385 460 82219
522 643 37121
177 368 49366
180 609 50448
207 236 63127
7 164 14213
34 334 35128
198 606 41231
188 496 17493
374 612 56080
110 462 22136
235 357 41231
38 84 16155
397 455 31828
382 513 22825
66 94 31257
290 625 28862
199 582 88323
192 521 84865
296 470 25495
179 234 30463
177 351 30364
119 291 29732
214 635 57385
252 358 39115
50 351 54589
175 487 58523
111 529 18439
44 598 55444
496 646 17029
55 630 26476
121 277 62032
505 553 39205
314 515 51245
81 328 17205
152 213 80281
52 119 12042
293 605 73389
260 582 31828
333 495 49092
222 271 10296
313 412 20616
561 598 41617
63 592 81939
268 420 31305
158 441 10198
546 638 73007
95 558 28284
40 278 42720
142 308 42755
128 368 21095
5 631 67912
235 393 77389
30 604 62394
388 448 42059
196 580 11314
154 579 49041
436 505 34713
71 562 45310
333 524 54918
174 255 27313
539 605 68118
322 406 61033
139 629 23770
297 336 68308
231 300 27659
417 602 26870
109 164 56436
135 585 62201
33 392 29017
278 493 38275
259 387 33734
160 317 42521
6 275 24413
207 601 29206
489 611 48600
328 529 51000
99 442 19105
267 524 41437
144 183 18111
56 527 32202
76 279 11045
132 559 40460
122 468 20000
14 159 82801
99 601 72111
261 595 85288
45 242 37643
327 530 22847
127 393 46098
51 168 65000
450 641 30871
272 290 39294
88 443 66708
246 259 19235
411 597 71386
188 413 45651
429 592 40000
166 278 46098
115 322 12000
349 500 76026
71 569 39825
64 594 23431
263 395 28018
236 331 23537
142 432 38184
73 81 39850
202 640 13454
279 521 65765
337 469 36620
308 444 47413
57 476 45222
154 540 37000
318 476 41593
83 450 21471
396 604 62626
435 436 44643
284 451 24207
162 585 54203
221 380 44045
47 269 99504
500 619 64070
91 401 47539
220 539 32311
153 567 67179
267 520 19026
13 330 11180
46 182 30414
343 449 20224
242 498 45607
145 483 78243
184 391 48466
20 251 66030
53 211 60133
203 361 55027
420 486 30887
459 481 52773
440 468 78588
133 162 53226
269 344 21932
456 639 45880
542 591 43290
96 165 21587
144 413 15000
156 256 21401
258 404 27203
455 494 63411
392 411 16125
64 554 34132
121 520 47011
475 582 20809
99 230 23259
3 589 67052
3 232 119269
456 551 46872
236 321 22804
512 567 53254
125 241 13153
121 524 42107
402 510 27203
185 238 37537
468 540 82219
6 114 85088
17 514 40025
138 209 59682
72 216 23345
251 260 23854
515 630 19209
140 336 14765
509 544 14318
107 175 51108
377 434 44777
156 499 11662
500 603 23854
105 588 46400
296 391 33015
1 345 41725
466 614 17263
386 610 27074
113 399 37537
501 554 22804
32 171 46872
88 360 61984
108 283 31064
207 508 66731
195 623 19235
526 553 32985
20 23 17464
195 280 23259
18 595 36056
85 223 65069
110 304 39051
189 593 26077
258 636 31000
503 644 30265
14 349 81609
143 309 10296
113 517 36125
197 244 70000
206 532 25612
216 461 45880
59 461 46690
13 188 36878
125 550 32650
88 423 11045
83 641 18974
301 385 36892
249 491 120000
309 470 27074
103 118 26401
370 433 51478
269 307 44272
52 397 29017
549 558 28601
262 297 39925
582 593 42438
63 519 72801
201 573 13416
258 341 34540
457 625 47927
112 393 59414
228 572 27785
63 441 23022
420 497 44407
146 547 27514
381 623 42638
349 367 36674
9 222 58600
366 566 42012
431 490 93005
316 474 58052
180 395 40012
408 610 36139
491 570 36014
120 252 41437
335 389 11000
3 564 61855
105 347 25632
343 547 45122
294 434 35468
82 355 50596
168 232 46325
344 423 58138
239 601 58138
35 247 42942
38 174 44102
266 306 23601
231 504 40817
437 454 28018
483 518 26173
492 587 32696
506 547 55172
114 633 27019
214 293 28160
29 264 22472
282 318 59666
198 233 34482
338 591 54644
141 422 46011
60 79 25298
3 580 64514
92 610 51740
36 630 31305
122 171 82024
22 518 41617
252 277 24739
472 518 42012
204 225 45607
133 344 64351
109 160 56859
384 390 36139
2 433 32450
32 208 55946
111 237 19925
243 528 55227
8 636 13601
75 507 11314
182 532 44643
116 182 56080
350 637 71449
276 348 22023
363 437 48332
48 70 79209
102 161 44721
190 421 23601
22 411 45651
9 271 55172
324 406 15232
30 302 56223
233 295 74330
56 219 35128
102 517 48508
94 298 43658
121 494 51039
316 364 87846
166 570 40460
241 374 28792
104 109 11180
65 644 16279
58 535 10296
195 469 28018
338 517 46400
287 295 99765
265 508 62008
317 447 53600
357 525 37216
349 362 19416
562 569 50922
149 490 20881
65 142 35440
120 277 50329
388 439 24083
572 643 16125
335 390 43566
65 471 64885
311 370 34713
432 577 49820
42 576 15033
49 528 69065
49 478 29732
325 561 34540
572 628 22804
294 577 38118
27 111 14560
319 393 48765
66 559 18248
106 350 56080
347 633 34886
29 181 64133
187 223 23707
246 387 33941
278 600 28653
52 130 12083
465 498 28425
170 460 47434
551 639 48104
421 537 22472
192 458 33734
454 645 60008
151 342 30000
204 629 43417
6 167 40817
88 495 72498
131 135 55660
209 472 18601
85 208 38419
426 483 63411
244 554 37216
219 527 12530
171 228 36000
506 555 58600
484 506 54452
91 390 42544
421 465 32202
353 393 58310
144 386 25080
24 596 17029
396 556 27019
164 553 36878
436 573 50000
630 635 33242
160 545 33242
3 611 203062
405 511 22672
89 91 46957
29 192 51624
128 303 15264
501 527 33015
275 427 48795
575 610 54562
369 394 49980
598 627 16155
63 410 26833
225 535 29530
311 387 25612
137 415 48795
376 389 121631
43 441 40262
323 398 44777
62 126 42059
23 201 49930
217 358 36056
292 620 55471
204 641 56036
238 416 16553
353 629 28284
98 477 35609
211 228 49679
372 496 49092
30 446 31064
406 536 48765
13 496 38079
95 320 22627
334 575 49820
131 147 29069
405 564 57489
275 634 92617
118 632 26420
494 497 50359
41 558 44822
151 198 18439
248 626 42426
51 496 58600
44 419 24083
21 435 41037
44 62 56080
417 610 44922
131 585 68884
54 494 17493
280 469 11402
267 268 51624
327 586 34482
53 556 48415
487 500 38053
201 505 41773
130 291 18248
127 473 39560
92 408 30017
78 601 44147
70 152 23537
206 382 39925
41 552 62968
198 585 12649
463 615 19235
48 64 28443
199 381 33121
467 503 29155
553 568 38484
141 262 45607
67 212 28071
343 528 45541
151 546 34234
100 606 27203
276 483 89493
86 619 35000
345 373 21932
374 568 190079
226 479 31064
115 645 60605
334 385 26870
618 635 50010
189 438 48384
23 251 64846
204 535 18111
208 488 20616
35 110 65115
309 391 39408
56 244 39623
45 498 26249
283 643 41049
9 453 56515
402 571 65031
484 579 13000
203 581 45354
122 228 88769
69 150 27586
12 221 21213
260 375 25080
354 466 36056
139 353 29069
44 242 40262
75 125 40000
133 606 31385
305 592 59059
63 84 53263
40 200 37000
134 232 29017
418 622 41400
241 530 38118
59 409 17117
11 97 43600
332 380 18248
185 200 36346
86 93 12649
254 461 68264
499 534 35468
138 316 54120
221 407 31305
425 455 25495
71 477 22847
160 397 39205
179 627 17720
425 545 16279
24 41 34205
224 519 23854
256 485 35000
189 251 47297
195 326 33838
68 389 23195
90 117 44294
271 522 39623
27 644 31048
54 497 38079
35 129 55027
439 472 25807
39 506 24413
183 413 28792
107 631 53712
301 413 42107
128 614 10440
469 537 29206
387 406 25080
107 487 47297
157 238 43290
528 642 39459
364 437 69971
327 451 22361
458 551 34986
125 530 37363
513 521 52469
220 308 33526
108 171 29833
44 179 44102
547 555 66708
15 34 37202
102 371 31305
168 496 61392
242 419 33422
234 598 35228
303 368 12806
36 321 25000
342 578 30676
313 620 24083
205 377 20518
41 566 41049
62 325 54918
324 429 19235
481 512 40804
365 453 125603
288 605 34000
67 281 54120
29 323 60440
69 89 24207
70 110 70661
80 112 18439
190 456 28653
196 584 23431
56 284 48021
234 601 61555
85 488 25318
4 209 52345
547 566 41869
438 447 30806
203 207 47707
43 534 14560
218 586 67676
297 422 29547
152 502 50448
245 499 12649
270 482 24739
427 634 44418
512 558 37736
320 558 16971
455 497 33000
160 425 21213
181 192 24207
186 642 22023
584 624 26476
314 398 18439
9 522 47011
38 376 49366
291 431 22136
225 473 13000
8 404 21541
495 524 69065
257 310 43139
114 295 99020
121 443 12530
168 584 38079
87 431 122430
387 437 64070
285 319 27659
525 607 30806
132 476 32016
360 495 41304
395 609 70767
580 624 15297
479 480 32140
364 631 61131
89 176 12369
210 366 17000
134 611 55036
86 574 38949
181 513 52773
98 631 70214
80 158 23431
292 553 46141
285 464 62434
108 572 37336
297 589 49679
507 613 51196
173 340 25942
307 344 27074
55 214 82710
55 539 32650
457 491 64661
220 321 17088
358 599 37643
442 588 25239
10 496 24187
159 349 50478
5 609 42154
511 564 48010
217 438 28178
331 508 58412
15 509 46065
306 316 39623
53 302 46690
61 643 32311
372 646 36878
165 528 68593
305 406 35355
372 489 24698
288 538 66708
294 579 33287
357 461 69354
487 622 27166
513 618 56080
477 609 40311
388 602 10630
239 442 38275
173 510 72069
152 479 33526
105 215 36056
24 39 22000
445 587 24166
132 266 41437
389 424 107490
143 299 18788
148 262 42107
18 616 43738
567 632 12166
388 417 29547
240 581 23022
2 370 38588
356 412 34132
406 592 57428
286 461 38013
78 265 45804
391 470 30265
416 446 32558
145 348 87658
293 383 36401
329 480 55444
210 261 39357
247 346 34059
150 315 42012
329 362 22672
40 570 36014
254 607 27459
45 531 29155
35 70 19209
154 202 54708
20 317 38471
481 552 74733
172 195 36000
25 565 19235
28 239 42012
38 224 10630
328 604 62968
420 520 38013
583 612 43139
172 599 59034
306 364 82976
162 281 22204
395 538 46861
152 543 61741
252 447 40804
239 371 35693
406 454 63285
81 503 23770
5 107 55000
74 418 40112
264 498 25020
82 369 19026
65 516 34132
161 250 33956
269 360 12530
59 527 33121
93 574 38639
203 312 33242
273 307 10817
65 444 54000
328 396 19723
569 615 18974
444 605 44721
213 502 94868
69 536 26401
279 551 75027
84 319 50160
120 455 47424
151 563 38897
148 511 71568
13 413 47539
47 578 23259
230 588 23087
96 163 13601
55 605 75432
231 391 42297
146 566 41012
84 158 54083
212 443 68877
186 528 48826
200 446 77201
57 559 21932
379 466 13000
275 287 38471
94 448 41437
286 527 10770
5 477 26870
28 257 25495
117 210 21024
212 423 56886
332 407 19925
5 17 33956
104 548 18788
591 634 10630
73 328 48042
106 395 73335
72 586 42202
82 136 21932
47 638 110318
65 503 41773
46 175 22472
264 465 24042
171 478 31401
298 386 58873
53 396 55731
124 147 25020
130 420 37947
238 446 41785
41 117 33121
349 603 67179
400 483 75591
9 184 35693
395 562 75538
317 545 23345
272 299 31385
12 491 75822
141 533 41231
123 140 60033
191 487 37855
90 261 19209
301 608 46648
89 390 26401
254 594 36235
15 544 38639
39 552 34540
26 574 45486
169 544 14318
3 196 60415
101 332 40361
374 587 32573
155 460 34438
178 574 45398
106 538 51865
566 596 26173
323 531 54083
7 526 21587
36 331 11180
8 433 43174
60 238 28284
70 502 45354
97 116 47011
44 265 38328
154 560 65376
48 462 15524
48 554 26000
23 104 14318
427 542 28178
124 162 11045
222 365 80994
455 545 22023
206 263 29428
149 160 36139
261 549 75293
290 309 30265
348 557 23345
244 462 47074
77 212 41725
198 354 49679
439 518 42720
127 274 49649
252 599 10440
311 404 63063
561 617 42202
355 599 35384
4 138 49659
352 412 47802
140 541 57245
471 503 39357
268 431 32016
480 543 16643
79 157 64885
363 433 59481
290 453 50160
306 645 34015
511 533 25318
132 306 29732
283 572 36892
58 225 31145
36 515 43046
87 149 31385
33 483 19723
321 331 15811
103 399 39623
162 423 63891
325 617 35609
50 379 26077
94 559 40497
135 354 17464
126 337 19416
237 529 18682
99 234 57454
540 560 78492
92 575 14142
193 257 40497
144 608 18601
583 620 26401
37 643 42438
374 620 97944
60 157 51088
189 260 35384
4 316 33601
64 254 43012
310 312 11045
218 450 25495
175 182 44272
10 611 50961
84 519 41677
2 8 17000
318 576 60836
273 606 31016
119 397 31953
147 394 55660
90 95 36056
19 491 16279
299 457 38949
262 533 68029
262 282 53759
224 376 43012
21 430 36125
72 218 31257
449 528 49930
403 526 42202
71 615 25962
56 451 56321
322 454 13928
409 554 35014
401 424 35000
136 394 50010
93 364 74250
440 478 13038
193 361 14422
236 240 20396
74 97 50010
413 590 43012
295 466 30000
20 189 73000
38 255 48010
401 519 16553
90 320 33287
102 459 49679
52 291 24352
148 318 57871
516 640 56365
34 385 27203
16 137 41485
354 585 55606
182 513 60926
113 459 14422
393 464 32016
122 560 37590
159 594 34785
253 634 34828
235 414 56400
34 428 19105
137 371 33121
397 497 24166
278 380 41110
259 370 10440
91 452 34986
236 581 28320
161 481 68007
9 290 34205
217 599 51000
384 541 57035
44 398 63198
155 340 39205
148 282 21932
412 583 16125
214 382 29017
145 270 21095
213 543 50090
170 571 57245
377 581 22847
32 37 30000
339 564 69354
18 289 67978
204 586 94726
249 621 29000
127 464 43012
208 271 30083
187 289 44181
401 452 38626
316 615 58241
25 30 23022
126 136 37643
168 624 47424
328 482 42720
147 617 47381
81 482 34828
378 595 59414
400 411 47127
250 481 52802
121 486 49729
446 764
256 680
425 978
474 753
416 624
717 77
161 177
241 672
914 638
614 924
338 481
848 834
584 875
279 587
689 796
797 302
408 591
958 416
887 765
254 228
135 296
546 684
237 232
843 309
725 702
269 633
704 526
739 317
490 357
726 679
539 404
893 546
579 705
719 818
222 389
606 418
911 570
131 762
821 309
826 777
870 288
451 841
175 655
545 302
495 328
435 553
584 23
182 458
879 467
649 183
558 865
269 102
762 598
325 106
583 458
82 471
459 833
41 592
140 501
795 653
888 624
502 266
178 713
187 486
662 523
471 831
462 165
209 873
270 852
237 401
456 652
46 501
688 549
365 496
85 374
355 402
434 166
619 339
803 629
137 681
676 587
438 195
92 553
137 747
968 539
326 642
180 141
463 80
251 837
938 283
209 816
635 780
314 646
502 835
926 249
846 461
364 446
413 671
666 257
546 25
750 824
755 256
834 152
231 219
727 201
514 633
372 591
873 543
221 214
174 433
700 540
149 667
779 206
751 155
338 800
387 487
899 304
823 176
257 101
322 189
391 113
772 522
291 928
522 133
53 398
465 246
60 639
602 170
170 407
280 97
550 156
442 782
546 74
573 971
603 139
454 210
757 313
495 708
86 587
289 868
396 939
672 489
898 676
621 851
645 654
867 370
521 158
363 869
209 153
290 833
592 73
260 406
895 225
761 424
788 887
172 598
834 686
155 696
213 537
244 162
799 264
523 122
838 450
172 186
867 466
831 802
752 98
533 925
741 786
718 929
854 520
403 251
741 930
94 738
416 565
248 849
594 240
262 602
589 299
467 559
478 420
430 523
603 853
879 645
819 706
904 358
944 481
608 903
302 283
410 326
369 508
463 401
696 328
861 745
403 287
478 949
121 394
578 85
338 353
814 742
195 259
733 471
670 392
30 569
665 459
489 515
644 352
944 569
526 759
918 313
822 594
464 137
338 387
503 479
693 213
63 517
342 250
50 532
117 474
620 449
827 831
961 603
923 492
138 770
18 613
253 464
350 363
854 556
49 713
676 236
866 732
544 970
611 95
617 287
155 632
640 415
719 534
791 681
706 291
636 435
40 396
506 292
923 427
121 464
162 596
290 732
202 351
244 608
826 873
791 231
256 294
363 195
837 142
174 527
83 763
189 611
734 342
199 664
273 723
276 307
953 295
360 911
484 544
471 345
582 312
401 776
353 65
302 57
485 13
643 633
952 598
933 709
533 36
44 686
737 63
681 743
369 171
786 792
356 413
424 277
510 140
343 860
899 560
41 446
112 715
107 495
699 69
594 547
988 477
923 671
277 79
108 237
495 506
735 393
652 157
880 717
323 926
543 820
906 693
893 738
672 860
770 644
610 183
144 408
263 816
420 762
527 27
630 481
893 667
703 372
250 736
702 383
106 288
568 369
323 859
447 733
272 194
381 814
133 697
910 265
626 433
326 800
528 404
262 767
532 220
414 255
22 443
690 597
259 476
586 864
617 420
780 851
384 17
684 821
223 896
302 861
461 265
771 172
493 866
764 918
231 651
592 43
831 405
500 29
476 793
228 373
703 192
695 726
255 509
562 604
623 231
148 342
84 616
610 123
390 179
101 333
139 594
330 216
447 859
474 19
688 340
244 493
310 715
366 699
989 527
910 328
219 502
600 191
457 194
276 713
741 284
566 953
485 773
30 369
251 305
125 811
680 445
953 321
627 169
783 833
367 337
474 478
505 541
265 862
703 840
598 841
266 756
556 783
212 896
230 853
861 690
578 676
90 674
504 211
507 560
707 607
268 131
550 365
807 181
631 648
165 798
694 943
174 157
221 680
447 871
268 781
799 845
605 779
157 503
202 701
586 662
119 304
630 863
110 598
791 278
776 674
583 771
325 493
527 318
316 85
429 312
350 938
474 81
137 819
265 159
635 765
772 97
732 804
243 764
171 293
270 58
699 462
283 662
702 406
165 268
153 225
330 759
317 237
558 759
848 482
165 694
685 259
402 107
608 523
51 381
752 696
324 207
516 796
834 425
73 543
26 465
179 834
969 651
331 787
290 154
435 340
932 722
456 368
787 218
757 902
106 533
167 454
446 668
59 682
448 338
622 157
655 589
772 502
431 286
891 694
635 582
537 744
23 625
436 676
236 341
422 807
435 643
859 489
270 438
302 441
839 209
649 609
596 715
763 362
189 646
343 100
361 545
964 564
589 944
215 133
898 777
91 346
754 771
340 115
433 14
593 912
290 121
470 320
166 608
323 543
144 486
248 357
670 564
831 711
187 218
801 323
93 366
581 374
730 775
678 965
432 888
878 221
454 467
447 582
563 420
691 505
743 209
570 718
158 783
354 84
402 460
913 591
190 349
394 71
171 575
140 182
111 485
876 398
714 552
43 434
510 353
473 535
428 913
179 641
32 587
281 828
408 304
543 590
608 479
798 424
263 919
759 122
316 432
727 789
276 171
626 69
841 361
248 211
915 230
68 369
426 386
808 277
148 214
158 468
776 376
724 628
712 710
898 253
468 813
754 489
564 233
498 635
619 45
460 927
722 721
868 329
848 177
113 198
481 683
862 776
692 878
868 580
183 265
307 608
645 790
436 840
738 431
563 33
763 375
486 957
659 436
253 329
103 302
496 934
566 89
12 476
61 359
699 238
361 958
643 904
802 127
211 788
288 305
202 504
960 380
842 326
516 648
588 267
366 205
772 767
662 329
564 790
303 556
668 656
564 531
562 47
189 550
632 836
455 608
596 814
628 973
73 333
143 377
605 160
463 677
950 373
554 192
497 431
326 607
82 286
797 873
358 518
394 304
501 960
951 678
202 602
594 282
854 598
64 596
578 432
350 640
846 189
734 176
810 120
546 441
230 664
633 612
693 40
391 353
742 481
86 571
882 359
876 594
674 534
386 763
594 929
