881 1844 11 242
389 526 20125
371 404 18682
529 689 22204
656 756 16553
441 542 24597
459 618 43566
213 351 17493
467 599 59034
138 375 35468
218 811 29428
245 724 23087
5 598 28018
12 578 16279
360 838 28160
664 672 36346
288 431 17029
689 693 38184
640 723 24739
1 295 20396
28 354 61587
104 393 33838
480 640 43966
6 202 37000
430 685 29732
372 487 12806
701 759 49092
211 879 35847
87 344 19416
87 474 24331
670 684 54120
306 766 30017
422 708 11000
143 852 53907
223 479 28231
332 509 29833
444 470 43738
401 583 43105
41 187 41617
490 579 23022
244 851 38471
243 274 36056
80 481 74653
73 843 26401
182 343 38949
21 41 51856
64 522 24352
325 331 33971
475 490 19698
18 33 28844
373 417 72719
606 820 22023
797 799 21260
100 510 40224
154 767 21471
481 862 67897
836 856 43081
545 684 38118
160 437 30529
86 837 37000
151 665 17029
181 546 20125
217 770 12530
652 790 62169
612 622 26870
738 744 26683
511 876 85983
251 719 14142
162 867 27166
221 240 28792
128 156 34059
25 759 32062
27 222 64327
592 601 31890
551 792 45222
16 319 29017
480 731 18028
110 857 19849
54 649 27019
90 257 15811
675 829 57315
508 838 11662
475 811 11705
428 793 48052
248 378 26019
190 650 22361
51 631 12530
577 823 37590
386 563 41110
119 811 31016
329 588 55902
360 526 20248
77 635 12166
153 860 24739
396 454 14560
143 478 31145
469 562 40050
403 419 32016
296 379 20809
549 634 20224
313 594 30594
34 267 11045
290 312 69462
540 821 42190
672 807 22804
390 563 59076
332 658 11705
277 628 50695
512 810 10296
699 779 27459
100 338 20809
751 846 17088
664 683 44385
676 850 34176
203 388 13416
365 444 44553
334 523 34132
631 717 21954
287 612 25962
53 871 16492
173 840 17493
7 401 21213
91 327 24083
235 714 11402
355 390 58181
46 775 10817
212 331 37947
347 442 22361
704 724 32016
870 881 39115
420 608 44911
343 460 41110
272 424 30806
566 858 38328
351 380 65803
107 536 34176
85 591 22672
61 681 52086
47 418 94244
164 420 64537
237 703 11705
47 718 46872
352 560 19235
324 404 43566
468 802 23345
33 445 23345
61 147 64514
7 234 48021
276 541 29155
156 544 44598
420 511 79025
763 795 37162
16 727 41231
222 652 39459
308 657 41110
256 679 60033
252 345 27857
229 851 33526
141 624 45453
219 715 46872
298 575 33121
396 456 13038
563 771 39560
408 864 41049
430 471 14318
152 259 20591
19 384 36249
106 398 35014
197 211 39699
28 589 28653
185 847 34000
76 445 21954
105 829 26833
511 828 49396
552 846 25020
513 815 36674
183 443 28302
219 344 60415
300 453 13928
180 545 17117
825 826 25000
499 639 21095
303 544 27019
44 792 47381
383 388 24352
333 559 47265
309 707 24042
412 859 28862
11 308 21260
69 612 32280
111 564 10050
344 636 86093
354 393 32650
363 860 10050
412 662 31145
501 543 22204
86 364 39560
248 706 13038
97 700 39408
367 699 38949
465 641 48836
507 595 15133
172 369 56080
534 785 49649
1 55 13342
186 875 34713
384 750 40200
303 538 27074
88 744 30463
321 829 46098
149 785 29000
399 482 21378
337 485 29275
255 640 12207
44 551 20396
765 804 12042
123 467 55444
123 796 12166
83 573 11045
840 864 35384
88 170 19209
293 328 28653
5 15 29000
36 478 50249
503 730 35128
49 595 40706
29 694 46519
69 796 59135
181 511 71309
277 639 39115
60 805 67676
94 573 30265
537 759 38000
414 745 36249
453 569 46098
491 877 23259
13 190 34525
4 859 24042
273 425 28284
12 748 13416
763 832 37202
64 265 24515
91 786 18601
132 871 47539
417 824 50596
101 135 31321
422 854 46400
52 158 23022
122 287 10050
492 546 10198
626 787 24166
44 516 59481
358 594 17000
185 841 43046
300 851 13000
366 649 12806
527 874 17000
107 570 25710
105 656 32450
133 226 39699
678 871 64195
79 663 30806
130 585 33061
717 774 14422
212 786 35000
202 395 24187
444 787 20248
260 853 28443
243 555 18974
667 844 30017
30 289 32280
335 754 50329
656 829 39459
149 312 13454
440 518 60877
196 794 26401
576 754 86608
54 657 31064
152 743 92962
553 709 35128
144 160 20100
161 339 27203
433 811 40608
334 751 39925
59 122 45177
60 763 57009
261 424 41677
49 569 48166
191 387 29833
699 847 11705
65 534 20224
6 774 11000
499 503 21932
194 348 36620
319 727 17493
66 296 22023
141 567 59506
190 406 19849
316 418 161400
89 818 24042
35 672 42720
538 812 40706
313 484 34785
11 97 35805
2 78 29530
203 826 19026
278 872 41677
224 385 43417
256 362 95189
564 881 48795
666 725 59059
771 810 34482
346 775 21213
773 876 30232
22 27 35693
39 320 52697
294 311 47011
103 236 14866
277 728 55803
295 588 27659
334 640 30017
422 658 29411
120 167 47676
165 381 10630
125 762 34986
523 806 13342
537 620 49254
415 856 23601
82 812 40361
448 495 11402
298 539 40162
106 176 64405
813 862 31890
405 648 52345
182 193 28284
423 616 38328
322 507 47634
443 869 37483
294 836 12042
345 666 25962
789 874 46573
384 430 43267
146 275 37802
433 678 42450
39 441 19209
318 419 37121
382 518 38471
379 557 27459
143 618 41617
580 695 14142
288 438 36878
654 734 28636
262 872 33838
164 773 36892
229 244 27785
158 778 69065
359 396 26907
403 875 25807
518 831 35228
304 642 38184
213 723 17263
326 660 55036
407 426 45706
472 492 36878
205 464 32558
241 648 84906
481 813 47802
141 468 60407
559 687 86683
605 869 30232
600 798 30265
153 522 69029
143 381 47676
293 817 19647
105 126 15297
84 395 70767
367 779 34015
175 233 19698
160 606 12083
129 390 43829
3 605 33838
466 491 36000
496 798 33121
731 873 21587
556 686 16492
384 650 21932
110 803 40311
69 467 23087
476 611 23707
237 328 67030
2 92 46690
103 217 17000
253 662 19647
152 327 52010
265 399 36770
124 427 35847
110 842 63246
564 643 23770
31 193 16125
488 517 27019
269 741 31145
524 674 23345
803 842 47170
158 459 51264
17 330 39051
803 857 39205
178 667 48301
725 836 37336
20 458 40311
56 305 23409
132 334 21541
264 807 19698
170 744 27295
317 847 27295
24 380 22204
401 667 39115
4 159 54589
297 324 32062
178 401 49041
616 831 24207
31 461 16492
422 497 52953
36 852 35114
6 556 21000
377 835 46174
146 620 48508
282 675 51856
157 447 18385
273 761 46011
108 176 68884
548 801 35805
435 630 12042
539 575 47413
265 585 25495
260 570 22023
499 867 28284
580 854 26173
128 261 33734
96 289 22847
582 769 40522
425 559 23770
496 538 19849
632 827 28636
498 501 15652
330 629 42059
546 825 21932
12 500 42048
462 704 45177
34 404 26173
390 757 42426
503 621 16553
390 597 16125
51 717 25554
639 867 39051
23 114 28000
793 815 18028
144 228 17000
344 474 23854
51 774 28653
370 504 18028
12 868 40497
205 410 33734
254 284 27313
318 664 35777
51 749 18385
164 551 38588
101 312 35341
421 760 33526
57 273 36770
42 736 53009
503 632 28792
512 841 28443
148 633 44822
17 718 32249
38 284 37363
702 717 43909
416 798 58856
130 482 52631
58 797 16279
199 550 30067
613 652 35114
212 736 21633
10 137 21024
239 585 21541
694 842 12166
292 298 42802
46 759 30529
267 682 31780
498 543 20396
87 709 45343
19 750 13038
258 345 16125
262 396 34713
691 746 21954
359 454 15232
48 702 40706
29 618 31953
455 467 28844
491 815 33121
647 706 50912
54 301 28425
133 729 30000
63 338 37162
59 191 33615
315 670 44822
469 744 42953
263 343 31906
356 825 24187
417 791 17493
221 346 38288
209 394 54818
70 352 21190
84 493 64514
639 781 11402
81 195 33956
328 697 36359
65 433 21095
318 479 18028
217 410 39812
30 457 26683
304 857 44102
100 191 34366
286 311 68593
59 622 40000
395 642 27514
233 584 20616
234 329 13601
111 881 43267
36 399 24166
10 497 28320
315 682 31890
727 790 45222
324 753 26926
356 833 13601
166 381 53339
391 785 22847
185 839 12369
593 773 44553
10 509 25179
696 821 16763
442 608 38833
282 594 41881
621 712 34928
103 246 18028
104 306 41437
468 582 56798
299 811 29967
445 674 20881
340 509 29732
275 784 18000
606 809 29069
118 849 45541
662 859 17464
79 124 36222
281 806 37336
472 593 11402
23 679 97990
49 507 38210
92 104 16643
378 706 17000
175 609 36401
442 449 25000
338 400 20000
36 265 25298
195 624 31765
14 211 33015
315 438 20100
433 534 22847
569 595 17464
118 376 45618
866 879 31780
377 399 48415
255 677 17804
745 760 48384
358 880 22804
189 469 29206
160 862 45222
565 703 17000
673 744 29000
470 598 21213
605 663 17000
538 661 42379
103 223 44777
124 161 22361
637 791 24331
575 608 26249
536 878 12369
482 869 54424
115 792 90697
451 607 37216
197 223 31953
358 601 30463
66 323 25632
292 575 50090
669 879 29275
370 831 46098
422 509 29120
234 574 14866
299 806 22204
392 734 21932
404 572 29967
128 416 11180
406 430 35903
117 249 32311
613 713 41617
567 777 28601
196 363 17804
407 569 14866
358 740 16031
430 542 42638
248 865 27313
145 870 55946
41 75 38013
222 713 55027
61 328 45607
52 562 37000
486 610 42190
392 756 11705
83 724 29833
518 662 17029
627 746 20025
220 272 23431
400 510 25632
251 813 38013
11 700 44102
763 824 133843
226 268 31401
365 626 17804
326 553 64195
114 214 50774
88 673 12042
116 493 62801
442 511 46690
184 191 26000
331 762 30232
636 830 52038
275 558 34234
648 824 116043
535 767 57489
83 179 69318
338 733 13038
342 873 19000
70 862 32280
644 687 21932
4 498 42638
557 861 29155
21 166 38013
184 387 25495
136 736 19799
48 631 25554
531 710 58138
616 844 23345
477 771 54818
416 496 38949
171 783 26173
55 746 18358
364 390 40311
229 577 15232
252 289 37577
61 237 40460
229 298 38949
265 482 46098
457 543 21024
122 138 27785
304 634 33734
553 660 22804
444 515 26926
54 207 31780
418 629 19416
324 568 12083
384 854 38897
560 820 30414
13 267 31575
191 338 47539
200 835 25495
325 762 40000
126 279 16401
40 712 19647
365 808 14142
699 715 31780
580 750 24698
211 716 46043
421 745 28653
314 468 43566
238 402 48083
268 535 28844
587 864 30364
198 794 13153
668 864 30150
646 722 49497
514 532 24021
119 218 38210
606 659 51245
349 790 23087
479 875 42190
841 847 41869
418 718 50249
350 520 36139
22 863 15620
481 804 64560
568 753 18248
176 204 30000
420 539 53235
728 801 42048
607 785 63071
364 689 41183
47 688 46011
170 469 28425
140 675 24597
452 701 47381
86 547 40804
486 522 45222
224 426 20248
367 847 34986
102 315 44944
329 525 41761
63 323 47413
19 854 14318
77 860 13892
533 681 53000
141 360 23431
238 684 27586
389 838 25612
82 231 20025
129 386 16279
62 131 41725
177 745 29428
99 312 25060
273 603 23195
134 596 104000
334 480 47434
131 542 20591
283 439 47011
687 880 35341
432 544 33615
70 251 21260
166 747 74813
241 280 42000
410 623 16279
2 247 34015
411 590 11000
95 779 19416
463 850 53235
506 789 49578
567 802 22023
454 534 44294
144 659 44045
732 748 26077
9 654 49041
95 375 27203
21 75 23022
109 645 26926
164 447 42107
517 659 23537
445 788 37643
558 784 40497
47 550 28460
410 729 24698
208 476 32062
294 336 30463
45 354 35057
211 368 23195
144 488 27203
595 816 29530
285 424 52355
101 290 52802
241 405 54781
227 335 46819
247 573 31780
344 715 32202
147 506 54332
282 799 25060
266 696 34482
231 703 17804
192 309 65299
63 636 20000
558 596 158028
380 544 19647
214 679 22804
125 869 20248
168 649 14142
128 432 21840
353 451 19235
111 145 34525
205 554 27203
262 279 22847
2 173 32650
222 369 49031
725 856 21213
39 418 245326
237 465 50120
349 520 34015
271 398 13454
695 750 25495
120 414 13892
97 352 27586
57 195 29069
334 846 31016
536 619 32985
248 857 57428
80 804 29275
446 595 14213
156 731 27074
369 652 18358
7 713 27000
22 45 35228
826 872 38897
138 810 38079
500 784 40311
236 744 32650
655 824 46043
413 856 40311
835 869 57140
178 329 71344
114 823 28160
127 302 26401
601 614 55036
159 504 27019
485 807 24083
303 496 16279
235 477 24759
79 760 37054
458 519 15297
465 812 24083
780 813 48083
178 531 254248
98 708 59203
282 321 34015
638 801 35384
573 704 40162
67 749 35440
311 472 34713
163 651 61911
590 836 24413
198 778 13038
355 771 48083
382 591 32311
436 617 18682
89 120 51788
233 317 31113
306 602 29155
121 374 18439
127 547 24352
5 619 50090
33 292 28284
57 581 57489
532 683 39623
153 198 39925
54 168 19235
303 416 40719
278 607 48270
628 732 31401
120 742 40792
139 412 26077
26 549 22000
282 484 19698
569 722 49497
264 515 21024
22 172 36674
515 807 21401
357 504 42048
645 798 31016
511 614 37000
5 365 52773
353 448 28636
671 794 32894
108 816 39446
513 793 23022
259 743 72402
150 412 25612
244 577 33287
62 685 36014
541 570 22361
261 272 30364
30 531 57454
232 775 13038
148 871 57871
67 376 46519
84 693 48374
30 501 29411
364 529 37590
264 485 25612
226 260 23022
325 443 29411
708 814 49649
69 123 59203
121 435 15524
201 630 42190
335 476 49518
201 232 16000
653 789 32894
587 840 15297
276 570 38079
363 776 27459
419 599 27295
130 801 48332
44 286 37483
352 626 39623
220 651 58822
73 91 98813
120 818 42802
23 447 41976
386 681 10198
169 567 39623
528 867 35847
18 273 32527
233 519 35114
363 635 28284
210 873 31064
405 604 32016
154 189 28653
592 687 70000
123 599 33061
177 414 20396
68 398 14000
447 577 48847
353 495 25495
626 808 13000
115 269 61911
147 533 61984
94 173 17464
206 207 37947
489 505 19416
303 432 36770
710 741 55462
237 641 12042
154 635 74243
7 574 52887
545 670 24166
436 843 11662
220 652 48508
250 758 36014
175 497 52202
451 495 14000
803 865 45880
364 477 60440
452 759 40311
393 798 37736
78 109 38118
308 643 59135
604 765 12806
8 135 18385
155 166 38275
618 647 50804
76 674 26571
66 768 12000
556 717 26420
25 827 17029
128 530 30463
35 598 24352
669 716 24413
540 838 35000
298 851 16279
192 733 29547
164 876 56080
176 256 80100
202 749 25080
73 167 51971
736 822 18385
149 607 59203
321 484 18358
166 389 32388
825 833 22361
127 716 67801
262 456 40311
342 530 18601
610 680 28160
316 848 54424
56 231 13601
119 132 14422
92 571 31064
336 411 44181
112 426 16401
331 736 38419
20 87 46000
571 645 30017
152 877 47424
409 754 41146
215 788 20025
191 636 79025
24 544 27803
354 600 24698
389 508 15232
40 276 14213
72 175 21260
328 819 25495
42 762 57271
113 510 42048
112 244 12207
578 743 38949
169 696 27803
276 535 33422
511 654 39294
45 257 42059
167 339 17720
181 472 46228
17 704 13928
50 210 34000
281 312 45354
522 728 39812
137 789 34015
56 661 38471
203 263 36401
390 529 14765
121 630 13416
277 486 44204
146 528 39850
268 541 20809
283 296 35777
559 592 28178
244 453 33422
35 464 20616
31 856 58941
120 625 31401
159 253 43738
181 828 58181
1 627 20100
480 751 26000
137 497 12000
199 834 11402
115 286 33526
503 855 36056
475 806 19849
120 169 53600
261 530 29698
143 720 52631
322 690 15811
140 678 24042
168 301 13038
280 659 35128
653 839 20396
724 834 15033
163 210 45453
425 788 16000
96 139 21095
55 627 20248
413 492 29000
440 520 31401
122 612 31064
15 536 34205
580 708 38013
322 582 36125
618 865 55036
646 690 16279
249 435 27074
67 118 30414
552 555 30083
143 187 46065
464 598 36878
258 752 21095
216 289 18974
398 582 20100
161 742 23345
243 281 43566
42 130 60017
385 407 24413
151 823 14560
134 249 41617
179 658 16031
228 437 15000
538 645 25000
487 730 35128
220 424 14422
157 164 33121
28 393 60374
85 319 14318
554 878 30414
272 530 14422
222 270 68447
236 673 32202
340 587 54000
284 841 28443
71 130 46098
94 587 41049
78 291 34828
93 171 35000
734 740 24187
70 820 29428
248 803 50329
337 387 43600
15 598 23409
114 151 31828
68 507 39294
318 683 34205
337 455 45695
321 656 17088
31 752 20518
13 430 43417
444 626 33734
471 685 28862
38 841 35847
153 363 23345
133 738 40608
204 271 32016
142 676 60828
730 855 23537
447 792 48754
587 668 50448
70 560 10050
42 801 34438
72 519 36401
654 739 30871
241 517 37202
702 819 17464
114 450 28862
134 620 59641
352 808 32202
326 830 56303
260 878 30610
344 709 47127
444 510 46325
634 849 24413
630 775 43566
105 392 31048
106 362 61392
792 800 49518
167 818 82976
341 783 46519
557 791 21260
32 866 19849
472 516 33242
413 472 41677
298 300 22627
29 803 45222
31 182 28636
291 408 29530
83 94 31780
439 832 14318
71 482 43186
89 726 52086
94 247 11045
780 791 27514
500 735 17117
22 209 41629
705 757 13928
57 761 48094
186 837 28302
478 852 39294
554 853 25239
71 869 25554
83 834 37202
97 808 35440
37 540 42953
551 773 52631
414 625 22472
101 440 20000
625 745 30414
594 740 24083
317 519 35735
241 870 126846
3 79 34015
263 383 29967
719 787 57315
524 608 33526
654 828 53367
362 692 28071
475 579 32894
479 683 28160
90 858 31145
113 337 34928
685 782 35228
637 813 48010
464 532 13601
15 554 26000
484 756 26627
96 252 43290
47 316 67231
610 781 27459
130 265 30414
163 873 31257
257 858 27203
183 617 59203
62 782 52498
259 877 39051
148 307 24083
310 645 35057
365 470 63246
8 440 26249
33 788 33015
217 729 27659
502 857 28443
18 646 32696
409 576 124451
92 310 28231
182 856 52631
208 611 14213
146 632 42485
134 558 54083
514 711 22023
380 723 61400
306 611 24042
146 735 41146
72 225 24042
317 474 38053
341 764 28601
63 74 49041
133 154 29017
393 571 35511
410 554 22672
53 376 18385
100 184 11180
323 707 24000
272 342 27166
566 783 30871
12 558 107448
169 802 28862
38 512 13342
261 285 47074
21 155 38053
136 822 21213
307 819 34540
671 776 19026
506 527 39446
251 352 21378
38 810 22091
459 647 38897
584 653 29206
51 633 27459
713 790 70612
170 586 28071
361 695 12042
295 627 40447
277 466 70214
684 850 28443
473 861 18788
438 682 22023
164 577 47885
240 366 45000
140 799 52631
421 821 37855
314 692 61814
715 779 46648
478 778 70838
642 849 20000
77 730 28018
620 632 57306
377 747 11662
266 567 17205
226 623 34132
315 684 63246
69 455 14036
56 82 16971
32 586 18028
61 817 23345
240 881 38275
324 402 34132
205 598 34928
427 617 41110
3 617 49092
702 705 22804
133 623 44011
269 411 47434
577 665 38275
509 658 25318
223 755 19235
533 563 28443
330 335 41000
428 489 24597
514 770 28284
601 740 38897
192 719 59908
58 549 26077
139 495 25060
62 471 11314
304 493 40311
349 591 24515
28 171 37014
153 372 34234
225 288 31623
556 693 29682
137 175 50090
705 717 44000
735 784 43681
446 483 48270
588 627 68066
63 733 27295
224 450 23431
529 597 15033
194 746 28160
214 224 38000
663 835 19849
406 521 13000
163 272 18439
401 713 31890
308 809 15232
144 606 19849
688 718 11314
268 276 37054
26 849 41485
442 674 39205
367 375 12649
772 789 38601
299 523 16763
20 709 32311
525 583 23345
522 638 14866
283 768 19925
253 370 47096
269 792 152555
51 376 33015
2 310 43738
188 540 30232
313 756 28231
615 866 13601
431 670 33541
419 875 10050
262 359 20616
48 307 14866
13 371 31385
357 457 85475
449 614 34670
42 548 17205
466 728 51884
469 738 39812
362 679 155206
340 668 35341
136 152 52498
87 458 18358
605 835 34540
24 812 12042
119 334 23324
98 199 19105
373 804 15297
578 748 18028
734 739 19000
304 549 38275
248 502 56080
397 476 28284
200 663 34234
377 482 42953
839 841 47074
604 804 11705
96 216 17493
13 572 38471
175 789 57983
84 116 65437
67 434 14318
62 320 24000
127 186 28636
202 774 38601
81 141 26833
221 701 46615
40 43 24352
116 502 26249
81 624 23537
714 771 51923
443 617 42755
204 483 11705
282 797 29120
236 368 17000
39 297 55145
134 374 90200
405 488 21378
520 651 41881
96 448 24021
301 701 39962
226 767 41677
106 582 39115
491 793 39013
493 642 25554
46 346 21840
378 615 23345
716 879 21932
395 849 28231
118 678 37121
747 835 37363
91 617 71386
356 872 45354
692 726 46530
350 440 45651
456 829 31906
98 550 35000
609 650 38328
382 831 44688
327 786 29017
11 657 23022
700 808 24597
132 218 42942
152 250 39623
374 596 15232
675 678 31385
136 786 28231
611 766 33242
182 413 26627
148 677 18439
42 758 24352
99 149 24187
350 382 27313
339 742 12042
638 728 33287
180 709 28178
21 333 32202
208 335 36222
326 832 72007
107 878 35000
456 534 34525
228 488 14036
30 710 59942
37 747 62769
777 821 26077
255 334 27203
185 584 19235
155 526 21932
539 577 19647
44 800 30083
329 583 57140
37 760 33106
351 677 21213
147 305 43290
397 462 28792
262 829 37855
637 780 13153
6 693 25495
393 600 16125
513 743 22672
397 766 40460
197 875 47011
7 329 48836
455 485 39560
99 845 22847
79 605 25020
159 357 33971
64 585 22204
138 287 25318
309 813 56727
359 391 12042
142 326 24739
574 713 65437
82 465 47127
412 607 57315
606 643 56727
417 655 14142
34 402 41012
455 664 29120
254 771 44102
463 553 30676
660 830 17117
4 150 19416
98 834 28231
528 868 22672
141 188 18788
211 673 33941
589 858 26571
104 602 27731
302 693 45541
117 134 36222
711 770 14866
373 481 59076
283 830 41012
147 254 58181
230 374 18439
560 809 33541
609 854 55362
601 880 15232
297 572 31623
297 404 40025
316 320 34059
222 348 76059
535 855 32696
347 614 22204
94 840 32202
32 615 11000
85 382 29967
361 685 35000
207 570 41183
370 423 27785
735 868 23431
112 577 35000
480 723 49244
624 769 11705
108 483 43863
99 281 45967
157 792 46011
164 539 47170
90 194 37336
201 537 19105
100 113 26571
56 864 63127
256 385 56080
568 805 23022
139 150 18974
55 295 28601
97 560 16031
402 404 26173
111 280 19698
292 722 41000
596 870 14142
32 706 28231
366 643 53852
412 518 37363
142 795 17088
226 541 32016
194 270 32140
314 726 64900
379 780 39051
694 737 50220
357 531 123665
591 727 20025
393 602 40447
319 844 30610
43 276 32140
278 359 28160
48 148 35171
707 780 38626
426 665 21095
785 845 20000
676 753 55154
49 722 46239
135 440 30806
158 562 38013
8 274 10050
198 522 64351
405 437 25554
252 258 38210
335 576 52154
459 778 75538
222 613 18974
261 721 36069
561 881 29547
166 187 46669
179 587 41881
296 768 25554
174 565 23537
627 691 20125
75 737 31241
47 848 49739
4 216 21954
109 661 30232
559 788 31828
458 474 35114
8 50 30364
280 564 26173
547 837 12166
250 736 26571
391 454 14866
576 629 17088
172 209 10198
54 206 25962
165 720 13342
221 561 39962
14 879 33541
162 277 44102
107 619 20000
196 776 24839
486 680 33541
379 707 12530
772 874 17804
192 400 28231
369 424 27019
592 788 36125
68 446 44011
193 461 12166
385 679 47508
505 748 22472
453 851 15264
80 862 51078
242 842 22847
602 698 43081
526 581 46325
102 238 16031
9 872 41976
324 805 34234
307 697 30480
241 488 47011
73 427 27019
411 741 50596
597 686 25298
354 429 55362
494 824 53151
91 436 72450
563 681 37121
208 764 25612
618 737 49041
202 434 13038
384 685 46174
597 757 34928
145 280 35384
614 739 13342
394 721 32000
326 795 40000
4 253 34366
276 452 43267
213 640 11402
590 725 19235
148 351 27019
782 814 22472
215 603 11180
50 274 28018
644 880 23537
64 198 63151
529 686 33971
166 838 53151
377 720 27295
286 294 59641
189 738 18974
79 617 63977
429 721 30083
546 833 14866
413 415 43932
341 698 27203
246 729 29275
190 521 13153
96 258 28601
65 678 30806
105 654 31828
403 837 26306
259 815 31953
685 750 18439
459 478 52154
136 327 30806
110 304 35847
242 559 92914
380 465 24083
74 309 19209
174 305 14318
131 441 31385
778 794 16279
555 846 10440
372 680 14866
165 166 57585
69 622 15620
326 463 70725
593 876 48508
562 647 45541
227 330 25318
52 647 28160
206 657 20616
814 848 30806
80 405 28862
508 526 24515
185 317 28231
283 473 36139
68 271 11180
172 222 67624
215 425 26249
347 511 39294
302 689 26907
143 459 47096
225 431 31780
58 799 27074
503 781 33106
412 495 44944
641 703 12166
694 803 46271
3 443 19026
279 829 23345
491 548 19235
237 565 12649
303 812 38833
402 676 57306
417 481 35128
379 861 18974
147 174 31953
307 702 38288
89 314 39051
311 836 42579
44 773 57428
407 816 17889
183 331 37363
101 281 35805
16 667 21213
461 752 10050
180 463 22472
7 525 25000
263 353 33287
246 744 33377
758 877 20000
355 364 47539
380 697 71028
296 707 25495
469 671 50596
91 843 72422
521 650 25632
25 621 32016
230 596 20100
11 809 31048
353 460 12649
348 746 33734
109 291 28844
439 494 51225
681 817 38626
358 644 15811
278 383 12042
480 873 29547
246 738 44294
195 690 32016
287 796 48877
130 239 33302
93 698 31241
409 691 137058
53 633 26571
195 646 33615
59 219 34015
853 878 21024
394 429 49406
466 548 43382
103 711 22023
133 767 13454
625 696 30265
427 436 37108
445 524 23345
371 572 20125
203 872 28160
109 310 32650
98 848 32696
156 432 20025
419 467 48600
43 621 43324
123 477 32650
489 793 37947
473 494 20000
12 732 34928
252 710 50090
561 870 21840
74 707 13601
240 564 56036
188 838 30806
535 635 40000
332 340 14765
277 428 72422
415 836 43600
120 177 31385
155 333 33838
470 515 40249
75 242 36056
76 449 24698
77 487 32202
418 576 28792
9 126 21633
423 667 41437
457 531 43186
477 714 21190
292 524 13038
375 810 22804
2 408 34828
263 460 38419
729 738 43738
98 814 20000
205 532 32696
14 866 22023
216 501 31890
566 589 19105
10 789 32016
621 827 26173
102 684 40249
36 64 33121
27 270 27295
127 669 72945
110 687 89045
84 302 13342
23 214 75961
375 779 31953
117 537 21095
584 839 14318
505 578 36056
227 476 19698
142 850 52802
114 447 45188
261 429 18439
17 688 31241
354 394 18385
214 450 25000
147 565 48795
528 628 15620
95 138 19235
643 659 22804
335 764 20000
594 797 43290
128 429 31016
319 616 35693
653 772 21541
60 676 57628
73 339 41000
155 581 30414
235 796 21932
286 792 59414
227 462 30414
648 765 24759
245 688 20591
386 390 42521
655 791 19647
599 837 40497
18 603 20000
28 858 35735
162 528 15524
18 722 51624
528 735 30017
401 525 30414
243 552 36401
25 620 48104
666 710 38484
490 806 31780
491 758 23259
368 755 33302
194 863 21024
266 777 13342
125 325 20591
381 720 21378
367 841 14318
615 706 18601
282 313 41593
516 593 29069
579 845 25239
90 863 31305
365 700 15264
83 587 60374
535 712 35228
494 557 32388
232 759 30610
468 769 42379
278 388 32000
20 670 22023
49 646 24739
92 306 41037
129 757 26173
527 789 53085
209 285 13928
119 299 14560
212 822 12083
154 738 31257
333 761 28425
361 782 18385
85 831 47043
26 140 44911
293 702 40792
437 862 53000
290 412 29833
505 732 22023
99 806 37216
269 336 23537
240 643 55902
236 755 40719
286 800 10296
239 801 22561
200 747 53759
395 434 28018
289 501 18248
221 230 38601
719 813 39000
218 433 30150
221 775 45122
245 550 27803
93 341 46174
562 586 17205
352 787 52555
30 650
263 777
749 180
118 353
754 606
429 522
46 515
196 471
319 307
423 803
820 653
961 339
472 937
622 473
734 585
67 458
258 882
469 170
421 875
574 847
567 268
111 665
302 56
294 643
891 480
428 407
104 630
142 735
591 360
114 285
192 275
620 446
453 194
514 932
703 615
729 302
651 182
486 694
453 993
829 493
600 308
833 261
852 501
261 123
140 685
909 538
313 936
365 532
476 116
205 500
393 508
657 407
357 488
838 604
43 653
335 694
526 179
452 381
614 701
638 969
379 630
409 940
688 778
758 318
331 416
701 844
416 461
510 68
604 649
799 708
755 230
508 823
766 95
726 809
566 291
425 229
801 426
277 751
718 166
855 759
546 161
323 682
295 840
502 521
110 456
539 601
574 801
648 470
623 68
85 703
846 153
229 745
154 764
288 809
548 702
144 325
799 682
343 881
258 431
661 727
204 434
541 914
666 525
215 736
346 328
559 67
799 564
463 20
280 713
517 402
926 672
377 88
652 702
330 56
192 127
543 470
949 501
394 440
289 490
674 77
967 573
569 697
547 633
714 130
759 219
331 325
523 545
220 619
422 605
774 272
439 969
297 502
734 501
985 497
213 464
846 194
442 812
545 683
155 343
384 416
570 173
653 923
655 325
865 715
960 666
924 416
400 691
331 541
246 410
137 349
352 79
896 210
783 395
733 472
569 230
242 593
298 110
676 420
70 379
845 713
710 108
897 382
192 565
314 139
655 271
601 251
721 69
855 595
622 90
663 458
119 764
118 629
292 792
370 680
492 809
531 9
701 93
3 477
357 809
591 860
292 240
220 269
792 196
651 722
506 768
551 551
634 284
587 181
708 458
478 903
627 732
711 739
200 289
80 666
513 153
768 404
597 536
746 380
324 879
666 187
933 531
429 485
251 308
507 27
712 575
813 611
825 575
197 807
128 627
221 530
623 506
814 196
301 543
373 29
471 201
129 334
683 525
317 464
615 735
178 568
928 588
91 567
627 547
373 67
491 840
764 527
237 827
873 730
370 122
965 599
343 683
917 531
510 801
21 556
536 665
661 511
353 661
557 915
796 297
918 615
934 732
546 321
218 506
384 98
300 892
681 515
277 808
587 424
961 531
857 217
783 722
139 282
113 387
451 719
299 526
451 13
100 698
167 308
906 228
783 540
187 612
297 344
222 330
672 659
753 294
609 129
503 931
783 502
139 159
77 634
515 58
196 583
492 193
206 472
954 439
820 504
853 379
257 352
318 335
934 690
225 463
413 361
707 875
476 730
141 622
224 117
570 687
521 850
123 316
172 392
304 729
433 174
376 608
190 166
26 630
723 843
508 997
399 148
275 486
415 132
856 582
499 534
255 647
486 420
357 686
201 775
355 543
834 669
741 797
255 734
233 185
236 419
406 320
584 70
517 876
375 962
532 779
610 590
96 459
409 964
379 362
502 115
710 820
540 995
777 209
659 899
864 169
351 594
10 548
233 852
802 232
369 799
541 249
277 510
193 843
162 154
660 668
673 744
726 86
376 786
158 810
223 580
239 303
590 790
165 292
903 559
396 257
59 636
149 478
148 468
310 558
779 701
194 312
175 683
489 636
289 272
47 354
436 309
284 360
585 191
382 883
546 7
779 418
501 590
763 658
873 615
518 722
646 503
139 577
66 390
499 953
817 399
856 803
979 587
522 710
374 481
681 250
586 450
740 831
291 621
647 278
137 443
249 343
454 890
415 56
433 617
634 703
257 320
596 219
461 585
276 369
376 320
196 708
162 670
450 473
304 378
257 805
524 68
719 280
685 728
49 494
543 961
553 562
517 958
883 752
465 918
435 70
290 755
109 807
719 542
166 198
153 369
235 247
681 89
226 204
218 630
794 841
224 905
573 587
356 188
671 136
390 834
52 414
166 576
488 221
390 78
745 112
895 320
191 630
430 926
522 833
241 613
320 434
422 474
963 558
781 121
861 739
497 878
726 918
188 446
468 981
392 235
768 181
719 665
436 210
466 69
311 97
168 324
412 250
358 49
191 331
856 528
410 119
290 374
618 650
317 379
88 279
558 810
658 372
198 300
188 291
267 832
610 848
690 599
309 637
866 310
602 626
577 113
685 440
711 622
417 932
256 211
742 866
570 777
277 455
229 809
518 648
686 328
616 573
250 549
797 806
723 259
503 38
395 353
656 639
818 352
827 407
887 731
917 309
269 437
866 274
264 247
481 460
758 878
177 331
244 659
442 824
91 320
874 429
959 381
105 313
535 445
859 445
49 396
928 325
406 745
472 78
602 205
398 806
694 704
358 267
499 697
928 274
681 564
693 658
244 180
904 710
143 405
543 813
183 477
465 905
781 326
259 481
432 187
22 508
578 210
440 725
912 378
468 572
208 591
84 236
682 588
459 672
311 413
799 478
767 576
931 512
257 674
361 135
612 164
795 519
457 959
87 300
272 626
574 858
274 249
515 568
847 271
450 407
322 909
281 119
247 484
639 838
734 559
236 512
429 543
763 846
988 443
494 244
798 698
962 609
645 442
464 644
916 671
365 657
103 762
595 119
551 990
440 84
805 539
231 714
490 971
284 839
32 566
383 177
197 895
356 116
964 323
288 424
401 865
539 235
526 88
6 491
497 785
776 305
635 456
322 786
20 603
117 749
177 198
125 473
469 257
263 202
436 326
457 80
985 601
453 571
726 607
549 600
198 692
448 281
190 748
469 190
863 777
717 191
850 702
210 363
400 197
479 843
840 388
208 798
595 680
97 549
393 279
609 446
89 424
776 139
621 349
799 584
936 463
866 460
614 661
735 545
541 138
669 108
752 672
32 670
902 366
213 889
955 567
387 519
886 435
366 513
453 427
799 438
676 794
783 808
792 316
856 418
292 536
345 670
459 447
893 665
449 318
257 699
482 140
630 399
889 804
865 605
474 881
160 512
130 561
474 767
368 305
784 851
373 346
821 630
373 810
899 687
661 844
297 688
132 392
700 191
626 622
369 80
158 267
46 455
361 754
563 484
552 848
733 424
662 627
647 482
416 204
373 394
593 933
313 537
361 423
391 15
812 385
431 627
496 900
643 581
577 896
410 904
445 547
469 327
282 902
481 554
493 128
41 688
574 9
454 527
549 340
391 875
639 112
332 563
174 788
547 748
776 650
890 561
384 568
357 672
271 877
406 574
594 435
734 820
379 834
604 835
142 232
667 547
834 474
73 515
525 668
576 761
577 504
406 530
274 910
769 724
668 274
162 638
433 133
298 560
302 869
186 215
620 16
105 474
820 334
710 519
824 442
244 566
927 347
684 751
396 311
942 379
832 208
590 311
702 476
396 292
420 308
118 182
714 85
945 289
676 482
696 122
52 669
675 240
949 333
406 495
414 886
240 525
178 290
554 972
146 825
624 528
380 331
419 579
856 253
893 512
681 168
523 227
777 249
693 954
181 827
871 787
231 774
743 491
701 856
537 127
677 536
475 682
466 747
294 170
418 522
918 544
752 423
612 142
733 381
552 721
770 806
845 415
375 900
116 790
954 421
267 390
835 168
730 682
472 221
443 778
142 500
779 832
267 76
905 273
744 393
659 939
545 645
441 369
228 688
425 383
233 112
818 292
594 97
554 386
859 788
574 991
262 468
680 641
765 672
828 683
508 692
288 459
293 655
784 760
363 881
895 258
443 54
395 613
640 51
368 575
828 703
634 128
825 191
338 83
810 889
265 269
250 289
892 463
316 293
334 352
678 846
108 409
723 932
285 259
317 870
685 204
191 178
527 566
612 199
494 771
307 783
504 725
537 342
787 111
72 440
267 410
246 509
536 752
356 911
439 447
605 901
402 132
696 290
755 545
427 862
829 465
207 218
530 417
108 724
125 376
789 419
734 849
808 739
99 675
331 757
598 399
605 459
894 409
927 361
742 208
983 615
341 484
278 316
223 561
455 733
574 577
311 195
876 253
764 564
592 488
454 295
950 636
