500 931 27 46
250 368 48052
468 470 76942
401 406 56080
326 450 48877
196 411 70178
105 200 38079
210 310 78000
53 487 56036
231 392 26000
165 396 80808
41 293 10198
41 386 12000
156 328 31048
110 185 14036
399 430 82680
162 401 40497
79 480 82389
330 477 25807
59 161 66528
114 167 41437
197 479 19105
434 491 35468
281 390 15133
20 358 145986
113 351 76007
200 233 16279
52 196 67417
344 441 47265
223 314 91241
8 214 35000
124 458 25179
283 391 37054
103 421 40200
90 219 27893
49 51 102069
225 247 36497
360 385 48010
303 419 68066
143 340 38013
40 284 49769
170 421 44944
173 441 34655
209 283 20248
10 319 50160
49 341 39446
40 419 179402
369 415 48270
110 214 11045
287 311 79259
214 382 18248
395 489 28231
137 488 43909
19 258 46819
255 287 16125
383 423 16401
195 311 42202
443 456 17117
3 40 55000
172 277 49041
184 462 88566
141 415 50961
98 366 88295
1 453 51420
289 314 44011
169 210 27803
113 283 66708
211 456 13038
273 441 29530
83 294 13601
25 365 21932
79 95 53740
39 199 33615
123 278 50220
71 460 32558
106 260 34438
108 188 10296
36 162 60141
148 198 39812
122 448 15556
53 426 62586
193 315 12042
13 95 60828
295 366 83815
37 133 23324
7 31 79057
258 454 16643
7 182 48384
58 189 52802
357 442 60531
87 476 43105
304 357 33121
106 459 48836
23 266 35114
253 306 61400
91 242 74061
82 227 14765
116 457 53367
356 494 56798
161 379 58189
181 320 26249
250 258 59034
121 323 19026
74 451 57489
174 307 33242
335 345 22361
473 482 48836
194 480 80498
416 476 49396
111 312 30000
226 261 11045
247 442 62241
93 223 79404
109 279 34713
215 316 37363
367 463 47434
43 132 46098
159 230 25179
197 201 40311
48 99 35171
117 155 24187
31 420 49729
153 310 78518
364 402 20025
389 461 12042
54 218 49092
138 365 14036
88 419 147411
363 382 51000
24 378 32249
51 244 138521
271 375 17029
61 366 49244
15 187 43105
253 339 22804
198 494 23022
324 485 19235
144 264 49739
49 219 46043
409 422 42012
275 480 78230
138 226 36401
220 381 30000
268 309 56639
25 111 75664
150 338 47202
207 240 54708
27 152 95131
187 239 47011
30 109 10050
3 135 45967
112 457 51088
266 325 36401
310 400 48104
208 326 94847
100 157 40012
247 437 29017
2 341 43417
20 285 19105
47 194 59169
212 317 73682
212 333 49092
3 23 58600
252 329 28160
38 325 11662
12 497 14422
252 459 13416
276 436 34205
194 275 30594
144 293 31780
2 482 40719
71 181 22204
179 283 89140
195 464 74148
246 257 13038
96 251 26401
467 470 75664
129 377 45804
198 326 53814
25 75 36674
347 353 37216
122 286 101828
126 167 30529
158 449 50931
71 469 32140
436 480 48260
102 442 51662
433 447 45277
393 463 40000
239 327 42379
81 202 25495
217 318 36688
229 231 47000
96 337 25554
221 437 24698
122 138 34000
246 456 15297
22 102 55714
244 498 51546
32 304 33615
115 485 17720
8 382 42048
197 206 15000
93 472 69462
141 194 84534
80 462 18974
337 495 64846
103 398 47424
146 254 55803
49 112 70661
318 466 28160
69 226 37855
48 455 42107
125 283 76485
93 394 36014
416 423 43966
69 313 45398
227 273 16279
4 257 11045
53 123 38013
18 194 38328
165 271 44643
60 370 17464
98 409 74404
73 158 31765
218 403 47170
216 474 30529
100 180 14560
397 484 43966
208 407 55471
235 244 73553
120 221 40719
131 262 80131
72 297 53413
33 238 75000
22 304 32558
310 403 68949
147 350 65856
26 42 21378
85 196 57454
277 420 41049
100 307 47707
124 145 28844
272 339 68680
59 248 51624
86 220 15232
65 483 45255
408 487 37121
185 382 29732
201 479 43658
111 405 82000
141 486 15133
40 447 57689
99 354 45177
3 284 21024
14 121 53852
314 432 61612
20 417 47802
175 478 45100
279 484 10630
139 382 52773
29 472 54589
155 266 57974
123 145 77782
204 318 51039
147 464 41773
29 145 105721
355 466 38079
128 250 23854
230 347 55946
54 300 34482
19 454 39051
136 389 52202
160 338 49193
371 500 42048
258 371 42297
15 358 22361
118 316 91220
5 319 51546
64 260 48010
91 499 55731
151 493 39205
178 312 43463
263 286 57697
55 166 41183
50 289 40608
174 483 39459
225 287 44045
329 474 26401
319 363 50774
274 374 53141
24 283 65947
387 405 12000
157 159 48600
415 486 55227
231 269 49336
87 416 29017
31 496 63151
25 261 41049
349 438 26077
430 462 88204
185 293 40162
77 392 34986
221 350 46615
57 319 19849
5 189 54406
163 328 50961
120 270 62968
188 401 43174
299 468 44721
324 441 37336
90 244 44721
221 469 55579
305 310 72125
322 418 33287
178 355 52154
169 218 24698
134 173 62610
254 438 23259
34 229 34438
292 375 14036
37 318 38471
237 308 48836
75 261 16125
136 444 32311
269 332 62968
17 222 34438
136 291 18385
191 256 56939
25 35 32558
63 475 56727
315 404 24187
223 377 54644
39 469 41000
183 321 10198
281 349 14560
101 216 48260
28 57 18788
400 403 52802
310 330 61033
183 486 44553
367 493 38210
184 272 27000
75 466 54452
130 179 67357
37 166 32249
34 321 21954
39 431 32016
162 498 18385
252 440 55036
154 287 14422
85 249 72615
191 395 60166
18 478 20591
267 368 90956
393 471 28160
296 403 50695
128 129 13038
352 380 24413
45 59 39825
32 212 54406
429 483 65192
77 321 65000
16 117 51856
167 409 38897
269 392 48270
297 397 22825
63 262 44147
265 278 23087
119 146 57775
388 395 21213
165 322 28284
380 445 23087
163 303 58523
33 280 39013
8 397 70349
99 213 66287
211 268 38013
51 263 59008
210 305 57706
147 195 62936
26 171 46487
316 481 38118
407 441 70214
296 427 23431
146 153 76851
6 121 61400
27 87 30463
372 428 32249
317 333 36235
225 439 29530
125 179 72719
154 255 10770
247 439 12806
177 183 23537
323 369 21471
2 49 31828
243 491 34132
327 473 38000
19 152 55471
202 378 37537
14 478 49649
151 393 119252
9 84 28302
142 259 24515
146 353 70093
426 476 38471
276 346 17088
360 475 43000
271 306 87092
76 423 24187
61 409 44553
61 98 80056
191 301 72780
388 453 67119
249 364 42521
102 263 26077
158 262 56223
78 325 56886
71 206 33242
51 116 53712
12 50 19026
399 450 45607
199 469 41773
150 160 22627
114 364 54918
164 436 69318
127 444 82565
384 422 23324
47 346 86452
253 271 89022
147 496 61814
46 56 67602
215 303 92195
416 446 21471
23 414 37000
268 299 46011
16 308 23087
191 340 79025
148 494 20616
249 435 15811
141 275 69584
139 151 38601
408 446 22136
425 429 60926
60 80 63600
58 490 31765
148 356 68066
123 426 79398
48 354 33615
69 138 39925
28 170 46755
74 81 48836
157 281 59641
211 443 21095
77 168 42953
84 274 61855
105 236 56727
52 98 33838
241 462 93301
218 282 36892
22 442 71589
185 264 34655
322 360 46011
163 215 69376
230 353 56754
117 233 43681
348 453 10817
330 444 25318
36 312 34655
109 248 97514
176 224 24597
356 432 44777
299 467 58009
256 331 51078
65 209 77833
301 340 34205
33 455 33302
134 485 59000
130 203 41773
97 108 37643
45 161 65513
162 465 44777
72 232 31145
121 386 29732
157 230 34928
239 473 14142
330 411 59816
335 370 27459
9 274 37643
164 440 12806
380 471 18028
120 384 49518
282 300 26306
440 459 64288
67 316 48332
307 424 56886
206 460 34713
331 340 64000
411 412 41761
65 113 26870
272 450 39812
149 499 53907
179 361 80006
169 282 30083
92 107 137004
290 402 62169
232 248 20881
34 334 29732
82 273 18028
50 497 17029
437 439 23707
79 141 65192
82 324 38118
346 467 76551
216 455 85615
291 444 23537
190 428 40224
242 499 51352
225 255 31623
193 404 17088
9 156 65215
186 289 18974
97 342 58523
95 334 25456
283 361 32696
73 449 50804
398 471 31241
207 315 50249
47 379 41593
9 99 38601
76 446 22825
94 457 35468
159 495 17117
7 487 63514
65 307 67365
63 360 37000
107 354 23409
268 280 68447
223 267 22472
180 424 30529
250 454 52498
187 317 144003
89 452 67365
187 212 77795
68 245 46098
277 343 21932
56 74 36797
172 265 41869
43 404 12530
117 312 66121
104 482 44283
120 409 55326
288 297 72471
177 415 55579
460 479 41677
426 458 32249
358 428 59034
91 189 64257
44 352 17263
294 311 34176
64 438 25495
279 397 40817
238 436 58138
76 182 29698
191 489 44598
73 376 60959
180 390 34366
136 336 46861
4 298 11662
320 437 51225
177 321 29155
115 324 14422
60 462 76059
72 288 70520
428 482 27857
35 75 10817
215 481 61847
14 175 41629
105 233 34713
52 290 23854
375 376 19849
76 416 31048
13 54 34000
24 391 46840
140 412 41773
119 412 50596
101 238 41437
109 232 80056
269 488 31016
67 156 35355
1 348 44777
147 270 67535
39 114 11180
119 204 43463
168 389 21024
476 492 46690
28 490 85633
118 429 65803
192 447 21471
124 250 60745
85 402 58941
89 127 26249
157 209 68447
35 355 48765
393 398 23345
213 216 74216
431 435 16492
233 234 33541
69 201 61612
11 301 91439
208 413 55973
67 213 84077
145 250 66888
87 423 44011
345 370 13928
173 344 29069
161 288 17720
106 296 30414
133 217 48104
83 182 36892
403 427 46011
108 219 37537
430 452 33601
463 493 44385
140 196 55227
5 57 64070
139 493 23854
336 461 12000
189 499 14866
172 422 43566
107 381 62642
125 495 57271
160 260 67602
106 329 71400
44 131 34132
45 232 24597
8 264 41049
349 390 24839
306 450 45607
72 279 19698
236 373 48260
123 265 69462
33 220 23707
362 413 30017
331 396 49518
256 396 55109
286 460 25020
322 385 43863
126 469 46011
135 284 43966
303 374 127193
43 240 52000
63 393 148354
352 445 20125
31 53 20881
263 442 49729
79 334 59464
237 414 21190
107 274 105262
338 390 45011
196 477 17117
194 478 30871
60 68 22561
78 234 21260
329 425 18028
127 335 68118
53 420 33838
106 160 74027
162 410 59481
29 265 89811
181 460 21000
118 216 63008
38 266 36235
75 355 53151
27 492 40719
197 199 33136
408 416 16279
228 378 12166
8 110 35735
202 203 28636
241 430 25000
176 246 45277
85 140 16279
182 207 53852
94 482 22627
234 266 66189
34 183 21024
28 363 64195
437 469 55471
399 407 58052
166 355 28302
13 137 65000
62 66 55866
225 350 32573
448 479 50695
146 204 39812
73 292 56613
135 451 51740
373 417 88589
11 385 54342
346 480 55000
32 357 21932
390 424 27659
21 196 60415
36 235 53460
71 437 49010
56 88 54452
78 105 23195
224 468 42438
410 465 41340
89 295 32016
134 205 58421
309 443 20248
131 393 30017
119 226 35014
207 383 51264
255 442 38288
364 431 31145
8 30 86400
103 170 12166
464 496 39115
192 433 42438
26 337 79649
366 452 51923
13 488 57385
119 313 45695
17 369 23601
127 345 66483
3 192 31780
280 309 40311
401 498 36797
52 127 70880
153 400 42012
5 10 36125
43 193 22561
291 336 44922
40 46 31623
243 434 55758
200 410 26476
199 201 32388
123 420 22361
182 383 32249
29 227 36056
21 52 44688
66 292 19647
236 342 53712
18 47 28178
11 143 47707
70 190 52811
19 368 65008
168 392 29547
120 259 48508
155 414 35847
185 214 16401
148 186 59439
223 394 89554
66 490 74324
30 397 45011
362 472 74041
86 455 23087
91 243 57009
143 385 19105
418 475 30000
257 298 10296
46 88 26476
138 448 41304
153 254 32249
235 405 92418
57 363 57271
158 352 54489
7 83 30529
172 485 55946
239 457 73110
85 313 36770
68 321 103470
271 376 33106
150 174 32280
396 450 77666
328 374 32558
152 371 26420
145 458 13038
333 359 42755
149 242 38484
228 391 42544
92 224 15133
294 404 31048
358 372 45310
13 79 67912
90 401 36674
231 488 38626
142 343 10770
176 468 51884
54 440 80112
80 91 37577
388 489 41195
259 343 25000
81 203 18601
70 285 42059
114 126 25942
4 381 21260
147 287 22361
97 285 26926
205 344 29155
365 387 28636
6 141 26077
14 41 51923
289 356 63246
245 335 33541
102 116 10050
268 276 49092
196 444 28071
168 461 24597
184 339 54424
15 327 11662
361 391 13038
328 481 28443
38 373 138293
363 386 30463
359 442 81345
17 363 50990
72 484 11000
20 70 50359
302 311 22023
6 415 35903
43 302 38079
290 409 66573
42 117 61814
16 237 29530
273 413 41110
269 300 16125
348 432 20809
92 470 133297
50 413 47854
203 391 43738
199 435 24759
426 500 64327
371 492 63702
142 270 29069
170 352 42190
93 377 51740
440 480 75326
89 241 67186
29 82 44922
172 384 49092
205 430 74243
37 55 16492
133 171 12207
94 112 57271
101 329 32062
29 413 44102
96 135 36401
26 251 69857
31 487 46043
347 349 29000
62 434 29428
153 427 47854
129 250 31575
222 415 15133
12 208 39051
62 490 75769
372 473 16155
186 497 30806
168 332 38601
352 449 74169
168 245 24021
10 222 29120
462 491 68505
1 223 87367
107 298 76158
5 58 49031
137 229 14866
263 320 34482
173 485 28160
26 308 37736
98 295 45398
132 240 17117
101 474 30414
303 351 16553
132 187 165641
346 379 72719
172 278 30265
123 458 79699
55 171 30017
109 397 44911
160 329 63135
21 290 56321
360 418 26173
305 332 22825
101 164 51865
426 487 43186
44 445 17000
104 428 30806
154 359 77492
251 337 34525
342 406 26173
160 425 55543
23 433 14318
33 86 15297
311 404 30000
367 421 16492
190 358 56223
10 149 19235
104 341 46325
202 228 32696
50 362 42953
52 444 80156
302 333 45188
444 477 11705
26 55 34986
84 107 49336
51 387 116503
476 500 76485
188 342 56515
42 178 74953
159 217 56036
128 368 45343
130 361 31401
27 207 92801
115 265 29547
118 483 102078
314 394 26627
158 475 45607
342 417 56143
406 465 12649
323 363 25495
102 457 57385
144 175 60407
64 338 53038
351 419 55362
284 451 47096
19 267 154871
456 986
894 470
718 111
188 184
222 601
221 487
803 762
63 548
291 78
219 565
134 833
485 823
314 392
148 452
991 530
731 202
196 552
166 393
717 946
971 364
585 518
871 592
765 146
511 77
712 391
689 241
827 847
141 606
573 824
11 479
724 759
882 645
237 207
288 486
688 369
792 277
655 275
826 135
648 550
718 56
134 502
710 245
881 724
107 696
51 372
692 74
153 368
259 143
871 448
486 842
794 515
556 552
704 765
348 392
671 271
633 41
158 598
232 649
70 337
406 559
573 659
274 693
122 806
504 297
474 119
234 732
361 71
384 564
652 427
977 414
721 547
43 425
175 734
608 68
679 375
828 798
362 489
842 201
248 408
368 610
575 32
560 781
829 746
267 93
581 459
240 192
799 835
687 48
468 589
880 375
334 594
111 191
535 899
895 523
286 446
652 157
934 363
545 584
268 109
521 212
336 266
819 572
94 635
930 467
839 224
425 311
220 108
898 374
12 469
97 537
749 325
839 511
493 100
646 561
575 751
820 562
771 235
340 155
625 391
660 622
162 504
705 442
666 766
693 867
605 184
658 584
488 572
622 913
611 906
592 78
73 693
927 727
635 263
580 675
686 144
474 479
314 457
689 412
49 575
569 448
243 473
691 675
174 859
111 471
677 843
572 368
773 687
397 843
238 568
439 221
12 564
766 920
507 327
791 655
783 214
344 40
561 213
147 719
600 242
423 237
115 386
833 321
423 34
307 309
233 809
651 307
632 600
404 498
398 388
106 637
645 256
629 707
552 731
448 190
131 414
131 217
284 530
727 318
643 122
517 226
743 544
849 777
289 507
384 716
111 538
455 856
988 573
889 369
274 617
960 464
274 909
747 98
876 746
204 398
818 731
532 489
694 516
361 860
661 519
824 259
666 487
552 21
564 47
608 351
522 682
709 516
901 791
487 784
547 146
420 405
172 222
934 629
323 146
98 548
441 101
341 218
602 298
389 365
873 402
226 186
697 605
227 537
543 978
109 206
755 633
660 390
553 794
539 51
319 471
575 245
366 471
40 394
813 247
828 217
785 330
876 267
745 176
297 252
945 554
929 744
463 656
273 552
333 651
836 383
403 522
170 194
749 597
34 374
648 487
642 900
673 173
365 296
315 711
539 323
781 651
323 880
177 183
701 902
667 670
456 296
671 389
112 763
793 574
86 514
602 739
798 158
564 970
171 260
381 424
713 656
245 766
384 743
542 782
302 42
234 404
212 287
678 705
625 737
35 443
238 246
527 262
369 396
554 127
699 102
957 377
768 522
783 667
110 403
461 874
569 572
481 496
229 751
124 500
840 738
500 590
446 333
76 467
182 174
125 261
365 422
203 893
866 689
479 17
895 614
447 456
332 770
481 186
709 209
209 218
498 405
852 706
767 301
607 433
477 915
867 754
405 91
924 702
637 309
173 585
760 564
299 505
205 805
163 523
563 743
832 145
401 824
985 540
374 48
368 268
500 466
276 860
427 467
907 670
268 464
436 528
438 509
639 179
467 259
333 697
212 860
905 428
902 314
687 685
533 709
426 548
196 293
552 296
415 968
531 276
724 643
494 24
110 679
589 300
228 130
675 322
409 910
866 630
995 508
865 678
159 806
567 97
528 851
146 542
616 515
703 411
525 670
74 599
652 947
182 533
413 543
743 907
953 525
916 240
352 24
228 765
215 780
574 933
527 49
134 331
90 665
202 168
101 566
853 809
626 658
187 845
134 514
731 417
345 946
425 497
512 260
556 90
392 471
47 678
499 900
330 931
312 826
56 478
51 655
404 746
481 360
847 359
596 516
433 382
870 730
731 405
876 311
461 735
787 794
605 628
850 264
537 419
577 407
529 821
765 183
229 522
798 806
958 318
177 787
546 5
676 746
90 595
606 670
840 819
491 242
369 250
718 826
464 348
937 497
393 194
448 676
647 518
427 951
771 133
303 698
643 502
245 278
720 596
529 302
741 607
315 319
528 756
806 622
190 211
504 491
92 688
808 787
766 88
694 453
184 684
376 782
652 105
475 656
406 974
692 916
262 185
173 209
872 550
690 842
377 302
743 523
426 509
374 628
47 638
745 718
872 299
640 337
124 319
85 241
689 550
49 309
75 675
599 872
947 540
357 244
159 763
756 832
515 487
176 411
707 502
240 326
402 53
911 507
442 151
43 436
580 734
258 475
750 797
352 435
304 942
204 664
336 685
790 864
36 595
384 859
617 240
712 697
473 831
820 334
279 603
705 889
