745 1633 11 231
139 355 29682
82 143 43186
360 455 63063
11 173 61131
491 601 71589
245 256 50040
138 169 37736
220 599 38484
536 658 29069
62 667 56365
129 568 12207
389 542 31906
74 290 41773
446 667 58856
231 495 30887
291 651 18000
552 642 49041
20 434 22561
84 85 35777
129 716 21840
429 605 15133
70 133 10440
75 344 38949
58 167 46098
182 578 42000
274 305 50804
216 487 42048
256 583 16401
51 543 35128
3 352 21840
149 154 40311
337 352 39395
193 385 45880
327 357 11662
94 247 39000
316 379 47760
437 674 14318
62 616 36878
268 531 19026
527 663 30480
270 640 40497
173 197 23345
570 604 12083
34 618 41761
478 584 34986
223 744 36715
546 583 54083
364 495 15133
96 648 54083
276 612 26401
32 46 16492
466 534 95525
318 712 45354
577 592 51478
640 739 46648
519 544 36056
694 701 35847
87 207 39051
59 652 61717
106 107 49254
75 185 33121
409 723 56400
114 569 39408
362 564 38588
330 632 68731
395 685 23854
10 221 20616
668 690 14000
444 627 18358
153 202 39205
469 688 19235
626 681 19235
205 301 58464
390 605 19416
30 132 55172
107 149 41629
512 516 50329
419 606 40497
301 485 26627
4 36 10050
23 743 49244
413 603 20248
210 294 27857
709 745 68949
23 631 22204
554 734 49244
143 177 46819
233 490 16031
193 533 32202
448 473 33377
169 250 32450
189 536 24839
371 592 12083
204 531 14318
175 180 21587
137 310 26000
555 624 23324
305 392 38013
76 104 26019
148 645 44418
136 596 27459
131 175 54424
449 552 34132
287 441 45880
51 53 48301
37 680 27074
346 727 26077
365 406 34132
65 350 23770
88 650 40025
159 579 39319
26 239 33015
183 663 47011
360 732 50636
67 734 48021
260 652 23854
29 209 10198
112 188 19925
227 604 24331
562 703 25554
232 500 56939
124 479 29614
35 587 55471
316 402 60000
193 659 21213
386 424 14000
167 540 47011
275 356 37802
370 704 31623
130 284 21095
2 582 84024
549 683 29732
97 623 20396
226 287 42638
194 532 12806
464 590 51971
73 211 28844
416 713 27659
537 560 36235
39 341 53085
27 224 51624
37 96 21213
128 585 22136
180 514 15232
115 534 58523
292 611 48104
292 471 41881
447 655 25807
317 662 12649
333 619 10440
35 321 14866
129 431 32280
52 156 42450
233 650 21095
400 556 44283
153 497 28792
451 569 35228
186 322 42059
231 577 60465
111 723 12806
39 494 20025
360 708 36715
605 686 38275
317 742 17000
410 492 40050
200 268 11180
96 459 44407
178 357 33601
262 580 26627
72 118 49041
118 331 27857
539 556 34059
673 732 51039
110 734 13342
421 570 28284
349 376 92195
131 388 17029
214 240 65192
93 673 27893
94 716 25632
220 566 39115
500 501 59464
150 735 51624
606 683 76551
10 597 51894
223 334 66731
216 273 19849
52 711 28792
449 645 55317
99 475 12728
17 457 44654
112 238 13601
309 494 61033
215 669 68066
201 347 28231
283 393 24042
183 506 24042
412 472 39217
26 629 15033
103 539 12369
60 438 32985
228 634 61855
129 678 54120
31 81 37014
56 90 15000
447 458 55082
41 719 21213
177 710 47927
332 606 31890
136 608 47927
225 322 19313
118 396 47074
106 670 55579
243 360 41437
123 316 54918
83 466 62362
94 655 44777
190 338 44553
701 711 62482
323 407 44045
42 515 35128
462 611 34785
79 226 50220
73 206 24166
261 502 35735
642 731 10817
381 651 52887
252 733 46573
6 743 44147
469 733 44721
585 724 51788
66 500 67082
151 707 35228
186 225 47265
230 649 43966
163 637 14422
89 305 24515
477 621 49092
344 613 53000
560 741 61620
485 521 21190
246 538 29682
385 536 33242
229 395 39000
643 726 33615
116 699 80604
95 136 37643
33 377 32696
95 271 35057
91 732 51624
212 455 41593
163 697 30610
159 587 26870
125 639 20248
208 498 13153
135 344 35847
71 668 33422
181 398 34366
106 647 21260
634 664 55326
569 688 51740
49 249 34015
7 173 69857
292 656 26077
58 222 37162
40 515 54918
465 574 28284
114 451 13416
306 559 35511
448 667 43290
181 554 58009
127 683 46011
514 699 17029
74 431 45618
135 690 17117
392 636 13416
439 736 35847
473 593 38601
140 597 20248
421 604 19235
606 709 72670
21 194 13038
277 450 14318
640 728 51865
180 610 25962
366 479 25710
66 597 19235
86 675 42953
120 298 180936
32 349 72691
408 691 10440
625 652 67186
301 432 47707
264 499 41231
425 676 46098
252 469 48918
199 298 28160
498 510 20396
242 396 36125
177 713 68600
308 724 25080
99 685 29411
72 559 32573
365 464 24759
207 512 22672
113 157 33287
451 571 48083
103 224 45967
250 618 39051
341 601 11402
178 426 42154
36 223 24413
99 395 23409
674 735 42297
57 287 37483
563 577 55000
281 316 72367
705 735 11045
467 607 27203
403 661 21541
676 722 57306
12 632 46174
184 447 15811
24 245 46872
102 543 12530
390 628 20591
29 381 55362
78 373 18439
253 297 46174
168 430 13342
334 390 35735
198 523 44283
265 530 40792
289 469 30806
463 508 35128
52 598 27019
87 454 57271
564 684 34059
174 718 31401
179 506 66708
401 589 85147
314 482 52612
516 727 36222
44 436 62201
279 739 45277
76 302 25179
102 451 29732
395 513 41785
240 515 56223
387 704 31241
394 718 32388
323 375 18682
28 283 32249
243 708 32757
477 666 11180
24 53 30463
379 433 19209
62 92 26571
300 537 36056
30 57 67543
143 439 49518
418 576 35014
51 304 37054
67 158 21213
325 715 19416
190 415 54231
496 694 34234
110 554 51039
461 645 36222
501 545 38471
435 692 43463
289 542 41110
321 703 24759
62 522 57871
434 625 34438
11 342 28653
155 598 29120
168 277 27514
219 651 10630
126 737 15133
219 534 55227
466 741 73171
51 569 17889
16 210 55444
164 218 36056
180 217 20000
85 332 18248
348 378 16279
156 428 36125
218 640 44598
203 204 45343
443 526 37656
324 553 21932
403 443 43000
301 521 15811
69 345 30676
507 682 27166
200 521 10050
90 313 54562
134 350 41000
312 402 18868
157 627 43909
117 648 13601
24 544 14866
1 572 39115
417 458 22136
555 627 18601
444 624 19313
234 343 28653
152 314 11662
125 334 25298
167 276 31890
202 501 45277
334 659 31575
64 221 19209
106 149 24597
114 648 30529
59 314 35000
255 542 43382
361 596 14213
51 451 41677
415 710 26926
20 557 11402
276 584 27295
358 519 29069
497 671 16125
242 341 55543
73 257 24739
100 424 37577
718 720 32894
62 714 42426
249 696 38079
420 474 35341
196 443 65000
454 493 34928
128 269 50922
274 559 73110
486 593 54009
42 463 16279
223 278 40000
237 239 50636
74 321 30594
15 638 25632
683 709 104561
209 505 137528
127 549 54818
268 661 54231
42 508 40162
348 373 38079
402 603 19235
69 285 25710
327 438 31241
18 486 56515
320 463 31000
509 659 12207
111 440 44598
13 263 63640
59 344 35341
456 635 13892
464 468 46325
139 595 41110
27 615 64498
40 240 15133
257 674 31623
346 666 27659
345 400 44777
239 436 25962
204 452 18358
3 145 17720
588 669 83744
166 235 28636
47 564 31623
161 520 53339
317 719 58009
214 515 28443
299 600 66611
475 620 14036
159 259 30480
382 579 26683
396 491 27659
201 435 26306
179 209 82280
59 75 15232
136 279 129835
231 305 59942
269 634 36674
229 609 52479
103 556 41049
254 462 10817
257 330 38013
101 293 24759
644 732 29967
569 648 48094
113 627 41231
223 730 46690
434 478 55973
196 363 48052
74 716 46325
285 371 41437
300 479 28178
295 545 16125
607 687 15133
50 637 15000
516 538 17720
107 165 17889
30 511 60671
197 266 66008
26 86 15133
492 687 17889
131 162 28425
119 302 37483
16 639 57706
527 635 20616
189 523 54129
619 621 49254
227 726 34540
318 443 42202
298 523 55109
452 573 11045
312 413 23324
334 628 44553
375 512 28636
400 474 29698
524 743 21471
355 595 43417
33 288 23000
92 668 27514
201 312 26420
45 620 20100
157 444 38013
297 650 38471
35 280 22672
115 367 29682
10 671 61033
25 363 50606
593 631 24759
553 632 57009
203 657 45222
166 406 13153
567 603 25942
355 394 52612
479 560 56436
478 541 30083
610 642 46098
154 722 30150
572 736 34176
283 718 34132
48 368 26926
27 722 66370
22 665 50774
484 653 47508
2 181 83169
1 307 24331
424 613 36125
309 660 95525
134 253 46098
185 481 15811
244 418 19235
36 136 56223
96 726 55082
641 663 31828
489 666 36620
136 294 78243
316 498 15620
145 645 51352
119 298 57009
86 249 38949
351 571 35693
352 384 27659
105 490 22825
193 639 45880
366 537 22825
58 344 27019
124 300 24839
335 617 28862
55 324 42720
430 450 19235
66 587 55317
67 484 32558
62 386 54120
556 640 50160
2 14 52631
336 390 34785
21 532 10296
191 470 16553
415 628 41677
103 345 28160
68 638 20616
130 722 58523
382 405 12207
258 272 20100
412 541 24839
90 299 43382
12 315 18601
388 699 27857
122 165 30000
186 548 24352
82 177 17692
269 601 72125
72 319 43012
440 594 63388
144 251 28000
203 268 44643
303 512 48754
460 711 47043
88 233 29000
112 287 49010
404 668 24515
88 350 29530
48 468 27295
2 396 49244
275 667 35777
19 421 18682
254 611 33601
277 393 25554
538 727 37443
534 651 57454
31 236 63561
666 727 24352
279 578 54231
168 214 34409
622 643 61741
575 630 22472
326 725 38601
478 617 23087
434 557 20518
256 358 20125
514 677 50990
400 420 37643
164 640 35511
592 602 29614
120 142 83600
84 212 10296
14 417 29275
492 493 44643
152 652 37014
384 561 27313
126 496 73246
266 538 28231
58 668 17889
94 329 33838
403 712 35847
509 533 40447
65 554 33106
620 741 67231
425 670 32696
685 741 72801
236 517 30871
305 615 28443
1 380 21213
495 615 25807
34 134 25554
448 743 38013
121 586 49031
322 548 33526
228 548 51662
523 536 47634
348 580 34409
161 595 32140
198 536 20591
343 535 38118
428 646 29069
467 654 27586
147 198 43139
109 179 67231
488 691 34828
547 597 30067
49 181 29206
48 464 24187
105 619 13601
231 602 13892
579 702 54626
282 285 27803
420 427 25298
71 386 16401
310 662 31145
271 596 40719
171 455 41881
357 438 31623
308 340 46043
472 540 48374
82 190 11045
69 364 52773
328 359 33838
376 378 27313
585 704 37696
52 646 26306
221 532 10050
97 558 19647
53 215 26683
454 589 10440
357 511 18358
120 445 60075
22 551 30610
279 326 84865
581 702 25000
234 535 36878
378 567 42190
137 465 67779
151 363 33377
562 716 50160
191 410 49092
370 724 36674
109 506 49497
583 588 58873
265 353 33015
27 122 18601
160 286 53038
210 488 39661
242 601 49244
204 268 25554
472 520 35228
359 600 11180
70 460 12083
164 182 23324
670 715 58669
386 517 27586
500 597 75166
30 621 38000
628 710 29428
273 455 21095
172 423 61033
171 212 45695
319 331 28231
56 550 18439
213 681 44272
138 253 36715
34 253 38079
356 442 48508
110 695 36688
474 558 34828
529 561 32650
58 260 82079
465 662 56462
325 687 42450
558 599 15524
173 188 85235
273 487 29155
359 560 74706
660 723 65000
272 586 20248
205 524 48083
585 638 23195
20 652 45706
439 572 30017
81 108 29017
271 278 30414
146 278 14866
106 325 22136
483 686 18788
203 661 63781
171 243 37336
493 589 37054
387 585 18028
343 501 58215
160 642 30887
30 503 59304
10 547 29411
56 111 28844
49 696 29275
637 697 29547
165 654 38079
252 272 18439
488 639 29069
354 735 33526
232 296 32016
704 724 45222
156 646 25495
320 515 14765
303 407 38210
315 553 40200
25 329 18788
300 627 34234
81 185 29833
386 522 25495
57 441 42544
422 738 44385
223 628 52173
27 539 65490
144 493 41231
145 313 37108
305 636 33838
194 547 11180
104 502 48836
535 591 20100
130 182 31623
564 737 16125
53 543 47802
41 317 40460
367 445 27295
377 636 27295
385 658 14142
152 625 103247
248 453 27857
156 586 46098
40 520 36797
126 740 14422
62 71 46325
191 392 27203
287 503 49497
452 633 31145
640 656 31828
338 415 20591
17 143 61522
354 667 70859
456 663 19925
148 311 28443
68 163 24739
107 467 10817
398 653 27785
34 582 63285
300 480 44654
159 702 48104
11 197 49659
216 419 22204
140 594 50010
21 140 25080
32 376 20396
76 502 49980
455 708 38118
289 586 42521
428 702 47381
485 531 12369
323 682 49396
617 626 15620
92 616 33136
38 404 16553
253 618 31780
492 607 19313
182 518 72835
620 685 36715
255 295 58421
425 647 27203
526 661 60440
195 669 43046
89 615 37014
80 377 18868
185 314 49739
40 614 39962
61 108 23770
43 551 32016
159 280 53413
18 436 48836
157 353 40706
277 430 23345
527 651 20809
501 671 21213
56 660 48010
135 613 27166
619 650 26833
291 635 18439
239 712 60415
179 630 55317
242 458 33121
285 592 42202
88 134 43600
15 624 49204
449 461 40447
63 311 17088
19 726 24083
140 241 37000
49 398 32249
171 330 36715
483 713 13342
458 675 48765
16 504 81633
519 588 15652
98 307 10770
215 588 24413
76 142 18385
567 604 30083
17 285 18385
342 525 30414
571 622 67742
60 720 31780
481 482 22804
194 221 11180
2 34 75743
421 726 27586
155 733 32280
223 691 30017
451 669 34482
87 342 38118
202 699 30610
432 437 39051
61 127 59439
313 399 46098
93 719 19209
62 508 56036
552 610 27019
3 337 26627
625 681 73824
90 600 59908
13 248 34366
455 487 43186
124 741 37216
40 540 40706
74 723 66030
232 382 17029
518 670 63561
71 690 26926
47 737 38210
126 701 69340
121 156 51662
170 505 31000
196 526 49163
25 707 69584
220 462 46573
429 509 29411
212 693 32757
538 565 16279
278 730 32558
75 81 52086
483 605 32650
117 569 46819
193 334 38897
474 576 34713
45 466 24698
109 575 16031
208 689 23537
186 457 39560
657 694 17205
443 712 17205
391 679 14765
33 122 48703
548 577 20616
144 454 40000
373 692 27659
222 404 18974
362 689 26306
170 422 53339
133 711 34176
556 599 62682
4 608 11705
11 87 21401
265 509 43417
45 99 23259
140 440 75452
27 89 46755
4 146 21260
230 477 10630
335 625 54818
230 666 12166
107 325 49396
247 568 26420
136 361 16492
458 678 64560
227 622 26926
31 745 66483
401 670 34015
50 309 63063
18 356 70612
447 678 58600
30 346 36249
388 423 45222
65 695 26926
629 712 57009
225 340 16279
229 353 37108
138 618 28178
171 708 20224
8 395 46271
115 738 21213
313 600 27019
412 478 28460
25 196 41593
50 269 50329
191 274 24042
187 590 34928
389 586 48083
75 314 43324
498 689 22472
414 574 27514
375 516 24187
160 175 16279
90 660 50596
387 638 17692
20 625 21932
8 609 17029
191 407 49244
241 594 18601
607 654 12530
207 251 22561
259 382 24597
56 723 34928
448 486 30676
158 181 42544
324 383 43932
55 301 44777
123 379 33541
446 517 39051
280 707 69426
416 736 38000
41 574 60208
116 411 32000
336 710 24739
186 308 63632
38 616 11402
54 176 12042
260 679 12649
153 677 17029
142 261 43000
110 214 13601
267 453 37202
183 641 33302
130 270 54009
59 152 42202
233 333 10770
192 720 33377
207 454 45222
499 677 19416
24 304 36056
466 620 23707
120 170 34176
74 703 17692
557 679 10770
47 633 37336
271 566 29275
200 485 21213
18 653 47011
256 544 29530
294 504 14213
169 665 19209
662 742 17692
205 705 16279
189 199 31305
456 527 26306
195 571 22804
370 444 42426
95 596 19105
128 163 40162
46 622 21024
45 706 27514
399 550 12042
542 569 70456
57 266 41049
344 690 33015
42 614 31321
10 64 17720
582 618 42579
355 365 32249
305 563 72277
587 597 64885
98 380 39217
83 741 78492
8 530 10817
459 688 17464
442 508 38949
204 573 17117
43 507 70774
220 725 50596
247 447 39623
17 592 48508
132 511 38013
414 435 49679
410 654 34059
137 692 36056
74 409 38275
234 255 27586
452 485 27803
92 404 25807
326 566 25612
471 599 43681
95 278 24413
139 365 32140
489 516 33615
117 459 15556
8 147 22000
179 731 36878
107 154 45891
157 416 38275
12 553 31016
63 449 56604
113 229 29155
266 516 43417
265 429 43012
328 529 26627
571 643 19416
299 560 20518
521 661 52202
489 682 41231
158 484 27019
16 658 41231
174 192 24698
337 529 41000
50 494 31401
247 678 42755
142 302 22804
239 696 38833
179 642 42012
175 286 51923
31 100 63071
349 588 147122
51 255 60877
104 302 37643
262 310 35014
242 417 12042
202 514 35511
385 639 38184
274 563 91351
260 391 21024
105 283 43566
370 624 38897
281 680 24597
202 671 31623
270 728 31906
342 401 121334
416 686 23537
276 391 40706
318 675 27295
189 298 22023
197 512 84172
332 419 13153
9 691 16279
459 469 16031
340 664 42450
184 318 23000
335 626 23345
374 650 37121
585 664 21840
31 683 51662
44 593 35341
165 717 32985
139 187 55000
40 42 56798
229 685 23022
102 669 11180
242 491 56921
343 500 15133
156 702 36056
323 512 31575
737 740 26926
329 716 43012
224 364 42638
393 695 20616
358 544 36235
444 555 27659
10 153 53535
372 414 44944
27 717 43012
87 512 44598
383 644 58856
105 333 11045
2 49 71218
104 523 12042
228 319 29732
25 698 42755
327 339 41976
10 194 22804
55 432 26627
67 181 54037
77 93 17029
476 699 79196
603 604 23537
250 582 40719
358 583 19647
172 245 29155
75 613 56321
187 213 15524
365 590 42638
282 345 34540
81 613 62426
7 238 12042
63 641 58941
290 309 13892
628 744 39115
552 630 50160
413 567 19416
167 391 57219
94 196 57428
246 565 21024
473 631 49366
480 537 17720
316 510 32558
362 684 22023
211 674 36715
308 380 19235
25 94 40447
394 430 57428
522 667 15232
217 388 29155
202 497 18439
282 427 23770
218 739 30806
267 339 62769
530 609 25080
372 435 71386
173 238 58592
37 421 32388
383 564 24042
161 721 36892
187 412 45453
162 179 122066
12 257 37000
457 577 38949
121 591 41485
213 464 73539
29 183 37121
184 458 48000
308 664 55444
551 559 21954
346 538 33377
135 424 24187
137 662 48270
22 250 21024
147 533 46325
142 445 70711
357 729 33136
374 621 46174
63 635 62008
95 146 15000
130 164 14142
17 293 33526
556 728 21024
348 376 34828
258 598 25000
165 467 19723
384 700 21024
611 739 52202
206 211 15232
315 437 12166
349 351 25000
349 571 55579
78 413 24083
131 180 46043
471 656 49659
242 678 65765
44 237 22561
237 712 37121
206 745 61221
125 193 36125
182 284 44553
150 667 69771
193 509 19105
3 148 36249
14 396 53151
254 292 26926
109 630 23409
328 741 95567
541 584 29069
270 722 19026
9 36 29120
258 733 39051
390 429 28320
366 560 43105
192 267 39115
380 724 30414
195 351 18385
46 567 43012
326 361 30610
440 587 30414
190 710 57219
108 481 17493
108 482 16553
375 489 41195
116 202 78892
423 546 54708
381 672 25239
215 519 21840
35 409 23324
14 242 38210
372 684 55227
98 457 64761
382 500 56639
89 377 17000
185 482 19235
35 159 56824
163 638 24597
112 441 16155
393 490 47802
172 546 17493
462 725 28160
255 411 69289
376 580 55036
113 685 46043
33 654 32280
199 504 109078
87 589 57385
346 477 27203
61 482 40162
551 582 32757
28 178 41231
485 633 28653
268 485 20616
245 546 42048
90 550 14318
112 226 40497
575 641 44721
17 427 39623
60 192 44407
205 674 45651
71 424 13601
174 394 10050
383 632 44102
188 263 63127
81 549 29275
245 476 15620
259 296 14560
623 730 34205
261 706 62769
632 644 64661
399 594 28178
510 740 32202
188 226 31765
635 641 24352
182 218 23409
73 709 37656
19 227 17000
211 735 36125
58 690 27203
328 560 78600
80 636 14318
248 368 13038
91 455 71063
520 721 49578
123 281 50606
535 542 44822
106 715 37216
113 124 32757
148 352 39459
99 513 48270
5 707 12042
368 406 36688
409 440 43081
528 532 10050
264 645 19698
85 606 21213
297 649 38210
55 437 49336
219 561 39560
47 573 53759
517 667 27586
215 544 43278
450 718 43186
253 650 47202
208 316 25080
63 461 36878
80 305 25495
364 371 35511
2 249 63159
140 547 15811
339 729 22091
5 70 26571
262 692 27313
7 112 10770
303 410 41000
411 545 30364
456 641 16492
274 306 88102
426 438 36497
50 163 25942
42 320 32249
219 700 35228
313 550 49193
371 495 25807
72 331 37108
702 707 49163
374 649 46325
228 601 92655
415 744 19209
446 745 21633
67 554 36674
336 713 36346
315 674 21932
307 380 31906
154 717 17720
352 700 38897
505 672 62610
284 518 33287
69 282 23195
288 392 36235
79 287 49193
196 318 62032
13 453 31890
674 705 43417
171 632 54626
311 352 40497
392 470 18601
4 278 30083
84 693 29069
38 222 13342
610 677 45541
290 431 12000
116 476 10630
132 178 18682
309 431 25000
214 277 37483
120 738 44777
299 660 36139
141 619 48415
45 475 22472
114 643 40804
78 378 46957
66 296 37855
338 418 13153
235 368 36674
570 603 15620
16 199 27459
151 657 50000
221 264 20000
322 634 41437
82 293 50120
173 401 201693
371 602 24515
141 621 27313
99 706 46861
138 250 38328
244 730 12166
123 176 29155
325 493 39459
539 722 57983
224 345 35355
474 599 28636
459 733 45706
369 466 80753
257 709 46239
664 724 54083
349 580 147218
70 646 22804
698 707 69354
46 376 31241
46 349 72801
83 561 34540
321 562 31401
223 408 29155
630 731 28636
316 347 52887
574 742 60638
9 408 15033
173 342 80411
328 337 30000
295 411 31780
87 525 50774
94 568 24352
10 500 74250
255 569 59682
665 682 38328
91 673 40497
437 553 44944
4 223 21378
460 701 46530
280 562 28231
146 608 11180
616 714 28425
131 286 33015
85 709 58796
150 354 63600
324 632 57801
248 468 12728
405 579 24839
141 178 31257
31 549 43278
156 581 20616
77 317 78715
213 590 24759
260 557 21260
139 412 69635
60 267 29155
134 181 64008
345 420 31305
291 700 36497
507 665 41340
653 696 39560
86 629 22023
503 729 16643
335 478 38079
77 719 23087
107 687 37014
533 536 29275
511 729 27295
252 289 39623
198 502 37000
97 730 41012
323 489 42190
220 271 30083
647 676 39051
205 432 21401
439 713 63640
177 336 50249
50 128 50990
119 523 26019
208 372 25239
246 346 26249
97 418 45607
300 366 19000
614 714 21024
247 655 27785
303 323 39294
54 123 19105
133 460 20518
47 324 16492
350 490 31780
305 470 42579
166 355 38626
412 617 16763
150 524 22361
683 745 89471
150 448 41593
473 486 33242
235 453 31953
426 718 19698
123 433 34986
300 555 29833
240 721 47127
255 304 61098
220 623 28320
686 713 11705
282 420 23431
244 744 18439
8 513 46011
216 693 11045
109 641 39205
265 416 43174
598 711 14866
301 524 54203
114 571 45651
33 636 26683
496 701 62682
320 734 27203
236 745 22361
264 528 14213
433 711 45706
306 319 50990
525 589 33422
145 241 60745
326 596 30871
127 397 23707
173 441 62936
68 480 41340
287 339 47802
138 297 26077
419 487 61847
431 716 39051
442 653 59908
348 692 25710
5 460 28284
261 367 66272
1 724 30806
64 499 38013
472 595 54745
58 404 26401
65 490 42720
480 660 44944
224 539 53535
364 615 18028
219 369 34059
153 499 18028
39 601 56569
111 550 36056
435 465 48754
166 192 29069
101 190 40460
104 119 19698
118 582 63253
68 697 30414
324 633 42450
701 740 70711
540 612 23022
67 320 49010
680 733 20591
405 500 56436
177 439 50636
534 672 64537
54 155 26019
139 590 30017
326 611 67801
568 716 21260
398 696 27295
101 576 28653
162 423 34655
148 461 19105
28 619 36401
489 727 14765
100 613 44147
349 622 74202
338 576 35847
131 217 33106
150 743 19209
354 745 39000
275 508 51352
578 670 177767
121 579 53600
110 277 33734
15 555 46098
81 481 16125
473 743 27074
251 454 32249
433 701 48094
6 23 21587
279 611 20616
356 486 31305
6 301 43174
440 597 70292
243 644 52924
288 410 15000
397 683 56859
176 281 33061
23 661 35903
336 628 37014
289 688 40262
280 698 24207
246 266 27019
397 606 66098
351 669 58796
281 402 48795
166 267 34713
15 480 37643
379 740 43012
160 179 63506
21 547 16279
395 609 46573
312 347 17692
500 535 41761
389 591 43966
216 455 36401
703 716 40804
6 524 34205
579 581 50090
266 565 12806
275 486 37054
431 678 68242
222 540 52038
43 559 29000
79 263 32650
352 529 25318
21 528 19925
167 612 40000
369 561 19209
127 482 99459
509 530 43966
422 672 62642
33 392 32558
324 564 36770
663 652
410 584
792 380
793 807
508 295
320 379
199 885
842 636
831 798
736 286
324 917
278 254
98 788
423 533
674 539
922 752
617 738
311 453
497 91
15 503
731 321
412 704
325 400
704 105
508 372
399 498
537 837
238 694
953 343
268 771
109 344
483 15
476 832
354 635
584 366
803 806
497 141
140 478
565 518
161 552
290 75
212 527
435 717
342 424
855 547
487 31
343 260
80 718
354 540
616 514
633 115
517 238
676 93
482 188
312 296
683 420
239 832
112 447
63 411
170 731
49 321
179 457
841 336
753 291
270 622
672 299
277 556
663 532
598 776
499 270
154 418
465 665
235 278
583 410
69 397
941 613
246 80
431 78
158 804
496 803
72 345
693 724
829 464
191 211
159 227
414 500
341 904
306 657
506 802
698 420
262 120
154 448
257 93
514 412
779 838
518 144
714 823
655 686
845 568
166 371
666 766
619 74
605 833
942 639
265 673
491 937
496 888
43 344
894 312
233 594
659 404
203 875
771 579
585 100
936 514
745 150
573 139
448 619
960 647
998 529
584 234
522 848
463 190
754 551
846 736
384 230
62 263
626 564
532 442
591 949
836 172
230 731
502 260
332 622
126 408
808 862
375 37
353 700
79 656
706 319
243 722
948 596
661 695
421 884
775 375
779 823
864 636
807 347
513 926
265 374
482 299
22 421
781 257
541 897
508 189
546 269
753 607
292 541
611 316
871 226
142 632
858 154
639 526
605 947
504 872
118 708
102 492
200 618
373 732
986 497
242 188
772 128
263 913
157 674
855 223
490 179
705 711
212 726
928 254
834 218
331 558
617 967
920 326
445 460
53 368
578 664
35 623
184 881
923 701
692 735
444 792
144 695
849 700
730 308
577 42
467 379
279 896
894 667
937 729
355 343
420 83
785 218
408 350
378 316
273 324
213 288
371 879
394 170
951 333
879 787
219 302
200 206
31 638
220 590
682 67
173 178
822 202
639 959
879 418
715 848
741 306
127 481
789 786
573 800
583 617
169 853
489 76
520 618
798 590
317 753
529 725
655 282
286 678
668 193
130 734
171 358
364 429
211 886
372 479
159 567
718 354
461 537
277 175
745 782
743 131
281 803
499 448
93 754
385 526
391 705
393 884
529 203
335 668
694 899
648 174
741 81
241 254
515 197
631 293
36 478
905 596
386 28
143 833
761 306
808 653
280 830
141 734
365 338
578 547
590 895
744 840
517 217
186 163
451 769
219 438
81 516
226 627
765 818
709 946
569 349
488 146
621 773
222 666
573 960
604 751
869 173
202 826
453 832
568 196
575 451
886 392
669 909
649 748
869 813
706 181
635 307
331 714
945 702
717 459
735 535
330 337
966 610
400 841
670 117
501 778
490 690
659 676
633 632
587 458
351 27
835 352
443 96
739 384
28 411
267 269
417 160
316 44
445 437
500 640
228 555
589 380
565 624
362 831
327 256
470 930
768 885
182 747
795 426
525 380
224 220
474 629
162 209
276 674
822 728
20 576
755 706
777 402
724 766
173 788
595 606
512 515
338 942
682 218
95 426
608 805
301 786
431 109
436 33
555 5
292 631
570 25
813 386
789 626
214 336
104 672
242 468
192 753
732 63
767 407
263 136
792 866
373 197
477 332
546 767
76 688
735 516
911 530
94 741
857 444
692 615
565 737
380 149
417 66
314 729
344 836
463 11
506 819
452 36
433 205
642 649
937 396
642 271
336 213
831 407
892 716
164 405
662 561
819 173
582 210
788 717
45 497
470 800
239 649
156 664
837 590
458 573
73 242
326 524
694 394
647 827
449 991
453 112
368 412
133 463
635 261
105 706
396 803
816 797
604 378
441 841
713 150
64 588
455 76
356 111
742 756
766 643
452 529
726 779
160 196
636 791
502 109
940 470
833 130
150 405
513 979
196 687
644 767
519 293
807 696
203 631
563 451
290 311
445 220
37 508
394 79
347 486
265 281
202 723
697 661
644 362
218 869
254 515
411 412
722 585
938 526
193 348
460 455
246 411
811 288
220 640
597 94
369 300
119 764
397 916
207 165
902 367
592 701
445 508
562 150
488 275
805 328
703 893
228 524
59 706
350 100
846 524
487 882
84 745
561 166
459 785
692 874
101 575
279 416
668 806
836 559
753 143
309 760
55 561
760 522
698 510
58 353
36 359
763 683
271 524
352 322
256 440
175 136
846 765
340 795
285 662
479 591
443 881
431 924
585 519
544 752
390 303
771 230
407 172
787 274
684 233
740 213
894 630
209 777
880 822
986 466
943 319
407 782
225 489
835 687
411 192
208 762
356 862
876 605
820 212
215 562
323 824
184 386
545 978
703 61
136 579
345 342
189 400
934 648
287 370
368 947
418 375
898 393
750 315
817 411
848 645
364 319
740 316
875 681
916 459
644 221
904 685
715 505
306 819
602 845
125 533
83 572
609 193
630 80
715 95
722 179
781 113
719 310
555 656
76 316
695 406
436 685
840 270
307 265
284 592
716 558
628 867
22 494
695 828
455 696
732 473
842 432
558 375
519 708
353 230
290 822
748 869
474 72
522 435
617 123
474 105
563 60
696 631
380 299
330 120
878 311
691 780
563 675
659 967
616 277
408 13
566 274
408 668
751 68
85 543
647 571
536 224
630 335
696 47
394 926
49 655
624 223
570 726
310 439
707 369
110 629
781 857
689 308
500 217
680 832
756 405
509 526
541 732
462 95
485 100
792 698
138 230
461 874
789 818
825 635
841 243
714 926
102 532
123 381
182 518
529 773
151 481
48 583
366 675
273 684
835 545
268 733
496 50
734 827
704 578
6 523
36 593
731 569
778 735
400 483
886 290
328 422
292 210
338 297
571 583
890 374
482 806
631 514
650 548
865 743
624 917
898 351
886 253
552 76
326 155
769 324
521 264
505 953
569 126
359 740
297 696
886 410
23 458
312 500
467 863
475 434
647 895
434 313
906 714
828 697
682 468
360 392
328 48
921 373
626 577
385 747
319 765
203 406
128 439
614 64
483 992
755 228
958 410
284 86
251 284
432 461
543 944
798 258
507 490
32 490
499 168
17 596
380 785
96 294
351 196
817 577
771 666
459 889
578 157
399 193
128 425
819 787
411 39
172 189
424 299
244 629
350 511
658 502
550 364
809 199
850 398
442 268
566 299
571 397
682 585
257 327
881 538
517 303
245 168
198 271
749 730
490 228
401 426
760 670
173 499
454 941
538 421
536 880
188 669
269 78
177 700
173 612
571 894
649 412
656 622
731 896
521 89
327 788
607 868
195 786
743 794
892 262
313 128
517 158
236 581
246 326
728 643
369 232
957 511
664 941
392 218
773 519
316 61
277 389
757 768
175 336
