883 1639 16 141
522 847 38184
521 808 41183
625 856 32140
221 249 47518
54 484 66528
175 536 40249
331 417 23022
399 786 23087
137 833 71344
388 434 12530
90 648 20248
203 501 31145
49 555 44944
126 454 16125
572 740 30265
133 583 25000
230 681 32016
267 549 31780
159 660 53740
36 414 26926
480 584 20809
30 821 32280
24 698 45177
660 699 42107
861 862 14422
191 795 21190
331 803 28284
93 399 19849
44 108 36674
86 763 13000
439 825 14142
498 876 65376
762 851 33541
447 820 31305
436 540 39408
382 544 132098
90 437 29682
22 120 36014
292 823 47508
189 474 32249
51 552 37108
198 718 24698
605 766 82055
37 876 31780
745 777 24021
264 710 44944
432 693 23854
229 343 14422
44 655 38897
29 357 25495
243 842 12649
25 73 12806
94 329 47927
456 511 20224
594 787 54203
175 380 38471
372 400 41110
284 480 25318
335 795 11705
520 749 45177
548 582 37121
566 673 33242
18 753 40817
96 380 25000
251 664 34132
170 361 43012
316 733 34438
230 475 20100
138 779 32527
252 262 76322
471 494 59481
444 613 44944
9 103 46043
162 510 27459
289 736 26926
225 631 64070
496 575 25710
35 76 30676
373 666 35171
78 188 13601
210 446 13038
183 293 30806
596 840 18358
230 266 36139
469 569 10296
302 447 34655
518 587 28302
38 466 42521
262 324 58310
292 845 31145
178 237 55758
47 529 10296
114 210 16125
595 704 25239
203 561 40792
342 657 30610
66 251 35847
265 558 36497
425 712 10296
25 529 23854
28 235 12207
205 234 50774
221 836 26401
584 588 33015
855 879 17117
229 545 23345
72 416 42107
30 557 36878
365 459 18682
276 650 36056
495 623 24331
574 678 19105
18 215 45000
117 312 17889
195 636 25179
104 397 27803
459 814 51245
320 788 45011
325 704 13928
100 296 15000
532 837 19416
18 150 37162
57 832 13000
221 751 41037
104 468 30871
279 669 23087
618 813 31321
613 720 34986
61 152 41000
304 661 17889
372 870 36401
69 755 18439
74 811 27659
150 658 19925
605 719 15133
366 630 58052
172 451 23324
30 848 44944
334 495 13000
163 640 10630
484 752 19925
404 867 13601
211 212 24698
295 767 15232
353 824 22023
431 654 85147
178 842 39013
358 551 28636
576 814 60299
26 458 29833
517 739 20000
504 509 25080
203 348 19026
7 581 28284
393 488 22023
295 506 44418
147 597 28160
255 750 32558
681 804 38601
65 382 88006
146 385 20809
263 610 21213
419 639 36249
431 723 10440
85 196 50090
246 743 39294
116 118 27203
95 274 14142
90 830 19000
479 611 41617
553 812 32650
153 186 52555
168 670 19105
41 879 18385
97 781 39560
381 761 76922
554 606 24042
335 849 48877
56 710 34540
415 587 15000
77 145 46390
616 830 16643
406 779 15620
835 870 49649
468 483 15232
334 695 37054
32 489 28231
342 709 34000
41 810 20591
510 746 68877
313 344 52839
166 264 62370
234 323 69376
21 690 22136
760 808 24739
119 576 29206
309 720 22472
194 748 14866
562 592 51088
73 563 42438
104 641 20025
412 451 53263
635 814 41304
528 879 26249
7 35 30017
481 519 35341
208 435 34059
75 489 21932
118 387 21024
354 400 25456
58 79 49820
147 761 35171
348 561 42450
169 422 32985
140 359 18439
64 406 35114
61 354 25495
185 665 12806
218 616 25080
528 698 46228
22 805 24698
391 850 30871
268 373 30232
62 379 52393
607 745 37202
54 502 63530
645 671 56089
84 458 28601
106 508 15232
214 663 38949
248 730 19313
14 485 34713
156 380 28284
366 577 41231
664 779 49031
723 875 12806
209 626 64885
481 843 23087
810 829 17263
373 526 28443
148 537 35609
723 818 22000
81 683 15133
538 675 18868
224 612 19698
764 853 40050
133 822 43139
750 864 32202
12 246 17464
156 769 46239
102 771 21471
314 669 29275
336 496 16643
115 184 95021
149 172 10770
446 556 36125
339 364 30887
53 543 25000
269 345 21541
403 527 30806
5 533 37590
592 623 36770
423 797 23259
596 608 31305
415 833 49396
304 782 28071
62 724 53000
313 392 36359
420 818 17692
88 749 48384
162 356 25239
50 709 37643
464 866 54378
129 521 50804
124 635 16279
267 859 45891
502 752 15000
198 603 22825
163 445 58600
419 623 37202
651 716 35847
260 385 38949
131 493 21932
583 822 30594
388 592 26926
55 551 14213
19 218 47434
231 275 45398
147 658 34059
542 579 62968
305 686 55073
32 180 28231
457 819 59169
480 682 32802
139 698 26019
187 262 51662
69 658 17692
495 769 53009
239 449 13928
75 626 58600
753 863 32202
302 820 38118
35 297 30414
40 259 15264
376 694 54424
439 563 12728
255 350 38601
654 881 77782
236 883 18028
153 675 42048
250 601 34059
445 737 59363
68 260 42953
298 349 32016
44 146 16553
105 493 23324
20 724 34713
96 674 18385
168 739 30067
67 611 47434
67 479 40522
113 804 18111
2 876 41012
614 834 12728
665 825 43012
422 630 32249
401 544 55785
344 430 61612
79 361 47508
202 702 30414
559 602 13153
190 572 36674
406 853 31321
294 515 13601
464 562 32757
115 421 58052
144 736 30000
317 768 59211
476 489 17029
122 546 15000
163 478 54203
216 238 32311
314 795 12042
246 279 62394
734 822 37363
275 417 31401
95 804 50249
256 384 31113
191 499 31064
634 838 13153
379 385 21260
291 741 30480
191 594 68096
391 465 46648
396 836 21932
70 698 11180
238 594 47000
175 769 26571
606 634 15232
138 290 21401
211 864 20100
58 315 21378
12 550 18248
496 522 32311
181 607 27459
151 590 23022
321 701 17263
424 719 24839
678 684 28018
41 261 22091
256 492 45000
289 797 29120
190 535 32016
679 780 31000
206 321 37000
504 507 10198
44 433 38897
818 875 31623
390 505 43863
148 801 47202
93 352 12369
237 833 37121
299 594 17263
8 232 22361
110 602 17088
303 524 29069
382 772 13153
280 405 32202
215 351 44045
327 394 34176
87 470 46174
130 468 21095
134 533 13416
190 826 145798
689 878 22472
423 811 26476
294 412 41037
471 497 48384
15 720 15652
11 117 20616
241 336 28160
242 644 16125
312 422 47381
109 413 27313
270 814 30414
40 340 33242
157 290 29000
687 841 48374
14 565 29411
402 742 41231
199 533 31780
97 110 17205
325 731 24839
95 681 60075
159 609 32558
104 674 22000
31 338 32985
348 592 56080
135 425 56036
254 326 72450
17 812 29120
201 418 30067
181 315 21541
155 503 50249
174 618 22847
396 486 50606
279 713 27731
6 578 27803
469 761 43909
588 687 40012
310 578 31401
228 436 55154
478 857 59304
296 563 27459
586 628 63127
125 700 23022
430 827 36715
682 777 30414
92 617 44911
440 727 46861
316 533 51088
443 638 16971
73 318 22091
96 742 27019
570 656 15000
391 659 16971
60 844 31257
456 535 40853
113 346 16155
634 676 16643
551 836 17205
422 555 16401
284 747 13601
415 644 56009
272 382 107000
94 858 41593
426 428 40311
86 230 82073
450 637 13601
557 747 61685
125 247 19925
344 696 40012
308 614 34785
320 873 47202
141 569 67897
34 63 27313
59 536 15000
278 442 31016
180 765 20224
50 820 57628
10 394 36235
790 805 22472
251 793 26476
241 305 25495
416 775 28601
575 636 24698
216 463 34482
589 783 38275
423 853 22847
407 659 27019
135 395 23087
289 791 30414
226 722 33377
359 731 42426
209 326 50220
333 654 39825
291 654 66603
98 370 18028
47 96 30000
537 743 16971
395 516 49041
154 288 13454
285 384 22023
99 472 46043
189 850 18682
431 818 21471
275 322 35114
161 519 15297
68 453 18868
334 769 47508
39 756 34986
257 301 27203
642 764 36715
154 573 43081
677 687 32802
167 350 32558
59 452 21401
590 878 17720
369 705 20000
105 613 12083
182 521 20616
432 488 26173
27 288 36620
545 636 34132
112 251 40497
467 511 23345
138 258 12166
505 800 18358
42 505 34409
108 433 22847
102 428 20396
134 599 18248
214 504 47508
499 637 48083
291 547 36497
390 727 28018
164 317 23022
196 730 21024
747 821 58078
92 182 34986
277 300 22204
200 661 24515
609 737 44721
664 880 39850
400 793 11402
142 687 38601
416 567 43841
374 590 14036
205 613 41049
718 828 37736
339 603 28636
576 738 30000
197 404 32062
414 710 44407
104 130 39319
253 465 50961
424 455 65947
328 505 47802
582 656 18788
75 209 38833
358 571 37108
410 756 42012
333 360 15811
365 404 13928
657 854 20616
351 361 29275
338 433 42107
810 855 36125
144 871 30480
241 686 52697
514 809 35847
710 718 34713
63 219 22361
345 550 15133
44 379 27659
301 774 25807
245 826 13038
564 746 53151
68 728 43081
513 593 30414
111 638 30017
478 829 58523
376 435 46141
299 758 12728
45 148 25962
72 775 36069
27 728 42450
381 534 12042
396 443 13038
341 507 25612
150 755 25060
129 722 48754
18 755 23087
566 671 28231
54 519 54406
82 383 22804
454 748 27731
206 701 38328
464 703 33615
103 658 27019
100 278 53600
200 409 33136
88 233 59397
158 845 20248
504 663 75166
135 859 60828
423 642 17720
46 554 13000
261 566 23022
40 440 31305
282 534 156464
107 162 18248
191 669 21095
213 647 29206
233 749 27295
329 438 13928
641 698 21095
125 351 24331
526 863 21541
512 652 20000
190 340 108046
4 265 21401
556 821 29275
176 427 51971
420 520 26627
251 410 28320
364 565 59414
21 377 24187
437 454 32062
208 270 21024
109 156 58898
268 863 37000
680 694 36497
65 275 38013
136 843 31016
380 483 27166
721 743 38079
4 257 64444
19 222 29000
2 587 34482
348 735 40162
122 591 12042
64 664 42202
229 557 40112
662 678 43932
209 668 60166
140 731 33287
131 613 30806
254 626 42720
259 340 25495
84 679 26401
366 677 56613
204 386 50478
371 806 18358
333 874 22091
2 689 19849
719 744 21541
540 768 26000
270 829 61294
347 666 18788
228 329 44294
439 665 38601
255 517 21260
185 283 34132
330 408 20248
16 442 34886
729 803 16553
213 667 12042
159 586 27313
263 874 24739
154 809 34540
414 833 18248
166 254 64203
491 645 24759
172 669 38275
257 359 64382
26 385 36139
131 720 25000
240 665 24413
283 542 61400
615 807 16763
137 237 78102
703 867 26420
106 465 34015
359 678 48332
23 294 39812
336 522 26401
45 583 45541
811 880 24698
109 623 32388
193 827 31257
461 501 37802
639 703 59034
226 854 19235
281 474 26926
40 418 43174
340 840 35355
477 693 19235
668 733 67897
563 825 12083
130 156 31064
179 429 53254
143 585 24698
517 750 39294
512 722 40311
416 859 37696
282 381 164924
76 581 32650
696 714 46872
521 617 22091
16 218 25298
444 544 117273
781 796 13038
116 776 26926
651 844 35777
252 500 66940
163 207 19849
240 283 30610
517 864 25632
8 297 30676
521 865 35847
295 633 27203
109 223 39013
280 591 31906
10 509 13038
112 664 25000
124 365 42450
279 688 52802
711 769 21633
224 318 16492
265 610 35355
716 799 24698
306 394 34059
695 711 28636
193 292 37162
49 107 23345
67 778 20396
217 621 23770
122 248 54562
774 882 35777
116 299 35171
783 834 23537
232 759 13038
137 143 40804
218 437 31780
520 785 39962
184 338 26401
69 150 18974
301 704 37121
243 272 72801
513 564 47127
113 652 55362
162 188 11180
585 833 63348
97 514 10630
249 358 34713
373 487 14866
73 612 33526
545 575 20616
432 873 53235
6 60 19647
163 737 21213
645 662 28071
129 865 17720
656 767 23854
55 358 19647
726 817 13416
327 424 40447
235 320 54120
243 806 103755
256 522 24759
355 520 13928
412 515 36235
101 420 38471
198 368 30594
476 533 48260
246 537 26077
28 463 35228
23 850 34132
615 877 10050
490 802 12530
498 794 30414
55 471 33377
88 320 63246
695 769 38471
57 255 47634
173 789 11402
52 794 57801
330 663 12369
312 577 30414
483 674 14318
539 581 38013
116 758 25000
114 630 20100
13 611 54203
219 702 29833
239 386 52202
608 826 18974
8 730 13342
620 748 18028
248 546 65437
26 62 52697
123 647 36000
145 286 43382
286 643 44294
400 532 39051
90 454 19313
234 591 52498
196 232 34059
20 802 30594
128 641 24698
470 526 24042
523 588 63285
505 614 40311
312 630 38013
363 660 14866
65 729 25554
120 547 47127
511 535 41304
119 472 21840
204 510 69051
593 675 20000
530 607 27785
43 839 62169
665 754 33242
278 296 48332
344 411 40608
153 538 35609
450 717 38833
49 356 48010
266 342 33956
620 742 38275
177 696 22804
227 829 46519
97 796 38013
260 728 34015
52 54 35228
290 857 58464
214 330 31780
46 624 27019
271 357 28460
185 240 24166
676 849 30676
137 310 46872
78 399 70725
133 220 46872
178 708 64405
79 170 30806
493 807 25080
341 871 38013
174 293 31906
211 819 41485
129 652 68118
48 383 15652
457 699 22023
164 304 21260
144 507 34059
424 744 37643
246 688 43829
430 552 30480
628 736 20518
429 540 31241
716 844 34015
152 871 18788
89 632 27459
121 199 70007
142 677 14213
331 543 28231
245 840 15000
406 811 33971
378 829 51478
279 849 41049
541 698 34205
48 732 45177
459 738 65803
394 628 19416
123 860 40804
377 394 15556
662 684 32016
378 810 48662
271 691 81271
196 405 37736
763 820 11314
182 865 17029
185 579 46325
90 616 10296
30 852 23324
139 641 24207
144 306 15297
14 653 41400
491 662 22825
160 573 22023
169 883 22023
75 733 23537
355 874 31890
58 171 17804
239 848 33734
749 785 27313
77 724 16553
35 759 24042
165 664 45100
75 765 21401
362 418 31145
73 100 30000
165 779 13342
147 755 37590
608 875 48332
66 319 14318
428 758 18439
19 294 59682
183 809 64846
693 757 19416
244 787 10050
259 362 13000
131 702 48765
707 764 17692
127 540 23345
293 860 21024
586 797 70007
273 517 30463
221 486 34482
292 411 34713
562 866 39115
1 537 40608
218 830 32249
464 548 64031
171 627 20591
558 874 48703
135 735 61717
157 857 50249
120 874 30414
19 508 49739
87 812 50249
671 857 47634
547 790 17000
685 822 68469
15 613 39408
207 353 31241
317 846 68768
387 776 12369
164 792 25612
741 835 41593
303 622 21633
518 726 12530
270 376 30017
15 309 26077
59 816 36249
576 824 16553
245 340 26926
176 566 50329
494 497 33838
301 788 62434
65 272 19026
305 575 29069
37 786 52000
23 281 32202
9 856 67007
235 873 23854
328 375 20616
303 590 21213
186 746 12530
111 396 42438
285 847 41881
387 681 62801
183 559 25612
490 859 32573
219 716 24207
270 337 21954
458 679 28018
189 407 24000
560 665 36878
347 487 15133
3 184 44643
789 794 35355
106 427 30414
96 397 26627
585 705 19416
399 531 41110
53 708 39408
77 108 33377
183 514 40050
127 580 29833
309 538 16125
142 452 31623
609 640 54120
270 378 24839
501 735 30083
202 322 28636
208 376 25710
424 690 44011
98 334 40200
43 746 14142
36 710 48918
321 651 49396
316 763 36125
129 497 42638
339 371 28460
57 691 103247
88 596 52345
290 478 19105
149 499 12042
87 762 29967
85 232 34655
50 86 60166
676 838 11045
210 630 32249
216 235 23770
139 223 41000
362 596 36688
204 564 56045
459 576 62241
100 402 52697
43 153 49649
770 869 12649
171 284 35171
485 653 41000
388 398 11180
539 564 52355
598 843 45453
711 798 25554
421 643 16155
606 721 24042
506 846 18028
155 697 60803
82 218 46141
157 258 35228
524 765 42638
158 872 26249
352 399 10440
187 572 27313
251 400 29614
228 429 20025
322 877 22825
319 410 38053
330 460 41231
552 653 44777
549 798 61465
406 737 63506
398 419 31145
355 818 23409
325 477 31321
450 594 57940
87 373 26019
697 781 29682
424 766 56365
19 412 37443
11 555 25000
207 629 31780
741 881 35847
304 317 39925
241 575 20809
278 568 43267
523 687 34928
89 336 10198
167 455 32650
266 475 38601
135 501 63008
99 699 11662
597 755 51478
219 839 29833
40 727 50040
276 357 23431
210 366 56586
504 605 48703
195 852 35511
242 369 14866
346 500 59666
143 705 28792
111 709 25495
1 721 24515
549 695 21095
62 458 37000
606 743 49396
159 784 10770
231 578 16553
71 468 13928
480 530 41183
169 449 34059
271 276 10817
126 261 24352
393 787 15133
632 686 47011
101 596 53600
462 690 29411
460 869 39623
715 843 40249
253 684 33242
117 484 30463
325 595 12042
174 809 101134
683 802 16125
250 860 31241
9 141 77698
20 683 35609
273 670 12042
123 548 40706
346 521 63506
402 442 23537
257 319 43186
177 292 39560
570 860 46043
152 289 40804
300 794 61847
637 717 41485
408 770 59464
549 711 44011
368 672 22627
253 359 17493
503 527 17263
225 828 76942
640 737 24352
316 476 13892
7 85 11045
645 857 54120
200 782 19209
308 572 31016
132 564 33541
574 664 18111
848 883 52469
40 390 42202
356 794 46487
6 651 23431
493 877 24839
225 872 37216
601 633 18111
168 438 33106
43 510 65970
227 629 11180
441 855 25060
244 594 50922
492 856 38897
429 650 39825
337 814 16763
587 876 60208
179 846 28653
416 490 24331
213 548 49010
477 731 27313
344 751 50000
455 819 34438
472 576 24083
48 801 16971
142 861 18248
739 832 31145
247 745 38910
344 392 63071
104 139 18682
711 725 10770
107 356 36715
286 470 30594
708 842 58052
543 708 31048
20 516 12083
169 236 15033
66 678 39357
531 786 38949
9 469 48052
324 649 44407
691 832 90250
190 440 59203
461 473 28018
206 600 26926
54 789 18601
47 482 26627
298 567 35114
598 622 31623
342 854 27459
550 621 19849
128 698 29547
384 847 25554
56 264 57280
160 403 50249
240 752 13892
426 594 36125
364 603 18601
474 787 39408
96 482 26627
398 434 13928
393 463 23087
236 630 28460
13 778 25060
99 466 15524
207 640 22561
648 830 18788
579 754 34015
668 714 27203
70 435 16125
112 678 11402
84 780 13038
217 222 13928
345 621 11000
83 302 10296
80 878 19698
595 873 50249
261 648 34670
114 236 13038
16 402 46872
602 647 19925
227 367 32016
48 82 25000
101 749 25298
306 736 27166
448 868 11000
462 784 31305
24 528 34205
151 622 21260
206 799 17493
56 166 61555
287 623 44272
93 799 27731
116 121 32558
452 687 33015
502 685 24187
165 574 45541
364 371 24000
536 816 31890
206 352 22000
586 707 52355
592 773 39699
481 715 34366
101 875 54489
282 285 66491
588 798 71421
308 390 41340
64 779 33242
715 734 18028
471 571 23087
3 31 32249
136 277 25612
587 817 36878
181 351 13153
9 569 52010
150 215 22136
82 278 34000
194 454 26077
13 589 25080
237 672 26000
180 624 31241
589 771 20809
529 536 40262
348 562 57454
440 740 24331
6 137 53759
118 121 50596
553 851 16971
63 93 30017
197 365 38601
298 777 17464
51 158 21541
45 732 16279
29 311 66611
409 661 12042
592 735 42544
457 660 31305
387 771 32558
179 604 53935
74 791 26077
370 712 34828
646 792 37855
460 835 50478
22 790 17117
285 297 44294
24 194 18111
383 732 48104
94 864 42755
149 637 47043
597 666 56303
353 629 27893
174 311 22204
677 841 42521
307 624 36359
441 698 36235
304 409 17464
52 300 21954
240 685 26401
145 525 26571
103 856 39623
360 654 55172
811 853 14866
320 375 31890
242 701 19026
106 391 26926
317 782 55444
550 801 40025
226 471 36359
433 453 24698
287 773 14142
212 699 34366
438 858 20616
823 845 33000
354 880 31906
370 425 39812
451 688 26000
343 625 13454
604 846 52402
49 449 51740
92 494 30480
146 453 35511
708 729 29614
91 178 35000
321 600 44272
176 830 15620
706 790 57454
595 757 15652
713 838 41437
669 849 32000
205 401 18111
456 500 17889
220 721 29428
389 404 40853
21 462 36620
85 759 26401
370 773 39850
332 768 24083
318 862 41231
33 376 39560
473 667 30017
190 740 39408
710 726 51865
42 418 14318
102 387 14318
541 620 15264
372 706 22204
570 633 33106
140 407 12042
97 155 43324
218 801 43932
473 503 40249
655 724 24698
349 683 26249
427 465 30529
132 323 59076
83 709 32202
27 160 19313
152 837 30610
561 667 46573
83 486 61620
506 646 57245
76 847 55227
216 611 19849
203 461 20025
13 426 48042
202 807 23770
363 472 29155
267 775 25239
36 368 19235
443 471 37483
11 173 66038
475 804 54342
603 828 27731
73 224 22804
770 881 47297
188 356 16492
31 68 31257
82 801 32140
565 631 22361
59 862 32016
124 694 47170
53 231 30806
348 866 34482
413 694 27019
165 619 20224
192 212 51662
768 846 40608
196 280 14318
347 762 47127
32 599 12042
225 485 34713
315 530 11402
10 327 11705
395 859 54342
692 831 14318
549 588 73246
72 549 62642
151 374 20025
28 216 30265
46 134 53339
649 834 24187
706 835 42107
61 791 18788
61 532 28160
556 677 42942
75 524 48332
525 863 11045
257 774 47518
725 816 23259
83 714 27893
366 861 38288
25 100 24166
187 535 17205
328 692 47413
145 526 39598
660 784 50478
311 813 38000
23 508 26476
713 849 36139
148 732 23601
639 867 52355
320 882 56798
560 577 36620
6 310 22023
410 793 14866
452 523 18385
360 431 30887
173 794 39598
109 680 35440
269 815 15811
587 644 57723
1 133 12806
408 869 54406
385 403 48600
151 303 28284
626 817 44777
80 626 51313
233 265 45222
788 873 27893
170 625 25554
91 868 44294
601 618 32280
800 834 35805
281 717 13454
127 200 32558
532 870 25456
9 147 33971
51 292 17088
573 796 29155
199 335 55543
38 212 48270
190 760 59135
324 783 10440
696 823 45277
85 581 27893
380 529 37216
417 543 10440
252 274 39962
607 700 30871
263 785 39623
285 534 109563
202 615 27893
194 541 16031
105 877 31257
303 624 37336
343 496 34886
151 598 33526
229 627 55444
269 688 22847
91 842 34132
307 524 25080
312 560 26000
498 531 17000
61 837 32558
197 459 43186
388 562 32757
136 876 40262
60 651 20025
71 380 20881
372 835 51478
466 738 23345
339 868 22825
54 794 46390
83 447 33121
582 767 12649
14 631 27295
397 641 16125
100 482 54589
574 619 46271
600 716 18028
299 428 27459
477 757 25710
543 803 27803
33 223 40311
89 522 23770
214 460 52631
530 682 41231
474 693 41000
88 882 61008
61 74 14318
567 584 40249
5 230 94154
467 521 27659
617 808 38053
296 568 25612
703 792 33242
707 737 38588
377 424 31906
53 137 51088
34 78 73055
349 745 15524
342 512 37643
467 500 11402
58 627 29275
38 192 22204
28 488 38328
414 518 24515
374 878 18358
80 689 30676
492 625 24331
389 409 29833
127 436 28460
262 572 34655
6 143 51039
367 629 34670
108 655 36139
268 753 31623
408 881 94557
772 877 33541
200 332 31575
37 701 34540
344 827 45695
70 139 26000
17 553 13342
12 148 17804
284 841 51430
189 659 22136
220 554 39825
337 635 37643
673 810 19416
29 506 58249
401 444 66731
136 878 58138
131 538 29698
375 479 10440
167 255 17029
378 441 31064
115 851 27166
191 314 18601
110 559 19313
144 341 28425
81 525 38184
34 839 26833
87 487 20000
94 580 34828
444 772 12649
653 872 40460
778 800 37336
119 363 31575
619 645 39013
323 593 24839
434 623 38471
479 505 37855
161 481 35000
71 156 14000
429 604 21932
614 649 16155
34 510 77156
542 583 33287
413 419 23259
350 766 29732
33 680 38013
31 184 13601
244 393 16125
274 804 43829
247 700 19000
161 277 32894
251 880 45618
85 132 39812
128 742 29411
175 725 27459
78 356 27295
221 344 25612
539 686 42048
428 776 15811
650 691 46755
501 527 42379
174 250 18111
116 594 45222
636 852 27659
396 638 23537
392 552 42012
491 671 46400
201 362 20248
513 675 39051
367 824 42720
164 389 23770
268 666 23345
184 288 109238
238 244 17029
236 446 21633
241 632 28160
642 797 15524
242 321 27203
327 509 15000
418 831 13601
396 551 19925
110 155 36125
160 697 24042
98 287 19313
195 848 20809
248 591 48374
17 643 54818
673 857 10050
695 712 31257
257 704 41976
605 744 11180
515 717 38210
249 571 71805
511 760 22672
544 546 34176
670 858 23537
332 540 26077
155 473 26926
85 405 41725
5 199 29069
369 415 48332
4 39 36235
516 859 10770
367 829 61294
558 610 21954
258 619 13601
94 273 20616
192 580 21213
91 448 50448
218 222 39051
385 780 45343
266 709 41629
313 751 12166
290 445 11180
3 288 64777
479 800 36878
126 648 27659
46 599 55462
565 806 82662
210 677 59908
464 646 53254
603 672 34015
155 213 35000
81 724 37121
633 813 24839
326 845 47539
201 692 16971
338 421 17263
756 805 56080
303 307 24739
39 410 51157
38 699 42107
141 856 40012
412 815 25554
734 843 42012
638 657 23324
237 448 51624
42 831 20591
202 275 48260
386 510 50000
193 552 12806
612 825 32202
217 815 13038
568 754 22825
186 675 38601
177 411 14213
406 406
249 370
585 981
780 269
403 245
113 448
158 711
103 745
288 892
957 467
318 587
479 427
572 202
145 166
78 591
541 502
445 979
368 890
576 439
490 832
919 513
877 254
624 388
592 531
481 592
586 867
628 941
636 248
840 840
329 704
553 985
343 288
625 614
174 519
159 741
151 324
219 424
828 669
803 297
687 93
649 503
663 138
162 592
545 907
443 448
379 337
510 600
494 481
269 595
407 162
218 147
305 474
83 428
301 509
354 50
170 255
970 651
353 794
479 653
108 467
850 410
542 838
149 508
802 421
9 433
755 349
604 184
557 954
328 893
607 578
553 630
459 761
471 600
836 413
316 277
169 712
504 881
243 543
304 785
291 345
460 869
509 501
359 164
596 861
147 710
391 220
403 946
729 177
239 757
581 493
58 319
464 5
179 509
894 663
543 166
540 600
701 911
571 763
815 633
471 570
767 168
535 210
314 854
579 607
50 548
633 408
252 579
509 914
598 682
711 897
373 113
748 381
508 114
355 648
447 991
510 248
338 582
502 222
783 574
876 218
486 270
52 684
733 836
684 629
373 844
604 509
844 704
569 564
460 27
584 646
85 552
130 674
398 416
373 284
557 807
287 421
122 395
755 467
597 602
681 350
247 826
436 660
155 419
928 441
458 887
560 914
313 915
468 441
513 337
334 875
319 371
891 410
134 551
659 962
687 870
553 644
718 459
226 167
866 547
621 923
318 468
249 561
783 532
764 709
765 441
212 210
939 597
940 672
329 656
297 815
367 783
509 347
283 531
783 907
527 662
593 464
271 139
79 347
842 791
332 314
382 818
494 23
749 920
542 993
398 546
153 600
608 40
254 551
645 349
626 29
488 308
846 682
219 119
574 533
279 697
97 713
752 669
136 277
416 271
820 682
707 133
71 491
651 811
214 644
57 600
182 475
768 545
657 578
294 245
369 656
882 623
859 632
715 849
948 400
341 854
606 244
534 434
549 478
127 512
372 377
308 85
547 439
597 643
457 618
205 196
406 76
726 536
892 746
302 772
451 164
76 458
123 735
771 219
30 643
629 238
344 655
126 317
594 274
298 647
376 536
252 731
186 418
28 344
595 291
744 94
472 411
392 850
88 725
315 38
781 889
786 367
524 118
678 373
251 261
940 614
215 797
737 317
753 455
700 101
596 936
627 501
595 90
825 210
225 271
797 256
416 155
506 772
385 895
520 412
678 577
886 814
8 414
914 658
545 152
31 464
877 808
307 437
479 517
479 349
91 700
610 359
106 762
395 512
376 749
171 776
477 926
589 756
649 971
879 449
738 480
926 257
234 153
756 890
585 380
769 815
459 561
132 755
443 805
544 257
294 455
729 291
368 169
315 343
780 695
271 714
931 456
321 319
618 96
104 589
96 434
801 894
354 590
266 59
473 297
374 798
352 239
765 732
473 622
769 346
677 213
170 440
43 497
97 625
565 140
683 303
283 196
961 478
673 187
913 707
955 369
33 446
826 713
851 182
567 723
470 284
249 759
689 596
521 977
99 269
719 84
946 419
408 122
294 784
292 105
512 432
502 99
376 928
650 792
442 837
971 591
369 820
182 497
744 565
833 391
825 183
270 547
859 823
349 31
693 364
842 169
340 816
700 114
814 580
114 242
715 658
410 617
718 567
142 307
181 404
561 778
90 242
842 342
402 920
299 372
653 192
663 603
940 501
659 561
563 886
533 624
210 890
8 521
487 495
193 775
577 902
256 616
521 213
652 726
758 686
653 118
640 382
235 78
609 299
929 490
550 829
349 78
562 585
654 715
192 494
815 373
39 598
515 541
616 873
720 671
117 681
790 454
669 349
966 352
787 679
807 348
260 130
555 408
623 671
177 331
201 360
462 803
56 445
677 135
633 692
805 174
504 980
321 624
841 436
967 518
525 761
574 250
638 438
539 230
872 747
232 91
827 142
644 304
518 935
641 720
623 580
871 695
556 509
926 702
427 567
673 65
628 559
510 518
360 71
17 535
748 485
362 667
343 193
90 280
303 634
568 328
521 367
466 670
541 944
588 511
924 568
556 45
842 613
579 838
720 640
915 359
650 831
898 543
616 277
712 736
664 422
800 637
537 42
566 635
241 902
447 932
387 45
789 595
673 847
617 333
453 144
345 251
674 333
740 499
643 195
401 753
318 433
525 578
560 621
350 554
179 173
318 118
391 930
626 285
332 262
466 827
688 428
260 797
70 536
444 28
579 718
263 768
433 60
241 476
514 325
540 53
620 808
357 539
637 865
972 441
635 158
807 792
962 439
619 414
970 466
226 576
553 25
444 111
146 614
709 918
572 376
501 827
926 630
201 336
333 465
820 196
510 36
233 780
479 683
296 321
433 896
430 915
634 848
625 540
501 605
381 789
233 491
853 382
385 278
211 878
594 30
491 644
446 413
106 573
185 705
848 727
575 549
426 459
59 435
25 652
285 756
37 684
890 263
714 800
519 743
497 430
343 59
209 111
432 976
391 342
311 611
389 691
305 732
833 250
729 904
354 564
691 803
680 743
436 576
160 659
121 183
640 482
431 772
443 541
236 893
755 823
385 22
619 65
643 922
750 398
269 743
765 597
384 585
91 465
437 521
867 685
154 683
751 797
398 441
413 736
146 396
877 522
216 360
446 737
562 179
300 358
64 683
629 740
116 609
547 274
675 294
735 125
321 942
351 381
355 287
156 482
783 855
727 891
125 257
852 738
988 487
408 359
405 803
763 111
842 525
822 231
619 229
439 610
55 559
607 129
64 518
572 488
508 14
792 886
745 444
562 541
512 443
333 355
603 714
352 338
284 793
263 302
357 765
918 474
737 538
353 628
141 193
224 734
785 837
402 345
700 632
282 722
560 339
372 83
666 707
790 540
578 587
836 453
498 965
202 416
706 445
756 766
733 872
598 482
601 114
897 778
128 466
456 95
170 133
882 207
518 879
743 814
384 103
315 881
652 370
828 585
796 687
708 417
967 366
768 396
390 556
368 911
703 848
310 187
477 326
926 659
651 456
126 291
671 494
557 607
116 589
416 336
427 671
737 384
607 837
608 648
483 163
421 779
462 854
709 385
360 515
223 687
447 697
511 391
262 355
926 534
932 747
695 145
657 324
644 654
530 725
293 145
638 906
596 576
825 627
392 831
187 437
98 505
725 705
696 308
165 392
845 320
831 497
51 405
378 138
183 287
518 699
534 756
454 361
332 171
352 428
146 497
600 350
157 264
986 502
85 577
401 382
439 71
817 139
497 866
522 689
212 330
637 95
597 970
22 411
106 732
699 322
454 460
321 254
358 411
612 779
904 459
798 517
783 621
942 642
649 61
906 280
541 573
434 401
978 482
427 833
164 606
363 753
563 523
775 192
916 592
278 57
369 548
403 869
423 552
346 897
833 315
668 308
535 248
136 734
570 10
279 924
390 973
379 215
818 485
329 294
991 569
763 801
824 737
536 687
926 308
545 191
21 523
599 766
744 270
485 786
524 225
426 809
584 180
778 444
607 868
663 922
808 697
575 143
870 557
786 217
199 472
594 301
676 258
286 520
875 271
858 427
748 729
812 362
255 503
481 288
670 933
851 457
496 686
167 484
619 167
506 469
460 838
37 418
506 132
854 263
74 251
80 513
546 16
691 949
667 513
815 431
453 951
801 856
705 591
533 421
512 668
224 324
817 161
893 583
371 207
360 695
368 447
270 184
758 582
425 581
757 93
250 123
137 232
684 516
581 474
681 148
965 663
159 334
598 138
887 317
329 69
872 386
415 347
150 531
744 109
399 703
40 348
316 410
112 498
237 184
817 777
206 753
291 680
445 326
627 354
420 988
309 716
820 445
403 95
640 537
287 825
681 493
931 682
497 817
757 869
439 642
447 654
422 895
902 621
477 22
683 782
712 682
79 280
922 320
871 364
908 418
201 159
649 251
849 204
807 131
248 411
54 517
283 363
642 520
806 408
937 262
728 238
343 673
