691 1632 26 74
272 487 51478
24 304 30676
393 602 27203
92 325 44181
110 219 16763
58 496 63325
2 222 56719
577 641 42379
474 649 41485
354 613 58592
238 557 33838
464 610 27295
71 252 19209
486 623 24739
71 310 40012
32 442 46174
227 575 29069
35 468 22472
400 686 23770
163 651 37121
244 393 23022
140 468 45891
17 400 41110
387 558 47854
122 523 43829
99 583 24083
58 637 77162
48 191 37336
228 674 24698
76 647 48260
133 140 24515
123 211 12042
228 568 20248
62 532 12806
252 291 50695
254 536 48052
1 490 60902
464 563 24739
318 497 23409
170 609 41869
273 603 61911
206 356 45277
57 670 50804
146 394 70036
285 526 48847
495 536 35609
476 498 39205
230 533 45354
427 680 33242
396 659 34000
345 677 15811
221 590 39013
91 276 14560
412 511 59414
16 581 25179
22 661 13601
45 656 13038
40 219 49244
15 70 46519
157 385 32016
412 633 13601
621 674 16125
33 157 76851
671 675 69354
197 463 38897
378 647 68359
393 578 23087
216 593 43046
1 600 30676
199 495 29275
277 352 29698
229 298 67956
485 499 24166
329 351 18248
315 601 72443
61 636 26401
219 554 72422
49 428 36056
9 493 24021
34 52 37483
21 520 18028
378 676 20396
202 453 63071
48 439 33541
456 486 38949
294 596 41146
564 657 61221
5 444 44283
144 233 36359
153 170 64405
528 615 47760
261 645 55027
157 425 45453
270 478 37336
333 635 43012
86 547 11402
555 628 65513
115 407 27019
212 542 15811
224 383 15000
102 509 12042
220 670 10296
146 215 81988
535 679 21260
15 482 44181
220 226 60959
610 615 24839
197 276 29155
240 479 13601
221 408 22023
7 264 42521
215 685 41012
100 596 86533
388 675 34366
172 516 43829
543 601 56223
4 167 31780
376 527 28653
315 671 33541
202 335 22023
218 509 32016
69 243 55471
198 542 37336
108 423 40000
223 608 32280
647 677 27295
391 460 32202
103 562 32650
87 451 29833
58 661 40706
442 689 58694
258 424 36125
183 637 22361
59 269 22361
239 675 19416
317 680 55154
283 366 25632
187 507 29698
646 664 17205
367 388 18601
420 551 54571
316 685 60828
177 251 53600
40 628 40012
258 521 30610
169 608 24166
130 488 48270
19 191 24207
449 572 41785
254 470 31321
7 514 17692
409 653 13038
528 610 45453
14 554 33377
104 424 44944
141 219 50289
264 267 28443
177 254 44102
122 142 31575
354 582 22361
325 461 50090
7 267 23345
30 366 39925
347 475 39000
365 373 33734
129 630 33121
461 489 122430
502 558 36235
98 651 35228
216 611 20616
299 558 29000
50 303 30594
193 242 41183
212 658 56754
1 327 61741
13 230 16000
52 660 19416
283 310 30887
129 300 37121
191 519 23854
303 428 31623
480 498 49254
334 388 25318
508 645 39661
178 380 19416
427 604 41012
252 541 58034
459 579 21932
341 563 38079
158 491 67268
30 349 47074
11 306 36497
471 561 39395
392 537 58694
86 108 50040
183 277 66528
69 213 57697
33 86 69318
76 586 25612
85 683 55946
70 636 35114
80 341 58249
53 150 48301
1 53 57801
401 522 23707
169 368 57706
95 362 44598
134 173 52154
449 680 55317
424 488 25962
157 583 58694
251 254 14213
53 336 45100
441 644 24083
265 443 37736
31 199 34409
12 154 45891
241 687 17000
147 350 46141
472 559 33015
313 314 66068
597 679 44944
245 656 20396
425 605 29017
269 510 22825
140 574 51923
372 380 79712
326 467 20518
347 558 35384
60 468 56824
594 634 96005
85 147 55973
445 646 27586
442 663 58241
92 528 38079
38 279 65299
148 232 41110
68 111 37121
118 262 40311
205 566 23770
316 691 29547
427 449 33242
385 425 36125
134 636 40608
622 685 31321
482 639 12207
186 375 57697
500 689 69260
478 668 23770
18 373 22023
457 525 40000
180 446 65765
40 554 49659
344 577 26926
232 358 34785
286 432 29069
153 459 33015
72 306 38079
515 543 88527
180 227 31906
239 629 63032
244 578 33302
219 471 72250
312 411 13153
37 231 25710
360 505 18974
81 116 39115
229 579 60415
392 547 45277
198 684 39051
180 473 53038
227 642 28792
381 619 57385
112 270 33615
175 328 21587
333 578 26627
33 688 20248
243 361 45880
190 481 38013
592 608 55902
443 557 32696
165 187 100005
308 583 75538
68 217 10630
81 663 39205
625 652 39115
112 226 70803
45 225 35511
215 394 29069
195 212 42485
347 387 41881
82 599 24839
373 620 12207
537 673 16125
107 460 26019
283 497 31385
272 416 37590
5 391 15000
320 660 21213
214 598 24352
133 619 29069
232 288 18601
413 428 25239
112 607 49396
361 422 61294
196 371 16643
179 356 31048
252 434 38588
48 374 60902
295 602 23601
54 472 26627
48 203 35693
135 280 55000
376 616 29000
204 285 72007
374 639 16125
42 474 48042
411 591 13038
9 633 22023
235 309 31890
21 667 82298
168 684 42379
139 396 25495
278 554 42579
46 176 31305
45 481 36770
55 523 42485
284 350 50596
288 628 26077
181 445 51039
197 345 21095
28 579 16279
46 457 34828
159 271 51788
16 272 20616
139 548 54918
476 683 63561
275 559 19416
161 500 67602
400 517 52631
452 543 71421
143 445 42012
274 576 42426
180 447 62434
99 153 18028
458 648 35057
181 252 16125
55 79 22023
266 561 33541
242 676 31016
107 182 25807
297 443 49244
541 621 26833
16 386 40817
50 201 24739
280 402 62642
168 375 60638
83 308 41110
129 599 61620
272 438 23324
160 613 38053
276 506 40460
299 387 20125
263 667 11402
348 364 53852
127 271 34986
211 504 14560
1 305 43863
2 82 13000
187 314 28862
532 662 33242
602 627 45100
270 629 41400
302 550 17720
642 644 13038
152 629 64622
84 567 22361
622 679 25632
114 554 49518
79 569 12000
236 497 33526
105 513 27203
412 494 29120
49 303 30000
68 285 37108
521 681 85703
462 654 19416
534 640 36401
419 505 21213
75 344 27203
180 575 53151
50 428 34176
296 304 17029
46 84 47854
335 453 47297
453 476 24413
435 666 40804
191 203 20000
147 505 22136
135 585 14560
51 643 27019
237 645 30806
240 657 51420
93 625 24597
172 526 48549
277 298 23087
563 610 38588
550 585 38897
496 611 33422
208 249 39205
155 673 23022
49 650 31385
90 335 25000
353 570 26077
67 434 32388
273 303 33242
236 318 20591
157 688 75286
346 669 41761
196 266 33838
195 266 60216
94 618 39446
247 279 38833
168 472 49092
82 517 32757
193 584 44911
16 162 17088
421 690 24839
381 383 12207
130 363 34000
232 628 14213
407 589 21095
384 594 23409
189 506 20881
33 409 35777
122 165 29155
138 209 49244
484 641 10440
10 379 22023
78 436 30017
296 436 31906
329 483 19235
483 654 10770
231 295 58078
241 341 55227
292 488 34670
246 274 17029
20 676 17088
352 437 52240
413 650 34525
454 514 19105
636 649 17804
256 535 50220
535 622 12207
397 424 26019
171 487 49204
453 503 48847
4 517 71169
229 357 77782
150 336 25080
277 321 56604
271 606 58310
141 200 21378
248 498 29411
447 473 35000
450 655 13342
427 572 46615
247 307 32558
177 228 63953
206 467 27074
204 275 33956
93 566 29120
66 359 44598
81 109 20518
176 406 54708
208 660 50249
305 600 20224
238 329 62129
97 551 70349
128 229 46755
292 512 41773
271 580 48166
48 482 45541
194 507 31064
238 553 14036
181 434 42202
19 519 28018
30 318 13928
373 544 39446
74 289 61911
44 474 50922
126 493 24083
5 460 35355
268 650 10630
266 546 42720
351 462 21260
41 352 24413
46 65 46065
444 595 44643
8 377 43290
241 381 30480
284 623 42048
137 533 31828
29 431 14560
11 583 45222
318 349 41110
115 589 44418
358 556 15524
93 339 13000
196 509 45607
95 581 43012
10 156 21401
126 151 31048
392 619 63135
363 540 36235
241 383 35468
154 620 14318
29 334 22091
414 518 36139
259 312 37643
309 423 49729
332 526 33615
73 233 33287
279 607 58412
532 651 52086
198 559 30480
166 264 30480
390 691 32450
23 25 15297
278 426 20616
231 388 47011
266 371 26907
137 193 74148
87 441 83024
4 396 32062
78 234 24839
115 520 33377
103 482 49649
420 533 17692
123 503 52431
84 396 44407
203 474 25080
42 421 32016
330 593 41231
71 576 42638
264 306 27019
125 645 30887
152 220 28792
292 584 51662
174 238 11402
131 478 33121
21 390 42059
236 402 28443
43 218 40853
311 523 24021
6 564 26926
287 617 34176
12 664 50220
550 680 58412
46 101 47096
168 206 58549
57 215 65000
234 572 25807
368 456 26401
106 594 28636
512 540 27203
209 607 22472
405 516 42202
353 617 29732
163 679 31765
106 253 53235
91 346 35355
269 631 37336
123 567 10770
319 444 32202
366 497 41183
219 587 30150
65 457 19925
137 584 87664
145 437 15033
208 420 69029
58 449 102772
5 595 36878
414 494 43829
74 517 61685
220 629 47381
345 454 24207
348 599 66272
123 529 33601
156 455 23087
490 508 50249
258 584 34928
463 647 27586
259 591 51245
63 164 55109
232 555 65069
234 436 35440
273 440 13342
96 105 33136
475 643 26926
331 535 27514
125 365 24352
88 522 32558
293 327 48703
162 581 33615
359 632 38288
534 544 54342
279 494 47634
480 486 48466
93 221 35384
15 103 24187
179 206 23195
116 279 58728
74 348 25632
327 336 20616
192 200 13892
324 671 63063
164 487 57009
314 565 36235
115 390 30594
111 513 40012
449 585 76557
236 349 37443
417 665 21587
64 374 75007
531 677 27166
432 605 37802
14 185 41881
250 613 58412
328 360 33615
437 441 72422
229 385 27893
552 588 44553
231 492 33015
210 367 29411
39 172 36401
429 474 46400
42 191 30806
10 455 21471
17 382 33956
113 627 53535
98 560 17464
62 77 17205
29 239 15000
80 184 37947
172 332 28443
130 512 10050
225 375 55227
240 416 22000
1 336 44147
13 555 35511
475 580 18028
243 617 30017
500 589 49010
176 223 26627
281 580 28320
143 434 26401
69 73 27459
28 459 13038
447 659 14866
94 295 74626
138 478 41593
476 503 49820
470 621 18385
501 607 44045
397 526 36249
425 571 28018
344 641 45222
466 530 27019
250 534 35805
416 479 31953
297 468 55082
136 596 59481
56 633 15033
55 228 54818
138 323 10817
598 613 74330
63 121 28302
65 525 38328
208 620 53852
152 418 43012
154 660 45891
568 569 19235
184 362 42720
256 597 32650
15 203 42048
13 301 65376
257 271 42426
294 532 26401
469 672 32249
172 397 41773
182 690 39598
3 188 18358
463 586 12649
30 379 51225
407 423 62169
94 231 43290
324 367 35355
379 455 36222
78 380 40608
51 399 12649
377 485 93814
359 619 59933
286 537 33734
638 647 51884
449 550 82219
445 572 38328
350 419 26019
215 670 61984
143 181 43012
75 185 59203
59 605 40311
551 591 78772
566 625 19925
398 408 32062
333 627 57219
51 190 22023
177 340 38013
541 568 34176
210 543 65299
64 348 49739
359 383 24739
285 424 49406
283 604 36401
6 487 19026
249 420 46043
58 377 66483
622 667 23345
451 624 68425
310 576 28862
341 433 16031
349 402 26173
429 649 17263
464 615 18601
382 517 57559
119 124 17889
409 589 35847
199 253 33838
343 515 17000
223 417 12530
228 470 38419
228 541 25962
239 388 33106
95 592 12806
92 610 48042
32 583 94847
367 675 25080
25 573 16125
553 557 24413
555 641 47802
666 681 38013
235 407 45000
332 405 19925
640 664 29833
327 384 68659
456 505 24166
157 450 52479
481 682 35777
604 680 20224
162 207 18028
3 642 20809
58 611 41000
588 631 67941
106 495 55027
391 527 35468
31 536 37054
94 492 21260
224 359 25632
286 605 36222
358 555 57723
284 498 36674
38 158 32280
148 415 39115
149 478 45793
117 651 42154
334 477 41146
225 656 37802
3 588 47434
74 382 64203
518 539 42544
45 401 28601
7 83 51157
170 459 62241
142 255 38484
532 597 41231
533 556 47127
548 588 43046
43 102 48010
269 552 26627
72 308 40311
94 672 16155
589 653 38639
541 674 16125
24 234 39051
153 583 33541
94 469 25554
134 440 12042
417 430 34655
584 681 81006
58 499 106550
374 403 108296
253 613 41146
266 458 50448
428 446 42048
67 291 19647
313 507 59666
37 492 21840
202 476 78854
525 548 46487
53 354 31575
185 426 34785
146 290 67476
362 581 49649
133 309 39825
193 626 41000
154 544 50000
262 476 29275
66 404 43932
138 149 23854
76 549 32985
656 682 17720
83 663 40447
502 606 100125
73 319 49578
406 608 41012
178 296 16279
243 353 11180
415 584 89944
183 321 19235
220 270 66611
195 561 73355
300 562 18248
2 49 43417
25 417 29155
152 670 23431
124 412 19105
234 593 47043
132 670 20616
9 88 48826
150 327 21633
201 446 24739
61 429 33734
205 573 14318
455 507 43046
216 330 63789
531 647 25239
489 528 71386
392 673 55036
47 297 63530
47 174 66731
3 644 16031
211 686 27586
500 653 13601
47 560 46000
239 668 61612
70 474 24187
280 287 46174
166 267 29120
7 531 39115
324 675 53000
259 549 36674
169 456 56613
520 574 33422
63 171 39319
241 265 30676
165 530 56859
290 418 25060
130 292 34986
443 553 44553
307 412 47170
58 330 80753
54 217 24000
195 648 16125
144 444 12207
58 485 107280
366 389 32757
80 632 46228
606 618 31145
534 598 40311
43 666 39000
355 395 28862
23 573 11045
118 480 47760
2 599 31305
385 571 28284
126 332 14560
346 609 27019
362 408 32985
396 473 14142
36 231 29069
201 273 52202
370 652 22804
23 205 20809
186 356 48765
142 311 13454
422 570 43417
46 529 16155
69 319 60166
98 174 68877
233 444 37643
578 627 49930
41 357 34132
413 447 34059
280 617 28636
212 326 44598
235 574 45651
418 671 16553
214 508 57070
248 284 25495
212 471 155184
272 581 30480
411 676 45618
194 455 20396
128 385 25298
120 222 45967
56 493 23409
30 389 22561
128 571 12649
332 513 33526
124 539 23537
462 489 129865
188 357 32757
629 671 82219
5 616 22472
73 243 62266
175 448 40012
330 449 36620
537 652 33422
48 282 26401
353 361 51884
136 315 60166
112 501 16125
293 613 36125
267 669 26683
83 158 59481
174 560 59439
490 582 44147
108 133 41437
274 389 36620
481 578 35847
46 118 45967
562 630 19698
160 293 32202
185 545 27893
375 656 54708
178 660 45706
242 512 56754
132 691 34234
247 412 34713
386 438 22825
90 202 42544
8 87 43417
173 603 19849
61 649 31623
315 324 65054
631 652 36878
461 462 10770
469 606 46957
597 651 23601
55 311 37336
440 603 53151
196 546 53759
35 133 31145
514 531 27514
66 221 49679
413 659 27295
255 466 19313
315 418 37802
345 346 51624
37 210 49336
130 518 44777
38 363 62650
324 601 59933
521 584 14866
342 486 27514
300 599 49163
38 491 68797
330 572 37108
204 435 76688
283 680 33526
236 280 65765
213 616 48662
439 482 26627
82 268 18111
275 546 36222
99 229 30887
160 384 18788
263 622 21190
131 138 52393
47 443 79706
149 323 21954
258 292 30017
111 612 10770
69 617 35777
119 539 32894
410 686 39825
19 690 22023
91 496 29547
357 510 36346
492 543 51971
501 689 55902
110 218 19235
38 540 74243
34 208 36125
20 551 63561
149 627 33734
52 372 69376
298 579 12166
113 323 36249
135 287 17804
361 603 15033
350 623 35440
166 170 33061
386 448 48052
377 422 54083
118 498 51856
479 564 22204
381 687 31401
338 644 15232
26 359 42048
158 663 55946
92 557 48052
109 689 50567
319 616 27803
469 618 21095
12 304 40224
377 661 30676
92 433 53235
242 378 39825
148 288 33941
484 554 40262
491 638 41146
80 563 39205
239 478 62426
11 308 39408
370 537 20025
328 448 49244
61 173 38079
2 300 27659
286 392 68622
575 624 13601
81 158 29547
101 176 45277
167 413 18028
124 516 12083
180 548 19105
323 627 45607
390 520 44204
222 538 15264
76 259 29682
87 145 36056
463 549 21541
302 317 15620
16 368 43000
298 357 78892
295 322 54231
84 410 33971
438 487 41110
307 511 47381
59 128 47413
261 305 56613
574 667 78772
196 435 36222
605 655 36878
2 120 47011
43 435 39115
250 640 43966
290 394 20100
69 280 22361
112 161 66708
619 687 48508
6 479 10770
36 388 25239
125 620 48374
22 637 46648
11 72 31906
126 513 36222
322 578 38328
188 369 19698
339 398 41231
226 691 46573
443 468 24187
334 431 21633
278 484 17263
121 464 35384
238 325 67231
378 512 60803
39 516 24698
124 633 17029
8 277 58189
430 608 28636
9 151 28792
341 632 46065
126 405 17000
170 346 28443
132 220 24021
24 572 37802
122 530 34713
246 379 43012
129 639 72945
555 556 52010
106 613 54672
153 579 35735
47 263 40311
49 413 31828
432 652 25962
152 671 53141
42 44 15000
308 663 19026
337 645 18385
141 471 25632
409 423 76007
183 609 33541
281 502 21095
161 226 47885
190 322 43966
144 595 42190
185 327 180892
177 255 59942
37 543 46325
147 175 57983
504 686 16155
339 430 35440
463 506 24698
127 580 28425
567 686 37363
101 525 44643
27 427 38328
64 403 34205
98 329 79057
187 194 38328
151 513 44045
192 561 28231
89 350 35468
84 529 41437
149 431 46400
137 524 28071
218 219 30610
260 684 23431
4 410 17263
125 249 19416
280 302 60959
107 421 37483
246 523 16401
629 668 16279
275 472 23000
108 309 40311
12 178 46872
53 582 38897
271 322 56569
338 441 22361
251 536 43417
60 140 44777
114 628 52887
48 182 74169
260 467 13928
184 581 28636
85 202 155872
609 637 26926
230 556 45343
252 576 46573
398 608 53141
496 506 48765
338 642 14765
359 381 23345
44 421 38601
377 451 64008
422 485 58138
317 550 15811
245 643 41037
384 634 118343
40 114 18601
185 344 47424
95 398 15133
364 403 56321
189 372 25495
207 581 35000
98 483 89554
201 624 36620
32 500 46043
208 320 40311
287 485 24597
92 241 70007
372 593 78339
270 668 32757
524 533 20616
26 66 13000
212 387 148071
17 504 45695
227 338 22023
629 675 61400
163 465 22204
22 58 51245
52 97 54203
419 623 12042
170 306 33615
263 465 23022
237 420 50636
219 509 28178
182 519 44385
249 645 34886
23 665 27019
164 175 96607
106 536 46648
143 646 29732
200 471 13342
278 344 37121
394 418 37736
450 547 72918
226 270 60836
271 295 76400
39 104 13000
41 188 26077
62 596 46840
369 588 46098
406 480 13153
405 493 24187
38 494 63569
112 131 23259
295 334 57201
103 630 17263
67 199 45398
87 377 65460
144 421 43290
20 626 21840
20 591 42720
302 497 29069
208 551 78492
18 214 22847
113 209 48166
106 160 40112
77 532 20881
399 643 26420
10 122 58181
536 621 54203
376 391 22472
55 569 32202
493 516 31016
189 549 22847
467 658 16031
290 315 42012
45 682 11662
325 351 55866
415 556 29275
551 626 64195
462 483 29000
491 678 32016
146 256 56089
301 305 51088
549 586 14422
281 347 35693
75 600 48600
357 369 41485
17 90 54571
166 306 19416
582 598 37443
543 672 59363
52 320 26019
135 302 48384
340 634 101637
237 249 51884
304 646 38419
141 509 36401
420 524 33734
513 526 45188
191 474 37802
57 685 53038
410 567 29017
51 682 32249
68 612 43012
296 380 28000
93 355 28792
102 196 45000
309 574 45880
472 684 50931
186 245 57983
209 323 49578
352 441 31906
458 559 25942
136 343 59135
353 485 37590
152 394 45100
339 573 28653
322 399 33615
15 614 38833
360 386 48166
284 486 27785
349 379 51923
4 650 50249
125 208 44721
353 422 54489
47 163 18868
422 451 49254
79 576 28653
63 564 39623
73 173 61984
414 539 48083
198 648 51624
59 432 29732
651 662 51865
222 614 26000
127 257 12000
179 212 86470
393 627 34670
341 383 44272
261 490 54644
98 117 48847
547 655 67417
100 515 36878
17 289 33015
234 330 36620
62 294 32016
538 636 54424
352 357 49163
244 295 42579
107 527 68000
27 181 23707
85 175 107448
100 136 45277
135 550 41049
35 140 33422
415 681 55027
347 356 52154
246 389 31257
28 153 22804
218 288 29206
61 134 53759
222 300 44204
114 555 45310
101 588 50606
467 684 20616
148 681 19849
426 554 37014
13 237 15297
148 358 34409
107 690 43566
312 591 21932
295 618 66641
22 377 33136
303 538 54818
314 376 57315
172 405 14213
3 369 12042
207 592 12207
211 503 47539
54 168 38949
109 116 40706
342 456 20000
142 530 32985
176 665 31401
155 370 14036
236 302 35511
197 506 37216
464 657 40311
206 658 33287
32 157 79076
129 348 57697
524 551 28284
356 375 77130
156 165 44011
400 504 35805
228 255 72945
139 473 24698
470 674 21024
139 180 46141
180 642 27000
88 401 34205
47 465 22472
12 640 58000
88 151 40162
54 612 51624
263 679 20248
210 388 39459
252 568 54918
7 638 46228
52 380 45706
355 590 39000
18 365 37162
72 264 18974
521 666 89107
8 22 48826
546 559 35341
315 343 55866
48 519 39661
40 587 24698
131 270 22472
101 566 62177
18 508 48052
205 339 33015
82 650 25710
519 690 17029
136 290 64475
147 419 27785
34 320 13038
135 499 17205
510 552 26077
169 406 38601
36 334 20248
167 396 38288
229 583 48600
461 528 71840
248 480 27731
104 488 49820
29 388 29206
348 403 35440
159 295 70178
9 56 26401
251 634 16125
307 607 34928
171 564 26833
374 482 24352
516 539 15620
182 374 131735
80 657 27019
368 386 22472
74 599 64413
271 502 53339
60 574 33242
161 689 54452
580 643 24331
435 546 70838
242 626 11705
108 619 23022
143 664 36056
343 452 29682
200 561 29833
86 392 48083
35 265 21541
104 172 34000
97 591 50160
206 684 28425
224 632 20025
382 400 21840
204 217 47802
454 669 33242
357 552 46011
33 547 65215
30 497 27019
454 531 26420
329 654 19849
18 544 22472
421 595 18385
285 397 33106
326 658 13038
128 605 27074
83 264 30610
15 282 36674
155 537 25807
267 514 20248
154 208 57280
51 245 29155
77 597 32249
361 451 70605
118 529 42544
105 375 37014
186 475 45177
55 142 30414
157 229 37537
192 371 22136
273 538 55082
527 565 20224
299 347 26476
488 518 59540
151 522 19925
214 544 13454
298 352 47927
102 435 31000
344 545 28443
301 577 31780
49 268 28320
47 553 67082
342 505 10198
337 365 18028
255 340 30887
108 392 56851
392 404 48918
81 442 56859
569 576 25080
278 641 21190
118 503 40224
326 542 33061
262 503 43046
182 565 110277
238 351 68622
446 575 35355
75 577 39812
120 538 51884
179 658 31401
379 523 40460
77 256 11402
96 168 32016
321 459 18111
60 667 62129
433 563 34132
85 89 38000
278 545 22561
228 569 36878
38 116 18028
265 468 20025
150 354 49820
169 207 46043
103 614 44011
110 587 16125
199 640 42579
331 685 15652
7 491 47011
283 317 36359
363 518 19313
316 667 80100
149 477 30463
261 508 44283
197 346 46043
170 669 38484
638 678 39850
22 183 58412
73 444 53151
235 520 45222
458 546 28460
6 272 53367
149 239 61188
125 373 44011
116 158 21840
630 639 61855
538 614 21095
9 511 49031
502 580 23087
213 319 43139
454 677 10770
230 237 24207
127 643 22091
199 250 20000
125 337 24166
27 71 10050
282 439 15232
121 564 52887
331 622 22627
286 655 34176
76 312 13038
24 646 34015
365 508 28178
512 678 33734
174 329 56515
167 650 35114
250 598 65552
59 510 13454
185 600 89022
379 389 41146
359 404 44911
201 451 72945
511 635 19235
137 415 19313
62 256 27019
262 498 20100
26 362 44181
395 590 23409
156 187 64622
31 67 31064
396 410 34670
202 683 101045
173 233 58052
442 500 31048
49 120 12042
8 145 10817
17 453 49497
96 513 38288
204 546 46400
75 305 32202
114 484 24187
209 635 40025
477 602 52498
24 445 24413
257 643 24166
170 321 59414
27 604 20616
201 361 83150
345 647 33838
485 570 17464
245 375 56080
395 673 19235
428 447 30480
12 660 64900
90 289 41231
333 481 19698
119 494 21471
65 139 39013
14 426 26000
120 303 22472
269 432 34986
62 146 49679
211 567 18358
226 390 34986
117 662 28792
358 415 31401
298 459 30414
204 472 45277
159 618 26000
64 129 50804
66 408 54120
32 688 10817
84 139 43932
273 361 70093
89 284 32650
85 350 13928
473 659 26000
315 452 68949
52 259 62032
174 553 22472
489 615 39051
371 509 49930
128 357 51884
66 590 33015
281 475 22023
117 483 125515
215 256 83187
230 420 38601
258 488 20025
221 339 41677
492 672 22023
448 487 23195
143 640 44385
291 434 30414
325 528 25495
300 630 33422
70 614 28284
144 429 46000
74 364 43046
198 472 39205
313 616 37483
409 688 43012
165 466 81835
260 542 40497
2 268 25080
952 651
486 124
422 314
425 180
730 131
104 294
545 570
549 360
480 775
854 221
478 521
810 515
806 693
896 801
574 85
176 277
356 112
839 579
655 98
648 631
238 612
589 388
292 277
777 453
277 280
211 387
809 370
493 430
297 817
800 270
912 438
394 542
366 529
734 577
182 505
288 856
250 888
486 654
526 736
818 785
453 344
654 108
732 794
654 123
456 865
336 215
110 602
623 48
497 166
527 214
430 899
740 540
917 605
608 860
885 307
496 754
235 653
638 403
378 366
190 567
627 176
80 695
61 344
495 19
377 236
224 387
886 421
601 828
694 225
594 127
819 371
495 548
679 202
428 53
903 709
653 558
90 681
723 463
871 324
155 364
450 611
474 129
494 566
383 206
174 128
304 498
538 318
452 815
212 128
343 59
594 476
102 469
282 325
270 925
222 301
549 859
713 587
47 606
462 454
115 812
339 262
760 833
550 82
539 736
516 856
973 480
712 74
254 496
435 625
789 812
564 831
350 704
400 797
829 770
281 602
471 644
28 651
303 183
484 724
509 165
76 368
905 249
369 180
492 740
801 621
520 794
409 928
400 408
504 69
577 680
340 725
252 684
213 502
574 185
704 300
120 767
724 705
361 773
416 235
208 526
779 876
899 280
833 432
680 143
540 354
112 733
156 181
728 762
348 793
960 583
490 802
226 718
479 448
801 560
289 374
867 204
407 464
477 623
328 955
976 520
335 639
192 271
100 618
50 290
908 220
533 519
456 187
574 879
233 243
531 486
66 305
539 770
618 213
77 544
107 212
308 229
962 349
764 506
563 960
439 275
820 391
697 53
543 424
167 328
919 766
490 945
843 144
431 330
654 505
429 877
636 83
763 890
651 692
848 182
687 950
733 869
597 507
627 921
892 466
775 897
521 238
304 42
616 83
654 849
304 294
566 937
207 281
761 601
404 749
235 841
370 168
649 969
746 200
860 570
183 692
655 424
608 836
770 809
794 828
253 708
256 349
542 133
286 244
185 420
486 846
293 662
466 292
899 360
435 439
790 693
275 882
767 775
661 174
739 444
262 554
769 255
809 678
84 535
288 805
116 315
172 468
631 656
648 256
375 878
459 896
853 279
450 716
246 174
785 632
892 486
970 402
834 383
920 485
959 393
934 296
101 678
409 916
608 728
678 542
606 934
868 666
283 148
145 622
513 542
162 497
722 901
541 547
476 147
368 346
319 717
379 946
156 282
552 196
852 296
646 882
608 480
494 379
870 764
428 684
704 245
446 971
607 69
791 316
227 157
610 792
337 402
690 289
752 786
375 85
179 741
881 402
607 698
962 549
49 703
333 885
776 495
166 572
492 402
486 990
507 106
871 686
750 285
521 184
787 482
922 683
514 515
426 738
455 553
238 533
818 331
890 270
654 571
764 179
815 137
178 783
236 623
760 297
787 265
716 169
741 566
524 427
387 890
367 782
224 829
58 473
607 954
978 595
128 207
22 531
718 414
168 658
534 798
412 831
299 839
318 59
962 608
823 631
452 309
277 313
961 311
143 421
187 190
139 823
887 731
586 525
559 481
481 964
452 44
790 224
179 141
19 513
473 358
650 267
911 574
272 352
533 968
424 362
756 742
209 429
159 194
604 243
207 343
543 680
406 16
824 613
815 307
259 824
176 234
413 322
303 375
742 883
673 522
817 580
570 18
515 893
758 131
592 355
612 621
840 238
748 495
192 445
389 104
185 435
993 528
408 432
155 242
504 999
274 835
822 275
275 632
739 119
290 452
374 855
181 721
279 380
427 212
580 778
237 303
418 903
395 125
473 842
764 227
462 10
253 420
528 779
256 212
298 581
239 335
350 561
408 183
652 584
473 742
474 188
501 689
731 723
138 315
292 255
201 753
180 167
759 670
685 100
610 304
286 520
581 752
372 435
886 777
772 380
495 202
634 143
267 279
311 821
350 376
127 422
854 416
729 833
749 478
525 353
144 262
593 63
565 193
456 331
398 588
142 529
690 150
791 433
497 244
472 222
108 252
739 384
362 437
561 299
155 848
307 105
571 544
844 202
187 210
358 242
673 913
506 429
713 100
13 495
3 499
625 534
100 394
122 621
952 289
593 939
163 517
283 947
929 384
788 900
623 882
437 222
606 106
445 949
287 119
336 821
324 754
108 304
258 199
430 839
578 41
3 528
853 767
668 300
213 181
105 275
588 727
55 380
899 621
544 617
256 909
504 776
465 714
921 462
621 464
779 287
263 150
690 310
368 580
364 696
425 973
326 150
374 154
177 188
634 511
822 165
849 626
769 841
388 357
432 785
576 670
524 830
558 558
139 840
503 745
446 112
536 698
656 70
248 597
632 747
484 821
866 269
726 677
382 274
565 811
772 106
69 450
342 200
931 272
584 567
70 687
746 682
863 507
142 649
949 440
304 395
555 141
515 735
560 648
892 385
640 956
205 899
851 560
892 759
682 886
313 491
426 289
645 526
745 302
706 657
390 331
98 536
863 806
812 728
760 727
112 516
457 990
650 901
64 602
752 916
525 103
124 388
90 317
792 109
310 317
379 184
880 353
871 336
652 293
388 412
754 423
291 288
222 576
492 279
846 338
864 717
397 853
490 414
427 950
179 302
889 578
464 478
642 736
708 314
637 538
797 798
383 287
319 579
257 388
663 591
214 291
692 446
985 506
702 107
67 740
86 649
868 547
458 110
942 680
170 855
352 871
605 228
801 351
373 406
325 968
392 730
255 253
558 454
104 421
647 443
560 841
938 522
566 123
85 405
738 152
678 257
304 945
235 483
807 573
916 397
152 642
189 175
500 268
304 336
642 652
355 826
778 784
286 742
533 85
333 333
184 400
481 753
984 410
413 788
606 160
565 428
581 599
568 34
850 473
850 757
439 302
431 926
438 315
816 648
811 452
605 553
671 948
617 146
468 154
67 635
325 369
357 572
7 518
349 434
463 876
128 365
594 955
461 212
756 551
602 384
38 678
454 572
821 466
313 260
696 809
156 619
302 745
547 521
244 703
208 768
255 931
288 397
908 383
269 801
632 625
581 540
569 637
128 633
781 348
713 775
446 871
225 105
588 919
182 651
389 148
187 476
385 536
389 646
669 81
248 650
