730 1509 11 236
285 676 41629
563 668 12530
177 451 15811
147 248 61098
51 367 10770
78 459 30529
286 514 55036
65 659 86122
5 385 37483
164 469 85983
80 552 31016
34 59 51352
4 401 33242
131 701 17889
307 384 44272
254 446 33838
34 39 31401
509 569 63008
128 730 31890
264 640 15133
73 464 26000
481 724 49396
134 399 74324
223 723 45607
505 576 10440
354 417 78600
63 185 11662
511 565 37000
75 196 28160
507 725 32573
82 290 54231
496 723 35355
234 418 46000
83 280 20100
344 711 32016
70 583 28792
406 520 44407
94 719 50000
147 728 58592
136 245 47434
54 81 65552
213 697 63953
726 727 34015
166 632 27166
91 518 25710
32 222 36249
463 543 39000
119 655 44598
97 563 35384
610 679 17493
6 403 24187
187 395 34886
326 670 34205
515 590 33541
321 643 18788
239 352 32985
457 704 69080
250 350 27803
127 506 13038
148 188 21840
1 260 33734
148 647 32650
490 532 50000
126 403 39850
292 441 16125
131 512 21095
174 441 33287
146 470 40112
371 535 86649
108 467 44407
229 599 60902
624 718 20125
198 459 47096
352 583 20000
340 730 39925
243 409 54037
675 716 23087
320 542 19000
58 638 44000
315 416 14765
234 519 30806
4 14 32558
163 434 17263
209 215 14422
184 249 28601
364 570 15033
164 324 71694
162 383 25632
267 685 18385
419 546 44045
114 352 39623
240 362 77162
60 406 55000
146 288 52202
154 267 28018
172 409 71063
214 357 39051
268 369 20616
147 175 37216
170 333 49204
23 575 14318
238 310 26249
129 615 42297
339 461 50488
235 301 26000
172 604 30480
562 599 38419
202 480 60216
174 431 16125
217 477 29275
81 286 34015
15 659 36222
507 519 23087
329 389 22847
143 261 52469
32 538 11180
490 657 41773
241 610 44643
355 697 60166
127 166 20616
131 590 45277
452 713 33015
499 678 38897
11 355 16643
177 590 10050
544 709 33015
342 539 29698
293 649 39850
98 144 21095
25 113 31953
137 571 36401
181 555 51478
217 383 45607
654 709 61984
19 124 38013
323 709 80777
488 523 16643
54 319 178340
611 677 75107
613 655 32016
77 350 32016
385 569 56356
89 637 17464
30 661 26249
2 462 47202
92 244 67779
34 418 21840
456 461 37108
107 189 24207
51 135 45880
390 436 24083
43 479 55866
224 325 37202
88 334 32062
420 481 39699
30 49 20100
331 412 12166
392 431 50160
456 548 20000
90 392 34409
22 667 32696
51 571 47539
56 535 34525
417 505 34015
61 277 17720
20 253 25495
188 272 58694
321 404 54009
19 94 20000
447 649 66708
599 650 26476
412 561 50448
42 448 28071
234 530 43186
144 250 27785
27 144 22361
97 703 16971
53 603 21213
539 597 56727
176 436 14866
382 557 41593
102 142 21213
377 380 67357
306 489 16125
487 621 18358
270 409 18385
28 78 16553
140 167 24597
596 724 46390
236 541 18385
517 568 15033
486 684 39446
4 538 30414
410 682 10630
605 618 21471
13 41 21541
90 120 14213
84 126 50160
50 593 30529
225 358 62097
167 468 33242
284 469 29530
181 491 68352
25 59 42190
246 297 14213
452 508 17804
121 636 49406
91 117 36878
359 612 14765
565 724 67941
71 301 37202
208 580 74793
618 704 19723
363 561 34525
246 524 60959
45 632 15811
519 725 14422
54 715 11180
155 619 40608
189 557 19209
287 550 57775
394 653 20100
14 538 27659
37 282 51196
242 636 11000
245 696 30871
65 221 13601
20 316 26683
75 304 24413
28 593 34525
132 200 25020
4 497 16492
194 224 15033
296 405 82098
272 315 47707
626 688 35511
163 699 27857
62 163 23770
97 720 27313
213 638 73756
264 642 43738
322 654 25239
499 621 27019
132 495 34205
584 728 62241
26 44 34366
23 389 14318
66 612 88323
218 253 17493
493 633 40608
224 487 11314
197 475 47096
210 649 73783
255 334 46390
157 437 38210
143 149 56604
461 608 30083
510 684 35468
85 431 27203
287 392 54589
231 665 51788
204 334 24187
305 595 16031
438 598 34409
83 524 32000
61 169 27459
261 684 41146
535 689 19849
154 600 17117
613 645 51039
433 545 31780
18 718 41231
351 608 95708
75 515 45618
287 628 36770
102 173 18682
48 590 50090
56 421 45011
108 639 22023
130 588 54918
112 485 18028
23 248 47434
198 476 77878
682 706 48021
335 715 43417
98 524 88408
21 652 35693
387 676 45255
157 370 63569
427 579 52402
196 695 36056
401 498 80000
323 631 59203
213 510 34482
323 685 56754
440 639 49497
55 514 54203
28 335 31780
392 436 54406
89 165 14318
259 279 22204
272 458 49336
106 384 16643
200 532 22000
456 717 39115
592 666 16155
460 693 50289
70 397 13416
316 556 29547
314 525 41012
39 107 37202
21 482 33136
35 41 57428
468 730 41195
180 355 16125
223 491 29000
72 204 42720
683 705 31828
310 428 28000
266 670 49497
327 558 28443
126 192 46872
103 580 26683
244 252 33377
201 287 32558
465 501 29732
345 728 53600
40 387 51264
88 204 30480
452 724 52345
125 696 22672
15 109 24413
447 599 49092
301 442 31953
116 153 50488
17 328 45541
72 722 15000
151 671 41000
220 710 65146
53 587 72732
596 726 29967
148 458 35777
552 578 28018
256 644 19105
524 560 99569
122 449 53759
360 614 10770
179 479 28320
223 555 57035
422 424 37216
324 466 60959
422 676 13892
147 345 35014
317 385 46872
226 633 34234
155 232 41231
472 558 59666
49 118 49254
220 673 48918
117 208 37483
77 404 33302
370 686 33287
607 625 44643
150 306 22091
39 234 51624
577 728 54918
243 399 55326
310 609 22091
20 675 16279
171 189 33541
25 607 51400
71 298 57219
99 190 50567
84 336 46669
644 651 22804
348 413 26077
553 588 37483
55 459 57940
263 313 36000
232 525 49336
426 571 42297
371 712 33422
198 630 77104
298 391 32062
550 662 16125
141 156 41976
5 412 50990
69 608 57706
175 345 34886
274 283 57271
275 498 61847
302 386 38601
129 523 42755
164 466 23324
187 615 67119
319 379 19313
97 542 35903
60 520 46228
402 600 50289
130 231 43290
128 380 37947
195 671 42720
519 530 55785
69 253 33242
281 440 48765
136 522 51010
155 447 53460
396 507 24187
99 292 32558
113 637 30265
99 441 31623
282 292 46065
143 191 40497
257 539 37483
109 197 13038
570 583 27893
331 363 39812
95 479 41773
27 560 39051
230 581 56462
415 610 46573
2 156 26000
409 437 19313
148 488 33242
72 95 44721
158 160 15000
288 429 35847
341 671 36401
195 372 30000
338 492 42720
222 235 22136
193 259 50695
111 719 12083
387 578 64475
531 708 43186
51 100 48836
313 404 21541
226 727 23195
435 562 17464
231 247 40853
123 634 10440
1 155 23854
144 589 40497
331 544 26249
549 705 31113
363 432 47170
411 670 52887
41 489 35355
78 198 28320
204 496 14142
368 523 22472
193 279 50249
173 646 25495
484 665 26401
111 496 26926
92 562 67067
178 527 26627
372 406 38897
338 697 47539
181 614 43046
101 104 49497
291 577 50010
309 632 18974
500 699 46271
337 411 64195
405 583 43841
122 219 53009
135 367 38013
346 368 26077
71 340 37483
354 576 47011
352 405 45541
661 688 58009
15 118 18028
394 539 37363
242 588 17205
402 648 44553
20 218 32249
136 346 55317
57 236 50695
391 613 48703
34 705 16155
622 718 32000
38 358 40200
42 695 27000
58 705 45011
198 335 27166
146 691 66121
57 346 41183
124 658 12000
108 453 31385
617 657 45486
295 615 53235
206 582 36715
347 415 55758
274 704 59034
221 388 29120
333 531 59506
94 333 28018
68 376 29155
391 711 11402
202 290 41231
150 160 18385
210 229 22561
130 687 34482
258 393 30414
622 624 16643
5 536 70605
149 446 28178
428 534 44643
236 620 14318
64 321 43012
532 657 22023
334 399 61033
76 482 21260
665 681 39000
128 366 12728
388 602 43909
171 557 30887
308 605 70456
463 588 44944
293 584 29682
232 447 48270
642 643 23770
112 205 26420
105 371 33541
169 277 14142
252 398 137615
21 718 31145
37 709 49980
400 531 38275
292 311 34205
2 49 28160
341 443 68118
350 404 22136
240 568 18385
230 458 35847
369 500 39560
239 626 14422
294 343 39925
36 63 12649
189 237 27514
62 500 36249
135 254 51108
278 398 103247
301 357 64070
116 271 12806
74 683 31145
606 638 45255
401 581 24597
22 613 47043
465 625 76381
412 536 66370
274 457 24515
322 363 40311
592 654 29732
245 674 33615
295 458 33838
303 344 38079
100 125 29411
21 379 26401
87 149 56356
369 641 38275
201 628 39850
61 193 47011
576 607 12166
556 716 28160
544 569 15811
14 340 45354
62 430 25807
164 681 65192
484 681 52345
217 631 57385
141 352 40497
15 479 29530
162 591 12083
16 331 11000
402 421 36125
155 193 51420
467 686 25239
363 641 39051
285 552 30806
188 458 26476
89 411 18028
255 343 65054
91 646 42720
109 661 84593
190 721 30414
123 517 44553
141 239 22804
183 195 50000
183 220 16125
123 587 32280
14 275 18385
585 594 33541
244 480 70214
207 462 38471
85 174 15232
273 313 80604
379 718 21471
432 654 25942
114 365 40224
285 387 49366
121 399 49041
376 504 17205
140 258 35468
207 547 26019
127 290 27203
213 644 54781
495 657 35114
529 622 17889
511 633 41231
248 362 73055
114 141 15811
134 561 49204
139 404 62426
64 642 15620
86 259 34928
451 674 57271
20 716 26571
46 714 60374
151 216 20248
68 650 26306
368 395 24698
375 504 23345
348 728 25239
300 310 26926
327 703 22023
337 373 27803
694 715 23770
281 516 38949
14 700 24515
38 578 38626
459 629 12369
431 441 26077
601 709 73546
93 608 66851
170 708 16279
138 546 19698
102 400 18439
245 522 15232
565 596 52154
606 673 32249
631 685 23409
73 559 51000
98 589 41869
161 660 31000
162 654 30594
244 562 73239
142 400 19235
17 717 52010
311 623 26000
222 537 13038
8 348 21541
569 709 22361
486 673 36674
140 577 24352
562 650 25080
57 698 19000
134 172 34366
423 652 38118
206 249 16155
348 572 22672
428 609 34059
104 556 39825
152 548 58549
378 554 17117
211 582 35171
205 406 38053
70 570 17000
92 611 59304
450 457 10440
48 177 54406
159 677 34928
520 671 45122
667 724 58310
8 269 22472
260 599 45354
628 706 26420
467 639 33601
45 229 11402
320 558 27203
70 405 61685
294 579 24042
142 502 25495
156 626 24042
1 447 48260
262 587 63008
440 469 14142
186 196 34713
105 171 119231
605 668 45804
126 133 39357
17 422 26926
269 730 20100
377 460 46872
170 658 40262
325 587 23409
147 584 40361
152 184 60208
426 528 12042
5 353 44822
60 341 12083
292 623 37121
210 309 14866
314 318 22825
63 419 21213
259 349 11402
121 687 68768
450 704 70831
276 693 43046
497 538 37802
459 514 16279
74 209 23537
461 548 34655
652 672 43081
66 595 11314
147 575 34059
298 303 32573
505 607 12042
46 191 53151
160 225 17088
335 464 37696
136 378 28636
371 421 74632
289 318 15652
496 602 52345
426 550 31906
433 695 27803
52 199 16643
390 416 50804
122 598 43658
374 471 41304
483 540 17205
251 643 28636
138 320 46400
485 530 24739
575 610 20396
243 636 24021
360 692 16279
345 466 25060
307 595 82759
86 211 32016
397 600 35693
427 494 43046
245 620 24021
208 473 56009
188 416 55326
13 664 39051
378 662 39623
424 487 22804
399 699 79404
232 318 33061
175 575 17117
275 700 13892
139 273 33377
118 197 12530
385 509 29967
454 483 79310
494 555 20616
42 283 34713
513 697 48166
168 260 17000
38 288 19849
546 720 22472
286 593 47074
321 642 32894
607 712 49497
494 579 17117
314 362 65605
300 428 10440
82 435 30887
356 594 18868
155 279 47802
332 560 78339
50 81 31064
192 276 40311
549 690 35511
261 486 54708
126 127 41037
343 399 57035
336 420 13038
282 509 34655
207 722 50040
77 589 39825
230 660 14142
105 417 34928
135 149 40853
639 686 41012
338 651 20809
460 645 43417
366 468 11314
342 394 18601
31 190 35341
383 547 76059
44 79 37577
63 727 18439
588 636 26926
67 497 26627
285 499 18974
248 525 46573
107 485 126775
501 689 30887
495 512 25612
75 451 29547
371 680 32249
223 343 64351
22 403 22204
302 449 41881
31 315 33422
429 687 27000
55 701 48826
68 562 40311
268 434 37590
493 511 44598
647 707 14866
512 515 17029
510 539 49649
254 571 38275
502 531 46011
35 330 32249
273 454 55902
136 236 54644
492 623 69376
203 330 58009
36 533 55172
125 455 31385
613 711 43290
439 687 41485
79 110 33061
46 444 41340
543 588 33601
345 572 35609
7 268 54083
295 581 58052
488 707 11662
277 677 55154
542 720 29411
145 718 33541
371 417 29069
341 524 90443
202 244 33287
345 348 41110
19 602 36235
319 558 90758
50 715 30083
31 79 41773
164 484 29155
412 604 63198
430 434 27659
152 717 22136
212 528 30594
134 564 21954
420 724 23324
164 281 69721
222 301 28320
272 686 34059
97 605 72339
445 664 37014
158 427 33015
212 426 26627
492 513 30610
503 709 66068
304 451 15264
73 616 45000
14 730 38949
219 302 25495
232 293 48083
28 629 24839
43 659 53712
159 351 70214
507 710 38897
414 640 46872
93 299 37216
498 700 53085
58 725 31064
98 246 31048
105 648 67357
90 381 34234
597 706 65299
5 190 47760
79 729 37336
193 260 18248
82 632 38601
168 193 20591
114 217 45695
187 305 19209
323 601 61774
48 630 35000
501 503 35735
438 532 29206
87 143 29732
100 696 43738
191 261 25239
465 712 69778
253 456 15524
16 432 24839
39 189 43658
349 362 26077
117 173 21190
385 721 25942
54 694 20100
47 702 56719
181 473 11000
105 680 31064
387 552 55317
3 425 29428
448 566 25000
51 96 23770
281 681 28653
13 35 56515
336 713 60828
166 309 36249
119 667 17263
186 433 34986
361 399 60208
48 702 48010
258 380 40497
420 551 31906
38 470 27019
339 548 30232
206 211 28018
133 290 19416
228 280 17117
477 666 20809
276 403 17889
287 585 53000
164 415 42012
309 393 51264
397 631 42190
355 637 63159
280 640 38897
82 480 11180
31 110 30067
36 320 103600
47 48 69065
137 550 30000
227 527 12530
392 585 45222
11 209 16000
323 477 29069
10 183 24331
7 641 58181
297 414 47413
236 245 33106
343 579 37736
215 683 18439
18 622 12806
67 538 45011
216 228 32696
70 364 23431
115 213 38949
322 432 38079
459 701 66310
119 565 73389
375 611 48877
165 625 51788
436 594 48765
11 638 51546
71 380 56586
56 154 33242
279 349 21932
26 172 42297
83 228 23431
591 592 33971
151 444 50220
112 507 46819
224 634 36235
130 553 31385
313 454 106405
55 286 56436
284 581 48466
13 669 52010
6 22 26000
176 390 33838
435 599 37855
96 273 40224
696 702 33941
176 392 47634
3 729 13928
52 356 34366
352 626 31241
37 337 23770
125 522 14866
314 619 50448
221 658 16125
299 608 90697
529 624 30017
61 159 37947
621 627 10440
252 278 34438
478 556 70576
127 133 13892
134 500 14765
198 483 57070
279 362 27803
408 708 10630
401 497 28160
178 445 22847
148 594 38275
69 93 11705
558 672 18788
381 539 39294
499 586 25962
15 567 25710
383 641 54626
76 718 19799
291 728 20616
217 365 10296
97 668 40311
217 364 52173
231 463 34785
342 653 15811
95 602 36014
373 411 60828
176 441 45793
134 699 53600
251 321 34132
15 43 54818
86 656 25495
182 550 15000
206 271 30414
483 616 33422
34 549 40311
370 374 54562
10 396 40817
374 729 39051
40 527 82201
216 443 18439
377 645 15297
3 44 36770
66 187 13416
195 444 54589
221 659 73824
283 308 66611
45 210 13153
83 246 42379
491 723 36014
108 660 52802
241 679 34132
510 597 21378
655 711 30806
86 603 11180
44 110 36235
7 547 22672
122 482 38601
183 444 68819
587 634 24187
379 529 59034
534 540 62370
9 367 12649
386 605 76694
487 627 13416
292 509 47760
99 390 46043
265 723 31953
213 257 28160
446 706 51313
17 424 42426
298 301 31906
95 179 36401
373 709 60083
463 553 19416
151 714 12806
614 692 23087
132 532 33971
593 629 22204
511 605 27166
307 695 31145
161 581 33838
81 593 28302
226 596 23431
180 637 55000
423 672 13153
24 80 14866
143 446 48765
540 616 38484
267 601 60208
217 666 43012
422 499 35777
326 492 37855
29 409 67082
471 686 26019
389 610 13342
24 586 25060
214 303 14866
180 549 39294
101 478 19105
146 439 51478
299 664 165653
167 258 26401
478 527 31385
174 311 25495
265 491 11662
76 145 16031
212 554 26420
664 669 85440
513 637 45222
337 709 57280
448 450 48466
23 329 24515
162 322 21932
516 681 43012
77 414 22825
265 719 31145
74 215 22672
85 120 21587
196 304 18788
38 574 34828
405 688 44102
109 567 17804
84 713 75802
41 330 51010
58 519 34366
208 502 21095
250 332 49497
238 332 21378
659 661 112641
142 531 39459
83 297 37014
232 314 47539
16 709 43382
172 564 16155
48 476 31064
113 625 42521
440 453 41183
383 666 42450
24 470 27459
358 427 56859
100 455 21024
200 598 23259
139 321 35128
120 394 27019
249 312 21471
269 291 42579
311 338 61774
153 351 79158
201 381 16125
380 460 34986
271 339 39205
648 680 38471
536 604 12369
443 671 38013
597 684 27659
227 664 62801
528 554 20248
284 453 16000
223 294 52811
333 580 27731
201 539 40447
152 587 49769
179 722 34205
152 262 62936
381 653 25298
10 406 55543
340 537 47634
237 557 27785
121 343 15620
53 211 28636
124 170 44777
222 612 41881
490 545 53413
59 237 42942
111 602 47802
191 444 49820
2 141 53907
140 291 43012
356 488 35128
241 573 26833
559 694 13038
214 298 22672
32 340 54120
29 361 11402
161 284 31780
224 663 33838
88 163 38079
219 652 56569
205 507 35805
464 616 26173
523 707 15524
150 614 17493
104 478 57245
179 207 41012
240 587 68154
96 100 41110
33 483 50567
80 586 24597
274 308 32696
357 359 45000
467 660 37947
264 414 42450
508 726 37802
44 353 41037
203 387 29833
84 551 54424
238 609 10440
70 296 67742
462 526 70605
255 723 43829
59 557 36770
262 312 23087
103 491 29120
100 571 21095
113 521 30806
377 613 49729
295 647 33242
423 472 51264
394 651 13000
169 504 25000
493 563 12728
462 479 65115
454 630 38626
398 452 37947
218 456 12530
165 465 62129
333 708 53141
26 604 24207
143 597 65947
185 727 13416
77 251 12530
17 40 23707
178 664 50990
88 722 42202
344 704 68425
6 481 16031
390 474 37483
242 243 26000
386 449 14422
316 717 35511
260 376 32802
248 314 23345
581 615 37363
427 555 45100
515 617 27203
190 474 47011
547 722 56436
328 717 25318
230 272 37590
577 584 35128
220 396 52173
64 135 35014
235 442 11705
26 409 60075
135 407 34785
148 390 61620
190 385 45695
145 482 13000
67 612 71197
499 676 30480
365 526 16279
410 446 23707
1 599 43046
73 428 61098
357 448 21587
277 375 11045
481 551 13038
249 339 11180
160 330 40025
75 617 33541
371 465 84095
9 51 21260
157 425 22472
372 520 14036
210 447 55082
159 582 53535
12 320 61620
568 679 19026
40 203 62370
261 444 57697
411 503 67742
600 685 31145
258 460 32985
69 461 44418
87 407 61911
12 63 47202
61 259 64622
158 225 25710
254 410 30806
307 359 38210
256 697 48374
272 471 42438
75 590 36688
330 387 74626
344 450 39051
319 472 31765
113 690 29732
316 716 15033
318 619 37014
638 725 37483
508 533 35805
573 691 16553
401 615 40608
137 254 21260
57 136 36715
69 675 24042
233 574 20616
150 158 20616
109 475 50596
117 518 18248
247 687 35693
384 695 48104
33 616 25495
335 559 50000
241 691 31145
74 549 13153
214 566 19849
154 402 46043
71 377 64257
34 237 19105
565 618 45541
257 510 24166
121 588 67720
32 537 31113
567 659 14866
317 569 17464
158 614 17464
442 537 25000
399 636 56921
194 678 22000
22 481 23770
99 474 20025
18 55 53235
38 233 40497
182 410 12649
114 526 31064
168 169 18974
72 496 35171
3 26 35228
362 656 26907
429 579 50990
362 587 85000
103 473 72339
25 549 40522
331 432 33015
115 510 43012
231 681 28302
5 317 39825
106 451 32573
125 212 34059
153 608 16553
186 545 26420
30 156 32202
409 543 16279
183 486 18385
9 139 34132
230 295 33377
361 564 15000
626 661 55660
293 525 29017
621 678 33121
480 562 35805
603 656 18028
521 690 18028
87 191 19698
620 674 33838
51 254 59775
286 529 13454
413 572 21954
270 543 10440
425 437 20616
204 722 46325
483 534 75060
120 651 26476
46 87 50090
227 478 42638
283 457 47000
539 628 52154
208 518 31048
438 490 57385
233 579 42720
115 606 19105
123 573 18111
300 559 111000
27 332 40719
52 378 45177
378 528 19723
507 530 56719
82 506 44822
238 263 20248
247 439 18682
95 388 39560
8 413 25456
166 506 12369
395 698 44147
370 516 65765
278 290 68264
106 541 43417
574 579 41110
56 689 22847
119 618 65146
210 393 58421
309 693 44944
194 621 17464
355 513 69771
243 270 42450
190 353 25495
116 206 34540
475 661 36497
377 391 45967
60 524 101045
113 165 32527
196 384 31016
444 714 52555
29 172 29155
500 561 45222
185 533 39446
178 203 59076
435 480 22561
117 646 13000
310 332 41012
452 596 33526
384 595 73246
328 424 13342
509 721 40262
266 411 21095
302 703 49244
24 663 44045
47 96 24083
591 654 35355
23 610 19723
606 710 41049
41 306 45891
418 705 25807
82 229 25495
220 486 21024
623 635 56939
459 476 75505
389 568 24698
216 714 29017
13 445 53151
249 262 37121
357 566 25710
320 327 29000
451 541 59059
101 299 48104
199 356 31401
281 469 57079
75 186 29428
199 287 66030
381 392 34928
360 489 25962
424 627 24083
170 408 19647
11 180 28018
538 612 61814
419 493 37054
501 535 33106
324 572 36056
12 546 10296
400 408 86470
166 192 35014
521 549 39446
351 582 48374
382 576 10770
366 380 34205
354 382 40025
97 302 56294
299 675 47011
218 717 29411
41 669 45177
114 583 42450
146 347 26173
282 635 46325
368 698 36401
211 312 13454
65 658 22204
600 631 29017
212 455 10440
663 678 21932
409 425 12166
346 488 28284
220 606 63569
240 248 30083
266 326 26077
236 305 50160
256 338 12649
635 670 11045
446 682 22204
184 339 19209
347 665 33541
40 676 21260
405 661 102078
528 662 27803
155 289 24166
296 600 65460
186 617 44418
393 693 43174
91 692 48466
289 619 33541
104 675 17493
137 182 20125
129 187 51245
240 517 30463
263 404 48332
482 652 46043
219 672 62482
493 546 33242
138 542 33287
71 391 61270
430 500 32311
152 325 36125
228 443 20809
33 335 18385
142 173 20224
68 92 46872
329 568 22000
324 498 18028
411 465 64885
46 407 54589
871 508
287 881
466 641
594 424
369 625
820 307
379 804
665 485
333 222
117 352
138 503
783 112
700 916
626 418
359 923
336 677
790 765
562 65
478 927
854 765
633 52
796 297
733 580
696 710
112 560
437 661
223 111
464 60
467 718
275 910
417 565
618 392
426 84
64 505
713 861
825 128
280 611
648 732
39 486
769 776
680 908
595 264
412 937
432 627
854 411
216 270
394 230
451 191
295 908
482 40
347 238
400 387
865 634
452 18
537 112
173 714
456 354
78 454
70 556
66 275
942 556
409 777
821 140
268 250
447 978
513 360
563 398
945 470
874 774
192 811
676 370
422 861
374 43
99 508
531 224
616 69
246 178
457 75
448 593
686 721
513 42
886 407
161 196
883 311
310 482
890 614
238 315
438 815
179 591
300 468
645 941
984 444
870 785
490 911
414 905
370 232
734 120
183 126
364 534
383 271
829 839
592 990
519 876
836 790
55 667
514 267
9 508
538 532
339 937
415 595
479 866
41 381
142 571
243 827
168 409
939 682
617 965
344 913
766 264
289 477
552 753
607 116
765 666
444 944
411 280
837 331
865 361
679 423
496 417
587 678
501 168
551 121
872 349
437 737
303 251
424 336
343 311
770 103
304 204
740 458
252 840
577 975
258 337
201 115
617 85
666 675
721 543
431 450
288 289
649 865
152 251
815 703
932 732
177 747
851 521
261 881
487 625
630 857
954 592
642 848
537 490
314 749
403 800
652 576
165 594
846 369
729 436
919 523
937 529
483 966
9 557
442 703
597 972
316 496
702 575
358 485
495 223
761 872
392 876
139 531
591 872
334 329
141 348
875 698
831 146
560 229
501 366
437 471
24 527
385 580
220 323
811 370
901 533
743 702
127 300
534 252
338 924
436 94
386 396
576 122
298 418
931 363
728 823
458 838
64 368
907 669
363 847
590 939
122 503
841 413
891 646
385 302
194 438
656 296
114 491
133 244
261 785
850 733
660 115
133 362
436 970
633 359
527 819
758 701
636 832
828 181
777 868
146 214
863 418
496 480
582 635
813 505
634 770
58 438
654 366
469 305
50 518
281 90
246 862
770 594
735 640
523 702
499 712
959 381
439 291
175 156
597 673
778 565
892 675
225 129
240 189
964 348
865 742
329 295
516 811
247 477
221 430
753 425
882 580
904 515
206 344
859 658
288 109
215 230
521 858
198 576
193 724
382 750
657 464
510 671
929 690
478 513
337 209
670 214
619 435
791 335
947 539
949 317
864 567
163 216
583 586
291 561
618 238
566 503
715 745
544 56
320 394
635 717
829 531
891 353
699 471
332 540
767 491
577 802
491 447
125 801
184 167
671 313
874 822
314 55
654 340
679 132
661 282
517 244
489 351
671 863
565 295
657 184
831 402
289 65
305 519
882 656
288 145
795 549
438 539
828 759
334 644
815 538
630 29
742 66
269 207
329 733
255 727
624 510
788 679
220 562
721 86
797 720
757 585
681 857
347 677
260 94
513 927
470 817
433 67
850 278
257 617
251 489
890 686
670 407
77 270
279 445
562 765
698 273
686 544
436 390
648 656
673 505
873 587
247 146
967 661
214 854
404 597
16 570
147 517
405 421
618 287
652 772
591 323
638 884
460 727
847 589
364 713
210 796
266 794
688 432
337 234
462 388
387 730
508 565
85 652
103 318
240 639
459 589
948 528
930 495
736 347
396 342
612 36
715 411
296 434
55 579
305 773
523 281
343 598
656 163
721 794
428 942
736 594
390 496
703 315
328 448
783 420
268 460
485 397
82 373
186 799
911 221
505 767
574 994
570 447
131 749
799 319
268 153
171 869
66 330
270 262
488 985
497 658
322 325
196 597
359 675
647 503
226 189
678 609
431 526
63 633
58 484
806 155
849 265
128 713
765 755
706 62
784 723
495 646
370 324
629 824
317 65
604 735
394 756
332 498
320 696
590 247
400 783
901 434
372 480
515 651
594 121
615 668
570 539
334 524
665 370
129 226
181 292
740 881
301 314
844 468
623 266
644 155
668 248
504 236
875 209
550 503
387 184
382 292
861 727
665 238
463 466
483 91
745 393
897 736
325 853
549 646
398 53
169 656
664 556
494 526
696 440
580 529
669 715
454 548
658 44
591 883
384 533
291 921
468 165
257 756
810 841
373 897
896 412
819 291
630 85
380 105
649 605
23 382
154 361
766 709
440 418
663 877
616 174
527 848
228 525
769 153
592 802
542 154
456 852
578 420
634 495
733 739
424 744
197 666
572 950
231 655
944 505
62 599
858 372
85 397
886 195
316 585
211 408
754 195
522 170
209 549
494 79
511 183
554 612
758 622
620 947
83 420
102 304
135 541
425 285
454 409
129 196
766 520
269 810
783 857
379 332
554 47
29 406
538 981
576 144
865 166
305 108
167 680
425 668
640 370
608 397
258 424
366 95
476 288
742 85
513 661
330 657
583 216
778 121
364 821
873 711
101 521
343 341
832 292
685 752
560 662
398 325
584 821
801 771
36 542
716 58
419 19
184 113
398 707
917 441
760 144
448 718
791 195
643 281
353 948
757 607
317 648
209 811
365 282
658 522
747 664
621 754
719 577
59 589
748 481
662 768
594 785
525 902
548 458
925 637
202 838
751 516
365 422
708 732
796 657
533 688
215 153
496 213
303 754
280 729
498 66
395 437
505 352
843 199
215 387
566 101
893 471
179 764
225 673
450 904
880 619
422 680
727 192
154 422
71 591
925 747
291 87
723 597
990 503
598 336
749 299
634 874
538 422
401 79
537 191
746 202
844 561
463 292
750 718
570 55
295 543
584 46
114 603
238 874
760 721
286 380
480 79
423 170
208 763
849 396
794 185
775 669
246 572
523 713
172 575
122 454
521 546
200 228
355 751
258 238
252 215
245 458
751 350
622 977
460 435
99 718
779 453
919 466
263 472
668 59
288 458
308 719
724 279
865 609
575 166
444 956
363 959
506 490
255 927
357 349
730 682
739 918
633 626
274 744
783 267
754 155
659 948
247 583
112 260
708 75
170 394
452 260
851 781
753 762
986 578
721 702
738 606
81 684
597 611
314 332
102 477
188 381
200 741
480 547
604 708
208 893
182 693
120 551
732 671
627 896
793 378
432 20
568 264
426 263
205 501
475 354
429 790
631 442
509 152
450 239
722 108
729 212
79 499
273 357
450 424
495 977
297 658
113 424
706 304
106 626
894 236
162 243
454 29
829 774
822 724
602 55
490 861
759 109
355 575
413 849
491 847
837 245
95 428
856 172
825 158
694 491
461 628
655 444
