551 974 19 77
1 427 32202
327 523 60008
72 474 61717
117 437 12042
123 206 41773
76 224 24021
244 479 71449
86 398 36346
381 426 33541
343 465 44598
122 196 49204
141 461 19416
164 171 32202
161 497 56303
50 497 66189
246 545 44822
196 522 40817
469 471 63008
15 236 53151
170 509 57245
163 254 37855
58 335 50606
35 432 47434
40 249 40000
288 355 22561
1 194 29732
439 454 11180
276 425 36235
29 400 41183
319 357 11180
409 496 50695
234 495 19849
345 490 23409
195 365 50961
292 371 10630
102 284 35847
1 431 51971
430 515 14866
185 275 40497
153 514 32527
23 33 44294
74 352 54083
55 437 51923
235 425 67268
92 342 31113
120 176 62370
371 399 29530
59 543 63127
21 441 34713
90 478 35355
220 487 43278
474 522 20396
112 135 13038
12 166 95425
256 426 12042
228 414 57940
239 551 46011
46 397 24698
60 389 23324
354 521 19416
228 306 75213
388 464 25612
148 324 21024
150 201 39408
441 545 76007
13 119 63285
75 192 50249
26 487 32450
186 485 46271
358 456 24187
236 495 79076
43 299 23087
223 264 32311
230 393 22847
408 492 13000
91 468 14036
525 551 65734
101 416 108167
143 323 24413
89 391 42544
411 439 29069
339 532 61033
19 375 47885
348 547 41000
377 511 36000
255 543 36878
36 435 107615
88 99 20616
229 370 70214
435 537 42426
270 474 47676
212 470 13416
10 182 35014
400 412 44922
161 343 50448
78 125 68600
292 297 90802
503 536 42638
428 436 22136
68 174 20881
134 277 43081
339 378 26627
101 398 75007
409 467 21932
52 146 55009
153 289 23345
446 496 36014
416 545 36401
178 426 25020
425 504 178911
143 205 11402
368 371 154690
302 369 38588
264 304 52773
73 536 35228
498 536 70064
107 262 52154
338 339 46174
101 181 55946
128 380 55036
463 505 38897
326 328 35511
51 111 43417
234 236 78518
124 518 28636
100 347 29017
19 180 53600
60 243 56089
281 444 20248
114 195 32249
82 90 31385
268 480 38000
209 252 24597
132 219 36249
212 360 30017
115 351 64560
309 522 38118
128 163 59548
169 337 35847
436 498 20000
231 506 29614
146 199 55462
61 412 22804
429 467 38601
354 475 44643
58 279 44911
40 80 40792
173 202 11045
167 346 49396
253 279 53235
129 238 61685
85 321 31385
73 149 11180
448 478 40853
8 99 74947
74 176 72111
352 446 29547
189 227 34000
126 312 33121
105 521 24352
58 471 26019
213 305 31016
262 281 31048
153 516 39623
142 156 32202
2 324 22023
69 384 37736
44 232 18358
304 319 62769
50 470 48104
446 465 53254
105 278 50596
173 197 27893
107 507 35777
27 356 58052
99 149 39395
157 343 66753
447 550 57000
116 338 53852
389 531 30232
421 460 12649
181 472 50567
291 383 41593
423 496 44045
272 297 59405
207 280 26401
96 246 32558
310 415 46174
104 368 40311
280 370 47424
300 418 56436
96 546 21401
125 358 114586
327 455 21378
255 278 38184
64 286 24021
13 377 28071
195 331 55902
104 350 30414
111 517 49366
229 315 51264
260 501 87207
251 290 66370
62 251 48662
419 433 61294
317 490 28284
445 520 50010
123 334 36069
306 513 73389
171 374 28284
361 546 25318
337 535 30806
172 223 21932
4 320 38471
25 210 24739
200 370 61327
140 233 13000
308 331 55009
487 495 60959
109 115 23345
28 359 69462
200 280 40249
107 415 42521
41 420 47854
131 487 67956
111 310 48332
64 97 33541
531 535 16125
106 124 11180
8 548 50804
381 395 71176
252 526 42202
272 399 35903
315 477 56851
190 201 46819
30 179 34059
156 534 66483
183 406 98112
62 148 30463
242 320 18358
126 157 56604
221 321 29000
65 391 30594
198 203 52555
260 452 150083
376 411 17205
173 330 24739
215 279 15524
43 276 42379
46 175 29428
84 286 50774
13 464 55902
340 404 44822
37 414 49031
355 505 61587
84 422 80505
56 404 57070
39 166 22804
300 348 41110
75 291 30806
47 67 37014
17 477 39205
150 190 26401
11 152 34785
262 444 35468
142 185 53151
165 207 30676
253 501 52345
108 186 17692
137 303 20248
113 133 56303
17 214 40262
301 351 61855
98 527 55326
172 304 43932
325 424 30871
146 230 17000
137 524 53852
410 456 153056
105 140 41183
82 280 19416
246 546 40522
170 481 55543
259 285 10630
123 387 61131
326 505 41629
244 500 65192
43 68 37656
297 360 23707
294 338 41231
12 98 34409
172 445 20396
483 508 24515
63 153 39850
221 547 29833
156 275 16971
98 166 61074
214 525 47043
211 363 47885
395 482 19313
318 323 23087
238 455 56613
319 458 14000
278 429 76688
211 352 62650
9 222 54009
189 387 50220
265 396 44418
62 539 56798
44 356 19849
482 533 78262
133 247 64498
9 235 53000
177 198 53254
70 398 20396
269 328 23324
215 459 18385
384 431 23195
204 306 80156
298 402 36056
424 434 55543
57 508 55579
77 347 37537
336 355 26401
167 535 71000
59 255 50448
81 192 28862
182 390 58249
344 392 41773
200 478 22804
107 277 57628
190 420 62201
436 466 33734
19 276 74000
10 390 60539
378 418 60141
118 534 32696
142 216 27586
293 294 26077
72 326 58052
409 546 22361
31 392 43417
54 466 43186
110 287 14765
27 313 64498
308 408 32894
166 527 45706
217 399 67424
144 170 63325
26 118 41725
290 513 29206
128 354 56824
196 309 36235
104 434 58822
119 265 72180
129 274 17205
119 388 22136
225 437 32140
438 495 60605
455 523 51088
253 469 30232
88 149 35228
199 519 62129
66 429 46573
38 514 32650
450 453 38079
428 536 42059
471 533 58464
374 451 16553
226 487 30806
106 513 35735
432 506 51264
385 510 42048
366 486 51865
87 127 16492
177 351 69203
107 537 38118
51 296 50961
444 448 44654
141 206 134402
20 444 57000
244 280 44102
171 451 27459
63 516 20248
462 512 43174
82 200 35228
298 502 25000
30 135 34000
1 21 26926
463 484 34670
215 417 39115
92 296 35903
37 208 23854
207 500 46174
210 403 62370
129 266 27074
105 475 45793
281 310 45695
101 155 28443
210 442 38471
237 472 22672
188 337 58523
15 476 68731
300 378 36056
499 527 51225
349 515 37483
246 423 46861
172 385 38013
163 539 13000
18 333 43909
264 458 66370
308 365 27313
183 508 31906
321 541 15524
262 415 36878
293 378 18358
209 406 54037
44 480 39560
28 114 47434
346 535 61555
132 412 16553
257 315 26627
25 403 52326
121 473 25000
23 345 19235
159 274 77621
502 527 51971
89 549 25239
45 270 31016
77 308 44944
7 145 37537
364 536 53712
24 374 34525
67 505 37054
223 386 30083
34 197 97082
247 287 24187
81 528 36497
1 439 48104
243 337 35228
303 436 45222
364 419 29833
296 518 46011
279 417 39357
227 373 44944
18 218 50359
305 322 40025
271 438 40025
226 438 64777
206 449 29275
49 80 70385
3 340 60075
14 544 21633
152 278 59464
205 507 10630
336 505 69051
307 485 28160
122 168 55570
122 524 71021
33 134 44407
292 434 97494
147 532 58941
209 213 31953
146 397 29155
14 522 19849
124 204 12042
232 356 31257
203 208 47265
9 486 70520
112 443 26926
23 91 60531
266 327 46755
332 453 12042
233 528 18111
211 468 52345
52 547 64008
308 492 31064
120 346 36497
59 184 61400
154 448 16279
103 479 26627
214 341 30067
413 426 27019
90 200 19235
289 340 24515
372 493 40311
476 517 41231
402 502 20616
94 186 42154
81 326 46615
66 361 30150
294 339 41183
326 463 15556
457 516 18111
180 440 62266
76 177 58523
73 141 42202
308 530 41195
155 520 11180
12 185 33242
57 483 68000
29 132 17889
408 414 69921
50 292 93520
102 506 90006
16 459 38328
223 445 20616
103 476 50606
131 220 69289
199 298 14866
54 109 30414
175 541 16279
157 312 67119
329 406 28284
369 517 25080
319 368 64661
32 398 17804
94 307 23087
230 402 20396
282 416 81216
160 465 54745
12 499 46615
330 509 41110
356 480 34828
32 416 81271
113 130 29120
329 333 45343
63 311 18028
109 548 67268
222 235 51108
220 394 62370
133 318 43012
324 542 22023
39 456 70000
42 306 68066
69 194 21190
180 551 24331
13 17 37363
193 465 31113
183 267 12166
146 393 22472
22 118 42953
367 399 102005
190 516 54231
39 519 34928
93 203 77621
256 381 38471
123 189 38588
393 402 38288
208 414 36401
77 191 42521
282 510 49477
303 509 53712
216 487 48508
117 229 33615
263 483 40162
89 121 27459
400 512 59666
375 551 36770
316 510 35114
105 233 36674
170 336 55543
274 400 62610
82 244 47707
360 430 64070
11 241 32202
27 480 38484
376 454 21260
470 497 51856
136 153 52240
347 492 29155
184 543 36401
45 474 61847
218 333 30463
333 366 34928
30 92 51788
99 536 47265
69 431 19235
242 291 52498
269 521 38079
31 344 49497
320 383 17117
415 435 54120
294 378 37696
138 358 63514
36 324 16763
31 97 58052
85 221 37656
150 311 33838
8 382 60877
181 398 36770
452 501 68964
250 342 37483
83 168 30887
195 457 49930
151 494 24839
474 484 50804
55 87 36359
175 321 16971
285 405 17889
176 372 41110
140 184 18028
96 361 17692
14 270 39000
155 316 33971
178 381 16763
367 371 119101
30 145 15133
221 541 17088
48 499 13416
71 266 33106
55 134 36000
113 363 25942
447 482 58523
194 242 41110
294 379 15652
80 265 57009
204 443 44045
160 416 37736
53 332 13416
65 500 29000
245 540 14036
248 540 28636
4 413 38588
24 137 23259
207 549 31145
178 395 71197
350 357 36797
203 351 41677
110 323 36056
226 495 49649
47 328 26019
118 201 72801
120 515 41304
18 329 52154
277 314 15264
229 477 54148
142 491 52924
68 299 38484
383 474 67268
17 315 40311
52 348 56886
198 492 58728
97 392 33000
92 112 31113
40 526 11000
87 490 43932
322 341 41593
366 504 26000
10 71 26476
117 477 32650
75 384 21541
50 325 42107
484 522 54378
28 195 62370
144 509 36674
137 451 17000
57 267 31064
35 102 57140
80 353 34525
43 371 262612
193 312 30887
46 321 24042
60 535 48600
224 232 42154
162 390 92574
78 138 41593
61 71 37643
283 405 18358
369 476 48508
130 467 31048
386 538 16279
158 539 44654
80 249 51225
6 344 70007
259 295 31575
271 495 39051
83 270 28844
258 363 22023
488 513 47381
306 359 87824
86 472 36000
240 261 31906
219 485 42579
191 530 20518
3 284 137768
147 410 54203
171 433 57385
79 295 12166
67 288 32016
11 475 32016
415 537 31575
219 412 39699
165 549 12530
248 493 73410
2 148 30414
349 531 30594
33 91 35805
5 64 66400
6 178 33377
6 392 73783
134 494 29000
5 482 29000
428 503 16401
91 248 85703
334 382 21095
186 307 49679
176 493 60008
423 546 41110
301 373 51245
407 519 41629
309 544 53075
268 313 80753
158 170 87006
466 489 33377
61 400 57219
336 481 35128
263 410 92347
45 413 60017
213 252 38079
108 182 17117
421 472 24698
379 391 56851
42 251 49041
53 453 14318
147 285 36401
53 422 22204
36 488 66888
254 380 25179
452 538 13153
239 322 51039
20 314 21095
331 365 43267
95 473 44385
157 325 26401
440 525 50000
401 411 25020
127 485 41725
158 336 42720
269 528 30265
145 201 80777
33 151 46690
93 351 56586
96 240 28636
260 469 37000
163 288 53160
136 284 49396
24 503 16401
331 530 47760
133 429 65054
159 512 58694
15 103 42438
447 529 90796
313 373 71868
237 279 31401
130 363 21932
338 396 37483
422 461 91679
88 206 51313
348 418 32016
49 305 46065
121 391 54332
191 231 34785
28 420 18682
301 387 43863
16 70 25000
3 56 34015
95 229 42000
132 317 38079
272 360 53339
41 179 14866
4 335 53535
281 302 41677
114 228 36014
25 46 54083
2 290 44294
120 212 75690
209 526 52326
15 271 82807
70 86 47170
13 257 36139
128 254 53038
234 487 61400
8 54 11000
304 385 12042
256 335 50931
100 139 26571
381 533 67882
48 491 29967
489 509 36359
52 85 60440
267 508 38288
346 349 53151
143 507 11705
295 396 15264
192 233 34886
123 548 39051
241 542 45277
247 318 58052
418 532 69893
57 187 15297
54 498 26249
5 529 50695
107 205 34655
23 245 37336
135 443 26173
193 343 21190
364 374 56356
393 394 54332
263 405 29275
106 488 53814
222 486 26420
311 514 22023
224 373 56080
144 524 13038
13 214 38949
126 350 40719
65 442 90758
268 506 73553
139 177 36346
113 258 24166
217 430 21840
241 380 35114
105 152 60531
41 359 20000
59 376 46043
331 362 64637
286 529 64777
257 511 31016
273 480 21633
91 540 69029
284 289 60465
370 478 70349
94 477 21954
22 156 83150
138 407 43012
259 283 21260
33 494 36125
242 384 50606
245 317 29530
255 261 23022
116 294 76942
46 442 39812
7 438 28018
388 391 56009
32 441 68447
101 282 78588
297 470 32202
185 491 24331
154 476 47265
186 525 40000
362 432 67535
501 538 72007
264 386 57280
79 265 50990
169 174 38833
221 293 58669
249 265 28320
48 131 34886
160 246 51108
159 238 22361
56 275 90211
13 341 27295
504 508 158405
38 311 46011
72 291 23324
217 389 35511
148 163 40262
84 450 64815
51 517 25807
419 461 29120
100 492 48826
296 342 19105
529 550 35114
136 331 62394
204 250 27893
486 504 69642
137 374 28302
225 229 32249
11 287 20248
218 239 62129
126 424 51400
46 394 65000
79 283 15264
37 42 42953
179 190 72277
187 526 25000
107 151 36674
133 278 68447
332 433 27074
34 93 89900
26 216 32650
21 427 24331
95 315 18974
148 542 15524
473 511 15524
481 505 74632
7 92 57271
142 534 43046
15 517 59059
164 450 70214
235 375 32140
202 489 24207
165 370 11180
212 497 50567
162 174 16279
162 188 47802
59 454 34928
38 404 39408
187 249 34438
59 261 49244
317 345 13416
168 309 57009
169 299 54708
253 460 31623
393 397 33541
482 550 17029
377 464 40262
76 351 59008
334 548 36056
197 330 13342
414 492 67365
250 518 41437
231 273 59034
154 302 24042
101 316 20616
21 459 63032
262 314 32558
139 273 36056
331 457 70838
115 202 28018
108 525 40706
86 417 15652
125 410 14318
22 201 82006
188 523 33015
99 449 31385
227 387 46325
372 462 37000
20 225 33000
65 379 44272
29 248 37483
237 460 18111
252 353 15620
52 407 41000
382 449 14142
401 427 24207
110 247 28653
520 538 49679
127 219 39217
49 353 59414
258 468 37336
401 545 72111
104 357 49163
159 167 31016
137 164 45343
66 240 21260
403 479 22023
16 21 57219
34 203 59304
78 358 56321
304 458 58856
243 367 59615
33 133 80430
47 326 31780
221 379 72035
35 362 47127
421 501 27203
120 462 43046
74 161 37014
116 391 73246
241 254 32696
440 551 50488
83 544 34132
402 761
634 556
931 262
433 839
460 948
466 885
712 345
786 778
130 178
280 345
527 560
814 123
355 252
558 824
635 376
320 776
365 288
256 169
148 249
427 396
377 771
837 273
354 451
717 817
587 255
765 253
968 606
799 464
302 437
739 388
571 919
287 759
375 490
733 610
977 484
596 562
777 582
874 310
717 70
340 108
751 425
735 591
60 289
896 604
512 861
617 210
557 692
759 147
321 213
98 593
604 419
654 119
663 947
786 767
381 410
917 231
352 78
357 850
415 691
45 430
261 400
641 566
874 374
513 988
495 198
391 644
586 669
97 296
444 788
296 769
285 371
511 766
783 883
194 588
484 748
872 653
909 563
583 41
435 89
348 148
507 705
518 310
567 876
580 960
616 166
271 809
350 391
823 865
482 231
506 339
346 511
688 397
772 691
350 316
423 289
349 654
528 958
786 103
810 849
882 567
201 772
981 427
611 341
91 689
502 631
667 465
457 475
298 312
791 737
503 536
577 453
710 419
372 572
844 479
795 714
426 130
394 348
795 282
388 198
123 479
459 246
622 813
874 796
678 463
524 6
149 694
346 375
564 662
228 387
364 600
775 178
294 421
425 553
381 446
723 418
917 414
696 827
602 78
891 592
482 667
758 917
806 209
493 502
693 768
737 373
655 174
463 30
613 578
794 885
847 375
421 482
494 571
912 362
520 371
206 800
832 190
119 646
641 654
166 430
281 650
217 617
133 305
603 617
662 857
462 263
739 64
155 401
594 861
109 340
710 707
691 871
134 816
756 714
117 302
588 205
170 520
855 597
433 880
761 414
200 236
250 799
281 310
333 40
476 684
810 156
311 300
349 93
146 351
907 776
831 396
941 535
479 698
205 663
424 781
860 451
592 774
729 707
811 567
679 124
489 330
815 352
767 715
792 616
686 472
482 499
866 837
491 273
797 569
282 131
563 261
307 561
143 552
271 161
326 278
317 826
786 228
71 477
206 175
309 388
710 202
579 173
184 179
149 832
896 652
427 363
745 265
923 746
808 480
423 331
672 174
974 546
880 613
495 667
685 266
158 223
631 323
288 860
170 408
258 209
377 660
553 579
451 812
56 375
544 270
317 456
325 676
489 561
275 463
380 108
693 445
689 574
304 142
288 888
566 609
427 642
423 847
390 261
350 562
441 60
293 948
404 643
461 423
422 31
119 820
401 127
255 385
335 52
971 590
543 673
543 860
696 320
67 524
921 572
238 401
844 178
74 249
421 430
454 615
313 841
507 294
491 415
181 696
427 76
963 396
434 52
537 987
510 549
618 668
929 346
655 517
491 778
13 554
528 144
502 142
447 91
653 405
102 572
690 134
62 312
571 140
848 703
527 394
707 810
143 773
300 172
747 524
343 338
885 525
609 806
533 433
875 356
178 678
960 670
429 417
405 283
181 777
331 430
450 518
85 749
467 821
600 193
309 211
473 516
612 557
95 635
550 723
220 354
531 693
252 117
732 720
910 476
651 941
218 147
848 821
388 810
656 694
91 371
476 110
522 106
934 322
328 248
666 419
185 656
536 884
337 442
129 443
881 538
598 109
76 447
112 711
813 652
245 570
314 154
514 635
640 673
911 617
87 738
637 25
735 437
113 551
361 641
963 439
349 584
737 901
874 500
226 113
33 430
51 694
560 414
464 274
6 546
201 493
899 708
711 851
190 226
369 689
383 250
537 128
509 156
541 612
417 885
827 823
484 819
476 768
151 782
160 860
878 735
409 191
65 442
224 322
465 192
528 925
663 195
669 249
446 950
439 104
630 189
276 773
32 532
266 457
358 728
692 170
610 302
906 287
418 60
248 89
645 79
854 514
340 615
510 3
359 703
279 414
453 872
787 534
489 447
261 682
278 823
578 84
714 920
794 446
258 866
660 969
295 640
108 663
91 217
432 855
373 747
743 817
379 599
77 498
453 771
932 499
653 914
57 641
537 472
750 796
395 360
735 329
385 716
231 290
354 745
581 227
720 444
484 396
154 812
257 597
383 985
509 359
837 833
631 920
696 844
170 862
650 953
383 705
216 375
661 28
887 409
85 763
330 813
270 862
742 928
166 481
561 734
393 211
227 641
743 763
356 630
345 525
305 913
131 558
356 876
271 845
434 246
551 813
526 592
567 366
369 327
471 344
596 319
933 590
659 729
439 968
384 18
542 763
316 346
197 156
738 235
631 505
748 730
359 434
786 160
854 527
230 521
402 466
698 281
293 596
164 598
766 784
771 141
495 227
236 882
705 154
730 827
216 89
588 706
980 517
489 491
360 23
729 761
169 744
419 250
208 471
678 499
889 339
82 484
885 391
583 404
652 451
683 62
204 811
510 654
571 809
165 378
682 775
279 276
329 108
731 109
513 669
473 997
926 521
82 417
520 45
369 933
808 252
84 401
763 854
495 478
172 849
616 617
303 457
585 189
598 574
463 650
570 842
290 704
336 637
598 150
836 787
468 252
440 985
224 240
