760 1362 17 103
332 381 17000
486 514 19235
115 630 51923
260 534 42426
427 586 66370
23 707 43012
407 439 24207
107 137 68542
376 651 38419
346 467 41110
374 730 33971
329 733 48083
45 106 18601
374 609 30610
472 473 13153
116 677 41231
242 717 16401
459 575 36770
50 362 66611
391 485 59076
30 94 41869
47 232 74947
51 291 53600
128 189 32650
422 720 33015
175 424 13416
357 681 26019
161 732 49193
616 634 23087
324 444 33615
328 752 50695
680 690 26683
8 748 23431
372 715 14765
393 753 17804
4 136 30594
54 709 36674
13 359 28320
333 510 46098
316 503 43046
622 669 80131
274 467 44688
204 554 56436
154 620 49820
31 208 15811
228 284 44011
72 530 28302
103 544 25495
480 535 26476
236 253 34132
312 544 35171
237 241 22561
25 552 68264
202 722 17889
100 350 15000
92 326 33106
249 734 20616
124 731 44011
424 668 36401
394 751 48795
48 363 24187
18 731 15000
1 631 43046
194 417 30017
640 739 48466
535 626 12369
22 656 21024
93 736 113283
53 480 35171
33 332 32388
91 600 24331
100 229 26907
564 644 50606
411 702 17720
38 141 25710
151 530 26173
54 438 48374
39 624 50478
121 532 67052
10 329 46098
37 387 28018
137 317 33615
409 526 17464
327 331 35014
216 283 19698
624 661 46174
412 684 60828
427 448 23087
603 677 19416
291 404 16125
35 501 18682
24 37 74632
297 491 45177
109 510 34000
265 373 25632
56 718 38079
7 226 98843
268 520 12042
153 533 37483
88 552 41773
65 646 11180
78 368 47854
295 526 17720
460 692 18358
485 632 39623
40 514 34482
83 494 53759
183 494 52773
272 683 36878
101 156 51157
466 639 40460
434 611 20616
512 760 33377
264 380 81835
474 706 29732
26 153 43382
181 484 29069
569 621 47802
412 416 14142
26 624 29120
81 454 30529
501 742 44418
395 485 31257
154 502 41231
54 642 79398
503 697 64537
101 214 39925
435 736 35693
366 406 22561
6 593 28425
440 546 29275
87 752 55731
82 607 58249
464 735 48847
294 686 40497
340 511 72615
259 348 23601
418 649 23770
69 755 43186
504 697 38013
102 201 14318
254 502 18868
193 734 25710
407 700 12369
512 637 53310
543 554 32696
457 562 11402
6 598 27019
274 346 42297
251 368 14036
112 261 62801
498 520 52811
270 665 37577
17 556 46174
334 448 10440
565 612 36688
751 760 25942
179 759 67186
618 656 42426
221 533 50931
487 696 12083
208 735 37656
139 214 23324
564 600 20100
93 593 14422
273 715 46325
157 694 12530
99 481 15232
206 340 51740
422 557 31780
85 355 52326
126 413 48270
59 621 27803
92 613 26926
204 358 14142
64 147 18028
516 580 36125
138 482 18385
416 728 48847
169 746 16125
32 669 23324
275 493 17720
637 745 20591
27 463 29069
346 371 32202
221 386 50090
159 665 23259
36 109 23259
446 683 25495
241 635 11705
104 289 22804
574 624 43139
11 318 61074
258 616 73756
219 300 19698
6 595 35805
229 698 18788
449 511 27313
266 585 33541
218 738 22804
85 623 26173
89 517 45891
303 564 51865
122 728 108074
242 415 21024
30 101 51865
377 637 54918
141 730 31385
198 555 22672
474 484 27586
97 654 25318
313 657 12083
51 463 46487
211 384 56939
398 443 11180
197 381 18028
222 542 65069
596 634 11705
369 407 42107
578 582 53852
235 379 13342
1 324 39812
177 486 40050
543 750 45880
21 76 23345
143 323 23022
625 650 18028
565 680 56436
300 483 19416
80 649 56569
500 715 32249
353 750 12806
123 611 19105
631 744 27893
86 428 51430
57 423 67179
65 418 27019
675 678 53759
15 448 54406
1 491 24839
57 569 34015
406 443 12042
161 623 47927
351 720 21213
272 285 20125
382 532 57428
5 518 49649
237 559 42048
449 455 17000
556 562 45354
512 745 43841
369 647 49649
551 672 24187
560 748 11402
337 469 17088
215 743 25239
24 644 43829
206 280 57315
75 619 10050
692 693 28231
17 33 45486
350 685 46228
189 708 27459
320 447 24083
206 471 29833
613 639 46690
558 678 46487
635 651 19235
409 614 20025
522 675 26000
484 633 18788
486 495 14422
20 144 50990
570 735 31241
191 742 43046
38 679 22847
108 341 45618
224 246 16401
296 370 23854
76 570 39408
175 409 40817
56 494 61400
79 592 37363
79 302 38288
25 323 47434
186 261 13416
683 700 61741
83 549 70292
1 444 50961
272 639 46098
132 354 10198
627 675 19416
213 659 20881
115 485 61270
576 760 49659
215 560 49980
318 368 35114
76 436 69354
542 609 21471
203 308 34409
461 561 39205
222 666 55543
133 562 33015
231 469 12530
189 647 40000
220 620 81841
43 135 48795
237 638 31906
545 578 44385
536 674 28302
89 641 47381
585 693 19105
157 345 32388
55 127 25710
87 561 38949
3 738 14866
149 588 31064
58 496 60108
58 154 38910
9 396 29428
165 282 13416
430 567 25000
513 649 20025
380 740 72498
37 341 61033
532 571 73027
271 437 17029
397 694 34482
112 488 62968
368 492 54708
108 699 25000
526 614 21401
322 709 61327
187 293 16763
9 628 33015
113 321 20125
202 226 25318
612 680 38639
44 394 18439
114 146 17000
95 198 72835
494 567 37577
518 600 41761
522 627 43417
344 608 52000
281 536 22023
193 599 28862
172 234 33971
664 749 60216
515 696 22023
8 421 25298
207 746 32016
196 270 33015
282 436 41049
16 170 27586
235 262 41593
142 605 64405
56 213 33838
52 396 37363
110 680 29411
39 179 43681
168 710 26420
76 227 25239
56 100 42953
268 375 42107
325 370 29682
231 419 33121
140 364 27659
16 290 12042
103 312 11180
102 568 25239
94 514 33061
78 318 34482
89 547 28320
225 539 26401
20 25 29732
89 352 53600
275 723 91005
444 634 19416
73 99 19000
551 663 28302
113 210 46861
557 628 15000
45 672 35693
138 427 30000
160 620 54818
95 504 42012
227 459 23707
167 540 16155
45 413 26077
421 531 37855
150 340 46872
66 178 69893
306 527 62241
306 742 58078
661 759 14765
413 546 25495
340 471 42202
384 440 57567
80 335 68096
544 574 59942
81 572 42485
156 238 36056
244 343 63198
292 435 34928
537 600 57315
405 432 10817
29 523 16763
217 254 36222
144 269 26870
260 447 43012
340 626 38588
711 734 21840
392 586 30232
645 659 23770
15 601 56798
355 623 57871
136 276 26476
432 715 22136
150 209 39459
133 630 32202
306 310 21401
114 519 46487
36 102 20518
60 527 55317
165 248 42048
50 505 24413
107 676 23431
189 283 25612
153 297 44181
34 737 17029
295 336 22361
121 382 21401
11 360 53600
302 533 29682
32 49 42638
428 712 33242
53 339 40361
194 255 10817
147 687 44407
23 406 32696
398 411 29275
72 151 18111
347 643 16000
166 204 14000
455 511 13601
247 524 26420
217 230 43932
245 653 46615
120 583 30414
282 588 23324
319 693 44181
178 413 34059
401 610 57428
583 655 10050
233 386 23431
576 594 24021
245 251 18385
209 280 16971
331 518 30806
181 633 14142
164 196 70774
213 729 19313
666 705 42942
103 686 25298
81 105 11045
215 528 38210
9 450 29833
377 631 22361
679 681 24166
553 674 10296
133 273 32016
298 407 32650
260 658 38079
316 470 26683
66 300 63640
388 577 47074
150 280 27659
477 618 49244
212 687 10198
351 628 61033
360 610 41593
391 528 30529
83 436 39051
677 690 27514
230 439 68622
172 706 22804
324 417 23854
256 607 25632
43 488 16492
185 378 27785
382 399 29000
281 553 18439
215 748 52154
531 748 48270
446 466 59548
346 445 32202
128 671 38210
426 578 51865
130 313 13928
83 149 59135
490 629 46690
111 598 23854
160 220 35847
466 613 30480
193 249 21401
273 500 46065
208 570 18385
178 546 33136
73 481 28653
131 689 26306
105 686 24187
385 727 11662
342 684 15811
62 321 37590
140 422 38275
67 396 41195
143 552 38471
87 462 16401
374 542 29428
475 563 68964
536 553 18028
184 193 63071
345 632 18682
18 227 23022
499 597 27731
523 595 27203
361 688 41110
310 409 26000
117 247 40608
604 730 38910
39 661 32249
144 567 27586
445 589 27893
133 174 47539
26 636 29411
80 284 32202
423 499 35847
155 708 10198
697 743 21260
36 90 14142
85 236 29275
181 706 38210
366 472 32757
191 234 30529
414 641 33136
158 655 20616
665 679 28653
230 496 66038
232 621 60033
415 465 25612
41 337 35384
517 591 36401
233 465 14765
507 700 54562
75 692 45122
53 347 24515
305 655 51313
243 519 43012
114 279 14318
462 561 24739
479 514 81320
512 751 19723
338 650 10630
119 142 54231
296 483 10198
66 315 70235
478 748 45607
238 287 44643
101 139 49254
500 632 44944
327 418 27893
449 689 22472
185 566 22091
327 649 16763
274 716 42485
652 657 63789
313 579 37736
72 740 47202
24 231 26476
688 747 29833
331 418 49396
512 548 15033
180 539 40249
151 740 32802
255 616 46400
362 702 138004
487 530 37537
451 747 28443
547 663 42297
339 643 37336
21 575 18439
425 489 48754
163 279 37336
66 265 33302
118 405 21954
88 452 55227
376 726 18439
420 714 13038
417 741 49578
27 670 48549
117 156 71421
222 267 19313
437 749 33106
50 195 27803
335 651 44721
171 351 67067
200 290 31145
570 660 29547
84 148 43186
162 612 23324
168 593 38013
262 268 58694
84 491 44721
169 669 63812
152 362 46098
66 517 54644
176 749 48010
86 192 75717
685 701 45453
113 551 40311
321 333 40249
19 216 20224
55 132 23431
212 665 30806
197 332 18868
444 596 25060
658 662 49679
152 505 17029
205 387 46615
305 754 67742
27 537 44102
542 666 69029
242 691 31623
350 718 22672
309 615 52773
343 427 141566
284 462 13454
532 741 74632
148 741 45541
117 582 44777
24 303 12166
46 242 34132
14 403 13601
52 628 30529
131 667 28160
373 591 61911
340 572 82298
492 671 18358
243 554 37736
174 556 38949
334 427 21541
110 489 31385
100 510 17117
232 758 58412
304 397 46011
356 529 35847
90 333 35468
147 402 32062
372 457 17464
127 147 23770
133 508 23707
187 585 37202
79 387 34986
306 409 41110
183 567 32573
14 498 26627
110 239 16492
225 621 51865
464 529 77666
470 503 54562
410 586 28425
383 390 25239
18 645 20396
43 294 27295
215 470 25080
492 569 46690
35 426 22204
34 648 21471
425 457 23431
68 306 29732
55 140 29000
149 244 51225
130 429 34482
112 548 65000
249 375 24515
698 731 45967
159 687 18385
105 150 112379
123 434 15297
239 757 32985
596 616 31623
337 463 78186
96 432 20224
39 533 48052
249 520 30871
263 633 41037
117 353 54342
139 495 87693
30 648 23195
245 688 48795
477 525 60440
109 299 51400
218 573 46648
371 527 27459
68 527 55660
317 705 35114
63 701 13601
234 719 29682
228 335 69836
199 725 15620
273 630 13342
258 498 19235
370 483 29206
68 310 16553
540 574 35000
153 636 39000
179 209 30610
201 568 18000
451 617 34540
42 597 16125
67 732 13416
230 647 36620
159 164 32280
469 581 35384
43 112 56824
62 89 53600
516 551 22361
101 441 59481
170 541 30083
93 176 24597
184 367 38275
64 650 48765
664 678 53310
341 699 34234
23 219 28320
44 695 16279
509 728 23770
159 212 15297
540 744 14866
59 207 25962
70 97 34713
620 656 41195
126 278 40522
50 325 21000
263 541 55082
22 525 43863
353 543 43600
356 408 47434
443 534 29155
233 592 24597
52 308 27803
183 577 48918
42 499 36235
338 348 23601
64 69 40608
67 161 50990
253 602 23537
243 524 13038
190 267 41000
572 689 28160
51 542 72111
620 758 79555
326 567 50160
73 509 14765
1 129 27019
607 756 56400
260 716 25080
181 467 60208
336 501 53339
61 164 70725
287 584 23431
263 484 51078
188 410 58523
244 588 35171
74 487 47297
2 753 15524
455 572 29275
342 610 22136
141 724 29547
550 692 27586
355 442 45310
355 383 41593
558 566 47434
392 410 43290
214 674 100409
112 186 60166
85 253 27313
476 662 42544
121 571 23770
403 420 19000
493 662 43382
298 369 24759
497 710 41725
50 473 38471
49 597 22204
145 359 10440
120 477 45651
182 295 32757
155 647 17029
115 391 31113
168 176 41785
92 143 20518
328 342 14318
424 614 22472
6 710 29614
277 518 53009
519 524 41617
159 402 46325
739 754 32202
262 571 19416
399 532 37590
63 164 46530
125 365 55606
102 299 36222
124 229 12042
346 589 20616
65 513 22091
309 728 49980
132 203 16031
421 625 30480
646 670 34828
361 653 38210
57 59 15524
315 408 16643
266 460 22000
357 679 26401
224 604 27659
161 475 29275
185 678 55471
271 558 17692
527 719 60407
50 152 37443
479 737 72691
33 236 13038
506 676 16643
6 93 35440
15 220 81049
108 592 15133
424 682 21095
2 481 200442
138 703 19209
427 703 39459
163 166 42953
320 406 29275
341 602 39051
46 179 61400
104 433 60017
486 713 64140
95 697 67602
403 711 23195
119 735 26173
366 398 11000
252 709 22847
167 636 24698
284 579 38601
368 653 49518
294 544 22136
55 422 43681
28 412 23022
406 587 35903
88 305 43324
289 438 36056
148 324 34015
64 299 21587
62 755 51884
7 722 119419
98 257 13892
363 605 44418
389 392 52393
292 590 33015
198 503 29732
207 621 17000
54 289 54918
378 678 47170
450 563 12649
258 393 60440
90 755 43417
188 343 67357
591 641 35805
610 704 49336
255 498 65307
89 453 56798
251 401 30017
48 165 31623
46 415 16155
286 288 32140
559 638 49659
497 558 26249
53 340 67007
494 549 63506
86 172 27019
304 694 48166
77 122 38949
506 704 12083
281 441 52154
338 721 45706
63 388 35777
160 618 32311
181 589 38210
385 684 65192
226 722 20809
25 269 14213
515 674 50774
296 315 40249
614 682 26420
322 678 58523
240 590 38013
199 223 28862
133 372 37855
91 564 27203
252 438 42012
38 730 34205
60 585 27000
521 604 40719
12 219 27166
673 727 33377
645 729 30364
123 254 15264
40 177 14866
635 652 53151
39 221 29547
665 681 39000
389 458 55471
325 505 14036
560 732 34670
612 677 11662
115 390 16643
3 218 19416
470 697 25962
34 101 56824
433 691 40311
469 475 49366
68 82 14036
186 548 57280
395 682 33526
263 493 25495
288 646 10440
712 713 38013
192 713 25020
20 269 32280
190 700 43186
344 673 45222
304 345 49031
452 703 29411
228 429 22136
265 550 41629
141 357 17029
134 200 20025
450 628 38210
117 243 48010
153 302 43012
599 734 28425
196 246 12042
215 383 71400
573 699 15000
515 536 22472
96 405 18439
498 734 41146
706 719 50090
136 451 23087
286 404 15652
662 723 125036
256 555 10050
76 660 20396
263 658 31048
270 604 30871
116 279 29732
283 456 17000
48 605 24413
82 409 50448
184 657 70007
127 364 27586
92 466 34000
72 166 51039
2 77 45255
278 580 42544
343 363 57271
384 575 30871
216 369 14866
162 603 19313
146 279 18974
10 71 41049
15 629 53235
311 452 40311
12 23 22804
122 615 51740
519 694 52240
259 748 31305
42 385 57070
155 189 29155
177 192 51225
475 581 29206
158 477 17464
528 668 50804
622 727 59000
252 757 32249
134 712 12806
22 154 48549
214 495 110535
242 642 61294
130 652 54009
100 659 36688
468 690 12530
444 576 35355
240 736 35903
107 506 27019
135 377 58009
149 188 44011
422 628 38013
58 525 21840
150 471 19647
123 502 24352
420 753 15133
522 664 12166
129 377 16031
79 205 38275
289 642 50040
425 562 21378
150 759 108757
171 463 66940
146 162 20000
532 606 29155
348 721 32894
305 639 50120
375 379 18601
572 667 31145
55 364 15232
538 551 17464
677 680 36235
37 644 47802
497 626 24021
153 205 35341
459 672 32558
264 696 38013
399 518 63071
431 623 14422
442 560 32016
358 365 27803
189 671 41012
28 673 34670
128 569 18028
408 505 32062
202 339 27019
13 733 18358
304 395 51865
130 579 47434
32 746 61221
99 250 23087
452 601 35057
48 142 72443
267 542 59908
277 335 22561
453 504 23195
126 538 14213
125 584 46840
24 419 21213
116 146 26306
321 352 23770
191 545 42450
215 442 67476
125 358 55543
261 488 59135
256 414 53141
302 386 26000
246 446 40162
104 717 43012
216 456 20125
41 231 26173
199 657 13153
54 206 47539
61 577 63411
201 349 19313
107 317 76105
257 389 42720
349 755 44407
347 523 39812
174 381 13038
311 654 42202
8 259 10050
10 145 46530
293 346 31575
145 387 23770
61 196 40460
489 738 71169
452 458 37483
458 586 44204
187 346 34059
250 416 28160
29 595 17000
28 608 14866
217 647 50090
1 377 30017
203 478 23022
131 449 40853
117 737 73573
20 549 34205
4 19 13000
42 622 22847
124 698 17889
70 120 14422
270 679 31321
97 400 21213
373 692 53712
240 740 70937
290 428 34000
195 587 20616
611 758 10050
113 731 54083
480 523 17464
85 197 36497
255 596 19105
17 573 15232
489 565 55036
170 275 72062
311 629 24083
19 298 28862
367 615 32280
547 580 22472
414 619 19723
275 662 34059
594 637 12042
283 647 46819
276 705 38833
241 638 44777
68 409 39825
35 117 24331
697 721 37014
308 314 21213
639 640 29411
31 436 55326
419 431 44777
4 456 28018
171 724 62817
140 720 40311
354 625 23601
63 402 20616
288 670 26833
329 359 29614
53 523 41593
5 670 57271
80 331 67476
71 606 27659
7 488 49820
416 509 36125
468 757 35355
120 400 19723
12 587 30529
250 412 29614
154 230 43105
77 420 38053
685 718 52393
41 469 32985
388 685 22472
190 507 65620
617 671 15297
307 464 87658
16 541 12728
25 257 30265
348 697 41231
252 322 48795
441 530 49739
589 706 56000
616 695 35903
467 716 10770
206 566 17889
112 135 17889
437 678 29530
105 572 47634
137 245 55218
403 714 10630
111 535 29069
312 661 51078
307 356 29614
393 714 22091
277 399 30529
301 360 27659
393 394 152463
21 660 12369
247 397 29428
559 726 36222
249 379 23854
326 430 46271
676 704 14318
323 552 52631
118 489 62370
629 654 34713
182 336 34828
266 550 34670
47 708 15524
724 730 45541
540 636 19925
91 644 46530
71 84 40447
329 330 63325
365 584 21024
210 731 37590
74 530 27019
307 529 24083
361 451 23431
232 434 75286
319 607 31623
14 258 24515
173 514 55009
182 395 41195
69 453 51264
107 752 23345
333 698 35847
93 643 97185
72 358 46530
101 238 49204
555 607 25020
516 538 19209
86 173 91788
390 508 33615
266 707 47854
98 389 34670
158 583 11662
426 582 17493
463 563 69354
223 725 26173
176 292 60877
362 473 87641
54 378 20591
297 636 13601
215 316 33121
550 707 20591
15 490 35805
119 464 27000
29 111 15811
237 726 14142
386 465 30083
134 723 60531
169 180 21932
94 648 35228
454 667 33541
552 613 27313
60 293 27313
4 451 32757
309 657 37000
598 710 13601
268 498 58549
200 428 19026
348 743 43081
668 756 22672
224 521 25080
461 684 41773
453 755 22561
56 729 39623
167 744 11045
276 747 23000
55 557 50220
594 745 10050
57 78 72250
592 691 23345
89 591 43600
384 570 25942
522 590 24352
447 534 33615
70 400 29069
328 610 27659
405 715 31385
210 459 34928
96 157 25318
64 354 41617
599 711 24021
235 375 18111
479 578 40249
429 635 33422
122 367 43738
31 76 41195
25 98 24352
473 702 51865
3 425 41437
57 746 22672
248 436 59540
125 287 30414
52 314 19416
554 750 54918
87 284 23022
503 756 23770
476 534 32558
610 684 34059
163 740 72180
240 435 38897
330 600 23409
286 291 18358
525 739 39699
461 725 55902
320 534 13038
195 472 17205
47 621 69260
49 499 13416
118 519 47927
211 440 13416
360 401 66121
70 490 17464
404 670 14765
106 211 57245
169 539 39962
402 701 15811
431 581 42202
439 496 17493
44 616 31241
239 289 60836
223 657 26683
477 754 24083
43 454 39825
181 474 38053
303 644 36125
86 545 82377
445 527 27313
175 668 32757
301 499 35511
37 602 73062
285 439 25298
11 301 43841
75 319 22825
183 430 11662
380 736 24352
317 513 64938
617 653 13416
344 727 60440
40 173 24597
121 376 23537
412 608 22204
349 568 21095
178 278 70767
271 710 26249
11 423 18439
5 537 57723
129 444 49729
31 248 35128
74 264 21213
106 672 26907
433 717 27785
411 476 48332
482 601 33838
330 733 31906
398 534 27295
314 396 43186
10 606 32527
79 233 25239
478 531 20248
285 640 49244
460 585 17000
319 619 19026
180 225 63032
468 627 48260
393 695 122156
487 536 24698
13 37 47381
334 482 31016
381 508 40792
603 612 14318
42 727 54231
267 609 68118
60 371 41110
352 663 33526
362 464 126507
194 324 25495
507 521 47096
266 206
374 32
317 517
742 281
517 309
37 512
82 259
542 590
534 488
333 311
725 131
632 899
403 351
336 66
973 464
422 967
351 472
749 721
754 286
860 575
777 751
916 349
610 893
440 407
838 555
271 287
547 362
589 74
58 466
201 869
834 738
768 109
376 510
234 847
309 777
665 636
369 384
663 452
237 343
294 913
469 386
701 71
147 254
236 95
734 788
284 402
844 258
913 715
735 82
691 906
610 369
541 503
49 420
168 502
617 528
775 653
791 174
855 325
806 170
522 829
766 489
659 679
685 569
634 580
549 283
656 801
509 534
451 788
609 612
945 419
335 270
147 700
548 22
115 703
563 777
793 734
406 64
719 168
338 374
523 204
128 299
465 789
815 653
329 230
412 495
407 914
541 201
873 495
616 711
651 634
437 330
784 490
3 522
228 901
567 705
323 643
919 442
861 563
567 22
733 644
184 820
651 621
184 280
236 474
139 300
745 773
619 196
326 425
686 626
252 563
71 475
174 204
683 715
229 669
435 596
195 650
285 773
292 640
855 808
933 411
403 213
425 30
920 269
721 671
210 773
705 777
611 553
787 220
239 205
508 126
78 303
602 546
371 581
363 980
182 220
712 287
646 259
963 521
189 869
637 507
638 446
905 787
798 505
810 585
374 333
221 654
633 562
297 201
871 634
162 410
129 698
722 885
310 306
890 308
827 264
235 824
319 668
897 406
676 519
953 370
475 496
233 638
180 659
707 528
887 697
198 698
282 249
53 529
814 143
442 986
550 449
408 887
316 902
389 537
447 722
14 544
304 924
714 840
225 385
830 128
458 919
400 723
759 576
446 109
144 496
118 182
527 859
915 635
802 249
738 307
367 838
344 956
383 112
302 153
674 928
735 463
418 531
495 716
529 112
383 979
637 618
43 373
586 545
198 712
325 338
150 458
831 177
829 753
201 404
719 745
764 827
661 516
764 685
169 857
499 616
774 283
876 278
321 498
629 872
986 384
249 370
679 300
522 84
716 442
872 175
39 348
772 720
498 177
713 662
847 311
466 412
883 194
317 388
383 864
389 151
383 499
432 186
223 790
248 547
55 626
454 181
281 436
286 725
903 674
691 227
726 455
310 741
869 735
366 125
560 44
684 210
184 559
401 470
912 282
293 147
522 732
868 551
312 71
541 600
551 938
112 194
370 188
486 961
94 706
631 823
564 859
697 307
329 146
829 566
702 464
91 514
780 400
372 613
547 890
514 989
686 292
442 243
666 788
215 672
189 416
105 763
881 685
782 265
542 178
789 382
593 300
180 778
561 297
222 492
414 976
602 316
59 585
511 854
174 250
393 755
653 881
306 262
761 314
655 585
647 864
694 100
309 349
442 395
361 711
859 454
423 798
777 875
558 525
516 73
436 781
904 487
186 291
521 121
537 522
689 863
483 645
615 272
686 178
543 766
594 919
692 697
150 594
799 528
283 170
691 885
770 520
515 255
609 143
378 301
439 318
480 256
408 515
674 661
979 519
464 238
373 745
493 412
579 600
22 390
116 419
367 445
615 130
966 679
604 12
351 663
505 885
25 425
560 614
619 611
745 635
617 452
669 703
232 761
600 556
449 532
748 869
651 457
188 722
384 330
673 118
696 249
757 915
910 691
631 534
166 739
628 945
433 73
698 211
779 297
666 901
491 856
334 589
622 799
677 394
371 149
426 218
240 221
158 520
386 138
43 642
400 530
416 230
442 573
793 778
645 60
299 373
368 356
717 585
880 592
421 587
457 618
928 613
359 33
218 91
404 682
505 493
315 712
617 945
416 259
916 421
669 184
665 564
349 62
586 314
311 629
623 923
782 339
703 854
426 757
971 618
613 974
566 73
736 814
572 750
290 417
552 71
303 183
522 282
437 428
368 62
566 598
605 486
743 127
435 716
323 558
312 799
987 539
384 960
491 156
765 566
419 469
320 623
295 463
905 266
27 599
840 683
92 531
210 526
797 358
776 833
157 767
491 549
622 935
252 157
479 866
739 417
576 903
989 516
63 341
541 459
714 264
920 524
591 660
112 273
80 341
765 265
341 573
926 561
751 731
564 837
579 143
551 188
566 384
855 835
310 401
784 456
518 924
191 580
477 418
509 639
157 429
660 938
673 940
420 921
471 467
569 954
893 389
563 544
319 846
58 454
573 8
950 508
643 883
439 941
408 651
264 922
104 749
131 250
279 579
952 435
285 222
745 239
509 972
806 600
252 930
812 367
95 476
321 88
729 94
331 634
327 772
928 292
485 688
568 663
705 886
646 195
729 372
392 570
555 35
716 642
88 352
173 142
551 261
261 903
71 743
681 754
625 756
473 286
273 684
338 138
726 419
109 596
42 461
297 718
876 331
410 750
468 841
473 644
779 851
132 724
574 561
383 277
284 333
593 932
84 449
83 762
503 365
696 766
848 164
276 264
431 958
682 365
267 735
195 257
338 869
747 837
637 730
158 141
869 608
593 840
703 750
832 487
93 777
254 705
512 731
355 518
576 499
103 501
394 204
516 569
575 182
344 562
537 447
459 346
256 629
142 474
790 566
637 600
777 205
816 766
381 204
109 337
345 458
248 285
765 765
227 182
727 539
355 828
553 141
645 751
453 444
303 814
903 416
165 760
549 829
953 596
658 915
869 665
486 893
86 604
590 746
328 410
15 530
203 183
58 483
274 145
717 69
58 495
376 84
461 326
922 489
406 447
215 631
689 436
933 729
356 288
513 756
584 60
701 375
636 137
918 250
221 618
807 476
427 737
464 64
256 119
746 251
941 400
562 767
939 317
823 192
710 50
431 477
279 315
586 575
96 452
151 607
567 487
920 469
385 610
244 243
369 658
456 933
263 141
465 177
295 270
194 191
415 159
815 430
832 406
569 717
220 442
9 425
415 371
753 701
551 294
826 281
224 866
531 260
587 593
456 194
454 125
734 245
894 446
902 426
935 358
516 110
516 953
744 679
789 754
233 311
548 991
679 735
97 594
686 498
628 322
106 306
464 694
780 89
573 321
761 248
727 753
618 55
98 786
135 596
637 181
211 612
118 545
672 473
228 580
650 483
414 714
744 392
610 115
709 606
160 288
659 526
657 262
82 329
202 586
311 426
573 821
547 810
325 679
248 84
93 744
534 646
705 679
333 449
770 336
674 577
630 969
948 533
651 184
648 284
430 893
611 850
829 254
175 538
66 506
352 85
353 972
319 955
357 55
327 602
528 928
271 449
760 618
408 848
632 467
571 645
27 365
423 988
611 434
541 102
430 200
651 50
533 26
782 692
654 419
737 712
497 540
412 335
358 106
836 790
20 634
247 836
303 512
850 361
109 672
340 216
365 795
520 630
271 250
204 173
806 157
686 269
527 572
62 545
224 751
183 125
596 192
370 47
869 387
613 655
479 711
216 555
919 240
220 318
206 137
