997 2242 11 249
295 828 26306
548 728 51614
721 862 22361
389 728 22204
168 280 10440
101 853 26249
821 917 23707
83 901 50249
233 291 14318
202 556 32802
191 331 21095
85 717 45222
124 912 30150
480 922 15232
68 160 42953
810 991 27074
208 822 47043
650 976 12530
213 589 31780
41 693 22847
563 902 43290
431 648 24207
124 889 53254
846 873 22091
90 526 33838
454 788 42638
485 521 64031
294 670 45122
271 777 17804
35 222 19849
580 705 18028
311 870 25000
643 994 19647
304 587 11045
363 584 31145
182 973 40000
81 894 25239
266 859 87132
199 538 22847
1 652 12042
13 245 55145
56 508 15232
51 219 25080
167 700 24759
526 774 38328
204 806 50922
573 785 51662
34 726 23087
348 429 12083
246 376 59304
193 651 24187
347 943 17088
493 624 19416
796 937 19416
331 668 36056
311 931 17117
319 620 25318
211 276 19105
148 799 44181
377 633 21213
367 429 19105
808 814 33242
387 972 29155
360 743 19849
199 259 28862
468 795 66851
19 282 33121
306 401 32894
127 821 40460
385 819 47707
258 361 37000
283 615 21213
292 815 17720
711 750 10770
9 764 37014
387 656 48508
274 889 61294
337 628 60108
733 853 18682
55 201 41304
321 345 27459
60 455 24331
770 860 29206
466 844 22472
206 909 19416
83 752 33015
297 470 37643
749 813 33121
886 908 36125
268 559 33015
286 336 34986
2 394 45122
295 468 25239
273 778 51157
241 706 15297
71 563 12728
426 461 38328
53 845 22627
75 739 26627
149 669 45222
97 490 37216
212 496 35228
71 659 19105
228 995 41304
557 724 37643
146 622 56080
252 478 51000
442 745 38639
195 796 48795
573 663 12806
565 917 28302
741 894 27166
349 607 10296
453 843 56303
544 807 53451
727 856 48415
474 803 38601
172 520 42450
483 930 25495
85 959 26306
550 743 17720
54 211 21190
362 887 30594
182 406 29698
532 939 13000
175 854 42048
21 946 28160
369 404 30265
610 685 29000
925 966 30887
513 735 44000
18 340 24083
381 645 49820
677 869 17692
79 142 35228
152 954 29682
341 851 33971
895 967 24413
285 340 46098
190 483 17889
137 630 25000
87 113 37162
245 688 17263
689 827 15652
346 798 53600
180 661 20518
616 704 46861
390 671 18028
137 145 40112
368 463 20616
161 273 29017
512 607 10817
506 666 57585
57 253 54489
314 966 27459
417 732 28302
668 993 54203
218 690 13342
59 703 96540
186 677 19235
250 775 10296
280 520 32311
140 968 53038
313 737 44283
334 416 13416
411 982 23770
410 909 17088
160 560 28071
24 579 27659
439 618 20809
86 917 50695
832 983 161447
364 761 24083
140 708 25962
20 564 26019
31 354 50329
75 296 47011
197 435 38013
108 549 64078
298 837 28636
244 256 33015
272 685 29698
99 169 30414
675 805 21213
669 842 27857
225 581 27295
643 991 41195
493 655 11402
322 916 26476
906 978 39115
784 968 61033
239 379 53254
26 487 15811
295 795 62129
215 427 15811
72 767 48549
419 461 26683
235 749 17889
315 530 53712
118 980 37216
432 766 13038
282 463 28160
504 972 57280
758 802 31953
627 720 26173
553 968 27203
237 955 33734
479 914 15033
335 396 25298
664 933 48260
226 809 15133
495 963 46755
17 594 44102
575 988 22023
632 941 24759
420 610 18868
592 687 44272
93 786 29530
35 677 27295
446 548 11000
539 587 17464
293 669 40447
652 949 28018
329 575 24042
166 933 36056
221 435 27731
181 832 23770
681 918 22136
438 492 19209
467 609 26627
408 520 44688
229 263 21024
84 955 37121
264 784 33302
454 884 38484
46 535 40460
279 660 29682
39 791 24187
235 936 34928
326 556 11705
145 769 34059
100 988 11402
955 997 31401
540 956 27893
375 484 18111
287 909 25000
30 63 43600
7 705 30000
199 600 26173
651 817 20396
97 924 46098
443 873 32802
608 877 48042
16 66 45177
439 879 15133
430 464 22361
552 738 23195
538 600 29411
528 559 34366
393 408 39699
168 715 18358
757 996 21633
303 945 43139
227 294 20100
365 891 55082
920 986 28320
680 936 40497
990 992 26627
258 731 39051
154 391 30414
115 700 68264
599 881 33377
626 845 31064
575 804 36674
73 420 15000
73 870 37855
410 706 29069
405 721 21260
614 768 15033
106 842 23409
462 681 15811
412 627 34670
281 797 29017
262 652 17493
3 186 31780
684 817 16492
932 943 27166
460 637 36056
385 734 48918
151 653 22825
370 817 15652
342 666 41785
304 755 21024
590 931 42953
422 920 31828
471 788 40792
114 288 37336
428 938 22204
146 713 34000
872 978 25807
107 884 32249
307 340 19723
472 738 52355
200 574 22204
50 850 18974
110 312 43174
241 766 34176
310 344 21024
255 444 24187
338 485 68411
144 971 40311
48 880 28018
281 312 33136
195 215 14000
379 753 34655
423 732 28460
132 346 31765
739 992 38626
72 936 48508
256 653 24187
544 716 37000
209 881 27514
239 390 33956
7 711 18385
230 280 18974
128 147 20100
448 631 28425
169 351 46872
24 572 27659
681 905 54037
727 875 29155
47 627 17117
360 636 19105
399 532 10817
373 908 31064
180 799 23537
400 637 34015
405 865 34928
99 323 35228
265 756 38897
916 958 15033
200 484 27019
402 702 158937
380 929 16763
147 209 19723
110 189 52924
787 945 34438
760 955 47508
680 813 13000
145 773 17117
729 952 34828
445 966 29017
442 809 21840
752 976 49739
96 874 26926
61 600 33015
616 757 18788
302 900 122654
570 652 11402
593 714 32280
229 563 47854
471 871 71840
75 599 24021
496 633 14318
173 481 29069
132 417 48270
17 32 34886
209 885 30480
341 939 15556
270 838 28844
216 684 13038
522 901 46530
763 886 38949
109 378 27019
80 830 11180
637 689 44822
102 676 28425
11 120 34986
309 596 23345
451 938 11402
92 267 20518
873 920 38013
131 194 28018
597 899 28653
116 576 31780
156 403 47011
146 890 58215
41 410 28844
12 231 66098
55 288 23770
205 687 21587
788 884 49649
447 555 22023
28 305 85703
361 378 17804
367 615 17692
372 497 51546
662 993 14866
196 992 21024
602 659 16279
252 320 36892
823 890 44418
270 473 42107
305 437 45177
539 706 14318
20 86 18868
131 884 24187
252 459 35014
121 500 33000
167 739 34366
149 858 23022
18 307 13892
245 718 19416
287 391 15811
327 593 32311
710 991 48836
894 967 42297
548 911 23601
536 654 30414
721 770 17088
46 616 20224
284 936 48600
806 980 43174
473 657 33302
504 904 48600
150 159 49649
138 189 32202
37 931 50220
338 848 54378
586 718 18682
390 905 23431
157 611 39825
87 885 55109
37 873 37054
896 973 24739
49 495 26683
274 366 56143
685 975 32016
845 895 26000
33 803 12042
29 883 28636
94 318 38639
318 487 30414
4 980 38053
424 835 73246
284 759 32202
477 615 38949
604 679 26306
34 455 26249
327 418 27659
459 623 28320
305 413 35609
438 821 31828
371 910 44407
393 727 37947
395 854 31780
753 901 49031
158 630 49041
409 748 50160
234 636 12042
246 627 43081
333 890 31385
777 950 40262
599 750 49244
289 963 22561
492 821 35693
357 477 20616
169 849 40804
636 980 33615
9 482 35384
681 977 40311
63 228 32650
324 834 51478
265 690 163719
258 657 44204
571 673 22825
388 919 45891
674 913 14866
402 471 34540
123 447 29682
212 223 41110
524 611 39000
183 942 29732
65 931 47011
327 962 17493
266 473 35805
566 710 34132
204 619 27857
19 515 32450
219 562 38079
242 547 29967
119 336 23345
623 935 21024
74 218 24207
52 350 32650
624 655 23087
588 798 26077
203 905 55362
70 98 30480
6 551 13892
214 345 38419
260 694 28320
324 445 52240
243 353 55660
579 894 21095
79 962 29069
612 767 24021
102 987 17804
724 759 20125
92 97 21633
232 618 32558
396 616 44045
141 959 25942
134 436 43046
260 545 13892
145 651 27295
611 712 35609
699 868 19209
426 431 61587
140 397 12649
114 807 61660
292 634 37947
714 780 20881
519 950 28862
436 932 19723
303 769 43966
56 550 49769
85 828 50636
202 247 17692
193 434 71847
635 782 33242
355 425 39825
285 506 19698
672 982 65276
116 644 20125
329 429 30806
70 950 23601
575 893 36797
512 641 31575
166 230 29017
540 907 15811
77 677 22804
889 912 35847
401 458 28018
626 967 50922
760 808 22204
76 468 12530
70 271 42297
695 954 27295
105 742 25942
746 840 25179
12 236 53000
423 784 26000
43 358 29547
71 865 41183
182 756 38118
366 996 27785
352 800 25942
786 982 37736
223 377 18000
379 942 29967
263 964 22672
517 595 19235
345 430 19647
445 452 20396
106 176 55543
273 454 29614
149 205 17000
106 831 34059
728 772 44181
362 755 48384
218 673 26401
571 688 17029
328 825 45277
114 723 42942
478 935 25942
366 737 35355
35 623 37216
270 837 27203
273 683 10296
286 419 34928
532 730 12369
296 599 32696
608 889 17000
628 863 59641
307 487 47011
15 22 11314
146 856 65307
156 759 38910
231 863 47000
538 747 18248
779 874 18358
47 981 16031
436 677 48083
238 664 21024
421 820 48052
425 588 30150
196 990 31257
266 561 31401
391 655 31385
737 757 17029
210 446 55758
299 449 36056
629 933 46872
408 875 35693
123 814 31048
482 498 42048
403 594 48021
113 854 42107
22 368 22023
518 880 12806
366 608 47265
493 740 26173
427 430 34655
205 240 22627
225 948 24597
34 516 14765
185 397 29411
360 806 41437
82 308 13000
333 823 40522
95 595 13416
223 496 28160
269 325 22627
62 593 21213
694 882 22023
210 910 37802
208 701 26077
492 611 31780
527 598 36069
534 712 21024
343 751 40608
174 700 12728
795 828 56569
949 952 40804
166 695 32016
361 657 39000
238 695 17889
375 473 26000
126 603 18439
11 364 27019
54 133 28000
675 933 32311
99 425 28302
905 977 39051
582 986 27785
19 368 18248
32 441 23022
227 453 43267
482 974 17088
417 868 23770
52 735 17029
404 518 42953
343 412 54672
242 787 41049
513 802 32802
672 829 59397
175 761 17029
566 572 48826
104 289 16401
301 986 27019
4 926 24187
741 967 50448
136 669 31241
11 395 34205
83 576 34713
152 581 18682
343 822 55946
946 964 50478
16 762 49769
335 832 32311
111 394 26077
26 807 27731
676 927 22000
441 582 17804
8 467 16125
538 866 13454
8 818 23707
424 458 25080
371 967 71176
904 923 39051
446 888 24021
125 938 16553
772 826 19698
576 644 36892
412 822 10630
305 989 44553
309 359 33615
829 883 36056
660 688 19416
336 665 34205
91 985 44777
35 77 19105
567 625 23770
176 605 55227
714 768 48600
349 977 27785
218 501 11402
590 947 61131
480 934 23770
352 621 16279
450 635 15556
126 533 23854
213 600 41773
106 293 14422
303 698 31953
445 925 31305
300 302 101134
77 196 29120
462 679 19209
181 396 20616
877 912 32650
85 944 24352
214 321 35128
222 527 29275
551 901 36497
275 689 55009
476 618 31145
5 893 19235
187 759 81154
154 624 44822
666 748 58592
297 552 28178
257 497 15620
479 756 26401
343 488 65192
405 659 21932
765 820 22672
137 184 21840
187 848 64846
557 825 20616
193 374 50990
100 893 37054
515 569 39395
468 749 41773
42 694 27659
146 248 18028
110 857 51740
319 891 31385
143 474 31145
102 601 38210
511 694 25807
553 704 14318
118 288 45255
426 645 67268
221 495 44272
286 665 25807
374 948 26833
393 628 12806
177 978 43932
3 77 33526
27 594 36674
656 864 62434
125 844 24759
337 507 25962
212 620 20396
303 483 33106
567 855 120337
307 807 60440
770 979 25962
16 153 23345
745 746 17000
158 787 47170
228 947 40460
218 823 38079
788 871 31385
415 950 18385
331 993 35693
147 881 30529
6 901 43417
386 975 47381
729 972 60407
71 291 37216
220 290 35341
287 597 24515
887 901 28792
308 594 47760
85 590 33541
556 864 15297
81 741 18028
678 952 19313
166 954 24083
449 520 40012
559 852 38275
650 957 17088
139 555 60407
42 163 29833
511 882 14036
869 932 43863
273 969 34059
53 130 17692
377 416 37216
668 670 17117
714 849 47096
202 984 22091
91 951 10630
142 418 25942
272 751 10050
187 557 62097
208 981 46065
561 794 38328
251 765 27203
207 896 21932
99 170 61685
315 713 34482
333 622 33000
803 878 54452
29 946 32016
130 272 32388
571 586 25612
27 962 30017
624 740 30067
2 997 31953
780 978 51624
365 849 29155
248 713 36892
330 919 34205
237 997 12166
541 624 39013
4 985 44102
267 490 31016
56 117 12649
56 110 50120
88 309 14866
118 257 27203
454 778 51478
499 833 25000
468 813 60745
239 907 31385
122 738 56754
249 946 12369
259 414 31321
457 611 27803
239 273 52240
88 596 22091
835 836 15000
608 996 29833
174 196 26000
155 561 24759
118 372 56648
617 803 19416
865 944 18358
81 777 30529
427 464 20224
339 733 15556
299 875 35693
291 513 42154
923 965 49244
38 940 24207
210 720 10050
88 801 41785
349 641 40000
441 795 28231
74 97 66219
466 938 38626
139 760 22204
402 800 34176
486 510 41437
531 959 19313
129 787 32650
642 982 23345
575 989 45277
54 355 53038
79 156 32202
233 802 29833
882 924 49659
39 719 39395
210 332 18868
245 586 19799
330 717 28636
398 908 37000
187 825 47508
113 857 36069
718 727 63008
188 495 27514
394 509 21095
289 349 33136
150 973 51624
775 806 28284
118 201 49000
310 474 37363
262 932 20616
376 446 14422
421 705 31575
4 234 52431
469 748 33287
739 990 32202
359 793 45044
315 380 63953
130 208 28460
558 722 32016
700 816 17720
158 184 38275
498 837 18439
57 691 53226
18 178 22847
231 500 62225
320 516 18028
25 844 11045
77 186 17029
236 389 22023
92 490 28653
417 798 26571
97 882 54120
27 327 26401
206 541 17493
450 477 32016
434 814 62177
334 553 19416
457 492 25632
584 839 48847
601 730 28636
663 771 12530
53 701 26019
152 225 38833
778 871 23000
150 165 25612
339 853 17464
535 577 45607
160 515 18868
514 799 17720
731 866 32558
436 478 23259
315 412 45891
148 449 53460
329 348 30806
333 929 25807
565 821 35511
277 468 20881
324 867 47854
172 231 16401
31 423 33615
12 152 46487
505 702 85088
109 838 17263
75 276 31385
193 604 38079
571 823 42450
451 797 11045
221 963 18385
617 878 43932
317 525 16643
461 692 33541
158 242 76158
133 222 32696
967 981 59169
731 851 37202
481 512 32450
356 697 43600
609 960 25318
717 947 12369
634 841 26683
168 231 42521
391 401 14000
178 754 16763
636 743 18028
40 892 15620
795 986 40025
208 343 51078
318 748 29120
241 544 21260
251 705 46174
351 780 60531
149 687 35228
356 859 45310
576 957 14213
156 284 24187
270 361 33302
454 871 45044
361 818 45607
247 595 19235
195 839 43841
283 429 22804
467 987 16279
151 997 21213
100 413 23195
245 727 52010
125 466 29017
378 609 16971
924 929 21401
258 961 56000
91 312 52038
523 843 43000
626 895 41773
191 453 37577
177 252 14318
101 213 36401
465 696 12649
764 825 28000
547 779 35014
473 837 44688
504 729 27019
264 708 42953
263 513 21541
594 916 43863
453 753 32062
476 862 22847
372 549 54203
551 887 33422
302 533 25020
676 850 35847
234 980 28443
658 758 31385
560 782 13601
85 141 16279
100 575 25080
855 982 29155
449 514 58000
45 146 33136
114 549 36125
552 840 41761
282 584 40311
495 874 30480
149 842 47000
118 926 11402
57 826 31145
44 796 11000
64 649 30871
27 156 34366
570 994 20616
215 297 25495
141 531 30594
399 939 15232
243 342 43417
716 807 55154
540 969 31780
425 620 10817
416 521 53935
115 678 21471
675 928 40311
30 228 50090
413 804 13342
371 537 60208
76 277 15000
232 841 18028
135 589 20100
95 624 25807
637 925 33734
170 598 70612
315 488 69318
263 725 19105
532 818 20809
5 122 18028
108 663 29833
117 885 53666
693 716 33941
60 978 47096
51 279 28071
198 845 34409
490 567 49254
746 792 33121
175 368 28284
465 835 22561
279 673 12042
291 802 38275
876 994 26627
107 901 63135
288 448 26249
261 763 35468
805 933 15297
525 911 18439
610 801 77026
165 686 18682
71 229 53367
563 944 38275
78 694 30083
488 511 20025
586 638 22804
261 886 17464
35 935 39812
230 715 20248
192 354 34438
303 773 28425
141 563 43046
243 702 24083
438 577 29530
131 471 31016
613 797 10817
184 630 41037
16 117 38013
802 812 35228
483 698 24839
470 792 16492
17 763 14560
537 894 36056
137 817 30529
33 617 10770
269 939 11045
434 462 50448
432 755 14560
185 354 27203
632 803 23087
603 731 16279
136 678 26249
79 187 81688
204 250 38484
489 710 37336
148 661 36401
397 674 14318
103 848 26683
189 857 24207
474 790 25495
213 900 31064
366 521 31145
206 647 20000
187 614 56000
159 299 18248
117 508 25456
782 844 29547
56 153 32894
577 913 48166
658 802 25456
761 854 31780
408 639 26420
358 489 21541
717 919 15811
534 745 74411
590 717 60166
642 801 31241
200 302 63325
242 310 104350
23 698 22204
235 680 28636
595 984 20616
130 316 21541
783 921 41110
350 853 30000
614 848 72201
557 927 33015
233 879 26571
38 382 14765
201 806 25060
110 550 33302
133 527 49396
213 733 42107
534 840 84865
563 865 39623
63 93 40262
562 690 44283
701 895 21932
188 289 47434
26 307 46690
293 605 14866
723 807 50220
363 937 11402
223 588 56321
730 818 20000
523 667 26000
656 847 61392
755 843 30232
228 420 63632
87 750 51865
446 525 21633
43 965 24597
96 945 27803
306 655 33121
64 653 24839
103 338 40311
87 503 35511
29 829 17205
469 666 51000
166 715 28425
97 333 48877
594 892 62650
952 953 51196
67 538 26077
306 493 30480
193 629 60308
387 904 52887
176 209 49010
769 773 25632
276 739 13416
239 969 43139
262 949 14036
39 524 18248
316 685 45177
207 727 24000
251 321 24000
892 916 39408
674 968 37947
353 583 72801
45 246 51039
23 96 14142
591 925 30083
372 663 34785
109 974 14765
148 878 25807
102 927 22361
405 602 19026
497 663 41629
535 704 16553
151 707 12042
300 900 21541
170 351 75505
161 384 46390
312 985 22825
138 857 10050
276 346 26401
419 744 48754
338 633 11045
267 694 62201
333 924 28284
111 306 36000
340 506 34015
212 319 26401
426 692 12083
58 477 17117
185 917 44944
24 537 46043
420 995 50804
506 665 30480
510 938 25632
123 555 42048
380 924 12369
691 707 17088
570 953 12042
309 793 17804
57 220 39115
138 175 60208
254 899 14000
395 705 31241
166 664 37537
179 217 43139
728 911 57070
7 296 23537
26 94 16492
274 485 24207
140 264 53600
173 811 32985
565 913 17720
408 646 33121
79 327 38328
379 671 21024
353 744 12042
243 666 22472
337 863 11402
231 646 17464
84 139 27019
124 155 29155
127 442 25000
267 625 42579
317 529 14765
162 181 24187
536 898 22825
188 963 44283
183 384 15000
134 320 35777
48 428 31048
524 791 24739
366 889 51894
381 776 46000
546 754 36125
371 627 25554
14 637 12369
408 628 41231
150 756 34670
374 629 49163
689 736 22204
839 893 22361
24 383 26401
215 897 14036
250 806 35468
31 264 18028
204 858 19235
455 916 36620
214 464 34785
68 283 25632
640 742 58138
234 985 48083
542 706 22204
456 936 44283
805 928 38013
497 689 43382
795 813 38949
491 722 39850
240 619 38013
125 782 11662
73 311 28601
261 986 36688
382 772 29017
244 653 15133
270 657 30232
438 457 22847
442 821 46390
161 683 25298
149 606 20224
155 298 17088
239 905 49031
237 691 11000
530 622 16031
335 774 17804
188 190 41677
84 940 22804
6 755 44643
81 579 10770
523 993 38000
590 870 50210
133 170 14036
592 972 42942
37 920 37736
444 716 39459
62 594 28071
128 816 29120
164 221 13892
266 983 25962
301 873 38275
207 973 35847
915 956 29120
629 675 39962
473 561 40200
799 928 32527
263 291 47170
169 365 44102
112 816 26077
168 520 34828
66 806 27019
275 281 18028
49 874 18028
574 585 28320
542 597 29732
60 322 31145
93 642 27803
479 686 17205
420 685 16401
57 934 52887
414 618 14213
37 422 10440
409 666 53226
567 793 85475
596 654 26173
98 763 34928
828 944 44598
375 983 38419
614 891 59682
285 487 48166
299 973 35735
786 852 21840
86 185 29833
617 914 23431
745 840 11180
467 960 19235
62 322 10817
13 80 33838
827 966 17029
14 451 27514
285 469 26019
213 300 34132
494 878 24515
804 988 20248
206 410 27731
170 355 46325
18 549 57489
189 312 30806
236 728 16125
384 942 37537
696 918 14318
439 758 16971
15 368 25710
110 985 30414
213 339 34015
557 609 33956
771 785 49010
148 514 50695
268 829 48836
4 257 23087
164 915 18601
678 949 40447
195 427 26420
416 633 49406
679 977 29732
216 817 19235
225 695 34928
443 795 45310
847 984 12042
609 974 31113
192 699 43566
130 751 34438
373 398 22804
846 931 37537
459 872 24187
162 757 55973
111 835 77878
838 974 10770
171 573 41629
56 743 41049
381 452 14318
468 979 31890
134 499 19026
460 925 34205
611 791 42953
281 486 27203
460 591 10050
510 569 32894
760 814 48083
307 549 56798
753 942 11180
701 967 29275
21 388 35805
444 448 45695
991 994 48384
538 851 25000
602 879 42048
168 172 42485
103 496 33971
949 953 38910
354 765 26249
474 661 46325
526 832 86649
560 635 34176
226 440 23087
152 695 41761
592 729 44283
139 808 40817
164 435 18000
911 934 19026
157 791 19416
349 915 52479
320 558 32650
144 179 24352
484 983 50478
70 886 32802
142 768 33015
31 699 22825
111 424 19799
590 828 51662
20 475 25495
694 898 15297
517 624 22804
52 812 21840
491 572 28636
465 836 10770
458 662 21190
76 295 15297
159 449 42154
155 794 24698
822 981 19925
379 390 36125
53 895 18868
407 477 40311
401 899 15033
735 812 24597
344 970 11180
224 648 27459
253 290 17720
34 177 14318
851 866 26000
543 670 18974
177 906 26683
96 129 32757
195 430 37054
120 321 19647
369 880 20809
860 979 30806
831 842 14560
284 456 10050
477 682 27459
324 452 50289
98 886 40112
341 783 30265
664 695 17263
732 868 21024
376 507 45651
602 721 15811
615 989 37162
301 920 38053
169 891 20125
150 182 37216
465 668 39812
556 847 24352
44 937 16000
501 690 20881
165 914 23854
529 910 28160
373 626 31257
306 394 42802
359 596 32202
287 542 15133
735 802 35384
772 940 27166
534 611 54129
208 751 25060
591 867 17029
381 785 11402
117 209 50606
444 693 33541
135 350 36497
554 634 14000
204 606 17464
247 647 42521
735 971 45541
465 918 23431
440 809 30232
516 726 16155
436 833 28320
116 194 21213
699 820 51157
223 423 44553
602 862 25495
192 765 23770
519 741 11180
133 992 39825
214 430 31016
229 902 16000
42 78 17029
914 941 13038
365 714 46861
320 726 27785
499 643 33287
40 433 43174
348 584 43417
120 705 29155
385 748 42190
17 308 40792
677 935 33526
128 700 41400
639 875 23324
572 777 31145
50 284 14142
455 958 26627
612 979 28160
869 943 29155
157 534 93295
338 521 20100
424 668 63789
291 602 38588
27 62 39962
55 775 36688
771 966 40460
283 367 12042
145 811 19723
282 368 21954
748 976 56515
98 892 29120
162 608 49729
380 488 42012
722 742 40497
590 995 56036
21 919 44944
322 593 21840
691 997 17692
407 635 17205
69 248 37696
78 536 15811
294 453 38210
830 861 43566
152 389 46011
314 497 33838
113 508 52839
143 278 18028
75 112 28443
202 647 46487
160 407 20100
297 897 18248
130 701 18385
72 292 47413
363 364 29614
141 944 13038
603 866 26249
598 623 40311
640 916 45891
100 472 28844
43 923 34059
443 590 50695
550 636 16279
326 592 41110
636 806 46325
188 874 11402
608 912 45277
127 564 37336
119 665 48918
234 550 13038
129 242 28018
826 940 14213
259 783 43105
298 561 12042
313 704 19799
522 884 14318
89 703 46174
573 781 27659
52 217 14318
59 776 39812
427 470 37855
652 953 19925
662 668 55000
28 58 17117
255 693 18974
260 596 19416
138 569 54745
295 865 30067
541 647 10296
804 989 47802
90 719 12083
543 668 22825
359 625 18111
546 824 43417
163 386 18974
36 328 24739
113 175 58796
277 405 16763
932 949 15033
907 969 18111
460 867 21095
591 834 20248
20 127 36401
502 957 12806
717 959 24759
173 303 17720
427 897 14866
10 444 10630
301 795 37202
785 966 32450
165 617 35355
200 585 34015
306 458 12369
491 742 27203
142 714 38210
317 446 32140
232 860 25239
574 961 27857
32 680 22472
78 898 25318
558 810 46325
730 987 26476
227 753 38833
256 707 29411
149 592 48301
25 125 17464
510 782 24187
411 642 26683
734 819 13601
527 623 25807
554 783 38053
434 604 65391
239 915 40706
483 512 25495
206 693 27586
25 466 15264
578 681 40706
176 831 50448
121 888 18028
911 922 17464
70 433 33422
18 665 42942
429 989 15000
157 526 37108
319 848 42802
74 823 48000
349 905 57385
185 708 10817
191 670 32558
579 777 22804
210 246 41183
291 659 28601
545 898 16401
190 289 20125
48 518 19313
148 474 62394
200 983 63953
211 346 13928
514 520 41049
710 965 23537
66 204 43417
189 569 44721
158 310 42012
109 609 30364
2 649 33136
594 763 50329
252 906 21190
585 961 10296
511 924 46530
121 548 39000
583 692 18248
202 255 47707
799 805 45706
414 853 29120
272 316 34655
605 700 67742
839 937 51245
497 951 31016
555 581 32802
326 864 17804
240 255 50090
373 920 19416
1 570 19925
47 371 24331
19 138 62241
736 827 18601
144 217 24042
364 584 30083
314 689 30806
533 603 34015
256 904 15811
653 707 29155
435 956 31145
395 761 40249
749 979 25612
326 972 23195
581 789 46840
630 769 11045
90 774 26000
698 874 31145
598 872 37336
467 557 34986
13 727 43566
68 477 33615
68 282 45793
349 512 18028
667 843 21471
452 785 16155
268 672 33541
676 724 10817
354 708 22023
606 762 38210
146 638 56798
220 710 27785
718 856 77885
15 761 16031
171 824 38639
5 297 21587
156 456 15556
198 920 21378
227 379 34540
179 883 61717
230 933 30364
277 295 27659
421 868 64070
395 711 31401
292 612 19698
140 784 60745
230 514 48795
201 288 36235
351 598 30414
100 437 25632
313 416 20248
170 323 40522
453 901 54626
769 787 34409
48 466 44102
319 425 18868
143 184 42755
793 855 35000
19 569 55109
352 402 56223
325 554 13416
260 898 22804
672 883 89554
422 845 26077
8 730 22847
557 759 49336
251 820 11402
590 846 13038
604 811 36014
582 795 29155
362 752 30463
61 300 39623
112 147 25060
397 917 28653
82 680 21000
279 501 22804
427 475 28636
392 572 30594
180 474 40460
342 702 53151
171 645 51245
297 738 45607
178 549 51430
387 864 43324
183 522 18601
154 206 17692
510 797 17464
98 433 44407
63 947 41049
194 402 21213
299 639 24207
678 943 27785
418 593 28302
347 678 18111
468 770 31257
473 585 48836
323 425 35355
235 612 18358
530 929 11045
370 675 29155
366 485 47011
11 937 23345
67 600 27514
593 780 27313
103 319 28000
107 194 24042
91 275 50249
325 601 25962
478 677 45880
556 687 12207
346 355 49980
701 981 55009
649 656 45044
81 950 28018
314 663 30887
481 604 20100
790 970 11000
388 528 18439
374 434 49820
40 98 16125
116 621 25495
184 370 35468
500 507 26476
195 893 28460
409 502 37000
393 875 24698
725 903 32388
748 752 63530
194 471 32757
124 482 69354
389 789 30594
382 789 10440
475 564 20125
504 953 33734
10 255 17720
640 892 34540
5 195 26000
132 868 42720
638 718 13601
50 759 31000
150 686 21095
415 886 23770
9 124 77885
106 669 36715
160 569 32802
606 831 40447
94 487 23707
127 792 32558
715 954 40050
640 726 10630
292 767 24839
619 631 30871
480 529 31048
120 345 32558
250 619 26926
298 498 12000
273 379 35903
503 711 34713
59 89 50636
203 670 28178
626 741 27203
14 613 17889
536 801 50596
621 800 16553
4 91 21213
643 833 28862
766 819 23259
332 720 12530
197 495 84380
443 828 28653
95 247 15811
10 631 38897
531 902 44598
438 565 31780
705 711 25962
13 830 27019
232 862 32249
135 900 20616
305 682 72339
241 539 23259
263 971 22136
523 899 22023
376 500 30414
220 253 37054
588 620 22847
509 656 27893
598 978 31305
778 969 36069
734 748 54009
48 938 44598
277 865 37643
539 542 28636
524 577 14142
22 463 10296
233 602 42638
304 597 11180
289 607 28636
151 649 21095
153 743 16401
54 346 16155
193 811 20224
481 930 19925
96 779 24042
147 816 12806
546 781 12083
278 474 36620
751 975 14000
80 219 27731
859 983 93648
150 494 42154
304 667 18028
61 302 63514
254 458 19105
815 860 29155
179 903 48703
67 126 21260
38 139 24331
350 589 17889
545 654 12369
257 926 19026
462 604 39560
99 319 26249
445 785 28231
398 920 25080
162 832 38079
39 535 37643
470 840 43829
400 460 11000
325 634 23324
722 991 49659
271 491 21840
481 641 12649
108 781 12530
132 296 54562
106 605 18028
65 311 40804
585 657 42802
407 560 34059
21 249 26571
336 419 27203
876 923 24042
370 928 52773
312 486 30232
482 837 29732
502 505 25942
308 680 20000
763 892 48374
82 403 19849
356 794 12166
219 861 47011
434 447 40460
58 404 69051
122 472 40025
773 811 30887
121 236 19416
407 450 21213
174 990 15652
677 932 47170
383 529 61587
1 643 20000
398 886 36878
33 632 11402
500 888 27459
328 485 39051
326 687 11045
226 534 13342
484 585 26249
883 903 15000
641 977 38833
178 546 36359
630 787 28460
180 278 10770
224 431 18439
62 916 32249
132 276 26306
69 568 37443
440 821 35341
256 358 27166
104 915 20025
365 768 11402
211 739 16401
105 433 18385
72 850 12042
120 251 34670
907 956 26907
388 559 29069
709 814 51430
64 387 46228
254 993 19723
499 991 39408
601 939 10198
259 921 32249
457 524 20248
123 808 20025
104 164 16643
110 113 64498
113 138 30887
30 642 21840
399 731 53852
440 492 22204
641 679 20000
502 976 30414
223 633 29698
578 696 15811
432 587 18439
79 614 63127
648 776 51478
345 796 16125
39 577 26249
28 682 15620
79 759 24187
672 852 23324
161 942 26173
220 489 29155
87 854 41110
510 560 26420
60 780 34482
310 790 18601
136 293 30529
335 526 54406
40 640 44102
864 972 20809
152 789 50606
63 330 25612
3 700 29017
159 973 31780
400 428 26000
199 733 52773
315 343 26173
122 893 19105
64 656 20248
269 341 12000
617 941 25318
383 537 59841
417 588 28601
31 708 48104
649 653 30364
384 884 21401
16 360 31145
451 613 19723
19 175 34015
68 407 41049
220 566 33601
171 546 28000
618 921 37855
238 374 33838
72 102 42544
46 719 26870
281 510 29682
709 760 58249
45 568 27019
369 703 70007
610 975 48270
323 355 14000
163 536 24698
157 832 123665
697 877 41012
772 789 33838
11 580 27659
180 928 18000
260 359 40050
908 950 28178
703 880 54571
329 839 30529
526 791 35355
187 485 50478
709 955 28320
573 771 14036
539 766 23770
555 948 13416
583 744 64351
283 348 24042
246 332 26306
70 415 26173
55 448 12083
105 491 12207
149 831 45222
115 293 24207
24 894 37363
50 676 27295
239 956 13601
410 544 34886
229 964 14560
415 908 18439
629 684 37014
173 773 23537
383 392 23324
549 807 47381
445 834 21190
424 662 25456
386 610 26926
482 764 27313
203 578 16125
21 964 45000
290 392 24166
12 954 36359
148 494 18358
41 206 28018
80 660 25000
578 670 31906
83 644 43290
3 347 56365
344 803 35384
440 712 12042
59 648 33541
357 450 25807
36 274 17464
631 775 28636
334 968 20224
490 690 92650
259 747 31401
509 649 57697
13 406 50090
575 839 23195
671 905 36139
249 388 20396
404 450 53759
395 580 21840
619 858 31906
45 856 56223
764 974 19647
322 958 26926
275 951 52479
609 825 36797
396 774 25554
311 316 39408
406 973 46325
564 792 14213
479 941 14422
271 433 29698
419 692 33601
466 518 39925
117 176 49244
108 546 18028
330 559 31257
638 823 45541
61 67 34655
167 990 19647
344 790 11662
202 240 26173
622 713 37108
65 845 22825
101 589 15133
191 294 43909
537 910 34015
66 762 15033
646 863 46239
587 755 18111
570 643 18248
224 583 108784
559 786 38000
6 362 27166
736 966 22091
409 505 48270
617 632 14765
74 490 70880
140 185 20616
649 997 14318
731 961 66611
470 552 37216
7 750 13038
121 728 30150
317 910 29000
608 757 31401
727 896 38588
266 375 31401
454 683 22825
331 543 18358
275 637 35228
542 909 22000
20 917 48600
223 784 32388
320 810 41231
45 337 50537
199 747 20125
410 542 22627
508 885 51614
517 740 22627
101 350 10050
9 36 17205
212 588 38288
18 754 29682
88 411 33734
502 621 19849
841 860 22361
667 755 15133
512 930 25298
464 475 16155
519 626 27659
528 829 43658
449 494 49649
876 953 30806
612 815 24698
265 861 35171
119 824 21541
622 929 19209
216 629 38626
330 388 21633
57 707 54452
89 324 18788
279 571 19026
529 922 21260
378 960 15264
49 547 45891
448 723 45222
413 988 17088
117 153 27019
476 879 12649
362 819 35609
51 562 18788
142 614 37577
58 357 14560
836 918 28653
587 597 19416
470 746 33000
697 832 59304
23 303 34785
616 737 30806
100 122 27459
132 421 65192
227 905 43324
537 967 50606
848 891 46098
313 616 49193
201 775 17088
413 437 12042
239 349 68154
248 568 22023
198 626 28231
197 871 91788
210 317 50040
565 577 44922
725 971 22472
211 992 33242
481 811 38949
44 120 30017
225 238 24083
136 952 16553
186 347 44553
470 897 32558
650 752 44553
672 855 82855
393 856 18111
151 691 17000
12 500 59808
629 664 14142
202 687 35511
128 209 21471
814 835 49649
658 853 14560
69 412 39051
474 970 29682
503 854 12369
277 721 19000
22 584 25962
513 971 15033
362 551 15524
244 387 37590
210 371 22023
480 491
506 676
382 420
190 554
132 252
371 824
259 350
605 165
503 148
307 646
190 325
678 706
875 724
103 522
159 371
287 500
640 361
185 724
131 395
212 208
863 299
151 363
623 940
655 498
62 467
243 739
596 301
30 388
899 265
923 392
296 255
656 330
815 870
533 413
428 397
489 158
755 418
580 671
298 94
606 409
321 690
904 502
521 563
190 308
795 615
353 97
762 560
52 519
604 985
605 232
934 700
839 156
763 463
374 352
263 625
253 465
577 610
28 405
33 667
545 364
729 77
575 335
888 366
475 630
767 436
291 545
704 101
76 390
827 567
642 430
797 270
635 227
829 441
972 630
319 384
744 289
414 410
903 485
562 253
907 713
677 467
643 309
315 872
559 674
801 338
228 218
235 410
963 437
25 617
339 67
169 551
967 548
927 376
259 743
382 652
621 954
955 566
622 407
419 279
92 273
800 140
614 190
411 226
538 951
623 468
362 506
334 922
163 655
558 123
209 489
464 712
314 412
201 425
246 653
389 479
302 924
265 469
209 584
128 730
220 307
666 650
115 258
554 750
482 73
78 474
688 87
199 174
328 454
653 947
775 476
345 938
331 331
402 352
509 460
804 105
400 514
672 871
174 440
576 695
270 195
804 322
533 273
735 857
860 176
632 868
828 612
326 434
789 802
354 575
844 809
514 625
634 721
264 496
362 701
511 76
591 267
275 57
714 897
821 765
94 429
429 907
408 55
885 479
529 965
824 825
677 753
336 403
715 726
449 284
401 338
129 672
753 707
607 890
362 412
162 381
308 493
527 400
176 703
883 184
740 829
387 43
876 790
383 898
693 865
257 211
413 427
499 201
587 965
160 469
566 929
431 811
264 268
612 838
317 939
156 262
386 402
494 999
727 419
727 136
617 19
258 584
364 625
476 830
318 579
362 590
349 689
838 725
784 503
309 444
724 581
354 359
390 238
771 118
222 253
156 248
665 828
853 153
957 649
932 725
580 571
536 977
415 382
359 211
39 678
612 753
192 118
451 869
873 395
849 258
706 754
743 694
733 208
795 220
233 524
676 283
650 661
529 644
630 769
482 931
346 606
320 746
676 963
189 848
479 612
879 669
744 617
377 637
813 602
888 308
283 595
249 288
521 413
617 573
412 738
324 651
506 593
183 576
625 114
734 164
950 475
669 388
462 484
848 237
302 238
900 800
547 33
981 533
922 323
661 177
565 104
637 472
807 481
430 936
472 154
135 514
335 357
753 277
736 839
932 672
712 736
134 496
115 366
85 366
603 246
206 790
150 783
368 728
241 616
548 938
612 556
801 233
677 249
374 498
453 849
747 304
282 355
137 231
527 70
818 747
768 84
725 360
676 42
612 907
368 762
47 304
428 712
197 731
648 321
977 442
756 896
806 424
167 499
351 144
141 599
834 549
783 456
674 579
252 781
411 254
541 444
225 288
566 341
390 299
33 600
677 193
394 594
572 290
495 182
109 319
872 346
429 790
740 591
913 591
328 155
363 32
132 753
750 638
391 191
785 149
187 748
661 165
223 875
831 523
777 895
198 283
359 346
406 471
102 349
545 905
810 141
475 323
267 910
136 831
249 237
376 299
478 61
32 419
533 590
990 473
264 521
590 126
344 827
167 317
173 346
493 281
416 150
77 357
134 377
12 503
670 838
738 564
189 637
712 414
602 788
578 38
685 623
359 193
579 140
438 901
897 560
87 628
593 678
634 514
383 913
282 773
867 485
446 594
884 328
633 675
474 898
383 723
622 534
802 689
462 686
211 352
371 56
266 183
698 396
644 162
72 535
397 723
302 954
628 296
16 473
769 272
897 769
74 431
776 719
256 859
337 714
970 404
789 558
69 276
764 173
668 427
340 161
342 284
545 296
116 775
841 450
266 326
745 421
327 242
450 726
395 264
84 744
169 239
82 511
91 344
193 264
51 692
345 777
616 451
553 797
511 965
466 458
68 264
252 125
772 196
215 116
669 349
184 154
737 355
300 654
85 595
677 611
579 766
258 636
782 749
53 434
94 496
81 615
415 845
401 942
541 388
602 256
261 104
425 724
486 412
72 546
122 749
541 846
142 358
189 242
501 805
49 475
589 167
733 283
232 791
161 202
334 967
76 249
568 62
766 860
195 227
758 215
45 403
476 437
852 844
637 574
581 877
529 124
582 921
596 36
457 173
150 474
238 754
896 518
553 582
992 562
616 478
237 113
408 689
805 793
578 991
386 203
173 588
527 82
510 479
699 650
950 658
268 894
216 380
458 551
245 906
188 782
725 645
247 451
451 668
109 480
916 517
563 904
840 217
740 789
104 413
540 426
411 655
34 512
689 451
742 748
393 171
372 913
384 755
280 97
665 593
311 48
444 378
898 316
667 566
881 575
834 316
638 171
675 67
195 105
322 123
908 470
693 524
706 127
341 756
483 969
358 674
353 730
445 799
306 730
938 468
157 672
649 976
666 611
222 680
234 511
359 831
124 206
324 136
689 199
596 752
390 605
559 185
570 459
903 350
96 457
528 58
951 692
806 279
186 209
265 154
600 544
997 513
796 588
120 449
474 510
913 671
628 504
146 634
635 32
102 296
289 895
278 111
490 822
673 477
217 331
616 726
680 363
92 773
144 338
616 53
893 655
357 763
365 267
802 125
786 368
71 556
397 553
560 320
603 337
394 646
961 459
373 752
470 353
295 385
730 110
652 186
768 253
676 101
579 857
363 488
334 572
554 910
421 103
567 152
857 460
244 82
685 267
111 506
499 257
64 369
373 100
819 860
755 184
308 605
386 258
283 907
880 591
465 393
397 673
988 491
716 445
760 577
792 681
651 792
665 895
280 618
826 873
380 190
689 213
64 445
245 523
106 534
879 637
799 732
562 412
569 873
944 398
492 507
320 915
78 677
760 690
349 669
66 673
503 643
284 870
636 841
471 499
494 614
935 456
399 696
458 641
590 87
796 179
784 256
907 688
755 815
432 744
156 626
649 778
165 762
208 836
374 779
465 788
380 538
463 805
457 892
955 317
933 660
272 170
685 813
592 208
432 424
408 489
553 861
664 309
526 841
40 376
421 931
652 829
828 460
842 830
383 595
896 672
134 569
970 652
529 633
89 755
330 669
931 496
646 761
505 817
452 26
601 937
307 275
353 421
762 489
171 864
11 573
337 130
235 332
335 743
523 617
263 220
501 696
566 547
242 357
216 104
844 582
529 311
699 735
306 693
844 352
875 650
334 78
734 580
753 258
578 490
284 673
583 214
867 235
555 420
838 701
636 653
437 534
626 174
664 112
318 269
774 160
314 810
840 173
112 572
391 125
101 203
341 369
427 671
694 461
600 456
251 506
137 819
146 161
161 169
709 145
260 809
692 275
252 361
806 491
316 839
413 877
160 708
359 781
873 828
390 108
784 208
574 232
558 708
175 370
306 546
636 375
540 149
241 262
332 778
661 268
500 272
654 894
737 252
145 620
592 649
630 885
349 43
274 590
41 628
651 483
426 987
614 977
535 331
152 661
88 468
691 161
327 216
96 621
941 350
674 922
374 975
603 681
771 885
286 73
177 198
988 428
490 63
695 338
190 297
105 497
367 293
745 806
290 922
924 422
814 197
803 871
66 289
700 798
270 562
255 714
555 730
190 133
531 484
615 858
818 162
676 304
524 742
694 244
336 426
656 845
626 154
322 799
256 279
230 148
782 550
924 630
136 710
540 177
574 641
127 583
751 330
913 275
902 723
340 532
393 20
485 479
78 575
496 783
505 795
539 96
541 120
125 293
136 166
715 207
354 528
384 798
61 456
747 447
779 379
398 628
437 220
482 308
623 226
686 142
935 329
792 165
204 383
988 393
800 671
175 450
335 588
461 19
719 229
909 766
749 236
743 647
405 608
777 306
696 118
54 557
319 290
419 436
821 404
403 987
483 388
757 381
598 968
811 712
472 548
423 55
810 817
770 211
24 520
300 418
930 518
911 239
366 926
289 421
662 404
338 857
676 635
438 103
886 607
440 266
594 399
129 271
691 488
747 473
858 734
155 234
928 481
398 738
788 92
365 867
849 274
899 230
497 580
492 883
501 406
470 960
686 431
353 708
694 558
647 597
452 70
282 159
837 845
518 950
571 367
241 169
519 820
839 337
723 398
718 192
651 580
495 541
909 563
99 567
202 575
592 186
722 829
892 576
587 896
804 407
449 468
697 783
628 596
464 414
642 275
174 308
85 489
650 176
565 652
844 856
411 888
422 465
793 315
643 937
891 296
847 364
590 764
448 483
661 444
162 559
415 507
465 518
659 737
522 677
490 942
278 886
556 366
827 334
592 148
625 58
581 275
543 960
863 254
543 552
114 594
733 493
308 158
452 962
782 885
855 216
417 591
852 758
545 130
820 491
273 864
531 881
498 367
712 259
228 552
763 544
961 382
554 8
386 627
187 510
704 377
600 179
85 282
79 335
355 398
533 511
377 383
422 755
487 526
832 400
402 126
517 646
