677 1173 5 467
208 561 75895
158 315 26173
103 443 58009
120 266 49041
123 652 39825
33 100 38210
178 388 18974
537 596 59414
123 148 41000
212 545 62801
76 554 40497
403 661 16763
110 209 37656
3 527 34482
23 178 56851
239 261 21840
111 668 15652
25 121 18028
296 568 43463
401 582 32650
121 254 32202
105 122 34986
159 644 34670
427 530 35511
277 438 62514
20 512 37014
145 438 64885
383 413 45607
61 647 55172
124 153 32757
537 571 43012
18 673 47424
207 577 45706
56 172 44822
54 122 41773
132 143 26249
308 485 27659
282 491 84000
132 267 37537
156 652 62801
196 441 41049
437 468 13454
199 224 19799
66 185 17029
333 335 22672
399 488 17029
93 154 22804
562 648 33838
9 435 25318
60 505 52631
474 476 22361
555 610 62370
170 350 16031
48 427 16125
9 438 45188
321 573 25962
32 311 57940
125 655 58830
46 263 30083
487 507 35355
198 576 40311
309 657 31401
1 359 30067
130 394 56515
551 569 16279
31 103 20616
190 601 31321
264 575 30414
244 597 40112
353 370 63285
207 416 29069
133 160 33941
182 556 53160
176 461 22361
392 632 21932
295 676 24166
289 461 46615
452 458 25807
98 579 83815
19 669 50249
182 651 38118
53 230 67052
168 279 38079
18 48 24698
234 644 18868
265 460 46011
202 409 36401
262 521 57628
196 209 23324
53 71 21840
61 423 12207
236 240 50990
77 423 34482
46 170 27731
436 556 28653
291 514 35171
334 498 11045
247 342 11045
200 616 23345
123 611 26401
14 159 51245
140 583 22472
210 484 16401
96 324 21954
343 480 38639
278 383 33971
114 657 18601
349 590 47011
243 322 34928
248 426 12166
88 114 21095
23 514 30806
142 284 18601
135 487 138658
218 593 11000
346 384 28862
125 546 62968
108 342 54918
142 372 26420
268 379 25456
473 560 39446
428 598 43278
491 575 91389
375 616 45222
422 436 54644
258 454 25060
445 548 33287
91 349 52393
576 627 56294
316 439 25710
502 533 51352
149 189 46098
50 86 47170
545 635 30480
163 644 20100
431 502 19105
300 647 46840
628 661 36770
42 370 30414
431 533 42942
204 293 70342
66 393 42048
340 555 32650
39 235 28018
83 563 31241
285 328 28178
153 182 64031
167 377 50922
135 212 63127
172 602 24515
98 282 33615
42 309 18358
167 441 50606
173 505 40224
230 624 18439
650 677 42048
197 459 48836
110 155 15811
152 238 47707
17 640 14142
170 263 24042
173 557 22023
480 670 58258
428 494 51865
387 515 29155
41 499 24021
90 215 25942
274 384 25000
492 511 10198
227 459 30806
272 471 16643
37 571 59942
84 558 33242
34 516 23537
97 230 21190
486 646 14318
193 372 57706
226 516 45793
285 354 13454
326 638 48754
140 460 35014
38 231 23022
49 597 31623
175 206 43139
112 190 11402
315 604 35847
426 543 10630
428 468 27203
89 605 53009
559 589 17464
89 601 36497
55 576 32202
48 118 53339
206 469 44944
312 493 26926
88 367 78848
66 590 52345
179 408 54918
325 349 50537
24 565 15232
25 46 52631
186 647 22023
603 631 53759
28 227 13000
307 567 36249
358 527 38588
344 412 60141
253 665 67052
60 392 47265
201 509 13342
175 666 42802
425 593 14560
135 531 21000
267 323 36235
136 499 25080
286 407 21840
12 34 27295
585 623 42059
217 309 32202
476 544 20125
81 636 53824
444 585 25318
157 408 52839
155 255 12369
47 109 72090
239 654 43046
95 298 60729
305 553 18248
258 506 13928
561 587 78549
122 339 15000
298 586 100245
128 578 39598
71 664 37483
612 619 49769
11 415 32650
497 564 39115
189 488 16643
338 559 33242
364 384 16553
273 426 23854
338 493 18788
470 668 28636
72 73 23770
187 470 17692
181 262 18439
76 549 49000
571 636 30364
276 495 23854
389 628 72035
374 629 16492
256 341 62801
138 566 57306
367 657 87966
284 522 10050
501 615 62201
31 404 13038
271 430 53263
40 552 32311
393 528 31016
288 600 63695
219 499 26173
509 613 23431
270 585 59439
101 548 36346
94 374 25318
266 569 48374
191 327 38210
359 381 39115
460 583 33601
282 503 31890
241 398 16279
250 313 31623
371 546 32757
268 371 20025
131 506 35777
96 524 12000
169 510 29275
315 538 40200
464 475 13416
146 311 25298
23 635 36892
282 575 96747
303 452 33526
145 424 49980
293 422 33106
44 266 32388
40 450 35847
113 381 45804
16 193 17117
172 454 41881
126 640 18788
399 424 53367
127 295 17029
151 598 29120
540 620 51352
127 586 94112
248 273 18028
34 435 44407
346 376 18601
78 156 31890
449 546 38013
116 641 34928
437 562 36401
362 646 13601
150 253 75664
195 259 48765
342 554 20248
120 256 44204
2 542 57140
67 415 65803
331 394 25554
6 665 59034
201 638 29547
45 84 31953
131 430 67082
156 317 52631
376 460 51894
365 478 25000
273 467 16279
362 609 12649
388 548 23087
76 257 33377
564 598 66310
112 640 37216
398 592 15232
288 623 21190
290 369 30806
179 318 75690
322 369 28018
248 281 50000
592 653 46690
13 175 38079
226 438 53367
63 511 16031
220 550 19209
144 473 45541
98 180 45804
322 329 44721
38 52 69642
404 434 46530
240 628 56000
105 631 18682
129 306 21000
78 205 69340
19 217 35228
300 329 13454
75 665 36359
271 506 13454
235 371 14036
429 448 27459
362 486 14142
46 350 14213
221 613 80112
69 336 64070
625 658 16401
242 387 11314
263 485 28160
351 531 45880
275 608 14142
4 640 13153
586 675 29069
130 387 34059
269 437 32558
320 366 31385
21 595 50160
10 531 10296
92 270 17205
333 471 46390
115 567 19698
394 479 30887
182 204 22023
338 482 20025
396 440 28443
122 639 33136
50 105 35440
64 518 20125
462 589 13601
92 406 14560
260 615 16492
33 363 29967
213 222 39446
60 659 84077
183 601 28844
453 540 25000
57 414 31016
242 391 38626
235 546 39115
161 223 54562
47 239 64257
358 407 68469
357 619 33956
339 592 84012
192 662 37483
374 386 48301
29 66 35355
254 645 96602
398 603 21024
225 603 42579
49 244 16401
294 568 26420
304 369 38949
318 408 28792
459 626 39623
82 404 51662
166 614 51039
147 275 25612
266 520 45607
356 458 16125
17 508 40792
245 386 20809
542 629 29732
669 673 30150
152 349 25710
450 542 26926
348 567 22825
79 290 24515
55 160 31575
234 528 37162
408 532 83295
128 167 37000
51 381 19105
7 100 38079
351 455 12728
70 129 48549
124 420 25080
360 525 52469
444 643 39408
32 203 63640
211 651 41183
420 668 45541
234 325 30414
280 361 46755
6 253 65215
62 252 48010
42 114 29206
105 639 30887
219 500 52393
209 649 41761
165 424 44283
29 185 30000
533 561 63008
345 628 50606
151 356 32202
195 201 49193
584 604 51788
214 491 28636
361 464 25060
164 563 32802
55 483 40853
22 417 39560
108 530 41976
414 496 79511
5 476 41304
649 663 47170
484 587 56080
541 627 30806
180 282 24331
203 597 32527
184 453 12806
55 62 34785
64 298 66753
142 174 34928
62 574 44407
39 371 32650
200 522 22136
333 479 15556
255 662 48765
101 150 52010
39 620 48021
347 528 24352
249 295 24413
91 608 39962
50 631 39812
304 671 37108
107 662 52555
407 632 48332
324 524 19026
584 645 31016
24 439 21954
27 182 25495
100 344 63032
343 670 44553
492 623 56303
384 446 27459
26 117 25495
228 358 65192
110 412 43324
197 341 15000
592 631 60926
401 444 69893
538 610 11314
496 656 48703
240 314 20591
1 297 59439
149 302 14765
12 510 40050
631 639 22204
511 547 48508
15 225 19235
27 32 75591
52 165 31385
361 537 62370
352 526 68622
345 594 45188
421 482 62032
138 308 43278
216 223 34438
393 590 18439
431 630 38275
553 649 116867
370 430 43863
207 413 56613
224 432 11000
539 668 17464
337 551 10050
170 485 17804
36 125 58523
220 297 27203
367 630 85983
493 559 32558
436 519 55444
131 360 15811
222 518 12369
244 422 42638
95 405 38626
243 500 39812
65 654 74632
148 614 46840
137 162 30594
116 665 43324
53 624 71021
320 478 30017
171 503 11705
16 102 21095
286 580 34713
94 146 34176
417 530 75928
456 676 32802
449 654 50695
522 616 23345
121 126 20809
67 101 57245
358 512 38419
168 402 22804
115 233 21095
481 572 54918
241 653 24187
233 317 56080
63 623 50249
179 526 35000
169 589 22361
368 502 46271
357 510 32062
58 299 39459
509 638 34655
53 664 45541
97 194 28178
353 418 57567
1 466 17889
239 365 11705
501 570 23324
307 580 54406
458 667 50160
296 469 36139
617 660 15524
494 598 93536
227 633 57775
242 394 53535
95 675 25495
39 396 26077
65 74 11402
346 364 22472
74 546 44102
70 437 42450
177 416 54342
173 632 18248
93 521 20616
328 354 41049
107 495 44822
143 658 39560
490 622 31048
189 399 22204
21 674 35847
534 581 15000
90 331 27514
292 341 70292
547 558 36359
90 119 19698
99 241 13892
116 402 22091
443 444 14318
621 622 30871
176 666 10198
184 320 21587
49 328 19647
171 572 12207
168 641 27203
85 165 37121
86 447 41761
195 463 25020
333 440 18028
157 303 19313
218 451 21024
425 518 39408
175 385 26401
8 212 40249
505 557 32016
281 305 48374
451 574 15264
15 445 46174
221 463 23601
41 186 25060
319 459 31257
75 368 62298
283 380 29428
544 587 49578
218 425 20518
316 460 38949
30 483 23324
211 470 45177
247 549 20025
379 471 48877
69 401 15297
197 319 37336
312 516 29967
395 411 25000
278 473 29411
146 375 36125
198 627 30529
297 550 41195
39 140 45177
106 159 25000
274 579 72533
232 378 34438
32 191 36674
154 521 23770
99 613 25000
433 673 54452
40 174 41869
183 250 20224
234 541 37577
21 572 16000
91 224 64008
441 578 27459
35 193 32558
66 187 27019
127 600 62769
352 606 40608
181 521 52202
208 415 21213
322 671 21840
332 593 19105
111 216 26476
251 321 42450
68 133 28636
533 630 41437
167 663 35847
35 40 42202
448 565 42202
79 489 20100
93 414 25612
190 610 35171
162 619 14866
386 395 25612
245 395 28160
281 467 38079
380 577 36139
460 565 49092
298 451 39051
182 343 14422
397 410 18028
3 448 22204
3 491 16643
250 566 52154
534 565 34015
186 475 31016
555 661 12042
239 478 26907
572 595 51420
410 414 52345
137 611 27459
290 304 26306
136 500 51624
157 532 41593
243 671 22825
10 545 72250
217 618 14560
8 507 59034
226 421 49031
244 519 45541
96 367 47096
16 459 15524
326 445 19313
609 646 12042
334 621 40162
352 385 11180
297 466 46957
14 30 31145
390 587 72993
143 618 34886
244 599 11180
382 605 55218
25 283 47011
408 497 33838
246 482 44598
45 474 21095
330 488 34986
529 553 46325
546 637 52345
92 405 13416
163 347 44721
324 367 62032
36 607 33377
73 450 26870
321 515 117427
274 413 32249
435 442 54406
308 373 29120
373 485 14036
24 460 36139
456 623 26833
47 656 21932
340 621 23022
624 659 32696
11 517 25298
270 406 18439
461 666 12806
319 626 25318
348 569 48374
65 261 79398
249 623 44721
38 145 71344
379 607 25060
154 645 32140
72 617 44102
184 540 27731
107 504 62000
88 373 38833
12 462 17029
58 251 45222
303 634 31780
361 475 34525
34 312 24166
69 582 26000
365 646 22023
133 477 25942
47 654 65146
188 228 38639
513 588 39205
349 457 84504
63 455 39115
193 626 43081
174 616 29833
412 441 31780
498 591 44553
295 455 12530
574 643 60208
57 498 40311
4 17 21932
436 642 29155
35 102 22847
356 452 19026
212 291 60017
239 486 19209
415 517 23537
372 626 37336
611 633 71007
1 125 71847
81 143 36235
260 397 63325
448 534 26000
141 472 10198
429 581 33541
59 649 31890
109 449 46098
136 219 13342
147 238 26926
143 419 36497
519 599 48549
144 577 54562
131 237 34670
310 606 25632
318 564 38000
22 596 52345
177 380 43186
323 472 38079
283 535 40497
346 453 35805
419 625 49578
132 618 24698
397 615 65863
229 272 19026
20 674 32757
208 368 29530
452 634 17029
111 539 14142
129 672 50537
355 411 23324
256 520 54378
297 465 57079
403 622 22204
107 672 38588
130 536 12530
7 578 14213
78 317 60407
418 525 44204
59 155 26401
10 135 27514
72 660 35609
81 267 25710
120 520 19925
138 508 33302
313 601 26173
421 481 30150
390 434 39205
335 396 31906
443 585 12166
69 444 73573
456 600 55227
94 542 23087
202 664 32757
203 311 15000
172 330 61774
30 332 33615
2 375 33242
31 210 57009
613 653 16401
46 353 56080
124 211 47202
164 202 24187
126 645 93005
125 465 50010
109 359 45222
245 629 41881
20 503 12649
101 388 42048
545 558 51662
269 650 43186
136 554 77201
80 363 35735
414 656 68659
156 166 57009
80 100 21932
1 113 59666
28 102 28844
612 660 21587
20 214 36014
104 153 25000
52 302 74000
489 670 39623
244 293 41110
397 591 79756
536 573 63891
251 465 26000
205 228 16031
70 504 59682
378 419 37336
199 432 14318
255 494 156285
33 496 72615
15 400 17000
494 504 22204
355 442 66400
37 91 54120
77 329 12369
287 475 21213
433 454 15652
462 510 32650
221 653 96151
306 648 35355
200 284 20224
257 500 22023
490 591 64070
264 364 14142
53 391 41304
162 633 67676
30 198 34886
104 436 84876
99 603 39925
75 367 83096
555 605 57428
29 223 11180
180 572 14866
276 344 13601
106 163 22472
51 128 61620
175 461 44944
259 291 56036
524 665 30610
85 149 34540
279 594 43417
234 393 36674
563 581 42720
57 154 24698
525 535 54745
160 582 41110
600 675 35440
337 348 29155
269 468 23345
1 637 57871
481 652 47518
423 480 41725
117 149 23770
60 194 58796
543 663 41340
26 523 12649
4 25 25060
82 336 47096
102 552 33302
366 620 73000
348 551 32696
104 420 35511
117 416 66910
169 619 36056
147 636 55471
54 606 44045
429 527 17088
355 549 61685
591 615 39812
84 635 21378
47 262 32016
215 316 43000
378 657 35440
190 538 42012
87 669 32894
26 177 47011
304 327 26249
331 391 30414
310 653 151251
214 512 23087
74 235 18358
151 634 36401
22 673 50695
78 595 19313
117 207 57428
236 490 15620
481 482 61522
432 647 66370
249 676 24083
185 668 21378
556 642 26627
299 529 43105
5 210 26476
389 667 40792
201 326 56321
118 172 45453
187 457 10050
301 515 36497
403 490 40361
216 539 25632
562 570 40817
409 557 22204
501 591 67007
484 544 19209
232 625 25495
264 446 12166
9 516 35903
307 659 181400
147 608 30594
10 547 46400
446 579 45277
5 45 58592
23 259 49477
101 517 35228
53 439 71421
560 577 47508
514 545 19313
161 347 16643
14 213 49041
266 292 68411
318 497 21587
220 299 30887
434 658 31145
260 276 63151
7 51 65031
182 642 51624
86 400 44294
128 377 31780
278 609 27459
194 230 20616
90 439 61033
495 672 15811
188 580 50090
277 435 48466
148 166 12530
212 487 76217
181 362 29069
252 444 48466
43 623 13038
112 508 18682
56 277 26476
499 530 73546
280 475 41110
87 271 34525
463 507 20518
8 291 37014
73 542 46573
314 677 13892
417 499 36770
278 646 32757
158 584 21541
118 433 13153
274 302 47854
64 586 166868
252 643 13928
588 614 78588
246 559 56754
382 628 45343
115 513 32985
258 330 31780
158 340 47170
59 110 26019
457 470 14142
288 406 53075
237 258 36715
389 594 101980
86 296 14000
71 164 23770
477 627 71610
83 632 60208
119 479 24207
146 285 46228
18 433 49518
61 300 25495
356 650 24413
27 670 28792
229 607 45607
50 568 14560
437 570 61327
23 67 30017
11 208 33106
46 418 54342
11 150 84095
263 350 18028
188 286 39623
28 459 21633
236 314 56143
106 161 70029
85 399 40311
604 645 72719
279 289 70036
254 577 61400
44 513 19849
390 561 29428
466 550 42942
54 105 14866
280 287 50120
144 645 21932
98 231 39217
289 469 44385
119 394 12649
383 560 19925
247 442 53075
58 515 204025
480 651 16971
86 253 52173
335 440 33838
292 611 81216
231 438 35014
52 85 55471
242 301 43841
19 370 13038
238 275 16401
68 152 56886
246 481 35609
15 150 27019
32 204 79379
264 376 22204
69 82 33541
245 411 39598
359 637 58523
320 383 73007
167 196 54332
56 602 25495
641 665 53339
87 433 32802
139 141 32016
357 617 26173
265 540 22023
205 358 67357
50 447 29275
43 270 49820
137 619 32016
570 677 54918
191 489 17720
135 351 44721
422 519 15620
178 326 25495
272 536 46043
80 344 58310
44 588 32202
310 339 20616
177 535 11705
138 183 39962
540 583 53824
402 566 43909
83 358 20224
286 392 15232
354 599 71589
171 282 28178
409 505 18439
43 288 13601
607 655 15033
532 667 38949
62 332 38639
113 467 28460
298 405 69656
37 287 34132
337 513 25080
447 603 46690
145 602 22023
492 558 31321
141 669 34986
41 322 25298
232 434 55362
161 213 103121
363 410 27514
261 366 16401
257 327 14866
543 649 86023
158 334 33526
103 336 26000
97 624 11180
139 596 14765
464 499 41049
149 523 30414
36 251 45277
615 648 64078
89 313 13454
301 387 45277
233 567 30676
265 376 20000
32 670 60208
222 593 25807
325 541 32202
237 360 37736
323 571 54781
192 344 25179
68 477 17804
256 569 111360
139 472 35735
13 176 17029
377 441 16125
73 134 40311
13 526 89090
306 562 44102
229 573 20396
268 655 15811
199 480 32558
78 674 30232
305 529 30414
84 474 20248
206 294 14318
79 191 29155
77 670 62032
103 585 61000
552 612 32558
192 495 34409
215 335 21378
25 170 47760
198 483 43186
117 523 27019
294 385 35114
429 563 31623
2 146 43863
225 400 16279
134 245 38601
146 542 42202
134 355 19235
6 75 40361
345 382 16643
108 427 30414
93 558
665 75
278 288
449 634
773 665
625 754
155 668
822 844
498 283
880 794
657 760
533 216
486 877
950 509
652 871
547 52
465 649
589 399
611 522
340 272
354 262
622 393
765 799
229 349
461 612
416 498
791 220
533 49
937 349
927 488
762 605
724 185
178 663
529 243
570 82
65 431
758 400
445 346
163 404
604 107
697 344
605 559
868 650
357 81
800 717
494 571
232 571
580 376
768 89
581 902
157 603
386 383
167 280
561 925
869 515
546 358
296 658
18 505
88 763
191 152
779 315
902 526
856 711
989 497
189 438
902 344
739 784
826 459
807 536
253 854
188 274
593 150
616 144
178 441
598 724
639 262
742 288
340 219
723 243
194 710
708 526
774 542
261 228
789 747
412 432
598 858
575 461
566 584
455 761
157 332
810 385
913 601
287 631
683 139
961 621
548 707
127 209
407 310
679 947
174 701
685 803
549 73
781 613
904 230
571 936
985 445
202 823
560 339
166 542
114 764
931 303
455 684
107 616
587 582
312 88
526 757
393 487
553 422
139 340
420 38
446 622
553 966
448 154
887 255
82 487
434 639
908 732
116 649
227 813
80 341
516 477
677 529
814 485
611 184
906 785
663 322
484 161
498 667
635 458
203 383
636 490
628 46
685 554
332 620
506 383
695 107
770 436
408 163
399 464
653 844
325 956
836 403
880 223
309 637
109 779
361 195
397 918
344 689
965 460
838 509
983 375
490 131
966 433
211 268
415 395
414 174
81 661
518 773
506 172
506 596
363 272
518 393
211 180
636 80
521 892
485 860
435 541
721 835
469 994
380 273
282 566
816 225
477 701
267 460
913 331
719 356
901 317
279 122
444 474
452 695
708 218
147 767
564 50
152 196
766 894
87 715
518 1
911 457
795 307
659 34
722 916
214 244
715 122
799 211
302 161
551 861
360 534
671 730
107 727
747 660
849 283
858 826
988 478
304 271
169 355
957 308
640 542
942 533
676 319
27 571
777 914
968 512
942 339
809 321
649 890
467 272
521 44
286 160
70 400
147 216
444 323
667 598
323 106
936 415
162 432
340 807
487 458
796 429
255 511
362 853
667 954
90 299
691 288
778 102
648 195
444 210
591 282
51 638
881 701
474 721
32 462
863 554
587 807
427 596
106 791
447 3
672 257
519 440
753 847
242 763
249 490
264 570
523 579
307 403
269 418
389 76
702 501
128 432
276 917
899 611
541 455
71 381
69 637
339 448
786 416
180 775
541 332
308 549
481 764
705 426
65 590
376 297
432 575
639 31
724 71
252 151
729 382
881 654
532 812
728 267
799 815
455 58
781 143
554 875
895 721
584 858
35 545
979 563
12 544
754 310
59 268
386 457
390 936
702 263
23 614
248 813
261 81
526 634
621 568
542 983
703 131
519 221
464 751
344 863
370 692
212 355
320 162
396 974
555 6
288 465
43 421
705 320
679 473
567 718
906 420
716 860
682 246
749 84
745 300
488 447
148 306
940 519
131 366
312 699
148 351
771 589
334 73
476 220
562 978
348 736
509 13
590 293
808 237
172 764
406 772
296 421
974 389
305 76
861 397
505 580
898 741
540 919
537 535
715 61
608 203
339 927
537 144
281 225
123 556
507 490
674 391
269 540
205 676
317 413
266 515
259 477
545 660
657 704
721 297
600 529
148 433
615 23
534 606
687 164
698 71
285 406
129 678
636 583
110 414
403 570
144 589
392 763
331 524
324 428
542 908
665 207
82 307
703 841
379 867
724 653
126 285
238 157
920 382
135 328
645 223
165 378
225 702
651 951
447 452
637 879
822 533
504 755
360 768
761 592
925 607
917 615
273 157
423 964
192 215
231 685
620 223
128 723
343 480
267 647
686 745
382 553
659 379
482 518
649 548
910 265
419 262
811 129
772 305
459 400
957 547
49 650
582 360
264 920
255 274
582 489
638 645
798 321
555 435
720 614
523 287
856 160
282 885
479 324
218 330
137 383
121 692
555 243
839 612
845 599
698 867
319 401
610 898
260 301
163 496
635 125
941 554
358 926
275 450
541 428
889 732
885 673
891 318
337 911
551 37
238 384
505 850
520 205
791 895
696 379
32 488
77 566
80 625
272 894
575 823
889 304
85 372
646 492
317 577
782 728
708 385
778 706
837 473
273 491
120 355
801 275
416 232
477 240
907 500
757 673
520 607
267 526
811 886
458 465
725 223
330 795
292 297
830 708
493 228
215 903
167 795
206 596
391 953
301 698
673 345
655 271
295 809
652 658
352 276
202 885
178 203
532 445
776 881
473 689
719 929
535 176
840 710
311 249
344 96
790 781
53 304
506 248
681 768
980 515
821 117
401 32
300 615
638 41
420 486
548 719
455 483
490 966
261 258
951 381
9 587
601 330
885 785
416 881
658 607
234 301
446 537
69 335
687 452
410 696
933 317
255 435
920 449
661 132
41 657
769 688
808 788
141 465
852 757
680 839
590 262
39 586
335 63
574 95
20 632
601 276
377 751
831 174
210 202
821 738
499 196
337 543
695 658
272 850
237 248
358 974
235 335
526 717
294 96
567 898
347 52
307 829
730 453
370 262
50 396
928 562
328 381
883 486
368 579
144 677
358 378
229 125
225 289
797 512
211 404
352 669
841 624
972 663
736 725
383 100
516 192
908 396
294 742
645 965
953 533
447 791
358 212
628 445
738 99
297 948
780 91
940 678
461 725
523 369
642 932
403 678
424 718
533 959
98 436
776 406
281 544
418 704
469 138
550 117
704 947
363 176
258 759
655 57
556 126
654 538
504 136
204 429
325 737
338 765
861 661
129 220
686 581
580 10
895 431
362 797
671 160
617 613
589 941
229 177
468 67
359 943
785 768
739 482
103 501
695 904
586 963
451 647
540 789
853 189
868 567
946 431
341 640
280 532
741 355
283 818
67 739
319 913
813 263
423 185
691 957
212 509
113 437
252 580
602 593
699 591
116 190
571 122
376 763
153 804
63 692
182 237
567 743
495 858
387 907
917 310
606 472
764 230
711 299
182 790
609 442
323 244
950 644
905 699
337 875
