932 2228 23 159
114 660 50010
510 560 30083
243 758 40012
66 556 44204
635 771 52773
417 718 53814
833 906 18028
386 872 29833
561 788 46861
199 436 35355
711 870 23345
222 333 11662
106 733 14866
66 633 12530
249 291 32249
250 671 36674
88 714 70682
811 929 20224
455 888 62626
192 283 48010
724 902 36014
94 615 42048
650 889 35511
136 308 43932
201 331 47508
765 775 31016
299 500 40025
276 439 41110
96 216 17493
815 829 21260
244 860 26249
96 669 36770
587 871 20518
192 341 44011
100 533 18868
530 797 12083
267 745 32311
292 666 45310
600 813 59034
47 343 70000
42 868 14318
234 545 13928
4 726 39013
81 618 25632
688 875 34409
163 879 27893
237 491 47424
247 495 11180
76 864 18601
462 798 13153
73 448 15811
568 734 23707
2 419 18439
451 917 39925
196 240 17205
107 380 22804
477 871 28302
396 412 14560
217 853 43105
81 917 69921
119 339 42953
276 750 15811
550 920 13038
340 892 57000
95 374 20125
68 773 35000
228 304 33956
179 901 38328
242 362 57871
344 466 32016
91 190 23601
21 917 74632
824 917 28018
632 785 23601
3 906 55471
295 618 19647
544 768 31780
142 309 14318
613 890 25632
28 678 40000
34 688 43012
183 884 18028
300 752 30480
88 174 31000
80 756 19416
37 727 42154
691 864 40000
41 857 27074
252 361 34176
434 561 33377
155 695 59203
28 292 63906
489 525 18601
164 701 16279
174 178 51788
139 496 28160
279 549 12207
628 684 29120
90 739 31780
98 344 39560
231 482 40000
63 505 36069
698 886 22136
269 832 28460
377 523 14318
292 799 47854
350 623 25239
160 925 31113
244 899 15232
142 781 14142
94 374 38601
51 69 29000
548 656 32249
754 861 56400
764 829 38471
452 753 14213
75 552 24698
154 811 15652
629 703 16155
191 784 43417
313 618 10817
457 590 53235
22 553 32757
469 555 38910
329 615 66641
68 116 29614
514 895 44553
840 900 25318
694 811 19105
340 571 84220
100 109 36139
472 705 21401
849 869 30806
268 622 19105
35 382 28792
206 778 50695
89 382 43863
471 590 35440
255 588 36069
452 464 29967
3 250 48260
763 874 23087
47 466 50961
517 560 34482
21 361 80777
144 924 10440
48 895 30676
197 353 175684
435 917 70000
18 334 18439
157 486 24083
221 682 40025
243 823 38328
335 794 28231
440 576 50567
136 370 16971
595 923 22000
296 647 27514
130 505 42720
427 778 19416
747 848 23087
298 618 23087
49 827 50160
391 570 48094
540 738 35341
317 651 54424
40 521 51478
639 901 20616
623 891 14318
627 921 42048
375 528 42579
23 441 43278
431 817 59093
258 762 24083
342 693 78772
167 535 29000
134 165 62626
148 875 48374
717 829 36056
473 809 19698
265 346 16279
571 703 35114
651 689 40817
158 378 32249
195 251 21633
118 155 38471
196 620 25554
691 742 46669
125 712 45891
210 762 78772
399 663 37590
412 735 39051
173 459 19235
9 299 41785
337 649 49336
675 745 43463
29 403 50160
78 309 38419
636 785 45188
10 147 32280
155 597 52479
161 367 21378
131 353 17493
113 392 23345
264 378 49336
278 774 11662
157 854 20000
526 564 19105
217 407 61685
88 206 75166
21 64 27785
15 900 51010
382 724 37202
768 784 49406
30 313 27514
416 692 33377
493 750 15133
611 921 42485
225 277 40224
149 543 36235
725 885 29000
566 890 29547
420 681 21471
678 885 50329
214 345 64031
595 878 42107
387 626 52010
623 867 45695
289 329 42190
234 322 25495
436 574 38000
248 634 21932
539 742 19849
217 266 22023
597 789 41340
465 867 18385
126 806 51245
183 610 17029
432 771 48052
249 792 32016
86 489 25179
359 898 42521
792 859 36401
164 845 35355
245 630 22847
631 821 44045
366 579 33136
17 402 15524
201 269 64475
511 829 40497
474 677 34986
215 777 41110
149 760 25495
393 537 24413
218 377 30594
588 663 35355
130 824 41340
160 412 35468
478 913 33136
108 474 28302
158 805 59540
515 571 131712
410 700 26401
36 819 43863
111 727 21840
275 488 37336
206 819 44777
189 469 48374
342 849 52154
605 785 11180
312 339 56080
757 844 40497
714 880 26173
327 724 58728
93 896 10198
258 469 42720
236 595 21260
807 912 25495
169 687 24207
536 750 29206
826 897 59414
499 733 27857
50 723 11402
61 888 12042
519 550 34234
380 806 52202
10 588 65115
268 887 26833
151 720 17263
532 885 14765
64 298 33242
492 563 43863
284 328 11662
99 852 10440
66 359 21840
185 790 54083
98 860 25942
248 837 29155
259 873 42485
92 246 56080
324 506 24515
195 566 67417
722 793 14318
223 795 32985
427 736 43417
60 536 29411
244 344 55973
457 481 34713
448 711 11402
380 843 38079
704 886 26306
113 225 10630
322 623 30017
12 690 26077
234 891 15811
441 548 35171
203 543 15811
7 244 36014
281 547 27166
109 810 53759
757 767 26249
239 269 12530
87 801 18028
574 757 38079
624 712 20518
296 487 13342
315 626 40792
26 845 24839
572 882 50010
126 538 15652
32 673 65513
3 438 38897
558 839 46840
231 721 45310
87 280 56436
577 865 32757
321 670 53226
696 894 21633
442 588 34785
120 602 25179
11 32 55317
351 551 28284
228 432 57775
7 542 34132
529 590 18439
850 854 18358
831 856 11180
152 922 16401
239 919 26401
260 801 32280
106 695 23022
1 77 18358
58 62 20591
45 523 15232
279 554 52173
354 892 37656
174 889 27803
288 732 22136
99 192 34205
117 711 29682
3 637 12728
103 300 28284
38 767 20025
625 895 34132
170 920 33941
592 623 32388
624 787 24331
302 441 32140
608 764 29732
467 727 31064
275 894 30806
218 643 17720
487 931 16279
36 430 37000
104 620 48754
363 663 33242
54 793 68066
26 812 35128
467 652 36797
448 622 26627
10 134 51245
172 482 23195
491 581 44102
800 859 32280
249 270 53712
354 386 26249
393 859 32558
739 788 35468
77 740 13601
437 721 11045
23 548 19026
34 875 15297
278 492 43267
701 845 33838
188 638 19925
93 446 43012
493 772 16125
475 636 29000
117 199 38897
205 621 23601
854 918 12207
28 508 42450
881 912 17117
252 841 48166
209 255 48549
342 765 57245
76 477 47634
787 865 18868
19 293 15232
70 309 43000
262 801 12369
128 522 37336
46 678 33941
780 824 14213
622 887 23087
616 631 39217
89 327 30150
570 729 25456
737 863 14318
159 779 34205
454 688 23087
880 885 38626
180 599 37855
88 532 37000
590 716 26683
414 443 40200
137 206 28302
370 788 89443
606 856 21932
310 925 26627
520 814 75611
490 797 28302
433 480 16279
357 615 50249
223 238 25080
216 379 44147
325 472 22361
236 349 20591
390 460 24187
293 485 27203
392 405 32202
139 616 23195
97 185 11662
246 402 55570
830 911 28284
375 469 61270
206 285 38118
159 372 15133
465 484 18439
248 404 10817
423 441 37855
90 212 12530
132 134 19416
649 911 56462
331 779 24739
312 444 39051
372 563 17205
237 539 39051
257 785 50220
59 705 34482
675 797 45000
263 440 16125
475 621 32016
571 806 74303
421 867 27295
530 774 57489
492 774 49396
259 684 45804
218 303 15620
413 726 19313
366 878 48083
745 774 51352
471 476 76322
146 884 27893
61 469 28792
317 769 43382
423 809 29833
178 335 23770
391 668 31145
83 227 36797
302 404 19723
287 329 42942
24 540 27514
702 798 28460
700 719 19105
222 731 25962
189 555 27313
292 547 28231
415 601 26173
309 781 22825
149 636 37000
261 285 12042
568 784 43681
106 236 31145
124 733 19849
203 338 24515
103 827 15232
119 290 16553
554 864 57385
99 310 31575
199 796 39000
209 584 11402
404 837 31575
156 371 16279
611 627 27586
166 210 36674
181 847 30463
597 820 54918
664 846 27295
150 246 43932
715 769 19026
220 621 17720
199 711 44045
392 664 35735
475 589 28320
589 636 39000
167 870 34205
143 539 41146
21 435 23022
205 905 18788
168 202 16279
44 472 16492
123 593 25632
146 193 27295
748 814 12530
27 71 18028
609 841 15264
280 782 26249
122 306 65521
35 230 29428
85 582 26476
439 536 32696
796 887 18682
2 218 21213
787 800 58830
591 631 34132
212 739 26173
463 919 16125
568 731 45277
240 620 24352
63 793 53712
175 757 37216
290 878 37643
147 375 47297
240 824 23409
676 814 24083
245 673 39825
424 903 29155
328 474 34785
491 740 63977
283 661 25020
71 302 22672
197 562 55444
176 614 47413
283 406 30463
213 365 29411
39 538 37121
409 765 36014
218 449 32558
67 863 39000
318 518 22091
176 645 54818
172 456 11705
117 870 34205
426 479 12806
481 521 23770
315 392 38328
213 836 12042
428 724 21587
415 736 62650
177 883 14142
466 544 23537
133 301 41049
312 595 20248
60 155 29069
83 310 45804
387 568 18868
226 764 53075
50 835 38288
172 592 23537
614 645 37643
365 591 25807
69 749 12042
14 591 29547
143 644 43290
520 724 18385
328 701 30871
776 786 24042
143 914 25020
464 813 33302
85 480 32249
562 868 31623
737 817 60033
561 567 33941
310 852 34234
38 117 33541
446 583 17804
9 168 41869
82 274 27313
220 589 20809
18 638 45541
437 598 22472
728 873 48010
155 897 20100
254 670 39925
375 555 48332
369 431 39825
44 330 42297
704 723 27074
13 877 39661
607 696 10050
349 540 30806
34 851 20000
594 825 31016
251 920 108019
123 144 39217
211 638 33601
485 603 29614
652 727 23345
593 838 36878
100 360 36346
302 656 19849
57 397 19647
348 574 32016
46 799 27019
1 921 50000
298 435 25554
596 759 48703
415 872 35355
26 164 39000
112 742 52555
91 586 27074
519 803 28178
400 739 34655
68 189 28000
48 886 13000
61 862 25020
113 120 60440
267 395 39699
131 378 15000
659 765 24331
850 867 34482
523 850 15556
73 534 11000
193 686 33242
264 353 77389
214 785 51039
607 894 13601
54 335 26019
386 736 58181
410 460 20248
350 818 13601
173 916 29155
81 320 27803
209 510 33838
114 756 33734
133 162 26173
12 904 45177
661 757 28601
157 523 17464
198 364 42953
507 828 17029
287 615 53712
332 808 47518
39 496 40497
41 835 11045
262 893 49497
164 266 39115
326 914 36235
456 482 28160
264 716 17263
193 738 25179
14 631 19235
792 800 30806
42 197 56754
10 59 62769
304 813 40311
413 825 11662
869 932 26077
71 294 48104
46 285 23345
192 507 59059
570 838 31385
586 715 24739
220 677 17029
117 757 56754
147 442 33941
335 355 22361
541 656 26926
163 227 10296
200 707 32062
484 786 38626
67 846 18682
36 830 45122
9 53 24698
806 843 15000
484 918 20025
37 111 45277
277 563 38601
323 479 13601
427 504 56080
370 659 47539
397 604 33377
418 510 38601
602 731 36056
417 766 30676
10 165 44045
591 791 30414
573 697 10817
69 125 22561
238 810 39013
425 519 36069
472 641 12083
62 726 26571
464 541 14765
430 504 28844
76 193 32249
513 823 39925
135 889 32016
775 910 28231
22 693 28302
160 522 29732
529 877 44944
226 829 54231
539 644 40608
778 819 37483
25 424 20000
385 424 24000
200 419 37590
564 807 12042
613 921 35228
414 783 54589
276 381 49820
141 416 65605
265 892 19647
243 635 47424
257 338 12369
446 931 21401
750 772 22023
743 826 64203
612 719 27000
196 311 11180
601 830 54818
807 881 21840
252 865 53151
514 671 20881
99 445 28636
325 356 14318
542 843 17692
89 724 41231
376 438 33242
300 402 27893
438 709 43909
176 546 55009
420 601 77389
457 521 32000
129 609 26173
233 691 20396
21 780 78772
506 570 35228
90 567 26306
41 461 32650
242 476 26476
410 719 27203
585 898 21260
127 344 28844
305 666 20248
210 842 16643
70 306 38013
777 910 34928
747 915 20396
122 296 36235
506 729 22023
72 591 19416
272 273 54918
210 862 34886
358 381 27731
535 870 17692
40 451 11180
430 830 23770
331 395 11402
311 620 20100
683 826 10817
207 602 35735
602 617 13601
692 848 16492
336 512 31906
823 834 31145
79 211 37216
271 907 10770
201 928 12207
316 529 63891
76 884 20518
134 743 31623
119 927 49679
38 535 20000
270 549 30150
290 456 10630
303 867 41110
699 777 53666
59 134 29833
406 661 31780
69 537 19723
278 603 34928
285 640 34000
413 816 31145
315 527 21000
343 720 54589
422 904 18385
205 526 52154
87 893 50990
431 667 24759
265 497 17889
474 744 39051
50 243 36056
496 660 22804
49 103 47539
207 387 54120
764 815 39446
626 893 28071
19 735 34059
345 785 38013
466 720 50249
178 794 17263
543 760 58249
100 835 47508
104 182 36797
303 850 15264
1 157 42638
16 101 21095
272 599 53226
169 771 30480
443 783 31048
526 912 16125
415 427 62370
337 666 13928
407 829 44922
144 593 25554
333 352 24515
413 569 43909
426 735 18358
538 657 68884
839 930 48600
558 653 29120
171 251 28231
108 677 45398
12 676 62626
583 931 24187
213 473 20025
798 853 38210
233 576 21954
316 685 33971
190 496 51740
5 440 11180
444 686 38601
503 804 23022
534 609 42012
172 350 14765
467 670 18358
179 639 25456
156 459 52887
91 483 15232
258 862 50000
79 170 38053
234 585 37643
432 901 23409
176 637 19105
379 764 45651
164 608 81744
645 779 41183
247 455 19723
318 677 18439
170 334 24207
188 377 29000
397 686 22847
461 857 19105
25 564 28460
207 626 32802
506 763 37162
116 373 30806
308 384 18028
107 140 18868
345 744 25020
155 499 28425
347 657 22361
209 442 58822
709 817 16401
72 821 59682
346 497 20616
123 424 30806
94 606 31064
463 615 24207
154 497 19105
549 576 17493
8 836 33615
73 268 35805
121 485 16155
178 879 41617
268 565 36688
453 705 25495
95 162 23770
376 651 45343
275 696 13000
267 331 40719
687 704 18111
243 687 22023
20 186 19647
253 467 26926
56 819 12369
585 696 31385
139 483 16643
70 78 35511
58 669 39115
63 508 30150
659 730 38601
713 797 28636
419 707 34015
302 634 41437
593 812 58830
443 734 21260
261 547 54562
77 491 67201
167 240 52402
387 602 45188
284 474 28601
351 808 46098
97 808 34482
284 812 31000
565 871 15133
30 298 33838
375 913 41629
648 797 33242
184 911 50329
782 784 24187
47 516 42297
91 715 39661
57 491 42154
451 481 47539
27 662 38013
396 580 22204
490 663 35903
12 422 36235
118 897 38626
62 825 39661
766 806 34234
655 674 20591
65 913 27785
164 815 77369
444 540 28636
444 738 21378
223 582 40460
20 390 70456
541 662 22204
86 202 52431
310 351 36401
156 709 48466
416 550 78924
238 902 26926
171 306 18028
176 438 48104
297 822 30000
204 700 18248
82 395 34015
228 294 28601
434 822 18974
158 529 30000
185 330 38118
342 910 78549
422 674 45891
328 744 20616
315 893 46519
31 613 10817
582 748 19698
6 591 26420
198 342 53235
678 880 24187
153 742 36401
349 695 23409
145 189 30594
406 828 43417
403 596 57940
568 602 51088
307 607 16279
129 361 18111
734 784 31145
405 527 18682
373 913 34482
746 861 21401
287 463 47634
418 517 35128
549 691 24739
289 360 25080
429 599 31953
287 546 30594
854 867 35384
333 479 27019
544 654 58600
65 772 31145
246 619 66753
689 817 44000
470 855 33121
143 153 38419
160 352 30083
122 487 35228
136 739 38079
699 910 70456
449 803 12728
446 890 30083
310 551 33541
448 534 23854
267 517 40012
381 668 44688
23 753 21932
4 33 41725
323 333 26926
45 218 22023
276 575 44418
154 516 26833
428 433 19026
57 539 34713
94 357 28018
71 837 36359
67 737 33015
357 728 11180
65 874 13038
322 545 30000
605 632 21024
259 728 20591
37 466 42190
175 808 48010
465 918 30610
102 510 53038
263 849 22825
179 833 12649
48 625 13928
135 650 27857
366 575 29120
488 898 44385
538 883 32249
328 845 17493
154 346 20248
72 657 85288
229 300 62169
329 514 25710
208 339 52631
604 742 19925
101 447 37590
152 429 12042
486 523 27586
425 803 39000
645 916 27659
670 727 28425
61 258 34438
905 912 36014
325 641 22672
576 691 17493
342 869 37696
219 585 27019
59 453 25554
73 609 36249
74 433 18000
148 851 46325
322 751 34205
494 555 19313
727 784 47202
166 919 39850
502 648 17000
115 761 38328
525 561 24042
694 926 12042
228 834 77833
482 623 31257
25 394 34540
216 642 22672
384 400 28320
524 833 15620
614 832 34828
862 888 34482
213 591 32140
740 776 15232
820 871 30480
121 603 24698
664 715 41183
7 843 27203
674 904 32249
430 601 31401
344 654 60407
712 859 19235
78 306 41012
130 557 29411
397 501 21471
57 604 31305
449 915 29120
254 321 68476
740 786 27019
301 569 17493
437 751 36401
712 749 42521
233 531 22023
342 775 62073
360 831 27731
538 806 66098
347 616 26420
271 868 26401
411 458 18868
390 410 15652
374 856 13928
690 835 47707
386 929 46755
342 730 87092
151 629 12166
20 453 11402
215 647 18385
167 196 51478
246 338 24042
145 773 62650
2 449 19235
743 897 46690
100 461 24187
157 918 23087
262 718 44418
501 604 33242
169 698 36878
44 641 10296
570 668 56400
46 880 21000
53 299 26683
9 202 45541
498 825 55227
145 762 32757
501 686 19105
386 681 18028
82 928 41437
173 709 38288
124 439 15000
368 520 25942
300 851 33541
715 846 32757
135 839 19235
367 646 40792
139 190 42426
88 885 48877
24 444 27586
433 795 16401
4 62 38419
93 644 10440
412 603 31401
267 563 42059
289 831 22091
64 865 55027
32 275 65000
383 866 62650
376 634 42048
868 907 20518
25 526 26926
613 802 21932
257 636 60033
289 615 57489
307 545 23537
550 915 52498
260 262 22472
156 563 36401
3 176 23345
388 772 27459
212 567 21190
181 697 31257
246 552 35128
119 172 21954
225 286 27019
279 691 23345
556 898 20224
109 831 33377
282 403 50636
46 232 35693
72 791 25179
67 769 28636
447 599 26019
424 564 29155
680 877 52612
98 127 14866
411 713 26019
498 594 49477
294 432 50000
693 914 33734
655 676 47802
356 490 32757
275 585 32249
103 402 37443
857 886 31401
336 593 38053
200 630 16125
509 650 31257
230 382 15133
504 601 24207
70 171 31305
260 899 29069
760 858 14318
662 813 27313
558 741 13000
270 576 42953
9 489 36674
255 510 30594
438 817 40608
159 459 35114
217 815 65734
360 895 14036
75 858 105475
452 541 20000
113 286 21932
115 256 46487
219 891 21471
224 251 21213
391 874 32894
140 860 23022
393 792 36401
126 177 46141
625 886 10630
77 611 29732
49 92 24021
47 497 20248
83 653 21260
439 499 15133
279 864 49649
345 632 17263
106 923 30232
231 878 22561
50 687 36401
202 353 216622
519 915 30594
761 877 25318
361 534 50990
319 471 44911
256 508 43738
286 392 13342
242 481 19313
540 610 42012
218 556 51624
755 822 25807
295 907 14560
107 629 26077
187 762 20000
144 598 52402
318 474 34000
649 679 39357
206 640 20616
177 578 11314
423 559 36497
201 876 49739
2 643 10198
532 725 28160
568 783 18385
892 926 24331
360 533 25000
100 674 64777
421 556 18868
85 748 15264
366 923 12042
337 805 57983
246 759 46174
125 297 41773
419 848 30017
124 499 11402
239 876 28636
54 828 20224
514 546 33956
180 447 42048
204 348 34132
667 846 10770
34 300 35847
418 560 20616
326 531 22472
1 918 30676
362 476 66603
399 648 29530
136 730 25962
584 928 41110
183 587 13153
50 758 36892
286 371 46669
624 800 43600
80 664 33838
419 633 14765
679 911 71197
67 667 12042
141 847 14213
362 457 31828
411 790 43046
66 643 34132
15 840 52773
193 884 34015
401 837 20591
199 622 34655
167 534 41110
746 816 24000
445 808 46098
187 717 20396
148 669 47760
29 300 34366
229 840 43966
219 898 21401
55 659 17464
169 704 17263
21 534 92655
111 321 45541
224 920 87006
156 277 36125
769 846 35114
130 793 36235
416 630 55946
438 651 55109
521 685 34438
232 799 22804
645 832 21260
246 596 51614
128 458 16125
608 815 30594
318 512 16125
654 899 17088
304 662 48836
342 364 70264
271 299 40608
29 282 68411
209 888 68768
615 728 52345
339 740 28000
49 164 45222
521 557 41012
32 394 36715
153 326 18028
277 293 43046
194 536 21213
220 318 23022
199 789 62073
337 680 28653
7 766 31890
59 363 14318
186 705 11402
51 125 32558
8 769 44418
363 705 30265
176 671 39560
388 668 38288
926 929 25080
668 732 17029
141 630 13342
102 418 33302
154 694 21024
220 905 25495
595 927 21260
93 583 30017
52 476 48795
112 864 21541
267 372 30017
33 754 49649
460 683 32016
169 909 25179
344 720 38053
166 684 23324
346 694 12649
377 486 25962
314 771 40792
339 786 23707
496 883 37443
46 261 25298
710 924 35355
369 371 23345
406 507 40608
217 324 32527
307 585 31385
462 838 21024
726 825 24187
619 744 35384
161 256 10050
39 616 47676
455 862 40460
454 875 22561
109 674 60415
43 109 43267
544 801 57871
704 857 34205
110 507 26401
551 925 24083
378 716 34986
30 299 36235
348 612 21024
149 257 40311
326 849 27857
17 752 15297
96 148 31953
197 319 64938
52 471 71694
116 375 41000
441 656 26173
477 554 12166
268 841 25710
660 718 42426
208 686 33526
661 767 43000
1 776 24698
545 708 22561
278 412 28460
808 844 51245
11 599 29069
456 878 34670
449 848 27514
386 398 19105
628 762 76158
214 257 19313
288 924 33615
215 682 22627
58 216 22361
509 879 16279
31 890 25456
436 612 27074
188 486 14866
624 859 17464
421 623 29614
166 842 24083
171 195 15652
362 590 35847
231 408 39205
540 597 59414
133 569 45486
502 675 12207
409 781 105650
598 751 44385
51 908 16000
26 853 17889
267 779 43566
53 868 24698
606 831 27857
239 287 29428
573 673 25179
24 349 16492
283 341 18385
282 706 27731
330 410 41304
690 758 38484
22 583 46098
653 741 30480
385 903 11402
93 237 20224
89 230 38118
84 120 47676
658 929 21541
812 853 29967
97 351 34928
66 898 38639
175 844 41049
460 719 21954
136 400 41485
399 797 22023
105 858 85381
279 841 52773
146 540 29155
381 878 41677
302 651 47043
492 603 32062
66 707 20591
166 259 49497
103 851 11180
365 791 37000
123 598 52038
285 880 28601
483 631 49244
455 770 28792
419 643 17088
106 575 35114
393 749 25495
231 437 41437
443 784 37336
467 889 44643
532 794 21401
101 922 30414
439 575 26173
44 390 57775
73 622 31064
791 813 78160
108 744 27459
17 759 10817
352 653 34176
762 842 81609
71 304 56080
120 207 39560
316 367 45398
515 892 44407
133 861 47424
348 719 26173
26 266 36125
605 636 46228
5 263 16279
165 194 36056
876 919 19209
317 423 23345
768 782 37336
199 612 39661
11 272 29017
703 720 37696
522 713 40311
291 932 29682
8 559 10770
546 614 31906
71 662 43382
443 652 20616
321 572 61465
206 714 36688
234 623 26173
675 774 48083
198 291 23707
104 406 31321
487 553 27459
397 491 34132
190 586 14422
702 729 17263
9 434 38639
35 238 47043
161 508 47539
447 621 39661
414 741 34438
384 537 20396
778 882 38910
4 58 36056
295 313 13601
122 446 29155
92 103 43417
564 912 22023
566 665 49193
706 900 18028
153 531 13038
81 298 16125
438 689 37216
432 834 56356
210 495 32249
114 718 36892
118 826 31145
28 256 19105
314 514 43290
582 655 21024
676 904 43186
35 902 39115
33 726 30676
16 636 22204
399 490 10198
687 909 18868
442 888 63127
651 863 49729
506 874 41593
271 313 15652
65 672 26833
364 384 34713
496 616 36069
260 718 39825
227 852 30067
4 454 57567
226 628 53038
194 235 28425
18 425 25942
367 685 26249
539 896 38079
428 520 12649
48 533 27295
4 754 16553
277 371 29155
97 458 28178
180 205 22847
650 930 42190
261 640 29275
731 741 57428
370 409 83600
185 641 55462
531 742 29411
222 741 45651
557 917 41677
117 574 51430
294 901 42048
849 914 27659
376 524 55317
657 821 26077
74 902 19925
388 672 15232
83 852 23195
204 844 22361
159 267 32249
268 554 29530
155 733 45607
23 365 19235
600 791 20248
299 868 33615
635 909 42048
56 679 67676
298 313 28071
232 678 32894
470 712 39115
296 306 48083
83 930 30067
221 781 25495
286 846 41110
695 733 30871
838 924 14422
82 560 29069
597 610 67742
184 830 46615
637 671 24000
88 889 26077
165 493 38471
9 42 41773
98 107 19209
33 746 11402
500 855 42059
51 755 27514
633 643 24042
286 667 39217
9 197 54203
133 746 48466
18 188 37216
692 747 30414
373 763 12166
19 120 32202
102 399 26401
137 572 11045
398 926 16125
224 503 25080
85 795 39446
450 835 30529
822 908 27731
213 809 20809
58 454 35805
341 507 38275
553 699 33242
516 811 31064
186 472 14142
39 883 15811
241 269 59464
510 584 32016
358 579 11402
231 456 24187
36 504 30083
64 855 22804
49 608 74250
278 396 23537
274 560 24021
179 314 44272
168 489 17088
117 436 24352
123 385 34482
6 72 19925
579 878 37014
235 743 32527
253 652 41049
82 201 37577
197 202 42190
498 628 39623
288 598 21000
554 565 25807
389 802 21541
598 721 13601
477 587 39013
570 874 46400
672 772 28320
233 326 38471
529 761 46872
219 421 17464
230 754 48508
237 896 11180
577 712 37014
511 762 41231
137 778 37537
130 646 29732
190 756 26077
635 834 30529
601 872 49041
578 660 20248
38 182 23601
452 548 10050
69 384 32696
751 903 15133
250 314 18028
40 557 26306
541 548 23259
354 515 19026
422 450 22561
5 869 21190
411 490 44721
546 671 40804
68 373 32558
114 527 44102
465 854 32280
21 865 56639
173 176 43863
736 882 16553
122 931 34176
566 802 28160
144 838 15133
6 821 40112
127 151 19647
701 744 24042
179 432 46573
133 816 45398
423 769 42720
770 928 10198
575 733 28071
39 347 37162
324 702 20248
524 634 54148
620 722 12083
317 863 32140
243 513 47885
145 717 20809
373 773 43186
376 906 42059
576 932 55902
138 900 67179
367 505 46098
169 886 31780
253 414 26306
693 910 79025
254 572 56080
617 731 38013
873 919 25942
75 150 28178
104 828 58669
174 650 24083
192 879 57489
184 649 42202
512 912 30480
123 807 31145
9 822 40608
108 345 24166
687 723 32016
161 316 43658
129 252 30594
540 695 36401
468 544 19416
150 552 14422
211 389 32573
377 425 37000
110 828 24597
280 768 25000
722 824 26173
593 798 51971
615 873 36401
104 311 33242
647 682 23022
330 332 36139
145 258 43139
417 899 41146
48 360 28284
426 617 44283
241 331 18601
366 595 32016
517 745 16401
184 601 99810
138 383 66611
270 800 47424
178 509 42720
317 441 32650
257 543 23409
365 809 29833
530 713 20248
52 197 57201
156 369 20000
369 817 36688
511 628 61351
189 494 19313
633 707 24021
250 514 43966
254 467 41773
3 671 34205
617 735 40817
483 616 36235
341 406 21954
26 217 39825
8 483 25298
138 754 45607
265 343 59682
84 207 11662
374 606 30083
174 794 54589
582 676 37855
277 485 25239
37 516 42379
610 884 13000
336 881 23537
111 670 16279
58 96 23022
619 701 33015
21 167 85563
596 752 47170
361 609 39812
379 642 36069
336 807 33121
819 911 54037
203 552 25318
128 351 13038
20 132 22091
276 358 40311
86 525 12806
101 152 32985
499 536 39598
247 770 18385
125 749 28601
577 624 26926
837 901 32062
11 180 30887
76 587 31064
264 319 36401
187 829 43863
367 521 48260
631 836 27803
132 743 30676
291 342 36222
201 241 49204
433 902 22472
408 437 10198
110 335 10630
483 836 43566
298 500 47096
327 866 10817
41 723 31906
326 440 22023
74 223 32450
388 750 21471
141 245 18439
123 564 35341
204 574 11402
111 516 46755
370 739 54203
217 773 40311
158 877 25298
310 653 48765
359 488 19849
48 857 31064
516 658 33615
524 639 10770
409 788 172363
503 665 17493
65 528 31241
266 815 55785
141 181 37014
414 558 37483
269 876 38013
534 870 40447
229 282 49092
505 508 29428
57 237 16492
37 47 53000
459 916 25298
3 376 38626
344 860 51420
33 861 24166
686 738 27074
377 449 44407
105 543 20591
244 417 44553
434 525 15620
362 471 26401
380 571 23537
582 795 39459
334 519 20100
289 606 30463
222 426 29155
22 143 19925
68 145 45343
374 831 23431
54 355 30414
390 826 32202
318 336 41976
458 713 14866
505 646 18682
334 920 39319
56 640 29206
130 917 39850
385 598 47424
386 415 54037
708 894 28443
274 517 18974
793 828 71554
77 776 19313
153 914 31016
1 611 22472
432 635 34000
240 780 20248
120 617 14866
118 789 43417
105 203 13928
10 442 57009
752 759 10817
796 820 28862
581 890 57428
812 845 29069
606 615 37537
498 569 27313
227 879 32062
310 445 42202
133 238 54626
674 810 64031
208 491 15652
508 678 36139
160 580 13601
346 892 26401
223 810 36401
151 703 24759
13 680 23601
157 921 31906
25 894 37643
192 227 37000
233 742 31780
666 680 30017
462 729 26476
116 478 24413
18 79 44294
90 400 37216
8 715 39205
31 566 10817
804 920 76322
167 780 53141
429 447 32650
238 861 56045
814 866 152948
204 719 22627
323 352 20591
295 562 45354
191 568 39812
321 658 23707
75 596 48083
702 853 19026
191 782 37121
465 786 45255
236 923 15232
507 879 65490
340 343 10440
710 732 15811
222 653 45310
450 690 24000
250 906 26077
84 315 27785
184 805 131685
567 755 44272
135 467 26420
558 930 30529
85 814 24083
487 647 31828
185 411 25495
198 249 27019
146 610 19209
147 469 39051
101 858 28636
239 463 35903
83 558 27785
455 584 31064
292 305 50210
389 638 10770
683 789 39294
383 706 20616
673 697 22472
245 707 25179
459 709 32558
356 363 31953
402 759 24083
190 660 52393
381 579 22023
28 799 33615
518 912 33242
226 511 26249
769 863 43966
295 476 38471
553 647 37000
321 516 26000
65 391 24000
79 665 17692
803 915 25495
208 444 41976
358 575 26077
493 528 33971
681 872 17692
80 586 12207
455 928 29000
165 235 52038
253 443 42190
412 479 34785
378 529 24413
288 710 13416
181 573 28178
214 338 11662
527 893 42012
592 786 35903
408 482 31765
326 576 45011
492 745 51856
729 798 25298
201 770 20809
354 420 19000
172 818 18682
364 393 42202
547 679 21932
32 205 67082
148 827 40361
457 529 58464
495 876 46239
721 732 37363
315 405 24083
463 873 21932
140 380 15620
59 588 22361
56 911 52887
340 703 55462
464 662 11000
368 428 19000
131 264 62169
244 654 29732
28 115 57201
379 594 21213
393 712 27166
140 542 21095
777 781 38601
10 375 25000
86 168 36359
191 387 29206
7 860 38210
251 503 33838
2 848 31064
79 804 20518
181 416 92358
13 115 47508
117 767 46755
219 556 21190
684 842 14560
286 431 35511
447 475 30067
741 783 63198
356 790 24083
801 893 52240
43 162 16155
275 394 46011
14 836 13000
498 728 25298
542 860 32016
43 95 27019
616 821 41110
798 838 26926
236 312 27166
301 498 30529
428 480 13601
135 253 13454
281 799 16643
183 820 35903
345 619 25020
320 618 26077
108 632 13928
175 283 24597
625 698 13000
98 629 26926
181 273 59414
42 562 24187
13 761 29155
510 663 53824
556 643 53038
37 784 55109
96 764 33541
148 608 15811
12 513 75690
88 794 48260
325 705 15811
276 388 14866
779 916 30806
630 707 28844
381 732 35114
587 884 20000
292 679 41304
32 526 67676
289 895 22361
273 697 46573
354 398 35468
426 731 42190
509 930 41000
346 926 12369
382 902 23770
473 836 14422
308 400 20224
211 566 42942
75 203 27731
404 634 29155
495 770 10817
225 371 34525
513 690 50329
439 750 37947
314 698 28018
63 355 42059
282 840 12207
55 370 61294
574 844 23022
878 927 30871
195 503 32573
182 661 45880
60 235 25632
431 737 36878
570 710 55471
188 425 16125
89 138 32558
253 839 19313
1 484 31623
522 580 24187
98 140 25318
242 320 44688
623 818 24166
330 808 56639
620 793 18788
530 675 51894
385 751 20125
52 319 48466
356 663 26907
211 802 25080
287 614 24698
245 847 14765
12 814 86683
15 754 54489
62 379 47170
190 483 33956
268 609 18439
297 299 30676
642 764 15524
305 337 31241
166 495 47170
698 895 37577
130 722 38210
377 803 44204
85 368 26833
303 556 49041
641 790 21378
581 627 52154
640 819 36056
407 815 57079
106 349 25807
464 753 38210
297 908 30017
364 537 40361
225 293 36892
273 922 158493
653 925 43417
55 409 22627
112 501 29833
332 700 26401
460 612 24839
45 850 17263
524 837 36892
335 725 23324
68 494 12207
255 663 50010
401 524 21095
572 778 30414
14 213 10296
165 528 31780
322 482 19647
324 773 24759
27 541 31401
559 836 27166
219 234 28160
344 468 17088
454 754 62032
486 921 25962
23 809 20000
24 236 22804
522 925 32558
115 161 43290
668 710 18439
235 897 27459
466 468 17464
229 688 22361
285 714 14318
420 515 27586
70 251 54083
122 566 27857
418 675 27459
46 281 30150
758 835 56719
578 883 22804
693 849 51740
731 783 41231
789 826 37216
469 888 19026
64 435 26571
34 229 51478
512 518 18439
20 44 37336
16 475 17029
80 527 38079
163 930 14142
36 427 37014
102 502 23537
607 708 21401
272 429 79310
401 901 16125
80 190 18682
554 841 20025
805 877 46400
470 577 37577
693 699 23770
183 597 64351
75 403 100245
121 735 39357
88 254 37336
126 417 38639
158 353 26926
118 597 33734
375 478 20616
598 924 47802
280 544 15652
459 563 46065
113 293 39850
49 619 25020
471 716 17889
270 279 37656
195 306 22361
147 888 48010
383 900 11402
254 889 24207
440 849 27731
70 920 162077
142 221 24698
464 600 43566
334 550 35777
363 588 14318
208 312 49204
45 377 10630
505 793 52326
367 557 59203
657 791 110454
29 752 27313
424 167
329 108
367 798
129 603
653 195
526 986
705 913
528 902
880 250
390 481
142 222
148 849
937 512
515 946
74 573
104 296
88 457
398 59
547 718
479 485
754 333
572 144
473 941
469 297
241 260
221 411
414 927
850 522
62 485
818 293
465 104
196 210
158 633
114 511
131 662
904 685
748 761
657 426
616 950
809 399
207 824
872 291
187 711
514 498
366 124
842 570
793 789
260 805
142 440
225 848
814 206
893 323
867 271
745 526
717 69
877 641
526 207
141 569
448 505
435 411
333 548
159 579
779 508
768 309
339 404
298 136
499 836
301 469
785 206
537 11
396 926
507 992
655 362
116 714
19 389
563 287
433 183
556 41
437 38
555 859
797 337
404 622
645 622
584 779
91 758
893 192
658 801
760 626
64 654
828 159
546 896
118 441
525 171
237 700
208 728
154 550
565 541
754 873
639 589
220 782
86 285
472 579
124 484
696 472
31 372
450 334
766 888
152 368
211 747
736 545
753 716
554 264
529 770
607 848
896 488
330 475
627 411
495 398
387 233
576 732
534 710
497 105
264 302
432 363
790 228
667 946
759 859
566 574
658 310
789 442
975 432
457 487
183 687
441 476
721 668
780 115
820 655
70 622
566 919
750 898
251 105
586 24
578 163
277 339
271 503
522 295
381 512
165 520
66 330
32 414
778 854
78 253
602 193
812 759
457 392
471 754
397 134
967 455
432 707
571 639
853 493
202 705
677 606
185 426
392 437
300 637
693 393
912 223
278 846
399 40
509 25
368 244
401 743
729 626
637 503
371 775
627 923
738 575
323 868
157 249
214 104
671 445
548 320
975 637
559 531
484 504
258 535
394 96
301 497
560 877
660 777
660 562
535 271
422 417
495 32
718 438
927 277
699 187
599 384
278 94
370 638
923 235
44 377
593 460
166 270
835 631
590 769
480 237
387 592
316 604
433 75
834 148
506 941
78 388
572 72
163 565
240 446
344 123
318 191
157 306
595 47
614 680
143 732
462 17
521 763
223 571
672 597
334 966
69 536
102 657
369 279
849 535
602 228
315 219
444 435
447 303
522 191
133 709
333 691
732 428
400 677
853 383
245 878
706 877
255 123
75 405
346 609
390 892
682 208
327 825
483 14
664 280
711 677
765 663
413 551
852 503
71 370
302 533
251 644
673 849
850 594
661 830
650 179
948 376
826 786
218 447
448 679
626 341
344 697
660 257
834 305
143 193
173 147
429 633
259 194
379 369
498 730
517 653
623 264
714 794
872 567
20 539
659 514
193 376
838 593
520 790
328 720
316 325
266 754
380 248
678 176
910 544
541 732
351 943
840 323
529 88
831 236
799 321
841 265
96 480
217 664
413 911
356 133
367 974
945 580
515 42
279 219
771 158
580 11
608 595
720 449
450 276
827 319
309 826
570 803
894 478
466 883
176 319
938 341
819 354
798 723
326 242
581 660
263 423
494 524
620 194
34 651
187 386
308 758
556 493
411 662
591 484
604 674
380 55
744 552
217 328
965 556
68 382
429 224
845 848
676 521
674 140
835 845
743 835
142 390
829 770
582 965
596 426
465 313
355 237
579 573
599 650
990 441
882 798
766 548
481 530
236 672
395 332
277 142
256 777
676 312
908 401
451 519
738 169
482 958
425 318
849 472
79 734
471 774
768 103
487 757
447 709
323 445
226 737
370 466
381 834
374 117
963 423
206 575
760 910
370 320
104 672
16 583
772 176
281 272
874 773
642 754
365 374
423 106
537 445
339 380
533 793
748 210
228 228
418 653
540 648
521 226
855 775
496 568
791 155
347 897
103 453
12 489
396 901
552 819
687 502
261 504
330 275
701 53
551 452
542 550
544 662
186 611
685 673
908 731
291 53
674 908
450 604
311 112
901 798
335 187
165 817
482 900
257 272
386 82
585 683
867 684
79 715
90 252
939 697
490 809
311 913
98 714
873 212
777 334
604 419
328 285
404 810
420 372
642 193
445 908
405 536
689 713
489 278
633 561
512 130
119 267
646 375
338 91
170 839
814 389
453 952
470 492
112 548
363 599
372 255
886 424
552 566
420 740
558 433
232 803
278 375
298 683
426 965
376 181
744 803
734 691
737 819
343 521
778 258
929 385
498 502
507 921
176 353
121 297
858 357
600 317
350 461
577 673
87 726
860 401
345 247
552 910
394 177
519 716
399 110
532 101
264 157
896 217
498 558
487 223
493 689
386 399
308 479
344 620
594 916
810 778
233 638
435 374
802 274
531 245
467 602
464 42
915 713
804 482
287 418
712 534
809 511
715 611
419 581
240 551
190 311
203 901
314 783
881 817
788 747
447 639
178 297
360 57
67 711
854 424
561 611
380 130
345 876
885 202
218 274
570 824
363 424
943 437
524 587
601 206
772 591
236 792
666 362
673 414
407 402
768 196
653 953
560 200
495 306
433 952
739 916
49 362
721 808
302 224
322 750
899 570
454 942
630 254
364 23
575 601
40 402
555 116
612 315
326 486
325 171
813 425
659 646
518 906
430 609
878 179
884 312
461 719
232 287
591 330
471 95
854 155
652 738
208 649
291 383
783 905
821 666
227 129
604 457
417 346
621 239
744 274
619 915
392 321
558 635
490 179
117 763
526 141
394 601
291 190
548 869
561 318
438 525
140 318
939 419
503 973
373 221
255 326
221 590
433 287
33 435
502 365
316 304
120 241
463 988
934 728
601 735
525 687
554 221
130 354
254 726
263 216
174 507
640 329
537 307
443 155
577 417
459 113
349 733
279 698
569 942
590 727
821 328
141 415
740 451
152 289
624 360
341 216
730 251
273 810
610 795
462 135
260 609
780 866
264 102
532 955
139 373
304 125
399 872
277 913
101 318
358 789
413 102
341 886
854 623
509 507
180 550
327 118
535 168
385 722
809 464
555 79
482 594
950 603
711 642
415 864
709 718
631 638
686 855
138 762
426 926
592 985
819 734
724 85
608 898
658 489
415 965
463 550
544 827
449 51
952 561
507 827
336 349
120 536
750 700
334 789
351 380
230 154
156 772
477 609
109 800
158 323
818 546
915 585
951 531
891 779
556 56
527 425
288 617
869 455
512 247
259 861
89 546
436 829
170 863
606 248
296 86
596 129
833 758
473 335
264 206
218 135
286 810
587 107
575 463
174 414
256 404
795 872
261 843
481 515
8 564
280 126
280 229
426 772
322 337
643 386
745 237
541 576
824 596
524 863
945 393
254 515
638 868
577 444
781 837
327 296
751 446
234 841
74 694
764 564
168 604
732 722
241 662
273 401
755 108
621 705
337 332
445 348
673 727
569 692
846 722
466 837
510 274
815 130
429 196
654 658
573 215
467 458
167 391
460 649
165 642
310 59
99 771
773 205
384 384
299 263
73 460
464 961
114 610
840 197
574 855
641 466
205 879
79 451
61 305
934 483
278 535
321 433
184 535
700 89
684 937
658 446
734 779
505 864
353 626
301 866
370 401
280 441
511 643
671 78
415 190
611 59
848 680
405 686
743 411
600 22
697 774
659 721
694 750
120 359
408 213
726 275
848 143
537 387
505 528
482 995
713 200
757 459
755 578
111 724
584 348
513 582
265 377
863 553
695 225
664 818
443 98
347 82
451 23
996 507
718 941
233 299
598 531
489 929
172 710
819 745
224 376
404 990
93 782
204 501
189 642
436 785
363 226
874 653
556 355
566 983
855 218
240 916
754 420
192 601
518 419
138 490
725 523
218 517
948 675
244 752
371 706
335 864
261 939
196 823
515 933
365 907
279 354
704 659
27 549
632 316
302 613
727 929
603 480
202 395
517 831
242 116
312 82
630 168
369 141
126 495
642 599
237 403
385 150
762 287
239 742
234 822
58 291
726 234
731 885
148 655
332 573
463 851
574 272
716 291
25 645
359 174
858 294
660 175
660 402
576 332
903 766
289 663
328 411
117 526
327 663
959 479
391 284
704 599
821 570
212 305
831 715
625 937
549 302
785 584
265 817
602 353
342 540
746 648
483 122
328 210
845 791
612 823
252 224
270 776
527 181
459 412
305 174
692 871
23 574
333 905
110 695
284 261
152 804
174 287
341 847
844 309
830 206
275 871
645 67
928 655
210 288
353 428
603 162
330 63
412 716
777 404
395 157
312 675
375 16
424 117
65 263
433 309
287 342
593 617
841 767
419 271
363 628
839 742
675 620
529 117
662 201
