506 1001 20 69
249 489 48301
213 485 20248
264 384 37014
27 456 42544
92 100 39825
78 118 85147
151 378 72250
238 285 11180
277 459 12042
51 175 47434
195 422 27295
354 493 35511
341 456 56939
193 224 54781
297 457 40608
237 394 32527
272 297 30414
378 474 49679
131 290 55227
291 377 38328
147 211 63781
5 19 28844
315 442 43174
71 494 24166
62 240 86093
207 494 45793
5 219 46519
141 441 26627
25 384 51865
101 272 39408
220 331 59439
9 387 27659
54 350 50990
36 187 11705
165 273 12806
289 480 43000
42 229 46011
42 164 73926
82 143 16279
145 315 69642
31 367 24739
427 491 81908
127 498 29275
116 268 50931
203 296 38328
203 371 40311
450 451 33242
107 166 55000
297 314 39623
157 471 38626
24 365 30000
183 261 145801
316 499 46861
156 341 69426
92 232 66851
143 254 17117
211 410 56045
103 458 13038
154 381 33015
257 377 46000
273 443 26401
347 499 63953
62 340 28636
157 197 49477
239 302 24083
56 292 42638
325 412 103121
18 488 23195
241 319 37054
415 487 71589
207 291 46141
107 165 57489
119 451 89989
92 271 65276
244 456 55073
220 465 24042
118 356 15652
410 505 34015
207 257 15033
328 505 23000
434 463 47518
200 205 35384
99 110 60216
30 335 20224
2 169 23195
45 370 33015
139 177 45541
143 159 23770
129 481 21024
92 235 27019
464 477 41304
62 206 34785
48 197 38601
3 93 10296
10 193 156109
5 61 52326
120 137 50359
48 316 27586
55 402 48384
314 370 71840
5 95 52802
165 166 38601
258 386 57489
299 321 39217
16 384 67543
81 446 69584
28 195 44598
10 148 24207
2 79 69181
267 327 55902
152 371 58009
40 487 62650
201 217 35847
305 324 18358
235 465 30887
309 477 49980
373 408 22627
180 404 57271
117 200 61033
283 488 43417
216 303 67052
58 390 28071
1 430 28792
260 401 77524
281 323 11180
43 383 44385
32 193 14866
336 426 33541
210 213 16643
453 470 61847
349 387 46239
208 408 15620
306 429 85094
250 309 102533
109 381 38275
100 235 52038
464 494 38275
312 381 41785
481 494 49396
278 375 39051
197 477 81633
251 350 12166
85 163 51245
237 419 30594
61 399 22804
3 231 40804
179 441 25239
319 335 11402
281 286 13928
26 382 48166
244 496 80324
99 256 61392
48 395 34525
65 473 80994
241 460 34176
139 321 46141
113 434 42426
258 405 32450
242 363 31401
42 260 169163
319 460 39051
292 380 47854
36 210 29155
76 177 57428
444 486 27803
144 457 34176
12 93 15297
153 427 43186
23 501 25612
172 334 36069
135 228 42048
274 416 85866
320 380 49244
275 435 65115
26 452 46648
187 269 24698
80 269 56223
128 459 45177
71 291 38471
325 345 45222
285 505 12166
146 243 57009
91 226 29833
267 491 37014
124 483 48600
177 181 23195
106 154 33061
60 473 59666
249 383 68007
20 162 19849
26 236 45222
89 417 55082
433 472 44643
47 473 62650
193 479 145908
30 167 48374
159 419 56223
228 464 52555
57 204 47854
177 318 58052
121 256 52086
30 168 72835
149 268 21190
249 289 32894
196 200 26401
338 394 32311
58 226 30480
254 270 11314
156 248 46390
366 393 44045
391 394 73389
105 388 49497
68 475 29069
148 347 65000
35 433 53712
28 422 33287
167 168 45177
59 161 39560
351 445 14318
129 174 62298
251 261 37947
53 351 13892
286 323 24187
265 292 16279
214 361 54708
124 440 48010
129 309 31064
352 414 14142
259 313 28636
99 498 57079
82 254 19799
98 478 43324
197 298 35805
442 446 62241
83 168 27586
121 340 19105
150 185 51078
79 214 43909
280 293 20248
253 424 27731
86 173 47518
30 332 58523
443 483 66189
460 497 25080
294 428 29069
69 330 17464
127 372 51865
131 276 64661
94 408 28425
116 122 49041
250 298 46011
341 399 51856
63 65 45122
324 427 48094
216 374 70838
189 412 26926
39 222 44944
29 397 61855
47 60 16279
121 381 44294
282 490 26420
18 265 12369
339 480 26077
186 425 38210
154 312 46519
118 287 24698
81 245 51039
178 188 24207
234 346 21541
90 313 14422
26 230 46174
431 464 37014
101 151 16643
108 400 71344
135 462 26401
288 483 41725
228 462 59034
91 261 45607
320 353 44721
59 120 67779
37 268 41195
50 258 65192
93 231 37643
87 149 64195
179 371 65742
81 161 76538
160 393 50120
120 389 56303
145 245 75027
248 504 51884
100 130 50448
311 447 68000
424 436 31953
54 406 38079
23 67 66483
243 252 59942
152 415 71694
252 429 67231
278 448 34482
124 241 45695
23 391 93622
225 369 56080
120 161 50448
327 491 39205
263 483 33000
150 324 60017
100 209 70831
113 126 46271
86 289 28302
302 446 74525
155 486 23345
162 179 73007
87 328 30017
119 234 40000
167 440 21932
212 301 84900
20 429 45222
182 433 20616
66 468 33601
223 480 29155
39 300 17088
292 476 53460
188 317 58822
128 451 57940
123 379 13000
10 298 82219
11 356 19647
94 208 34928
196 205 47676
159 394 61847
313 490 32280
210 485 16763
199 253 23431
103 192 39850
411 492 64885
84 298 85475
63 204 60108
118 311 62650
162 296 42521
192 246 143422
299 473 52202
267 459 46957
384 419 43290
231 247 56939
91 147 31828
125 411 58856
10 84 141032
415 467 40361
315 446 33136
175 233 48010
323 474 66573
125 412 70434
200 386 38275
102 312 67052
258 416 15133
251 413 79630
418 423 24207
171 467 53000
8 196 21840
153 255 17493
24 233 46872
325 417 51430
58 215 56798
70 491 73410
174 309 58052
58 279 34205
43 400 12806
63 154 43658
171 203 50695
134 300 51039
39 134 57628
88 469 24166
141 179 29017
224 342 58549
188 401 49366
156 504 45651
162 371 48415
238 505 18788
332 337 78058
212 461 19209
201 388 26926
177 385 13892
161 389 39357
245 349 53814
6 266 34986
97 229 25239
115 150 60075
355 500 18111
205 274 50990
266 383 32696
5 425 28178
391 466 38949
71 323 80062
9 14 11662
208 371 74108
29 408 31064
288 469 13153
169 246 15811
202 212 50990
98 367 50000
439 475 25080
56 476 36770
92 336 59481
15 23 44553
132 153 24042
219 259 29206
109 432 26173
228 276 53339
55 440 71589
34 434 58873
126 434 11705
308 409 40817
132 255 16125
86 399 49041
309 431 34670
74 99 42107
90 108 39115
413 476 43909
426 466 50010
36 376 11045
377 445 28792
182 472 57689
133 156 66573
85 484 49396
94 179 47011
233 365 23770
42 246 125208
223 289 37537
388 421 52393
88 263 18028
350 406 29155
436 455 46043
17 381 68000
366 387 44045
229 465 68359
134 306 44045
218 251 69123
343 493 51078
174 283 73062
331 465 50804
15 190 32757
17 280 40311
185 199 15264
234 277 75213
30 124 17493
96 396 27893
269 376 12042
53 345 27803
7 448 40000
110 256 66851
162 225 54562
113 425 64008
114 482 21932
362 390 20248
149 230 21954
190 361 57567
145 446 62514
152 208 58728
105 232 20616
8 117 45706
137 308 52773
453 503 21932
221 323 51614
192 310 61847
74 381 48754
46 274 55082
56 380 49031
369 449 44777
18 176 15620
374 412 37947
345 411 16553
33 447 62394
63 206 39661
217 506 30806
239 442 26306
338 419 23537
103 310 40706
250 328 47634
7 20 97617
216 417 50448
155 390 10050
159 466 50220
37 116 31257
111 297 41146
119 128 72918
164 246 64560
105 465 56321
383 428 27893
422 476 39051
46 327 214394
13 114 35511
469 483 32249
97 388 59093
302 442 39598
155 226 48270
110 409 21095
45 475 43566
132 333 30083
107 450 18385
181 318 46519
95 219 24166
191 267 98433
64 223 22361
278 441 24187
221 281 44283
260 331 93150
242 312 23259
37 322 28231
290 347 30414
43 379 68007
193 322 51971
130 220 52202
49 302 49578
113 453 21932
349 366 19026
20 39 70235
173 399 61555
144 492 33061
60 329 29275
41 300 28018
38 334 48166
457 474 33377
231 283 59034
3 12 23324
80 448 30083
173 480 29732
237 358 45607
82 419 50567
357 437 41725
158 450 44553
40 224 72422
35 472 77369
62 318 59540
391 506 92801
138 216 49477
201 232 28636
166 467 49092
20 179 81216
41 456 44385
10 373 24021
318 352 20616
5 392 46228
353 413 34132
205 386 45398
61 341 35735
94 141 29120
53 78 70007
138 303 35777
52 70 12083
104 418 21213
66 426 51624
140 415 46519
31 304 94133
67 501 57306
170 494 38210
34 202 70328
39 225 22091
240 352 42048
27 222 61814
362 444 29000
34 112 60465
136 189 24331
166 443 44011
54 218 41785
231 502 23087
310 357 32650
51 163 33015
84 268 42485
379 489 38588
210 384 81541
203 369 38897
20 25 74169
4 47 33838
14 160 37483
133 142 36056
142 156 44045
426 468 46755
20 134 82219
122 454 34000
57 63 33242
384 407 29614
182 370 67082
252 264 29155
374 439 35903
21 303 87321
330 376 13454
10 157 59414
458 478 40608
138 417 21932
277 346 73055
221 286 45398
174 360 22361
63 106 46615
52 305 36359
62 121 36069
157 499 15264
326 506 62817
229 421 19235
201 361 64382
28 283 19235
82 159 27857
66 506 67119
360 502 47265
58 183 63000
218 247 70434
323 378 77795
130 260 51624
180 262 41012
202 463 44204
457 492 36620
72 293 10050
238 502 61074
387 472 54083
10 408 42720
19 156 28160
306 482 66491
38 129 60828
95 180 53151
65 299 50249
294 383 36401
386 416 54037
431 481 28018
14 393 18248
117 405 52479
7 104 39623
4 29 47011
17 312 65803
86 294 30480
182 314 73246
280 354 62266
87 355 17493
10 29 62290
91 279 34482
90 404 41617
36 69 35355
248 482 64070
140 467 52202
26 454 43012
339 496 40361
303 420 69354
48 471 11045
111 495 24352
52 191 45607
264 419 54406
240 340 97406
102 493 60108
151 272 43566
275 340 98311
274 386 46141
100 198 51245
8 167 24759
113 503 40000
73 98 18111
198 336 24698
76 414 27731
147 218 13601
30 241 38184
266 428 26926
195 413 41400
156 186 33838
186 503 35511
358 493 76400
65 329 94048
123 489 28284
248 470 52631
286 321 18682
203 225 60745
291 494 22627
33 176 33302
102 280 50329
64 289 35903
42 97 28178
112 260 104403
140 158 30017
458 484 19698
243 270 44000
137 302 41000
128 234 66611
268 322 37202
238 309 95131
60 375 31145
476 488 48600
65 330 67956
409 498 18028
336 398 28653
133 341 52802
211 236 50160
197 250 26249
398 453 65299
60 80 29000
191 305 67602
84 322 19416
28 231 58523
343 354 43658
308 367 56080
44 219 42202
16 104 21587
130 235 61717
103 478 37590
101 182 40361
2 246 35777
65 69 56648
97 421 12369
225 296 54708
274 402 52498
347 397 26173
384 418 79057
16 418 31623
7 423 41304
38 287 24515
153 491 76158
89 374 41146
69 363 34205
363 485 49041
34 401 73171
77 214 54589
6 44 29069
183 253 61847
85 437 28071
287 356 21190
351 377 33136
1 380 60166
412 439 54708
230 382 60828
256 275 86585
147 226 42012
113 463 63514
107 451 19416
238 328 40792
158 224 54589
244 339 70178
75 359 104077
24 478 48010
164 361 80056
295 359 19799
21 320 95047
50 416 75822
152 487 22472
228 290 65605
272 314 50249
50 337 114337
49 239 37336
310 484 55326
187 210 21932
321 473 63820
215 362 46519
72 74 73027
46 403 32140
11 377 36069
252 407 42012
170 276 71386
99 432 52631
316 462 21213
73 367 51264
188 209 56798
70 305 31241
253 455 22847
43 266 31953
144 495 40853
297 495 45277
312 363 52240
156 392 61400
32 342 92617
28 476 33422
424 455 18358
57 242 14560
68 160 50359
182 387 68680
351 411 49193
59 275 44204
35 275 76322
396 400 51971
3 218 60033
126 178 25612
95 404 13000
241 483 11402
121 154 41761
13 133 30017
176 292 22847
115 116 61612
310 437 54745
40 479 81615
169 357 63127
245 435 17720
22 51 32757
173 289 31828
367 372 66731
170 286 93536
284 351 66068
181 385 11705
244 497 49578
436 444 46487
78 420 27000
43 396 51624
135 395 17029
158 344 52479
252 270 29411
32 322 43841
381 432 35355
89 412 59506
365 484 20881
302 389 12369
90 282 18868
13 142 11705
194 293 50774
183 199 83355
329 473 45310
25 184 20248
329 330 70605
47 375 35114
197 471 28636
255 427 28443
146 426 12369
50 405 37855
220 235 33526
244 460 64257
173 341 75166
108 262 23409
369 438 43909
3 54 27019
164 388 78006
273 483 79310
269 423 44922
217 326 56045
266 313 34713
7 25 73348
39 162 65765
89 216 33121
443 467 26173
243 466 38079
460 496 51546
22 163 51856
68 393 89308
111 136 53263
413 422 20025
282 313 23409
353 476 41000
45 136 43186
325 420 50931
48 477 62434
4 397 32985
303 430 71309
30 83 76968
49 304 208173
209 453 13416
395 462 23770
114 504 11402
143 243 42202
155 362 27659
227 392 44011
131 397 22847
210 418 49244
402 403 28018
54 251 56462
88 497 20616
238 247 43463
12 54 33136
115 368 30083
67 190 64885
132 183 206170
119 483 101607
237 338 13038
109 256 46065
11 118 13000
191 342 20100
198 398 13892
382 410 20396
184 407 10817
75 348 127346
34 178 62682
222 438 30150
99 372 92179
368 436 26926
135 464 55946
284 291 89006
76 139 65299
128 191 85071
217 307 42297
19 227 12649
75 346 40311
130 317 21541
215 436 58189
64 249 19416
152 171 70456
8 168 31305
29 148 68425
257 356 31064
87 500 29967
61 219 43290
288 449 36139
184 429 50000
64 337 43932
146 470 33615
15 77 29428
274 403 52811
150 333 83409
383 489 63151
195 406 18028
309 360 47854
291 445 42521
243 482 50488
265 488 12530
125 189 61774
283 476 35228
90 262 50695
221 414 48042
186 248 34828
21 380 58592
84 87 66189
217 361 59666
430 447 28018
159 338 54083
348 359 32016
24 367 53852
152 479 38639
31 308 73410
78 325 36401
271 307 21587
96 461 190924
436 452 45967
271 326 17493
283 334 61911
213 358 11402
267 295 27203
88 364 10817
114 306 50537
313 404 38833
15 194 50090
128 267 80449
147 486 73430
466 468 25239
55 234 36056
204 363 15620
77 79 56036
73 304 52010
50 379 110136
17 72 52839
236 382 31953
241 263 31953
99 175 92347
402 440 62514
298 355 70178
5 227 23324
276 286 72450
50 123 106231
34 212 72567
88 449 35341
22 77 33242
295 348 12530
96 379 49010
364 497 13038
99 409 52887
342 344 48600
122 230 33615
27 244 28792
184 252 49031
319 332 39115
185 333 108259
328 500 28018
99 127 68884
373 479 42521
292 488 26077
9 182 62482
139 299 10440
45 160 33422
92 307 65795
194 343 64846
36 485 34828
83 117 26077
112 401 45277
15 501 25632
183 279 79202
213 419 60017
317 401 44598
172 287 39850
1 33 56080
6 313 25318
65 177 36797
18 292 21024
269 448 52345
230 454 17720
344 450 20025
175 293 47381
301 461 94260
33 292 45880
400 490 25495
65 385 42953
106 206 25807
241 335 30806
44 259 33287
435 472 13601
364 438 31828
211 285 44385
71 284 101951
41 134 58310
78 447 51078
88 438 35777
244 438 69231
112 301 39115
172 311 26401
368 452 25962
551 17
854 789
345 126
482 443
437 816
356 855
505 518
139 698
849 213
393 420
531 173
357 106
463 718
859 207
774 683
539 546
751 554
481 95
461 800
445 595
545 6
799 655
730 676
930 615
519 590
236 229
351 673
398 95
439 462
205 675
968 569
235 375
515 60
491 957
780 320
602 512
240 355
500 172
383 628
279 482
361 667
795 891
296 884
354 826
812 154
25 638
514 432
425 324
993 457
128 825
806 623
114 394
596 184
324 109
95 611
445 43
695 477
212 156
872 395
525 444
390 793
746 422
691 444
269 769
647 434
646 758
722 742
827 130
627 487
109 383
545 275
797 580
962 611
795 507
52 605
681 352
803 688
597 114
849 720
545 465
872 342
590 658
173 745
282 333
854 671
319 801
312 274
279 631
710 75
368 892
254 113
637 849
354 121
430 478
405 858
232 913
770 878
944 613
837 504
602 868
771 280
732 565
925 672
544 525
697 831
734 426
189 494
365 931
783 465
886 469
735 199
541 991
518 860
498 724
195 291
209 351
147 743
526 161
147 577
897 458
772 447
223 304
231 851
190 666
691 184
523 906
898 536
116 511
472 226
614 917
495 402
40 331
433 717
419 673
476 317
769 158
947 464
646 58
631 394
245 518
458 486
467 729
593 674
697 229
949 289
583 763
277 135
408 401
251 294
135 288
762 294
353 510
33 354
732 459
224 183
469 773
400 361
246 488
616 668
833 180
909 409
430 582
839 622
824 823
202 550
233 527
157 681
153 726
877 792
531 291
313 568
493 110
326 754
452 167
845 596
493 85
674 409
543 922
459 515
416 910
697 412
801 253
149 156
530 607
115 241
488 801
598 523
558 903
745 154
781 715
142 430
963 684
240 389
771 633
356 80
133 677
388 313
597 817
107 228
112 693
720 817
430 922
360 549
648 486
86 669
713 411
511 214
396 470
533 852
613 539
319 183
420 972
622 553
811 742
161 181
694 46
706 784
285 124
395 836
664 902
658 342
341 612
279 749
220 440
381 606
235 136
449 796
518 315
749 892
240 275
378 150
692 811
884 624
107 577
654 870
273 203
641 606
346 219
980 422
742 336
232 648
691 491
568 708
324 683
874 291
886 805
329 179
515 779
273 788
368 296
302 57
540 655
125 213
576 672
48 345
824 444
510 199
93 770
372 854
641 961
266 69
387 939
262 637
567 644
469 92
326 873
50 465
244 314
589 500
568 664
643 784
739 257
210 560
40 691
845 360
545 361
63 516
504 504
221 123
779 583
618 323
352 902
415 104
640 238
336 224
613 336
505 148
259 608
304 777
466 355
551 237
472 76
798 590
342 821
34 487
398 554
717 236
367 342
621 391
377 644
502 994
956 424
630 26
963 663
133 363
453 701
664 789
923 511
441 224
906 708
517 99
712 501
360 880
744 207
974 354
444 344
606 937
717 370
234 685
450 9
608 354
266 344
616 312
124 347
632 124
652 769
12 424
338 259
554 448
610 491
722 915
237 724
69 339
468 136
225 678
610 796
240 802
634 617
278 736
774 428
401 759
162 432
710 655
201 461
618 167
87 585
471 385
23 481
910 251
314 59
589 196
704 354
410 29
725 614
321 289
512 168
881 729
629 562
48 501
432 177
764 770
203 201
660 496
288 637
906 633
911 232
944 563
187 262
333 577
813 187
400 544
881 585
392 444
747 93
502 465
601 501
556 199
690 288
231 864
493 33
751 486
284 233
313 843
568 607
686 416
80 714
867 234
746 824
944 427
214 184
639 698
408 780
877 204
664 629
459 318
259 920
474 411
585 810
368 799
304 894
564 952
80 657
57 641
392 858
120 788
339 74
539 613
408 460
888 490
304 237
633 174
735 129
381 47
706 340
287 538
78 768
655 78
565 528
611 612
597 87
758 875
380 67
546 513
150 225
462 829
595 766
76 350
340 850
482 621
561 44
470 243
786 491
806 273
512 902
857 296
180 236
852 699
311 615
782 101
142 665
480 501
984 396
234 571
224 221
583 209
941 351
577 67
537 494
294 599
202 481
170 490
212 269
527 840
223 270
134 234
372 710
685 261
918 661
71 507
264 660
408 987
465 341
465 895
499 266
681 885
605 717
260 568
626 731
257 621
566 792
414 325
849 285
571 406
652 256
805 111
419 69
458 271
958 654
360 472
304 734
493 227
518 715
229 637
900 653
629 534
241 199
341 491
458 98
251 831
329 889
51 428
664 231
690 608
535 253
712 191
248 709
287 650
894 507
408 374
339 287
750 692
385 172
518 820
491 733
338 236
713 754
