902 1593 12 263
201 303 25456
233 542 33121
197 567 18682
315 620 41195
456 500 29547
717 835 41773
219 669 31113
371 447 54000
262 811 21471
433 865 17692
325 491 21471
657 778 32696
98 636 23345
483 608 26019
280 471 26077
657 769 30806
96 164 28653
322 677 15033
250 535 40311
471 521 29833
350 866 15133
423 598 39623
270 881 50040
401 665 64661
413 496 55866
113 127 56648
255 404 36497
442 770 36674
99 669 23707
301 463 14318
111 187 29155
135 749 21260
27 526 36674
107 435 33121
139 694 21541
449 649 41785
643 829 22847
19 198 52839
262 694 21587
134 844 36056
156 703 95509
104 741 52402
191 791 55227
404 644 30610
593 662 13000
283 334 40853
645 792 37643
53 874 22847
452 877 67941
415 637 26249
760 770 41049
815 877 102591
60 408 10817
160 465 29428
385 396 10770
182 294 10770
444 574 25612
143 443 17889
138 215 24597
433 732 39051
198 679 37483
7 415 54342
80 822 19925
579 879 22825
659 897 49092
68 664 22361
387 781 72402
243 555 42000
505 683 51352
195 544 46239
8 534 40497
164 329 31016
10 759 23770
267 718 11045
92 547 42755
299 438 49010
74 553 39395
110 224 54452
136 492 27166
331 528 12042
100 865 30480
70 522 28071
234 585 38288
402 897 21095
566 678 51662
284 797 26571
247 534 47424
735 761 33061
572 685 13454
516 767 29411
434 889 33287
53 851 26907
307 799 11402
205 396 47127
208 813 48600
788 860 34986
119 147 31765
62 450 25080
525 636 38833
148 476 43186
685 747 49041
14 689 20616
338 443 52345
34 739 24021
556 715 35468
14 426 11045
611 733 30414
119 872 21633
349 393 32062
682 697 55543
131 789 49497
260 452 27203
727 832 34655
548 823 25020
353 521 41000
440 689 27019
603 734 12042
767 893 48301
400 604 37855
304 444 42379
38 270 24021
669 831 20224
218 344 34886
66 85 60033
31 190 44721
14 457 27731
462 665 42202
535 901 39294
230 577 28320
538 760 40706
641 897 36139
178 738 16971
591 707 20881
593 745 19849
63 885 34670
93 365 15297
9 767 43829
48 626 56356
390 863 20224
279 817 34059
116 871 13416
469 531 30806
615 692 18974
428 698 28302
77 383 24698
279 414 36892
234 473 63325
120 615 35693
7 458 31305
519 850 44385
36 862 40000
2 240 70264
77 412 56089
626 815 45177
35 596 38210
387 514 12166
637 847 52355
110 681 45044
627 674 20125
204 614 16125
163 321 43658
364 756 23601
580 606 18358
150 607 28443
733 878 27893
443 880 47854
432 441 46530
31 861 37000
182 581 19849
683 847 66851
259 741 28160
34 117 61774
71 798 27803
482 680 25000
392 438 33242
215 891 31890
232 265 26926
44 681 26420
674 708 52402
183 343 41049
120 601 51971
471 573 17029
242 550 23022
294 375 22561
126 154 20881
13 391 38910
295 366 29155
436 707 34234
178 899 58669
129 634 14765
4 381 42942
129 177 18439
133 465 52479
56 797 34928
217 726 44385
686 854 30364
399 776 34886
207 801 40311
40 628 38601
105 192 13454
12 416 27203
403 720 41677
312 786 46530
339 561 19647
146 382 58189
437 760 44822
248 715 13601
534 626 35057
16 106 13000
20 621 27659
397 767 27893
719 725 30887
301 884 50488
459 596 48042
29 79 38897
169 798 45541
503 538 13928
25 372 36674
33 575 40361
46 51 23259
223 761 37121
365 748 30529
295 331 27295
675 858 42012
459 786 38288
216 381 39294
61 547 19235
336 586 22804
123 874 14866
374 833 55471
512 608 50090
175 310 19416
523 573 23854
796 874 16125
276 583 62008
259 695 43600
129 859 27203
263 455 38013
40 784 25554
441 533 35511
800 811 34059
53 123 34713
520 837 24042
517 703 16031
96 329 16155
297 335 37121
409 789 14560
700 711 38419
64 493 38897
405 590 33136
113 633 24083
86 629 62241
210 497 21378
596 840 31000
44 332 15524
229 644 49659
253 835 36770
186 838 72450
134 194 17464
165 555 40804
91 665 45277
15 706 37014
284 527 27514
166 218 17889
304 574 36056
289 460 39850
97 402 50160
121 477 18788
538 771 15133
223 545 40000
624 772 20248
31 872 11402
239 457 27459
157 825 43105
311 746 32249
136 216 34015
415 447 19849
367 474 12042
81 137 28071
93 748 29017
387 727 63506
437 442 46098
6 747 50448
82 594 32573
557 890 22361
135 291 13153
339 745 44102
39 755 45607
313 603 44721
480 771 15524
23 477 50567
152 299 29833
590 851 15556
95 576 25495
87 844 29017
239 660 23345
560 846 30414
348 843 17088
91 770 40050
226 429 28460
306 663 24083
153 206 21260
392 890 29833
428 890 48384
17 738 39699
182 413 17692
345 705 61008
46 507 17088
82 506 24839
631 771 17000
688 739 12083
379 413 25298
340 546 21587
262 639 30232
284 666 15000
8 452 45486
69 697 35805
446 559 20248
8 827 37656
25 500 40311
117 823 54406
70 371 27659
804 845 14866
305 603 37121
511 799 38897
339 830 31385
401 605 65460
111 622 17000
25 566 50922
502 732 44147
122 836 16492
400 615 14036
15 605 26926
481 811 58181
335 705 14142
295 477 54120
269 899 92195
253 507 27203
3 121 46271
338 614 25495
178 900 25080
186 356 42059
157 690 23770
283 572 61033
127 557 27295
393 834 18439
35 51 23087
543 553 17117
313 581 52469
276 443 67082
106 658 59034
659 863 37202
314 705 34132
149 209 51010
634 669 13038
800 816 14142
149 884 81222
821 902 27803
447 637 32757
148 468 35468
389 787 41593
806 831 17493
169 347 25942
410 777 29069
170 464 35693
217 611 19235
255 580 12042
40 776 17263
548 628 11705
561 593 13892
185 582 20248
208 567 37643
202 378 34132
503 771 14866
1 615 17804
105 814 29732
227 897 39825
170 610 28425
437 866 40025
359 709 24021
775 834 15000
79 142 10296
68 651 49406
174 734 36892
790 877 45880
195 616 36770
53 590 31780
221 356 31145
175 702 20025
650 726 50488
448 886 10050
192 488 28636
35 599 19026
113 256 32573
228 791 29120
818 885 13153
128 395 24698
824 870 41012
572 747 48826
668 902 26870
29 142 37216
11 563 55902
279 450 28792
327 875 31064
123 446 11314
58 619 45255
166 564 13416
199 431 13000
76 283 27514
422 674 31623
317 755 20125
137 191 44418
404 686 35468
629 825 40497
302 889 10770
164 882 44721
262 800 17000
426 699 17000
349 834 22804
173 893 26019
107 283 38484
115 254 16971
71 344 72250
460 524 34059
280 627 33377
60 738 20100
429 823 31623
251 699 14866
24 291 27785
250 623 32016
754 879 11662
103 193 24839
83 189 36346
10 227 24597
424 493 27731
582 735 25060
61 452 37643
161 316 18682
536 742 40853
37 805 38013
20 670 81707
180 601 58258
455 853 19723
16 588 17692
544 769 15264
256 714 37000
257 875 37656
425 529 49739
214 299 42942
681 744 32016
403 416 21260
136 367 35341
109 709 41340
424 816 33377
89 799 55946
530 841 17029
661 892 34655
46 599 34234
312 717 36878
456 467 17464
65 263 13153
491 506 10198
278 841 37947
63 753 40200
134 672 33541
114 568 30414
279 309 27295
569 740 26476
205 727 19105
110 407 27659
42 229 46011
245 345 34059
408 900 21587
122 317 37363
371 766 39051
551 589 28443
30 56 18974
75 570 11314
75 553 14560
494 604 11000
305 734 40853
693 837 11402
351 436 20616
171 497 31890
389 427 25080
364 764 32016
799 888 49518
320 896 39205
204 216 20248
425 721 22361
360 448 17692
235 751 13892
249 478 35735
5 467 38053
49 645 17029
78 347 43829
5 577 26870
256 330 12042
556 613 33242
71 871 35735
334 764 15652
358 693 26019
10 259 29000
200 361 15524
43 618 36346
617 818 29000
413 581 28018
146 752 28284
279 857 22361
708 736 17493
67 881 41437
50 270 10770
310 792 29275
12 90 27074
417 862 28425
76 185 22804
33 578 23601
504 539 32650
119 466 39115
81 432 30414
634 859 33377
194 672 23022
111 159 47074
48 609 25000
288 469 41485
53 779 21840
752 873 17804
156 243 33838
1 692 17464
5 184 18868
841 876 13416
24 97 43324
690 825 21840
10 717 20248
11 22 30610
286 546 48104
454 842 38626
356 839 18601
683 892 15524
104 259 36674
374 730 13892
2 727 52953
421 565 31145
388 712 33015
359 460 40817
348 826 38328
403 642 34482
57 550 30017
119 861 34132
552 719 19647
285 686 35735
29 517 59034
525 889 34540
217 733 31257
360 598 36674
3 649 57697
313 638 55660
856 870 63600
52 725 20000
117 463 66008
251 426 29732
413 625 52612
191 619 14036
252 636 62362
266 613 28018
389 512 42202
537 820 15811
88 324 36069
809 883 14036
155 510 18385
323 668 31016
531 683 70711
595 828 28792
137 676 21024
143 672 36056
186 802 50448
102 153 34986
513 524 73164
161 584 31016
261 317 29833
619 654 32450
543 615 27731
32 697 45880
223 357 35468
587 614 25962
351 591 27000
341 471 31064
274 719 17205
150 475 39850
372 566 35777
327 616 31575
848 892 24331
19 578 52773
259 717 39051
255 369 11000
296 658 32650
589 686 48104
32 69 37162
193 238 31048
69 364 27514
55 647 26000
226 445 139201
120 864 25000
100 841 32249
243 244 27659
55 629 23087
225 841 27295
282 452 28071
536 583 43046
377 899 51039
360 423 37108
461 705 40262
304 759 38949
86 239 19105
242 391 16401
579 754 14036
562 851 18682
287 495 22000
22 355 17804
427 787 24759
465 723 20396
861 868 123110
365 763 19313
116 758 27074
561 898 11045
464 533 26000
63 181 32249
554 836 13038
159 726 62129
167 509 40000
197 734 22847
241 560 33615
26 350 40497
899 900 75664
353 708 62626
360 886 11402
533 610 13342
158 430 17117
843 893 28653
128 375 39925
487 549 41110
233 493 44011
209 420 36620
113 330 30067
38 50 14318
46 459 63891
216 292 26627
480 631 19849
817 857 30000
363 584 30480
66 899 141156
125 463 42297
166 842 28425
237 759 21378
155 684 11705
541 768 55227
496 625 34540
19 253 18111
186 699 21932
188 882 18974
22 328 14422
418 714 46648
186 196 57306
647 805 16492
228 433 21840
513 887 112058
580 644 24083
368 801 15652
275 621 58310
128 342 30150
37 809 10296
233 481 29275
600 829 27203
458 559 16155
507 679 19416
58 865 14866
4 577 24698
144 474 19925
115 163 16553
296 849 23324
354 440 17088
21 696 10050
140 421 36770
323 737 50090
502 646 29000
624 638 19000
440 825 30150
150 751 59237
49 820 38053
201 581 15652
590 796 38419
649 780 62008
265 443 49244
124 825 73355
55 825 54489
184 820 42953
341 523 30463
554 755 25000
212 355 30150
249 406 35000
433 552 30067
52 676 26571
258 695 14142
238 730 18788
171 803 51662
66 822 30017
18 248 17088
376 856 26173
73 528 31906
718 870 121235
451 612 28653
320 325 44045
246 642 24083
732 876 11180
109 359 34059
388 605 238212
215 772 19000
633 762 33242
67 857 28160
216 367 14142
554 721 50210
372 526 32650
76 687 21378
118 289 29069
99 328 19925
153 324 14318
350 523 19000
87 545 31241
152 633 38013
698 819 27514
176 568 41485
498 746 18439
148 559 33106
27 340 52469
306 376 51352
306 727 28460
24 749 33422
47 895 24166
273 787 12728
39 878 24021
155 509 18868
339 898 24083
289 396 32985
90 416 30610
106 668 23770
144 439 34000
240 524 13892
542 736 38471
592 795 21024
386 495 21095
112 549 41437
84 375 41304
108 220 30017
66 80 12083
518 651 68015
96 156 61911
260 409 33541
222 352 24187
276 870 44418
624 828 15232
401 610 32249
8 282 25080
245 297 37363
267 747 53712
84 833 22136
660 839 26476
539 875 51546
369 686 28018
117 750 58052
639 816 35000
419 686 20000
338 880 18385
461 712 24352
658 701 50000
73 780 47508
249 591 17464
344 842 11180
227 237 40804
146 535 41881
28 811 13342
196 315 37202
156 244 41231
27 372 22204
153 167 49254
353 466 60440
200 300 30017
545 761 52326
388 718 91411
473 564 27295
310 598 45453
557 673 56569
402 622 71589
343 771 26249
398 484 24413
52 432 17464
160 648 38328
97 540 43932
79 703 32696
354 825 16643
537 702 51400
446 522 20616
274 732 35341
467 782 19235
234 711 74404
399 775 24021
303 772 26476
83 621 16643
130 879 40012
110 887 75961
701 704 40000
94 842 36014
370 408 22023
515 722 34482
45 83 24187
750 773 16401
36 246 64777
376 774 31828
539 798 14036
431 565 21190
141 510 16971
479 643 46530
18 724 26249
254 742 16155
377 893 20616
250 555 19799
263 383 26173
348 516 34366
492 500 17000
52 464 46098
126 691 20025
400 515 22672
361 470 27803
575 578 44721
214 438 47011
766 810 11705
338 587 43863
43 193 18868
163 536 58310
149 198 50448
354 589 41593
173 899 29000
296 704 17263
348 397 26833
442 541 34655
139 691 30806
230 782 24042
90 794 40497
278 530 32527
379 671 29069
333 418 26000
439 824 40262
118 240 35128
527 858 24083
44 887 16279
553 570 22361
197 351 12166
428 490 16492
453 671 34713
625 734 42107
439 774 12806
114 176 18868
256 418 24187
125 420 13000
361 700 16401
620 751 56400
177 854 39051
101 720 57315
131 266 27166
41 532 21378
466 632 17088
390 584 39051
706 725 73082
379 453 24739
490 819 34059
168 241 30594
214 236 11180
382 517 51039
23 362 22204
211 513 35735
597 729 24187
353 471 19723
67 817 26173
314 388 56754
195 486 29682
377 843 20881
152 762 13038
808 840 30414
571 883 57315
467 714 34438
87 265 43105
460 655 21401
277 651 33615
1 543 29530
651 664 50804
148 654 72180
455 845 33242
141 153 29732
806 854 36878
100 612 47854
321 536 63702
187 622 34482
343 631 11314
562 643 26249
112 487 15264
17 825 68264
558 729 20591
82 167 35847
132 174 37121
34 773 22023
26 183 48826
365 773 32016
87 443 17117
207 520 24515
501 592 24021
484 778 33287
358 520 32573
488 799 36222
187 540 17493
24 311 31780
505 661 39661
149 558 53235
16 438 22023
71 154 54818
597 822 12042
481 816 49244
257 499 80056
406 776 34000
608 855 26833
89 888 17493
552 732 27000
365 688 32388
198 202 47434
337 419 17720
376 832 65803
65 383 32249
678 762 41304
215 853 54129
162 445 84054
269 808 35228
363 390 18601
312 835 16763
271 828 32140
290 322 27803
308 394 46648
8 92 35355
358 837 18788
280 674 33242
753 885 39115
380 485 37336
64 542 34132
98 484 25962
36 417 31113
52 170 58898
77 264 45277
54 824 29206
184 421 30017
430 803 18974
493 675 19000
722 794 11402
156 188 23022
265 880 41049
666 696 11180
526 652 51225
127 795 46141
160 203 34886
332 681 19105
328 723 35057
398 532 12530
102 167 29833
352 358 59682
138 772 11402
30 220 31145
300 811 30480
97 498 45222
117 301 64761
273 661 22847
190 872 33615
134 582 10050
373 542 51478
497 650 26077
33 259 34785
411 522 21932
380 514 47011
527 797 18028
275 653 18974
100 876 22361
542 569 42544
362 477 49010
629 883 54120
95 666 19235
174 436 41012
3 449 39560
20 571 29155
319 671 38118
472 656 21024
11 219 45100
378 575 59414
332 744 18974
489 508 42048
487 518 60638
386 504 46174
138 891 13038
130 763 56613
406 489 18028
512 627 18000
415 469 44654
194 687 32016
293 357 21541
145 442 39051
278 764 13153
207 556 52154
574 813 29732
458 522 44654
629 647 36235
369 419 16279
101 862 22561
698 890 32280
475 751 68884
189 630 22204
537 565 42521
146 901 13342
50 133 39205
402 641 26249
34 463 33242
215 263 37014
208 603 51352
9 749 54918
262 454 17029
434 716 15811
683 848 22825
310 886 11705
110 653 46573
59 753 43046
54 870 53151
108 242 37014
163 747 42450
415 810 35014
352 693 40608
337 540 36401
310 360 22023
344 871 72945
71 901 51624
373 632 20224
13 691 28844
494 846 48094
2 205 50804
214 881 50120
160 634 44181
353 422 27857
316 804 22804
642 720 21024
426 689 17117
604 635 26173
125 209 36139
641 863 14142
402 783 70831
462 869 16125
499 504 47434
316 336 16401
303 581 33838
261 384 13000
164 268 43417
244 555 27659
18 222 14142
485 514 18439
467 577 28320
452 827 46573
790 815 104623
746 897 17205
721 733 38328
325 704 32249
613 707 23259
195 319 33956
634 648 47381
488 765 26420
286 678 46271
141 894 12042
179 650 31145
39 281 13892
231 833 48021
45 189 43932
529 611 39115
407 630 26173
225 502 37855
349 489 16125
682 796 15811
670 809 24331
564 711 14318
130 775 60407
168 560 23022
84 374 63032
337 726 92655
112 631 33136
491 896 23195
676 725 27313
215 271 38626
257 504 47508
38 888 76322
113 673 15620
148 619 74330
207 715 31401
12 505 52479
112 480 24083
313 595 60926
98 395 39598
114 606 25710
721 755 53160
335 345 47011
32 590 31780
314 712 28443
674 855 20881
730 895 25554
274 502 35609
470 740 23022
415 766 40804
412 777 50359
434 525 43324
391 550 23770
252 374 42953
54 292 35114
13 873 25962
270 836 22804
483 855 13153
33 298 13928
84 395 26870
43 213 25000
119 521 36878
74 720 43012
140 199 13416
685 687 45100
258 259 38897
285 563 16643
210 586 17464
523 866 25807
365 399 36056
307 450 32696
386 539 39825
388 747 47634
17 42 29411
511 607 26420
310 701 66098
237 659 26249
172 429 44922
45 839 14142
146 873 40262
13 220 43174
366 680 40804
393 567 49406
371 896 36056
406 784 30480
61 260 37054
66 269 50329
298 575 36235
468 682 26476
375 833 37577
144 514 25000
172 222 15033
219 563 22561
27 546 49041
385 781 36125
238 618 24839
159 783 17692
638 772 22472
336 804 28018
230 500 31906
48 287 39395
175 600 53852
704 849 17720
161 179 29833
640 850 20591
287 499 25080
125 884 16763
324 894 27019
196 802 11705
443 583 67119
247 445 81025
147 521 13601
185 519 25612
562 779 24207
275 407 39115
612 764 12369
85 840 27659
326 807 23087
235 315 21095
28 842 34828
99 634 32249
143 536 31780
72 346 29275
529 885 42202
288 848 35735
329 882 21024
224 394 49163
57 517 34928
541 731 40719
59 430 26173
41 601 64900
73 362 19416
100 732 21190
106 438 28636
395 636 46573
585 661 10440
497 726 39000
162 268 20616
294 867 39115
183 523 38949
439 856 32311
266 710 26926
88 803 37947
394 830 21932
616 790 15264
544 671 38471
729 757 29732
311 498 31305
163 254 27459
282 827 22023
132 409 27203
414 450 41593
428 792 19723
374 777 55172
201 375 21213
218 564 22361
206 737 30529
172 226 36770
277 503 14560
681 887 38949
370 670 101045
165 609 36620
171 210 25179
370 805 37000
72 813 46043
524 655 39319
368 445 48000
482 652 21213
330 501 31257
9 606 32016
47 434 17464
492 526 71449
21 666 15620
41 101 24166
413 667 14765
25 456 21401
206 617 30000
97 568 41437
521 768 34366
316 845 29275
234 728 29682
661 728 18868
102 510 16125
483 736 28302
320 423 34886
100 451 31828
121 662 18439
619 697 53600
73 331 32202
288 322 41110
13 139 10817
604 864 49244
290 476 14036
41 151 31385
309 814 32558
530 793 25298
761 850 26627
599 679 25632
246 473 30806
272 410 31906
263 853 41617
663 774 17029
476 677 27203
658 737 55036
57 382 22472
173 178 57454
279 780 43841
225 245 36688
27 286 66189
384 648 23345
712 785 19235
346 595 19235
556 724 17720
177 806 28231
807 858 83433
11 355 35355
42 124 20396
293 640 37108
628 784 44011
380 652 55036
305 313 17263
158 803 30480
200 569 50606
216 614 19235
222 248 17088
795 819 41485
52 706 70007
104 879 13153
560 716 39623
179 584 35440
285 806 23345
308 488 42953
221 660 13454
318 461 30480
346 828 36674
36 116 26000
509 594 23409
203 634 44822
389 631 32558
651 743 38601
630 852 41869
224 308 50606
62 309 19416
23 121 54148
236 902 44407
235 630 32016
658 812 18111
231 412 45354
59 803 38275
379 667 17720
283 685 59464
112 389 39623
393 508 18111
760 869 44721
179 336 16125
236 821 24597
692 794 16125
267 388 80411
750 776 45222
410 618 54406
787 860 44911
212 838 19647
3 898 27659
571 660 63561
515 692 23000
472 863 44553
203 328 24083
228 719 29000
154 752 17029
231 375 41593
107 756 34015
478 724 41761
515 637 47381
229 767 16401
510 684 13601
292 587 34132
345 646 51865
453 867 10630
310 702 30000
300 700 19723
104 754 22472
388 785 40249
272 586 35468
211 662 18439
740 788 27019
747 785 48010
112 277 34928
69 612 22204
81 743 38626
11 251 19647
460 477 46011
132 486 27203
74 101 67119
41 180 73553
444 472 48703
654 677 60008
478 784 16643
264 412 50120
64 373 42953
140 431 18028
470 700 35693
197 508 43932
91 731 26683
103 894 17000
378 420 41049
62 765 18439
340 680 27803
432 676 15264
398 778 32985
198 757 43417
462 770 47170
787 788 46872
190 326 24515
401 868 128969
103 213 28320
292 474 18439
47 716 16279
743 760 17804
321 747 26000
376 663 37000
434 635 39217
61 92 52479
579 763 13000
261 281 33526
80 597 20881
479 519 38639
475 799 31048
620 838 49092
191 664 31016
78 151 11402
254 672 12806
122 554 24042
304 741 40497
109 524 23195
363 783 30150
207 710 44147
258 717 21024
89 607 41049
93 575 34986
490 645 33526
188 609 59540
157 551 11314
532 636 38910
731 868 32802
97 176 38210
184 501 34655
55 60 44777
212 723 23770
165 623 32311
457 629 52240
167 812 18682
558 597 39051
26 538 19105
675 807 48374
294 342 45277
75 615 28178
318 793 27295
422 471 31385
95 424 33121
123 602 29547
101 417 43463
345 502 32202
162 247 15811
735 844 41049
405 435 20616
826 840 22672
646 719 38639
30 639 26926
299 673 34828
70 766 36056
19 695 26249
368 713 17720
802 852 21633
447 810 24413
161 656 44643
342 769 29411
214 821 20000
713 801 12369
213 894 27659
303 891 30610
289 295 44922
211 709 33422
37 670 31780
435 756 15811
495 623 19235
494 637 63063
149 202 18028
385 482 23537
86 660 38079
786 835 52345
551 690 30017
562 829 29275
307 765 30529
281 384 27074
516 749 27857
68 191 40025
132 496 25000
88 206 22804
136 485 29530
420 739 41881
518 677 21260
323 617 43417
531 847 68768
72 208 15811
271 656 47000
106 392 21840
302 635 14213
137 791 25632
357 850 26019
36 758 27803
414 817 22204
310 428 44294
132 319 16125
468 697 56143
145 341 29833
290 469 20396
118 655 14318
168 594 16553
151 657 33377
192 814 31385
104 298 24187
58 697 31890
315 802 42012
65 264 32249
672 742 14866
588 902 26401
326 632 29682
40 548 46098
135 826 24042
103 241 34176
124 644 67417
69 405 39051
25 333 54009
692 722 18385
768 861 35384
696 858 21190
291 749 12369
107 479 10440
142 555 21633
411 602 11180
126 344 35847
145 523 46065
653 887 116966
600 779 53151
289 366 47202
411 448 40200
61 131 44385
445 713 46239
28 94 31305
12 585 57706
600 640 36797
327 347 33941
859 878 48466
528 546 29428
81 441 46690
177 831 17464
533 869 45541
252 895 19723
280 573 13928
486 790 36770
812 849 11402
334 364 32558
108 550 49031
92 452 59808
427 549 13342
56 95 31828
221 839 21260
438 588 30067
4 232 34205
547 710 20809
150 511 23431
38 133 43174
333 762 50448
667 867 19209
169 758 12042
2 832 44822
181 818 23259
158 181 23770
604 846 48662
156 268 93150
744 830 39560
204 338 11402
199 232 20518
211 745 32388
53 602 51923
7 766 49092
105 449 36056
17 178 44272
103 684 29411
397 843 30265
506 594 28636
78 657 39395
297 793 13892
302 864 34438
576 675 31257
577 782 28284
26 866 36014
272 383 35903
436 789 50990
273 427 28160
424 576 27659
283 318 69642
157 404 37696
69 451 23409
199 293 27166
6 115 17464
454 694 20591
180 570 28018
397 893 33121
191 865 48166
728 860 11705
51 596 30150
21 858 12806
15 345 62370
425 885 61685
94 811 31016
344 454 39205
66 757 51039
181 206 26420
136 381 44102
85 808 20000
49 592 38118
727 781 37590
731 770 41617
189 852 42379
147 861 18974
6 194 30017
688 748 12530
587 325
769 910
562 934
765 692
723 664
900 594
711 400
216 178
210 713
162 535
356 801
579 267
496 78
330 853
955 365
565 626
199 816
105 274
99 569
334 965
569 32
380 782
604 875
185 657
704 736
779 223
670 782
531 131
407 70
527 59
744 74
811 488
109 503
67 416
82 632
456 215
245 906
518 739
446 673
110 362
451 299
182 792
477 486
513 983
369 911
115 609
493 422
302 147
687 617
515 725
105 630
886 329
751 494
861 784
230 862
533 41
443 19
848 423
416 571
189 844
212 240
526 824
442 568
637 95
336 473
35 679
583 752
826 338
845 473
672 463
427 159
242 417
610 861
528 273
548 323
862 557
385 476
427 272
380 42
30 668
842 311
570 501
366 935
400 386
87 709
296 905
861 667
465 547
438 788
577 294
855 222
185 195
112 455
545 159
556 63
249 73
226 643
447 339
386 755
876 429
461 277
533 509
503 489
135 478
528 867
570 614
836 547
521 10
670 943
445 972
293 642
746 277
622 677
210 687
893 610
432 205
37 362
702 904
745 89
538 343
608 929
509 709
728 468
202 788
31 470
481 122
642 624
396 376
369 716
173 466
201 283
286 288
476 729
858 602
148 669
779 749
840 339
326 435
505 84
771 669
523 505
375 51
871 668
829 782
806 145
432 95
773 104
745 413
21 556
441 857
424 283
590 718
503 527
461 116
542 476
302 41
264 779
452 555
303 596
426 727
322 530
213 106
908 617
263 98
339 102
531 176
552 532
545 463
425 224
931 291
391 570
94 279
127 781
269 321
700 539
200 671
351 720
157 830
345 549
524 308
474 564
344 365
739 195
707 654
848 575
361 850
268 657
301 64
402 940
704 54
817 377
519 857
487 470
874 609
333 288
411 878
217 350
53 595
777 657
590 136
338 394
38 550
410 758
824 733
760 860
487 541
138 244
233 404
22 505
366 573
614 939
421 799
484 510
545 669
315 457
813 750
398 641
515 184
353 756
506 36
343 887
95 264
801 643
484 934
931 449
60 265
173 557
872 376
181 746
761 704
352 432
792 671
626 108
611 229
451 919
534 671
206 533
457 462
310 892
705 939
515 457
492 33
321 69
342 51
966 460
520 205
218 121
111 258
171 342
377 83
351 820
481 415
117 567
881 622
256 708
653 687
343 236
130 551
142 514
249 242
444 712
534 109
338 486
352 445
818 664
174 280
971 655
221 87
68 717
519 715
279 471
372 524
667 252
911 390
406 966
875 750
780 269
892 481
555 789
732 158
434 680
239 188
871 531
550 32
317 742
611 812
338 131
706 323
683 882
715 367
161 671
828 772
780 630
354 369
640 869
597 540
930 470
114 490
583 689
564 151
22 425
538 394
320 412
204 495
276 356
806 849
498 812
509 890
542 813
681 535
198 628
159 588
279 373
972 521
433 908
340 525
473 719
936 506
300 296
642 493
949 632
737 350
516 607
490 521
598 491
680 49
378 260
392 774
264 67
652 675
636 842
509 968
650 737
886 493
967 473
353 535
288 694
827 722
565 968
677 834
777 138
393 346
741 236
499 153
968 426
246 446
402 236
120 714
150 395
765 185
215 338
71 261
729 126
281 813
391 796
374 890
788 610
102 210
636 941
682 513
594 151
626 872
288 579
854 499
109 440
655 844
811 764
144 202
267 708
179 872
645 457
688 769
676 77
442 433
359 391
857 843
108 750
41 516
340 328
758 788
803 712
451 40
364 489
432 707
719 864
371 149
807 801
986 576
717 250
273 568
479 43
591 608
182 397
533 930
419 367
715 874
144 726
436 326
129 410
574 350
941 277
222 593
539 259
250 744
815 498
143 363
439 945
180 850
264 272
389 497
691 485
396 421
332 352
535 758
658 388
553 275
478 237
650 711
283 711
43 475
737 655
719 152
673 477
585 79
489 646
331 842
694 260
660 574
51 292
435 553
765 652
869 325
866 397
510 418
820 518
228 322
789 226
582 640
845 812
297 819
876 279
808 184
863 684
244 481
144 154
720 460
645 403
695 525
548 897
528 799
853 451
241 216
364 322
523 122
321 520
717 719
305 865
725 428
156 658
671 920
959 526
859 237
36 428
896 284
431 756
712 68
721 702
768 440
695 363
616 168
746 136
260 527
550 212
810 776
479 845
716 381
625 921
137 331
839 557
762 259
597 104
714 841
676 186
422 346
793 775
308 272
738 290
491 851
142 381
656 590
588 472
752 746
610 67
577 387
360 131
293 312
370 594
212 600
340 156
744 731
683 679
939 412
776 255
367 195
624 294
586 482
109 593
184 379
552 492
535 493
459 842
727 209
625 973
805 789
591 365
154 709
409 11
752 349
832 595
133 220
769 117
700 465
765 166
693 946
496 377
703 798
559 6
627 834
446 621
915 458
665 370
447 320
906 260
250 156
397 118
902 675
730 600
781 242
396 180
259 672
832 159
655 124
561 311
376 305
841 643
656 829
193 237
68 343
707 263
473 20
272 771
896 395
544 309
502 686
363 69
142 296
618 611
26 609
731 443
544 440
584 963
776 530
331 751
537 188
758 632
656 753
222 368
240 682
634 161
540 331
307 954
921 566
745 153
224 465
82 473
579 52
742 683
90 517
122 445
244 709
331 380
859 592
924 712
311 559
636 258
359 557
857 754
552 638
300 776
782 501
188 338
684 655
596 956
560 470
255 429
108 660
24 648
646 506
81 613
746 567
487 353
701 480
239 353
566 387
962 339
235 693
436 829
677 212
309 123
909 273
407 624
867 476
173 308
832 747
573 336
347 254
505 565
441 481
816 391
429 867
352 944
285 627
369 114
296 445
280 344
252 121
727 191
79 339
253 860
420 927
749 244
696 74
624 701
382 723
547 405
464 355
638 371
296 426
517 84
771 594
239 573
522 229
793 550
226 725
688 600
939 383
230 888
416 690
587 882
348 580
797 298
735 838
400 984
798 364
688 907
279 518
391 288
568 555
231 541
333 896
646 261
596 943
822 831
806 348
900 227
559 44
345 345
547 608
375 734
258 935
338 299
873 632
610 667
709 182
610 48
861 338
738 365
606 766
90 589
694 856
490 970
773 466
675 300
531 480
911 575
283 731
866 578
77 445
314 840
273 801
480 102
591 342
103 236
513 104
116 549
570 42
824 444
645 598
346 834
581 161
618 555
699 559
393 12
594 523
969 487
956 328
194 318
670 147
635 965
181 254
551 185
967 549
161 197
690 687
119 269
505 433
151 552
970 666
901 376
503 238
467 650
608 335
427 776
125 291
886 349
355 630
779 858
636 245
36 627
449 445
849 196
896 422
429 645
238 341
837 604
661 162
513 557
169 842
66 440
629 187
170 517
887 637
828 275
515 950
609 971
194 596
949 606
83 456
164 683
76 405
463 912
460 99
438 608
123 459
482 701
835 513
64 637
434 232
185 529
817 261
804 606
601 725
127 433
879 479
514 838
670 427
171 733
803 112
384 318
815 220
766 244
315 438
89 415
835 820
153 409
113 379
402 471
404 318
757 515
586 820
746 840
738 711
291 609
123 340
950 558
181 629
676 243
650 204
250 276
334 246
864 348
677 564
923 482
599 328
665 664
758 471
541 7
410 181
487 815
542 94
158 209
400 882
429 535
354 507
214 884
340 746
658 42
103 721
254 911
659 423
544 128
570 537
204 443
548 845
273 161
552 84
557 755
484 585
654 624
725 615
545 649
36 649
69 318
884 802
267 822
125 676
253 171
282 439
772 559
553 939
355 737
804 882
393 407
168 409
143 593
513 693
110 227
426 818
359 901
108 691
904 445
509 158
114 730
860 638
344 496
574 435
613 325
695 289
577 528
789 584
771 512
388 900
304 510
312 722
689 188
875 824
575 779
577 22
377 690
632 234
779 86
456 255
253 571
523 363
853 409
780 187
357 330
869 170
861 253
913 773
438 193
733 71
471 85
742 473
380 229
898 433
291 262
422 672
133 465
820 705
569 713
283 58
268 912
15 475
471 587
685 524
516 999
453 779
528 390
614 589
339 436
671 285
128 755
511 504
471 432
611 469
204 582
583 952
106 801
159 855
435 108
528 627
