510 973 14 139
270 422 46098
205 296 36346
85 303 68680
200 287 46400
135 273 19235
105 505 24083
27 120 14765
25 313 41773
73 357 71589
227 240 61555
125 261 31575
295 490 58549
69 381 54342
260 453 39661
103 292 61294
263 436 14036
93 399 76485
228 314 31064
110 493 14560
51 411 20518
139 233 204083
166 318 38949
88 305 18385
104 148 48166
191 440 60836
140 334 24083
56 289 85235
351 453 63569
367 500 13000
170 285 51662
17 94 28425
235 402 139058
206 274 36674
161 464 55227
346 381 33615
199 329 64008
66 396 42485
433 503 60638
16 17 55326
153 503 53852
75 264 63071
68 267 63891
407 418 39850
90 339 45453
164 257 27313
291 489 22472
283 440 81707
48 101 46239
190 212 77162
280 362 19849
17 185 25495
144 251 12042
369 372 45891
13 335 73763
119 214 15232
387 492 13000
174 289 39205
220 340 89157
10 371 62241
178 360 37216
72 350 60166
111 461 79101
161 427 64444
87 414 38013
15 190 46141
158 183 38013
122 442 39560
53 359 38328
312 403 78090
369 507 75027
164 429 45607
32 395 10770
322 486 51624
317 451 22023
20 43 17493
189 495 120880
185 363 14142
132 340 65765
84 453 60208
343 510 19313
170 501 62290
77 233 47043
227 374 46043
68 97 86023
160 383 66310
203 447 94541
204 393 34986
71 416 51478
263 444 30232
94 237 27803
4 69 74202
203 460 80722
200 343 77006
114 369 46957
353 356 10296
117 494 75133
238 445 13454
260 380 40804
138 201 39623
6 366 84581
10 329 44688
166 329 13000
168 269 45100
5 490 15000
274 372 58310
205 283 54037
12 409 12207
262 404 21260
213 445 25179
131 163 19647
116 298 33601
286 482 67082
178 380 39205
144 167 14866
420 469 29155
159 301 25554
150 383 25020
290 349 29411
334 417 42942
385 485 37336
116 123 34205
218 368 29530
217 299 18111
125 374 59682
277 364 37121
168 213 42521
155 259 72277
83 428 41869
200 391 77175
193 387 36674
469 502 39962
153 352 52479
331 405 63325
102 282 42059
201 325 47202
302 478 47381
50 272 26476
264 402 31953
42 382 41012
190 483 43966
85 471 32696
51 218 54203
102 244 85071
96 148 26420
8 248 32450
278 345 49396
154 258 61911
38 396 16031
95 272 22091
101 472 26077
91 132 21190
268 493 59933
100 228 67007
286 337 12000
127 203 37656
162 413 41485
125 485 75392
230 438 50210
188 250 20616
1 386 28460
127 228 19105
340 364 67742
49 64 13342
16 216 20100
345 392 24352
58 177 13038
76 319 19235
283 323 57245
9 404 21401
213 456 18601
212 262 50990
21 141 30806
332 452 31048
76 136 45880
318 329 34525
114 197 71063
36 189 43324
41 348 62362
310 322 38897
90 224 21587
105 429 55471
108 458 33242
299 315 25080
120 484 37643
167 251 11045
103 479 88295
31 464 30232
147 426 57385
183 440 57245
17 232 27857
131 250 22561
278 388 42579
4 110 43186
162 172 11045
181 364 29530
107 289 31016
332 481 44011
460 463 49204
292 358 42544
281 417 16125
309 335 38588
95 469 28160
15 384 43909
251 449 101514
147 172 55009
43 361 35057
324 446 12042
155 377 11402
139 273 47127
412 431 10050
318 444 54148
160 204 21932
304 455 16553
118 470 34928
79 457 71805
52 388 68118
163 419 23854
337 459 77318
72 147 73062
40 66 63063
435 451 24166
474 494 61000
230 244 86284
188 302 25962
40 396 76538
415 456 22091
292 482 91837
26 490 70178
106 440 27659
71 330 47634
92 366 41773
464 497 43290
183 336 26000
109 217 51894
313 357 56604
27 499 42544
212 483 87664
179 450 26306
33 266 50220
379 395 26077
16 408 16401
268 381 52839
14 499 55579
39 434 46098
111 468 64537
210 490 37121
305 472 12166
451 508 64637
152 356 14866
93 220 42107
290 297 61717
300 321 60926
93 306 45804
3 40 17117
111 330 31145
298 409 39812
65 299 37054
22 290 77175
28 290 48166
157 344 43600
35 181 31401
266 352 44418
290 398 75166
87 380 38210
137 302 61327
106 219 27659
345 347 35355
64 364 38471
399 445 34205
44 295 38328
94 113 15033
211 406 45222
274 507 73682
182 448 29069
147 182 46530
23 423 32202
47 326 36674
242 371 52202
213 269 33615
55 457 66129
141 229 42048
309 392 19235
29 338 34670
339 356 44944
104 177 22204
203 487 73573
249 425 58189
10 285 28862
238 456 19105
180 282 10296
402 475 11180
22 192 75743
225 509 49477
113 271 24166
301 501 67119
170 482 108337
440 503 46098
165 179 31241
1 207 36715
169 333 46325
94 232 28284
23 421 79925
383 437 49649
147 350 79209
257 413 28653
46 358 43267
170 246 52697
136 293 56045
317 362 77104
389 451 64203
240 468 63008
87 178 27295
200 333 78924
117 259 74061
157 451 104005
48 292 73239
52 449 10198
183 191 45011
228 259 30265
348 359 75186
263 494 77936
81 99 42426
54 338 20809
205 281 43738
101 502 33422
44 311 50040
304 318 52697
68 504 46861
57 457 81056
225 454 13342
235 464 44553
114 487 56000
183 503 63071
59 306 41146
122 303 19723
118 313 48042
73 284 79398
345 388 51546
397 423 17000
98 309 73430
295 476 24759
80 173 44045
121 180 69354
367 494 69318
39 132 17493
183 433 13153
8 238 31241
302 401 46065
22 26 77162
47 70 42154
80 325 115745
75 497 53038
448 473 51856
163 302 34409
77 390 55902
248 401 21095
46 159 26019
104 480 48703
224 339 36770
140 164 55154
339 387 44204
50 442 34015
62 416 43012
197 380 45044
57 68 32527
180 422 36770
247 454 53339
95 307 32450
133 237 18601
97 307 46325
30 230 53263
302 415 66611
300 477 49336
354 430 36222
39 316 30871
226 458 72615
444 455 18682
158 433 43863
384 483 54406
328 506 29682
307 471 66219
393 412 38897
37 436 14866
172 424 61221
153 384 72945
139 177 61717
130 473 56886
231 486 16279
67 411 14213
233 273 157178
312 376 44045
243 470 24042
197 369 76059
360 414 41000
115 509 35355
99 187 26627
427 464 54342
37 61 12207
39 229 12083
108 479 65513
63 485 50448
253 394 69871
25 275 26401
238 399 38897
7 56 149265
339 405 88888
147 162 56886
165 498 102474
132 229 14560
202 300 44283
74 291 34132
319 368 41049
186 338 59841
135 383 54626
14 89 17000
33 283 86279
409 488 26401
368 411 49649
25 359 39825
363 404 117784
489 509 35511
272 307 16763
56 504 86977
219 352 36346
71 461 82462
189 481 28160
114 372 40804
100 377 16492
328 443 35468
77 384 72450
143 332 52802
439 468 69354
142 198 24187
55 57 41485
351 382 42485
97 420 11662
114 463 50160
221 500 19235
10 327 17493
69 119 30000
23 397 42450
331 411 47170
15 241 46530
36 326 17692
261 374 45000
253 421 65513
99 184 35384
305 469 45122
150 437 26627
117 367 45607
307 442 41773
234 331 46098
83 98 20396
237 256 42450
435 496 58523
102 422 16155
213 498 38184
168 209 43863
388 449 73593
32 379 18439
254 452 15811
304 407 53310
46 286 55317
20 361 22825
17 466 78294
95 420 12369
171 389 41617
199 242 72062
41 239 49041
63 310 51624
207 303 55227
120 260 81707
361 385 29614
83 245 19105
175 503 34409
134 236 24739
133 342 24759
69 214 18439
288 355 27295
153 390 49041
35 151 39962
429 462 44294
252 478 48010
246 327 26173
453 470 60415
65 427 59034
156 249 26401
234 465 36056
4 506 43932
23 136 45277
176 209 27893
231 322 46861
213 415 35468
127 187 53759
257 505 31000
334 450 32757
222 467 42638
256 365 57009
117 500 49000
61 155 58728
32 133 41231
276 465 34000
324 405 57271
202 254 28160
171 368 73164
45 472 26401
285 482 159531
279 394 87092
320 400 21378
131 188 33106
72 348 67067
130 209 20809
27 492 33615
249 294 30594
247 288 23409
124 154 58694
11 96 41000
18 349 50220
178 484 67476
68 312 19313
135 346 21024
54 308 17029
362 430 80231
146 208 20224
375 399 79057
49 82 55326
60 198 40200
41 231 13038
116 372 73980
415 478 75961
53 89 58009
308 338 35735
265 275 32016
243 265 43046
137 241 24207
175 219 17804
334 429 61008
130 176 18028
405 446 61847
270 314 19849
153 419 65069
467 500 36892
244 358 48042
55 109 68469
24 507 46174
5 295 49041
112 353 38210
86 91 54589
297 349 61465
7 31 30463
384 390 83570
112 428 26249
284 417 44283
12 403 45541
19 340 35468
113 363 22000
137 149 18439
1 442 45277
75 308 48795
220 385 45706
416 499 31113
78 119 32450
173 325 95818
180 377 29428
316 434 30364
169 406 35511
59 238 72567
50 88 35014
250 352 27019
139 268 36674
9 408 23854
70 326 23195
67 446 56798
24 79 38288
337 482 62642
60 142 20616
20 375 41110
67 287 79246
80 495 30480
195 485 11180
107 174 25000
28 398 47434
145 443 36056
216 342 53038
398 476 47434
23 293 40853
30 403 41195
126 448 54120
31 161 37202
201 365 25000
182 473 36688
21 277 15000
24 210 18601
241 370 26833
232 342 27893
96 236 33287
1 303 59211
335 392 30017
349 427 48662
240 374 43186
318 407 50249
156 294 30414
410 447 43829
132 364 59464
313 470 53814
121 282 70000
111 240 70007
142 378 29428
91 400 53759
441 442 30610
254 477 29530
86 406 41049
97 403 50606
30 502 48094
258 405 78772
29 52 56613
42 380 34205
58 268 69354
288 494 24698
25 348 68593
175 352 31401
19 93 70937
93 340 79310
149 370 19647
128 309 60902
156 471 31048
344 423 24698
181 201 65803
209 269 29967
18 297 52839
33 440 35777
253 293 70264
235 475 149272
45 386 31623
195 385 30150
317 508 66611
78 412 12042
88 441 28178
101 230 28443
16 232 55218
245 311 30150
150 214 67000
204 390 43600
195 340 93941
341 363 215724
118 410 40804
431 503 77421
64 194 22804
101 244 80050
267 504 35355
233 483 148492
6 110 52773
247 296 55145
45 441 25000
279 378 48466
65 457 56859
121 377 66121
125 406 50289
165 172 73410
133 256 39699
35 201 69051
359 439 14142
46 337 54000
215 365 55973
344 421 136473
13 362 64777
208 306 41400
80 341 14765
111 439 35114
275 313 28178
73 222 94366
65 349 68680
448 486 31780
304 444 26926
127 314 16553
122 307 43174
11 134 17464
59 399 62968
81 116 66528
25 53 30806
285 327 13153
123 274 24597
74 328 36346
33 106 11180
184 270 36892
124 446 54037
33 179 75286
170 459 41000
63 486 38897
151 208 18385
3 379 44407
13 34 53413
60 200 54083
162 257 29155
6 58 51971
3 59 60208
381 493 34409
38 149 34928
46 301 14560
157 319 49244
28 223 76538
164 172 37014
287 510 79925
184 187 41049
164 462 33377
252 498 45967
303 442 39598
129 425 59405
138 215 14765
61 407 62000
484 491 21633
300 320 37656
21 64 24839
171 234 38419
350 505 26019
424 473 59203
144 449 113225
2 70 13601
39 91 16763
215 395 16279
148 480 18868
36 300 62682
131 352 39408
69 158 58822
190 241 40224
225 443 32558
84 118 43417
236 371 23087
203 222 34234
48 226 17117
229 277 24698
382 453 44385
177 480 57385
330 416 48754
44 398 57219
22 476 21541
400 434 30529
281 323 31780
449 475 53151
259 500 43681
213 252 59304
134 371 34886
404 466 13601
381 383 78791
34 90 69203
276 405 62394
128 428 30594
18 75 51245
67 331 50961
69 506 68029
118 357 53141
98 128 38013
63 385 28653
225 247 53488
100 180 32650
10 166 35805
74 92 15524
141 194 23409
76 397 22472
355 509 34234
103 108 40497
321 333 65947
147 424 51865
140 165 32757
11 371 35014
143 198 65368
331 465 24597
247 509 31064
283 450 52345
92 509 44385
341 495 30806
192 290 14866
202 481 41012
193 416 28284
303 479 68015
45 458 65031
34 430 32985
67 405 81541
105 462 26249
78 432 34015
229 316 33242
7 174 25456
259 467 13601
428 484 62201
344 394 162890
70 82 55362
362 508 27313
332 373 41437
204 437 30414
207 479 14560
192 349 34525
196 265 19026
84 470 20616
355 494 26173
43 385 42450
239 348 33615
346 383 65192
184 298 36014
81 187 31385
461 510 62936
386 442 22804
120 492 36222
54 264 37643
168 375 76903
138 146 17263
144 362 41231
420 502 59304
389 435 41012
49 173 42720
85 294 31016
407 501 33106
16 466 31385
318 418 20809
239 468 38897
29 475 54148
281 284 48260
37 455 18682
160 233 18439
167 388 48052
158 336 25000
240 461 33106
184 438 31305
230 409 50090
329 474 71169
252 266 45541
9 38 45607
25 72 72367
129 249 17464
152 224 26173
323 334 27019
126 473 21213
156 267 18358
335 347 54589
355 474 58941
169 321 32388
317 430 45277
102 438 11000
45 226 30067
235 497 29547
452 477 39319
317 435 24515
96 480 31780
459 501 37054
234 496 45880
126 130 48021
154 324 31305
114 351 63198
75 235 71176
36 70 37108
410 463 32527
29 186 44283
353 387 64777
151 201 65765
144 280 39825
230 502 31780
62 330 20025
426 448 39408
227 468 12042
255 428 19698
211 261 40112
196 243 48754
376 507 70064
118 447 55082
115 291 10296
85 129 66008
295 414 35128
206 403 54708
315 457 30017
193 339 62936
128 335 53852
176 424 37202
428 491 64846
311 428 48260
115 489 17692
59 146 72236
320 434 13000
281 296 58138
19 151 19026
191 336 22847
66 401 22472
298 488 25962
246 418 51078
242 366 85041
56 425 17692
51 391 73824
114 460 61131
131 419 25710
223 245 47381
375 486 57585
112 255 28018
137 370 11402
255 491 65460
94 185 12083
271 325 60033
66 248 22847
79 376 59237
2 47 45453
198 378 44011
199 371 60877
223 338 62650
109 504 70007
173 364 43600
136 397 52612
243 275 51614
300 434 37216
145 191 48332
279 373 37014
14 416 35847
221 247 60926
42 197 34655
136 218 27459
68 471 78160
175 440 40460
5 507 64444
123 372 65000
8 415 41195
66 302 53038
124 324 56754
436 455 23022
73 203 88955
161 174 17889
216 408 13892
354 496 24698
145 225 42426
444 494 83235
62 111 39408
182 426 21213
152 335 41976
86 485 57009
2 194 51624
349 464 70831
309 345 22825
17 363 33015
107 217 58310
347 362 65734
61 377 58009
136 391 77782
125 211 44045
117 436 31401
78 393 39825
81 203 64846
12 488 27019
89 196 54589
26 210 74250
9 262 31145
261 343 34205
350 413 13892
360 484 56321
143 373 28862
460 487 16279
432 503 68007
258 339 65970
459 482 79310
2 82 45277
431 432 47424
173 201 92698
204 431 44721
163 241 55758
205 454 38328
186 278 16031
221 284 77820
94 271 33971
198 200 42202
280 508 10198
159 244 39051
264 308 46400
197 507 63071
26 65 33106
310 374 41593
268 346 29155
276 354 35511
116 206 45541
55 315 67897
634 76
344 926
184 686
207 288
746 388
202 209
956 298
205 640
75 669
297 93
255 103
614 244
845 697
611 611
87 524
98 702
104 757
939 398
273 767
372 666
333 865
800 444
734 919
747 354
530 571
825 371
683 564
870 452
938 535
616 233
968 326
194 748
222 471
803 730
275 802
393 939
400 197
103 633
367 836
186 669
422 637
651 421
357 675
768 472
617 121
471 122
373 891
570 121
311 894
651 140
669 826
971 581
560 564
921 499
769 247
870 176
729 258
157 183
244 691
598 896
410 190
601 626
411 692
314 881
839 341
157 613
674 800
752 235
148 333
357 930
637 676
459 557
475 430
236 279
954 447
755 867
24 434
106 378
722 325
268 926
550 323
305 949
802 538
582 471
744 127
420 794
706 468
616 141
594 611
761 675
372 820
251 275
299 701
126 775
675 167
214 103
682 185
822 542
556 281
461 240
587 164
535 227
562 10
155 148
444 449
212 466
913 280
584 44
837 255
178 256
569 649
795 587
127 790
607 380
263 303
595 274
390 242
540 482
124 351
696 557
453 158
703 98
622 295
595 751
469 769
358 599
481 305
805 576
810 128
317 574
132 521
352 827
154 738
238 107
86 262
711 880
99 585
214 775
103 198
335 441
358 883
579 904
526 949
947 691
276 364
217 758
386 554
191 116
111 599
63 337
254 768
784 635
110 462
636 709
450 233
787 165
812 861
204 351
470 148
38 373
946 296
396 498
127 540
386 462
318 469
326 114
937 680
270 618
484 836
354 52
798 800
385 499
270 882
938 280
180 470
307 559
158 170
682 481
294 449
486 219
270 833
408 595
187 385
532 255
115 780
919 575
534 296
162 535
407 980
47 547
232 384
856 393
672 621
336 875
389 736
602 557
676 397
558 892
295 183
568 851
207 814
433 931
488 342
53 389
324 375
640 281
652 44
237 761
300 586
758 339
497 803
22 620
242 586
130 337
201 768
100 682
859 302
716 853
191 484
341 698
381 308
454 338
847 525
766 654
306 334
587 123
498 672
462 307
356 841
582 192
411 644
130 747
26 387
768 776
983 382
232 131
143 753
229 620
469 651
543 714
80 570
223 180
581 513
509 146
800 519
325 96
325 284
178 622
803 144
154 516
948 679
236 527
632 905
461 928
767 588
184 764
411 473
668 656
432 303
666 481
500 763
44 666
381 212
957 510
583 556
193 512
771 174
110 234
273 573
501 275
149 800
677 145
89 243
633 317
551 555
764 748
333 850
920 591
556 978
922 722
367 383
495 214
282 409
415 378
304 65
483 68
596 814
303 276
914 249
866 404
254 308
528 61
696 934
773 138
763 434
329 339
913 444
568 254
841 304
428 887
457 126
155 560
693 81
389 177
603 154
262 728
693 140
920 482
858 606
459 711
770 522
734 242
538 530
488 290
818 294
380 864
866 771
360 133
764 850
421 850
452 831
447 674
336 390
650 737
179 852
380 927
306 78
241 315
326 127
600 646
723 786
478 971
495 881
337 417
825 626
211 375
471 68
909 516
732 640
306 780
261 939
137 720
521 790
786 896
878 617
107 263
873 652
482 620
890 387
443 499
612 443
155 489
769 615
799 742
290 252
774 624
490 500
507 98
555 602
719 477
392 677
909 707
105 790
296 847
183 821
279 244
378 286
730 827
628 338
92 594
254 138
583 347
519 977
500 718
345 635
700 270
457 224
574 933
190 730
678 442
136 280
650 462
64 312
49 502
386 706
643 103
705 605
927 633
832 824
79 424
634 891
855 625
71 359
643 974
204 752
119 632
763 888
825 467
266 632
425 829
176 601
987 521
657 229
58 682
706 725
454 817
410 128
88 689
604 237
564 449
683 811
98 387
436 487
728 437
209 599
644 625
375 397
372 116
107 527
672 179
666 961
520 233
763 905
337 537
858 163
429 592
898 339
775 570
398 418
835 738
97 397
140 377
174 383
409 855
861 795
395 211
48 359
546 227
557 616
206 439
641 128
665 109
274 328
364 187
239 611
649 749
525 429
406 624
981 583
320 445
883 785
470 941
633 503
319 337
382 192
231 601
792 309
615 56
394 61
548 396
573 728
419 457
587 426
951 351
734 764
71 686
421 311
506 663
647 164
574 490
757 157
601 142
373 584
305 195
992 531
780 452
475 902
188 526
648 30
201 132
434 972
453 8
5 534
725 533
399 741
399 655
551 380
593 261
275 316
755 376
713 551
700 593
164 260
316 255
291 946
812 763
956 394
269 559
666 603
390 291
396 98
613 185
160 442
788 205
442 473
216 331
703 340
920 732
294 286
528 772
