729 1996 17 175
4 696 28844
66 560 36688
35 388 48826
262 586 32573
473 568 27203
29 543 16553
26 183 53488
279 713 26173
181 495 12806
123 588 29069
79 683 57801
260 352 59034
184 345 27893
57 400 28320
29 489 13342
204 609 58523
134 297 41485
381 546 22672
33 489 28601
19 472 30150
494 543 48166
293 645 74947
386 450 39459
364 616 41195
483 654 26926
434 682 22204
71 280 58000
8 572 42190
54 233 24597
136 581 19799
223 650 29155
57 249 20125
9 285 38328
421 611 47854
70 343 24698
94 150 21378
428 695 70605
394 666 50448
251 665 75027
162 331 14142
53 353 25710
48 296 18358
207 723 21587
162 511 69260
138 320 17263
46 199 23259
3 707 33242
315 674 45486
84 595 37483
169 286 16971
521 693 33971
271 534 37802
552 657 26249
345 671 23601
424 556 57428
291 367 56223
642 710 32249
171 699 38013
370 530 39205
486 714 13454
42 425 40012
83 287 22361
97 626 29732
275 409 38949
379 502 24000
90 117 33015
369 424 84149
507 724 32062
202 473 32450
155 277 25710
196 449 19698
396 683 40853
20 99 20591
296 305 53935
192 648 45651
50 624 33242
318 642 33526
59 593 18248
81 358 50220
34 647 57775
166 630 21932
45 218 31321
192 283 40000
99 104 19925
51 215 36620
623 668 32311
547 556 35355
30 560 23431
195 376 14866
215 460 44911
126 726 39925
213 540 52202
7 596 10198
371 481 42638
81 712 24207
234 709 30017
146 199 38000
108 195 40853
73 706 15652
576 620 37483
243 355 41485
116 223 19799
705 711 47634
78 202 71868
26 266 26173
565 595 41629
172 612 36359
274 692 22023
458 518 59034
98 341 63008
92 136 11402
495 538 18248
329 549 35355
207 699 14560
223 689 20000
13 251 46390
92 581 11402
179 314 37736
409 708 26019
217 544 28460
479 575 38833
465 573 26926
347 702 227844
507 510 20591
554 702 55227
7 649 25612
183 678 71309
496 631 19416
438 471 25179
93 653 39051
338 708 24207
558 696 27514
54 706 24839
174 531 45453
494 722 14318
47 111 46174
354 614 43012
395 685 59135
252 296 10630
226 529 49244
65 109 72780
299 543 34059
380 465 31780
239 728 34366
5 703 36878
67 103 25000
96 613 27074
444 709 26926
314 703 47096
141 642 26833
356 544 67469
132 711 42107
113 683 48549
69 546 57280
512 588 56223
277 636 18028
375 677 57628
29 33 20396
192 678 73062
414 635 32202
89 569 10770
113 396 41110
295 546 53759
89 281 36715
331 722 18439
224 569 69203
180 598 36359
71 361 17205
565 661 19416
464 680 29155
137 591 49396
435 641 52154
2 557 47424
100 513 33541
81 313 38833
534 652 18028
107 397 37443
377 475 40497
1 487 13153
227 495 34438
375 461 33121
37 257 25060
414 721 17720
378 471 51923
194 422 29000
450 699 68964
443 489 41231
126 253 16763
110 344 31890
15 96 33242
283 447 35735
152 679 46043
332 608 66641
325 604 68066
239 583 50478
206 689 39051
484 687 30480
163 458 56223
296 586 44721
289 582 31016
493 520 24042
289 492 26907
499 501 33287
330 671 19209
33 667 36056
234 266 38471
10 432 26476
530 537 14866
173 497 37121
169 546 20591
102 148 41400
621 725 12649
427 587 25807
194 696 26926
480 706 15811
116 161 36892
297 365 17088
337 427 31401
454 700 29155
89 193 16763
73 135 44045
154 576 24352
198 635 40012
49 82 15297
62 462 15000
79 113 74000
19 403 31401
320 375 74243
136 322 35468
51 460 33106
522 666 21260
68 124 33242
255 404 40224
274 573 68949
136 235 23000
191 511 37802
205 341 16401
75 441 26926
212 576 73082
3 459 19313
416 650 24207
54 236 18974
326 481 10770
220 644 49254
121 142 23431
215 705 27203
207 462 43829
369 504 39446
58 353 16553
320 667 20591
290 406 26401
87 356 53009
164 234 57271
388 423 48094
9 458 35609
169 381 25020
383 703 36674
112 668 76059
222 281 33015
157 658 18248
357 552 44294
317 413 60803
170 245 32573
64 211 27166
132 176 18788
191 393 34234
119 711 18385
294 296 64413
100 554 46174
264 585 55803
24 175 58249
38 404 25632
403 417 36056
281 704 47802
250 260 46228
616 678 41677
285 511 59135
160 228 13000
454 539 18788
570 664 38013
225 373 57009
24 418 62769
64 599 33526
78 572 47074
204 282 53310
120 699 53600
253 338 56080
392 604 28071
294 305 20396
468 544 46043
308 593 24839
178 535 27785
230 350 121565
379 617 15232
39 74 26401
48 586 31257
255 306 13601
118 490 44688
39 233 30610
113 627 53141
131 694 51624
626 639 53151
469 693 45793
291 547 17464
411 602 40719
108 252 14422
87 295 33941
103 204 29732
56 610 51788
394 555 56851
175 287 25060
319 675 27857
220 431 36056
230 553 56886
141 318 23409
265 402 15297
307 489 41881
96 269 181342
197 208 33377
258 399 34482
619 642 31064
17 231 24083
660 695 46390
358 460 34438
16 76 28844
164 266 35440
183 648 17804
163 472 17464
372 690 33242
354 565 75007
202 229 174141
159 498 43046
155 490 11705
90 562 36235
290 297 27659
152 553 62642
261 367 51352
159 656 29155
242 265 37121
198 533 30871
542 723 41049
146 634 54203
116 270 39962
113 458 43046
13 646 41000
57 348 22204
357 382 46957
125 267 35609
116 689 30067
370 632 29155
278 393 27203
467 589 12530
181 358 32894
481 571 37736
48 252 17889
348 613 16401
51 495 12649
586 643 33121
475 719 52802
72 378 37855
452 609 52924
32 338 67268
325 454 24515
87 381 15620
273 332 45880
535 716 68447
384 607 11000
576 655 56400
344 395 42953
175 418 44102
34 65 36014
456 458 46819
187 436 45354
260 370 31780
134 608 33287
326 349 19313
543 674 43000
161 223 38013
187 368 214441
152 659 55973
478 568 22136
209 536 90050
282 401 51420
501 712 32202
160 282 40522
59 164 36346
494 674 37643
115 473 36878
326 571 32558
257 382 62201
561 578 47854
287 311 31765
379 727 50289
346 594 47265
375 631 37202
368 490 58728
291 707 64382
360 579 50210
608 615 13601
350 368 153287
49 283 50210
180 387 12207
122 292 24083
205 679 68819
101 332 69426
110 440 49041
226 505 59076
258 300 20616
467 575 22204
84 164 16125
405 435 12530
4 441 38833
479 717 38897
110 468 15524
277 682 25179
67 402 38328
245 603 38288
19 417 19849
426 470 41617
688 718 75452
247 445 40311
300 401 15033
637 697 15556
617 634 50329
440 449 30364
451 526 44688
9 113 28302
503 630 46872
36 603 15297
27 375 59666
218 451 39294
359 401 22672
117 163 17889
378 446 37802
160 359 25060
81 102 35440
167 193 38053
340 652 60440
255 264 24083
351 432 30232
635 637 53009
206 515 22627
583 590 42579
378 512 65788
53 378 52431
290 361 48795
186 280 71344
163 456 29411
395 610 40311
10 513 22847
94 285 18868
137 277 19209
209 404 25807
22 126 38419
322 340 63891
93 284 22561
639 681 60000
513 549 37014
79 292 26627
220 540 34785
195 370 82037
204 564 41231
225 658 12166
116 528 31305
81 418 46098
24 182 18028
167 343 21954
323 625 12042
704 715 36620
216 417 21190
68 561 53759
328 718 52839
333 645 45486
90 105 15133
245 521 32558
641 661 23022
49 192 36346
189 602 46098
153 691 45880
43 77 12166
213 534 18000
408 521 24331
17 225 24021
193 222 19313
312 687 39051
323 719 19105
227 711 32558
219 430 31016
32 253 39825
160 321 32757
386 699 45177
375 596 32573
21 141 27459
277 591 50804
405 510 21024
523 640 50160
59 234 58249
551 701 29411
423 486 44102
231 540 39623
405 690 77201
189 247 40447
350 571 52402
261 552 49366
376 586 10440
297 406 34000
165 549 10440
540 687 14036
467 515 16401
52 270 45343
240 579 63285
234 340 39051
239 457 41785
354 435 27000
231 629 39205
162 674 48765
492 500 42059
122 251 158493
16 400 46043
146 571 32202
243 582 18439
63 562 41437
253 275 32016
179 383 20025
61 399 28320
244 606 24083
535 720 34205
467 717 27893
157 225 21932
269 670 31048
172 463 47676
15 676 46530
504 583 47170
438 695 59237
605 715 62801
32 126 30150
270 689 37108
70 715 31890
127 301 18439
94 105 22825
186 623 72125
128 672 30871
139 560 72339
407 668 56604
246 371 34928
249 265 15297
544 597 44721
203 517 24042
33 260 25060
151 184 50160
310 539 29411
197 311 42720
160 391 31890
22 528 38184
559 581 23409
9 511 54424
537 632 14000
21 211 66287
330 565 65192
483 504 44000
115 433 10050
269 306 75472
178 612 51971
169 498 48301
49 304 20248
47 272 49820
124 671 18788
599 669 30017
390 667 17889
58 438 49193
217 298 44045
253 726 32016
629 663 26306
335 597 19416
215 495 30806
275 470 37483
363 532 29614
437 688 12530
266 566 10770
84 633 32558
620 655 39115
194 558 39395
45 470 53339
318 563 33838
309 311 40249
224 329 38328
500 684 18028
1 706 45188
276 332 45188
162 722 28636
213 271 30414
504 590 32062
352 376 25807
1 133 22023
541 639 33287
485 596 13038
517 669 37643
681 725 51788
10 351 22023
144 648 53535
470 626 61612
416 717 84723
274 506 78186
130 727 47170
182 495 38833
292 477 69116
205 246 47096
297 624 72201
155 636 40817
60 647 46861
207 622 26476
37 281 14142
306 585 61522
153 168 21840
52 689 21095
555 672 47011
243 476 25632
146 327 32573
178 298 71694
140 533 33422
195 600 86093
333 420 35847
598 609 18385
119 510 66098
31 525 30017
18 129 44045
26 144 28320
171 448 25020
108 483 35903
562 675 50990
347 476 36401
405 447 12083
73 480 20616
189 411 54708
241 312 42202
327 634 33061
331 713 37014
138 307 50220
230 368 32140
47 628 49092
144 633 28302
431 484 20248
469 475 19026
330 354 51108
427 500 29411
607 666 41304
102 418 30083
246 349 39812
294 586 77647
232 576 96104
91 522 41146
475 521 65521
313 398 18248
213 231 35903
506 573 51624
61 301 31257
137 155 15811
203 619 16279
478 601 66408
186 555 55362
130 451 51662
344 442 61033
182 538 42202
243 288 25020
485 718 60108
102 712 15811
263 618 13601
545 682 20248
620 638 26907
120 462 45695
25 499 43966
300 399 28601
280 623 88566
263 381 29000
474 686 51662
597 618 48270
72 471 25554
441 453 23195
161 416 29547
127 628 38210
527 616 53151
485 631 22472
551 680 37537
43 278 34132
427 684 17088
527 652 59034
20 247 39000
44 159 98858
143 698 42202
296 407 41110
550 710 27659
40 271 32016
604 694 70264
355 664 47011
393 627 37736
37 698 24166
416 436 20616
170 429 15652
299 370 31048
303 415 15652
129 702 75027
198 637 32140
543 632 37336
493 526 50000
202 568 41485
238 269 45541
588 617 34540
257 619 11662
434 545 22825
316 588 40200
237 427 18439
239 673 61294
71 186 37121
367 383 65521
270 548 36235
210 461 33526
726 727 23770
126 548 17029
53 98 18439
66 548 41231
444 652 58822
506 662 15811
45 639 48104
293 478 26401
262 598 22204
100 165 10770
164 593 45277
441 624 42953
294 394 25612
508 556 28284
453 488 32016
332 552 70264
56 196 20000
336 490 83863
94 163 48000
22 270 22472
250 390 27586
502 588 49041
163 403 30887
324 478 47634
408 603 36359
4 50 29732
286 656 30463
188 678 18028
255 269 86215
339 378 25080
314 526 46573
42 662 37121
90 285 29833
500 570 36401
162 191 48600
282 522 60374
431 604 75802
220 484 29155
366 662 29411
489 494 36878
448 450 69376
190 579 35777
24 173 24187
497 690 15524
142 233 18974
353 679 35777
505 529 22023
65 423 46755
411 463 45000
25 501 28302
264 306 11180
65 311 66242
12 322 21954
138 496 31953
505 655 58822
395 406 32016
477 567 49041
244 283 16553
259 673 36878
271 644 43174
362 427 35847
464 630 54083
149 293 16279
52 589 11402
517 563 37643
146 326 41049
561 595 36222
251 417 35735
254 261 28425
282 359 42638
22 729 28284
406 610 28284
76 592 44822
460 530 22561
451 541 16763
224 256 33302
118 368 14213
486 525 29120
316 451 31145
206 416 50329
312 410 68308
395 442 70456
205 553 24083
282 516 67417
273 558 25807
67 302 39812
67 265 36401
423 714 42638
61 360 38013
234 566 31048
85 511 82219
69 159 55000
394 522 44822
257 550 33106
220 271 53759
167 329 11000
89 550 24331
41 323 24352
86 336 35468
26 616 49041
523 578 33242
185 531 67956
144 466 15297
557 665 34928
604 700 46669
403 518 40200
429 469 35735
86 509 32016
379 726 57428
392 601 70831
284 420 15811
369 630 75000
252 654 20881
425 465 12042
212 655 28178
337 362 29069
161 436 20248
119 372 31623
455 532 15133
143 357 33242
142 683 37643
400 529 27893
321 391 32894
483 600 86035
450 601 56436
353 438 41012
118 152 39560
394 516 37537
46 528 51225
93 473 58898
248 451 41000
152 230 28284
257 268 23345
435 606 33287
36 646 83217
388 721 22825
213 220 42953
458 531 51000
442 685 42154
137 374 14560
27 317 57706
193 224 63702
111 404 59135
474 597 25495
7 461 15811
42 651 41785
530 600 31000
140 324 48847
14 129 20224
165 702 73661
276 696 36359
439 664 10770
60 304 32016
250 667 28160
70 193 30265
432 513 14866
209 342 20616
22 726 39623
216 646 30610
622 723 33422
28 368 24698
337 587 22361
288 476 28018
94 117 43081
200 345 24021
25 712 34059
526 541 38471
2 665 31385
596 649 33106
465 506 44385
104 334 41049
446 588 38601
473 645 63008
70 222 16279
68 595 66528
287 304 50488
569 695 69642
354 507 10770
286 381 18385
74 487 16155
217 442 37696
6 613 17692
24 538 42755
221 653 24839
372 510 53935
171 697 23195
474 544 29155
3 291 44385
157 213 16279
62 188 33526
145 208 26683
179 669 14000
149 478 29732
240 302 32016
47 391 31048
97 482 62968
233 706 30594
59 322 41231
249 400 28160
204 452 33615
87 440 63953
393 683 51624
32 66 40112
41 625 22672
42 465 40522
167 432 25612
259 556 21095
11 111 38079
175 690 45000
200 614 11180
66 125 57697
170 423 52326
104 219 21260
117 472 25632
334 612 57201
561 626 73110
128 186 24042
293 473 29547
597 716 33838
201 235 38013
581 708 28000
615 624 17117
198 697 25239
352 643 22672
97 561 56365
33 138 41110
423 525 45177
219 334 41146
156 491 17804
523 639 72007
101 367 41773
264 272 22472
85 499 66189
162 494 34713
262 643 26077
275 338 34000
457 600 87321
279 485 36401
386 454 29547
66 575 28443
354 641 60539
193 343 34205
649 718 36014
63 285 14422
532 580 24000
5 707 24698
220 310 31401
410 573 16279
237 587 17263
112 280 17000
346 530 15000
68 107 25962
363 592 30529
271 652 42942
578 640 51662
287 690 59908
40 462 28601
72 114 17088
340 373 36139
238 360 40050
97 593 40050
125 153 26077
212 676 27459
64 526 35355
349 512 13892
303 422 34928
312 663 37483
100 587 30871
177 464 50695
221 433 34059
180 580 28284
603 714 28653
95 415 46400
247 607 52479
99 430 34713
328 620 87846
80 556 39013
168 651 12042
499 511 59135
309 418 28601
27 677 51662
65 170 55317
177 332 66708
95 453 29428
203 318 22804
315 460 24413
63 584 39699
384 602 51865
584 675 47381
159 335 68242
18 509 13000
83 109 23537
412 713 34482
17 692 29017
484 540 22804
542 678 51088
312 629 38588
78 221 24759
244 648 21213
99 189 50289
512 617 56727
245 714 43000
410 663 61131
11 602 30610
88 301 12806
41 117 29732
271 527 55866
282 564 49980
50 276 49659
260 667 32985
12 482 12649
594 728 21541
206 717 36014
532 677 33956
18 702 59203
336 636 55082
462 699 48795
28 152 16763
424 547 36715
521 719 42720
158 298 30000
356 440 62769
58 660 17117
23 655 35903
320 631 57271
42 153 50120
445 607 22561
250 455 21954
139 201 47927
238 670 21213
65 721 30463
515 689 33302
9 94 26627
269 579 128160
593 595 59942
69 498 12166
108 654 13416
111 411 57245
262 609 32202
71 290 49244
502 727 48836
1 135 26926
68 184 43046
22 548 31780
127 228 28844
459 707 29530
280 464 36056
78 433 39812
20 685 54231
303 715 61847
75 415 24413
183 616 56604
275 727 41485
248 316 27659
345 673 62682
310 431 39319
298 686 29206
401 564 29155
356 597 52839
271 462 48094
374 659 16971
460 632 28601
208 319 19647
339 349 57706
129 509 37162
500 664 58822
335 656 53935
45 130 22804
475 562 29614
203 642 33287
592 677 37202
27 76 52000
270 528 35511
366 506 40804
42 168 37802
620 688 37656
485 649 41593
511 627 28653
448 533 32985
591 679 48795
249 613 31064
388 491 41000
104 685 53535
137 659 16125
36 408 48083
219 612 52773
382 669 39357
6 240 66068
302 564 19235
449 453 32280
229 665 14318
284 645 15811
389 415 29017
1 73 48260
492 554 74947
187 199 47170
557 646 41012
421 672 30265
275 726 45277
57 613 27203
175 309 25239
449 624 51196
422 696 31401
259 345 45880
228 359 15000
391 522 52631
328 688 88051
337 554 25554
388 414 16279
500 514 52839
102 501 26401
569 710 36401
565 641 39408
335 524 42379
80 673 30017
114 123 23259
201 559 30067
442 468 67268
404 463 28160
133 232 38079
32 139 53009
197 469 23770
128 421 29411
373 692 68505
34 109 72801
180 609 43267
10 605 49477
303 389 25554
112 369 55073
6 402 30232
412 485 58421
314 493 13000
117 625 37121
20 104 25632
267 479 53085
325 539 20000
565 633 28636
64 563 33956
12 92 32650
228 321 32558
44 335 49396
235 322 48836
342 404 16763
189 445 11000
16 529 46325
187 350 61351
183 192 46228
62 207 39623
5 367 88023
115 202 26173
186 672 11705
80 583 19698
358 674 43738
1 328 14036
241 687 28178
37 550 27203
267 651 28460
31 486 36401
279 412 32650
336 509 33956
513 587 28071
65 83 66370
147 718 22000
208 675 32280
111 255 51624
177 701 55009
156 198 39459
149 568 18385
179 254 12207
135 567 22000
243 514 13892
21 695 69635
266 633 51614
31 284 31257
145 418 12530
43 191 33956
164 633 40792
39 147 33615
284 653 41617
111 602 35735
535 686 61098
347 582 50478
585 628 44777
146 349 37577
443 494 18439
127 300 28018
39 487 19235
332 357 55902
477 480 42638
320 496 43278
15 348 31064
370 537 33615
178 686 62968
35 525 17889
176 711 51923
128 290 47170
241 484 33061
249 402 16971
173 182 22804
591 660 18111
469 675 35847
187 416 63071
358 398 53339
419 431 28320
23 638 17692
524 535 66068
152 205 58310
413 505 17263
16 413 48754
24 81 52393
196 440 20248
16 242 24187
6 190 28284
558 698 50220
110 356 61327
350 553 74632
327 617 40000
225 231 20616
382 657 43012
239 594 44598
288 546 54818
61 238 21932
88 127 22804
449 488 12530
419 484 40497
493 681 26077
518 531 48083
611 685 12369
424 630 46648
202 604 227266
343 432 31145
69 288 55227
246 553 49659
254 669 12207
44 535 64630
74 328 18028
279 307 37336
21 471 41761
63 90 31780
279 631 37014
82 304 17889
389 422 13000
396 627 22847
466 641 23195
132 728 18682
476 582 14318
412 718 51245
542 647 26420
419 604 75604
43 713 39051
26 566 30806
218 639 24515
180 363 14036
614 724 14765
2 229 33971
151 259 25080
120 454 28653
340 658 62514
95 488 31321
263 286 20616
97 595 56294
2 653 80100
298 612 57940
91 391 23345
373 658 59481
161 650 33242
377 625 32280
392 450 52631
136 201 44944
208 309 31765
365 701 41976
104 158 54129
240 402 64475
218 541 33541
455 643 21633
348 519 26571
520 523 46271
16 27 43267
533 697 16125
178 720 10296
516 609 53535
150 163 56080
59 308 19026
420 645 25298
131 419 44721
440 488 35057
385 556 32450
346 705 41629
122 531 34482
195 260 76158
492 684 41304
234 322 53824
299 632 39115
339 341 18868
87 263 40804
482 626 73980
295 355 55462
350 371 43863
516 522 63071
214 611 10198
294 623 37643
132 594 26926
450 454 42638
32 560 47802
274 366 65605
360 399 42202
492 702 123762
80 424 72471
167 549 38484
33 299 14765
577 673 68184
367 503 47127
289 702 147258
79 236 52240
14 86 34713
90 625 34986
110 610 40608
457 483 30414
356 468 65605
384 445 27203
158 217 34059
580 598 15297
344 610 25495
182 711 38288
77 331 20518
47 91 40460
62 527 39962
185 403 41593
447 606 34015
614 671 20616
355 514 40224
519 676 39294
202 572 118596
69 347 24331
106 570 43909
2 572 45277
395 421 59464
362 554 37336
27 592 32757
364 566 39051
310 325 12369
70 704 45891
319 469 25942
197 429 23324
209 612 81744
88 399 17117
147 412 49497
335 716 39115
307 496 42485
177 630 37216
350 481 59076
31 36 61522
12 708 37363
210 437 13892
188 542 42720
75 389 25807
409 470 13342
155 374 13038
199 436 60000
102 145 22804
212 505 61660
437 649 45967
555 666 57489
594 705 23770
583 673 29069
64 314 23854
415 664 27074
369 583 62298
141 695 65215
252 407 35735
649 688 51108
139 691 72201
376 643 32558
95 295 25060
354 724 37947
56 110 53824
96 190 18439
528 634 34132
54 480 14036
23 210 30083
143 382 47539
443 722 11180
295 488 35847
20 189 39051
156 414 33838
100 549 15652
74 718 38897
536 612 24021
139 366 71169
74 147 28443
445 602 49659
14 428 41304
355 500 50695
489 543 28284
317 375 23022
528 729 31016
268 619 22023
130 426 40311
156 388 29428
517 599 30594
145 148 47011
482 593 38275
606 648 33015
618 656 40719
174 292 14036
511 584 59775
302 402 57201
157 231 23195
38 269 114691
61 88 21378
37 143 57974
56 440 29428
185 417 51245
46 146 35000
38 342 20248
120 539 23409
54 142 33121
3 508 16155
195 352 33121
92 322 36056
256 329 34000
70 281 38639
634 729 17117
510 577 64885
375 485 38013
131 380 108074
101 503 22361
170 693 22023
55 214 50596
61 670 24515
58 695 45354
261 382 27785
428 569 83934
415 453 42012
248 471 74202
62 622 22204
341 679 71309
356 618 15033
86 434 12166
122 174 19105
349 378 64661
133 620 82565
51 358 29017
301 628 28844
98 679 37643
121 147 53907
109 304 18788
478 604 163783
4 75 42107
112 464 39000
75 453 25554
273 357 38471
367 552 12166
323 408 29428
390 455 39812
4 422 32650
258 564 31765
349 481 27803
147 278 55902
208 418 32388
19 646 31145
387 592 17720
103 242 26420
42 506 28071
79 458 74465
642 695 57801
158 334 28231
11 91 42059
482 708 40050
108 600 89202
324 601 27514
651 717 114826
345 577 57428
4 276 35693
42 691 60407
523 561 48508
280 680 42638
127 359 31765
362 492 38949
521 603 24042
659 679 44911
652 658 25318
45 626 47170
107 184 44102
316 502 55036
76 204 43139
638 655 31145
211 563 35511
591 659 45122
640 703 26000
379 729 55317
327 512 37121
129 428 46487
113 511 56080
635 647 47434
179 703 44204
188 527 31064
76 242 22472
119 176 57079
122 185 96897
40 120 25495
118 374 42544
85 398 13601
35 491 19000
456 518 30414
351 605 59641
263 356 17804
2 646 75213
50 608 37483
686 716 62241
201 373 64140
180 532 34409
278 412 32016
355 439 43932
542 635 56356
428 545 20248
629 687 45695
133 576 91837
428 682 34000
354 510 24413
144 606 44181
272 628 40249
53 438 23345
336 368 141824
663 692 21932
235 373 38013
365 680 54589
211 248 35777
633 661 17464
408 719 24839
144 641 26907
47 321 29833
379 634 47927
15 519 18788
240 258 24739
105 117 29275
310 644 36056
240 360 39623
60 82 17464
193 569 13000
49 447 73389
186 361 24042
202 433 33287
527 678 35777
448 697 32558
539 644 11180
245 423 36674
125 575 57079
296 668 52173
635 721 34132
154 620 14142
71 365 47011
173 711 35128
227 705 36346
365 551 31064
184 397 41049
210 413 56036
448 699 53413
435 510 23854
461 596 24207
427 570 38471
290 365 30414
130 218 25942
520 640 25000
430 463 45607
177 551 45486
17 373 56719
621 681 47096
193 329 39051
452 516 49163
67 242 13153
457 590 23431
177 680 50990
241 419 40706
550 569 31305
51 181 12166
364 709 20000
428 591 52697
206 223 36069
14 509 22804
245 693 18385
32 548 32202
199 350 60374
44 524 12166
470 482 53038
426 727 26833
246 339 33422
380 694 159452
229 251 85884
83 311 26249
77 191 35228
151 345 53460
638 688 20248
210 317 38639
377 719 28636
52 66 43829
11 47 15556
265 400 27731
148 499 27295
534 658 18601
371 553 32894
77 713 39560
289 347 81006
60 109 40719
118 659 51245
403 456 22204
26 633 45177
6 249 31780
168 267 26173
200 724 21095
106 237 22000
294 516 41773
84 565 48332
176 728 24166
134 701 14866
172 430 20224
307 443 12728
21 438 39217
195 586 22672
34 721 15264
568 604 185809
523 626 79511
49 690 79246
148 584 30676
39 121 53367
411 430 29411
16 265 43417
268 550 27514
239 590 21000
151 508 16553
591 695 53666
109 287 36249
200 577 46872
232 567 41110
166 177 36878
566 616 52802
28 230 15000
176 239 51624
119 173 34409
96 579 53852
324 450 67201
226 519 24042
38 255 33242
344 468 26571
184 459 38079
179 599 32696
154 655 38601
4 389 36125
172 219 35000
96 348 22672
515 717 26249
176 673 60465
281 698 20396
25 313 17029
149 473 15033
287 309 33956
455 580 30017
181 538 12207
124 330 23537
289 514 25239
477 574 30463
18 336 33377
121 278 21932
139 338 44102
291 503 31623
45 426 35511
301 670 41183
209 720 119403
114 248 56080
492 514 39459
10 106 13416
34 60 55660
390 677 51856
332 701 68029
317 461 18028
101 552 43186
585 670 29069
224 428 43267
244 447 26173
559 708 42190
520 703 36069
308 482 20881
133 135 28636
30 125 21024
52 575 21541
131 241 26401
394 623 45177
55 247 34886
85 674 30414
215 530 49820
56 406 66287
660 679 40311
268 642 18439
156 333 20616
293 333 86313
283 648 22000
128 395 60407
487 706 39459
101 166 26420
257 517 43738
134 332 70803
73 567 30463
374 490 19723
107 707 48836
328 487 20000
305 623 29411
300 359 16000
157 534 13892
333 533 47043
261 669 33838
55 607 61131
171 723 37108
169 656 28844
384 666 41437
320 677 63600
93 645 15264
170 311 50990
9 150 11045
57 226 40311
138 489 35384
572 653 54203
25 398 17464
315 358 17720
53 471 35228
515 589 22136
111 463 66483
56 624 37802
139 559 25239
407 504 61400
259 385 25179
308 322 28178
274 373 69814
542 622 34409
13 665 40804
90 377 27019
330 614 25020
498 656 53339
158 442 17692
35 420 23537
12 308 24739
48 108 24331
79 574 43863
19 41 44045
698 704 37590
576 676 98311
415 439 32016
392 700 31401
315 543 42048
153 267 24083
23 437 24083
80 369 63600
106 513 15297
198 333 42802
420 491 26926
142 236 41049
325 700 39962
387 609 44688
346 600 21024
33 320 42942
298 334 15264
8 78 14560
92 708 32894
127 399 26401
262 516 59000
159 347 79101
121 233 35114
30 691 27731
46 161 43417
236 574 32016
204 387 62817
211 526 28071
276 558 40608
363 387 22847
577 724 36139
662 691 42059
21 563 61327
143 273 33541
355 546 72236
369 464 63640
261 383 26833
41 646 37121
413 529 26173
372 405 62650
24 497 34655
444 527 52355
493 621 54129
50 615 33615
261 657 37014
311 429 43186
23 688 24515
420 525 25807
80 385 22472
460 537 19235
726 729 40817
99 411 43012
142 393 38833
424 503 20518
248 526 36056
250 352 28425
199 571 22472
397 707 20809
279 496 37590
79 531 50774
135 232 28460
173 372 30067
21 318 45541
31 653 28160
111 264 40804
81 538 21932
256 549 12083
462 527 43932
450 700 36056
338 409 21095
403 472 24597
81 181 30067
575 589 14213
158 685 52154
315 632 31145
8 653 23537
226 676 22672
407 654 22023
28 118 32062
208 311 50567
466 633 15000
173 690 37590
232 477 88119
40 644 26627
73 477 37696
21 248 71176
143 558 39000
258 401 12042
262 580 30806
185 251 62008
98 378 57280
103 302 42544
237 513 29155
297 701 43012
260 299 15033
64 179 44283
84 593 47854
201 274 76000
146 528 61131
111 272 27893
490 636 49041
215 227 16401
123 248 42000
246 481 19647
56 297 77524
125 479 35355
13 557 10050
127 321 34000
601 604 98005
499 584 14142
58 679 39013
313 712 25495
41 472 31257
434 636 15620
144 183 50606
114 446 20881
36 486 32280
165 554 50359
273 276 37537
236 480 27586
2 36 77524
594 600 57723
536 720 31623
288 355 43324
98 353 15264
216 251 41110
129 256 43290
382 517 42426
395 611 53460
474 716 30414
55 555 50990
307 713 23601
364 444 11180
91 666 41049
3 151 23770
699 723 31401
335 618 45000
272 585 58694
131 312 50160
166 503 39825
87 546 27893
124 184 18439
520 681 21024
523 681 44102
573 663 62000
541 621 21954
196 624 42579
36 714 22023
318 517 35128
336 702 86400
184 671 29069
39 706 31953
8 221 21378
50 441 22804
514 582 26249
444 616 36497
291 424 29682
148 675 24083
146 512 38897
20 214 50695
68 565 62968
160 522 66098
99 219 22561
165 256 17000
605 664 31828
125 560 39812
79 174 16125
429 693 29732
422 715 56223
385 673 15556
182 227 24042
636 682 19209
555 607 74277
441 449 42521
526 621 23022
625 719 21587
370 600 31780
276 608 51624
188 622 37000
206 650 28160
140 450 73171
357 657 22023
57 519 29547
200 671 15811
13 216 25807
570 605 27203
72 446 26077
89 222 15811
425 651 66851
274 663 23195
313 358 49820
132 705 36056
362 684 28302
91 384 33287
71 680 45277
541 725 15033
268 710 26907
217 474 44944
60 192 44204
11 384 51624
281 550 28636
457 504 22023
321 628 34059
105 285 21378
578 707 51740
143 257 68359
286 618 30364
231 687 43417
214 685 15652
560 691 31623
280 668 78588
238 579 84077
210 505 55082
267 717 86377
380 410 15297
123 446 33541
38 720 158474
93 115 46872
304 690 73824
43 393 38949
562 584 45880
695 710 46098
52 515 24331
466 661 16492
293 533 75425
415 605 24331
46 116 54148
68 578 46690
229 572 56321
246 341 40311
635 723 54120
43 412 45453
82 192 40262
139 708 48301
112 407 68680
305 668 21095
295 439 45188
925 360
675 69
438 538
415 777
382 543
937 634
857 452
600 42
782 242
320 825
784 772
261 363
728 90
188 822
986 592
875 575
247 218
174 853
750 133
695 816
227 645
118 442
926 486
591 364
691 331
376 328
851 539
67 710
729 435
95 326
592 93
139 382
725 455
514 200
561 127
636 136
311 714
827 875
895 349
353 167
722 167
100 257
794 356
595 976
233 465
59 509
795 761
681 570
498 285
443 787
642 394
63 404
167 662
887 303
664 749
499 821
942 596
168 702
304 370
497 253
891 736
388 193
732 245
291 587
550 199
99 379
874 612
403 461
442 989
306 766
585 715
174 611
920 312
906 373
412 819
851 591
782 358
596 28
876 233
520 541
642 352
501 270
557 265
348 379
709 355
154 815
465 907
870 732
281 746
725 214
764 735
236 342
556 67
760 227
429 861
977 624
299 428
153 674
705 834
269 849
455 633
652 318
849 612
686 840
740 216
314 837
396 486
657 566
534 270
543 852
799 807
585 640
806 257
180 595
547 21
63 455
744 187
69 742
550 404
358 142
843 337
882 200
190 574
436 465
74 327
142 412
848 726
605 735
208 825
219 483
208 121
570 453
942 374
498 743
948 346
239 331
122 763
766 458
182 351
450 95
250 660
858 319
367 699
395 349
634 304
87 530
878 378
677 285
496 30
781 231
460 529
83 705
76 301
972 457
109 772
528 138
286 203
637 863
497 989
811 710
32 475
757 362
760 179
340 365
259 845
478 646
278 800
70 280
476 944
604 211
445 133
728 877
570 376
884 219
579 307
553 461
502 674
683 953
331 606
796 554
640 382
592 382
426 309
440 483
812 133
622 718
2 526
398 225
720 786
965 638
786 323
462 280
276 762
366 771
695 551
483 833
623 245
489 144
49 530
468 452
201 307
529 2
290 666
821 622
89 647
23 416
415 164
628 278
788 887
898 475
264 590
974 519
298 192
648 797
612 415
743 111
611 885
242 495
700 856
289 150
579 46
294 755
49 441
229 805
271 219
962 561
599 405
824 710
698 44
55 701
263 200
975 355
876 325
316 313
239 308
881 285
314 859
911 745
580 505
886 676
229 137
872 599
380 947
455 335
614 180
86 600
680 780
232 574
924 605
742 513
774 84
665 578
158 417
341 613
836 843
251 830
299 692
862 682
483 519
713 477
363 631
743 576
504 919
838 819
909 602
350 331
52 299
276 696
904 790
97 434
328 187
826 800
397 714
201 231
190 418
422 742
134 778
828 353
814 414
585 657
313 728
800 671
462 320
561 89
744 237
488 932
567 285
405 948
347 954
565 760
449 581
898 218
484 41
702 643
441 883
672 586
538 754
655 887
712 462
849 698
860 740
866 651
378 826
517 278
682 639
840 830
777 409
285 369
600 293
308 125
582 257
204 171
680 344
311 574
676 410
211 556
860 482
272 652
633 259
763 475
818 742
272 344
699 175
431 50
320 122
85 571
118 520
924 374
267 800
441 442
767 372
441 701
523 118
663 874
553 950
141 848
287 882
206 388
112 621
291 283
102 637
808 882
297 789
567 831
467 476
642 458
418 993
960 609
103 564
22 584
319 803
724 535
161 687
467 398
391 907
518 908
391 676
671 393
833 698
913 705
599 725
300 908
797 540
337 283
544 738
161 283
414 625
58 733
558 592
682 470
54 614
540 374
256 274
108 759
837 481
709 556
698 215
137 619
164 506
124 189
475 919
349 655
351 607
736 753
508 522
371 129
806 561
533 167
391 804
761 493
787 731
336 57
820 327
718 663
585 792
809 298
417 517
698 347
872 715
921 577
850 683
912 617
775 152
803 866
478 365
554 784
631 589
670 170
224 399
139 192
748 833
829 385
896 531
517 170
392 833
5 463
763 118
623 310
248 101
556 104
629 752
386 792
581 164
474 597
99 217
203 446
318 877
193 781
611 225
731 857
269 120
294 820
557 20
156 803
467 371
13 482
910 468
190 658
400 864
494 850
437 809
625 850
768 400
342 273
720 775
160 589
473 354
444 108
465 841
377 90
232 533
792 639
434 832
344 117
753 532
788 170
595 544
804 214
431 520
656 424
866 465
376 184
775 869
549 655
111 218
392 364
49 387
558 856
645 236
227 412
187 633
753 163
511 29
587 923
664 237
389 971
934 277
468 20
49 352
901 304
81 581
265 375
622 558
262 139
836 443
605 127
912 358
459 852
742 432
98 776
542 127
329 934
316 562
750 396
630 390
796 447
567 339
454 987
704 289
342 894
676 307
188 506
459 611
578 558
913 528
128 259
477 402
453 544
174 840
487 384
763 293
115 557
299 834
368 940
39 400
743 635
307 649
815 156
969 584
333 545
646 174
746 698
338 499
593 964
577 119
266 562
367 227
91 469
914 550
651 446
849 190
768 534
476 116
298 210
659 967
710 932
665 441
633 372
336 134
256 161
248 528
438 210
714 428
584 894
176 792
458 934
456 565
125 411
262 835
285 722
527 712
412 637
65 645
265 895
674 699
481 540
718 89
382 735
203 337
110 344
350 452
693 231
283 620
847 654
392 399
346 321
948 324
489 13
271 750
352 859
61 549
642 38
136 208
906 265
71 384
995 449
514 443
371 495
949 670
768 558
225 345
376 965
538 533
706 275
883 786
712 566
297 862
171 552
60 393
580 526
164 737
823 556
301 388
595 463
354 416
847 450
564 934
765 573
301 619
651 477
405 41
765 796
639 151
308 55
368 837
439 353
725 753
470 761
772 590
550 812
638 799
709 908
950 622
466 441
474 774
378 279
158 520
517 923
293 682
958 455
267 539
410 190
673 667
476 791
707 184
277 448
788 307
844 764
224 204
498 637
815 451
679 441
380 373
120 487
488 184
144 793
457 141
938 473
266 500
358 545
415 367
262 684
741 550
338 145
548 80
719 130
461 223
440 320
877 436
20 444
61 272
308 225
595 65
645 572
961 494
500 960
392 654
283 221
120 747
166 719
396 380
133 274
198 208
390 860
704 57
730 712
745 485
661 637
331 620
896 760
453 457
633 722
519 511
714 385
659 269
979 546
801 526
399 243
129 703
552 684
314 536
159 781
847 283
324 893
641 811
637 910
242 162
921 462
61 425
552 343
120 314
218 217
621 197
244 84
212 713
391 761
468 130
333 724
411 150
341 88
503 729
210 900
358 571
351 757
604 441
906 319
405 534
225 373
317 283
258 716
567 411
657 333
796 395
614 137
330 787
592 953
22 380
878 400
686 189
692 958
522 187
763 390
436 169
479 434
263 527
157 449
179 458
575 471
122 470
