953 2265 24 172
100 618 44553
528 759 35847
541 906 13601
488 510 12000
219 510 20881
154 201 27586
589 593 79925
75 855 58052
845 931 16031
496 573 14560
523 737 31906
608 726 33242
343 556 34670
245 892 22136
42 772 22361
369 762 44721
272 607 19723
273 814 28231
797 953 17692
1 60 33615
403 547 10817
34 674 21633
47 821 13601
3 217 47381
150 333 58549
492 807 26249
279 408 17000
633 696 28178
455 485 38118
427 477 17493
560 636 31257
79 952 45618
265 425 94372
257 865 45891
110 439 32016
399 660 23259
512 712 35128
214 739 21024
794 822 47539
316 483 41049
260 928 13416
605 737 29275
84 200 35847
133 934 25495
237 347 55027
350 733 31401
372 653 41049
133 299 43417
643 800 32650
566 880 56143
135 389 56294
12 481 28844
113 792 27019
826 860 15033
294 448 46390
333 361 67535
473 884 99141
134 394 50160
78 161 63151
243 557 37000
146 350 33838
273 876 14318
189 949 35355
461 513 82976
678 720 26249
107 623 30480
178 451 18358
223 242 43186
724 918 37216
226 863 24083
99 640 33106
851 873 13601
338 701 20100
241 934 23022
16 283 16279
88 209 34366
532 646 52202
50 373 28653
52 155 35057
284 755 21401
63 718 41146
153 856 33061
600 799 14765
195 660 187601
762 769 44011
624 871 13038
490 867 38210
823 826 73498
210 558 31623
590 859 10817
316 893 39623
244 436 49163
366 719 25000
209 303 53814
9 868 19647
371 499 33287
266 374 46690
570 580 27586
479 645 47043
66 893 37121
284 339 39812
106 836 63063
486 680 22472
255 673 37696
218 776 29698
56 195 21954
393 915 55579
818 913 30414
683 921 17889
71 289 17720
815 824 36401
118 637 60671
76 77 28636
769 911 24698
482 617 46872
152 580 14036
390 404 10630
240 522 52154
608 823 47011
139 300 26907
23 65 11402
102 375 10770
142 189 17804
671 856 37014
154 366 11045
24 205 11662
318 563 21024
136 178 40249
167 733 29155
137 532 32202
697 850 32016
315 786 48104
357 707 42438
360 902 31623
110 402 24352
392 808 27459
295 596 13928
61 521 25807
172 657 22091
43 298 79511
303 532 62032
563 615 49820
289 468 52086
113 729 34540
355 853 62968
254 332 32249
263 702 59059
268 444 41677
476 739 26249
156 564 51478
292 947 44102
27 163 34132
75 266 44294
700 823 15620
359 806 22825
832 872 25239
493 858 15033
325 689 11402
420 714 13454
189 835 41110
61 464 35440
247 632 39205
224 322 14318
602 625 13000
8 502 28160
507 572 31257
133 863 52839
140 680 48918
160 217 38184
40 267 34015
408 950 29732
317 904 59034
694 838 12083
402 609 14213
43 770 65863
421 749 36359
572 804 14213
464 507 24187
298 345 25080
342 349 55027
161 883 61188
157 715 54562
120 433 42720
380 624 12083
41 376 37736
268 366 16971
287 706 38053
166 627 19647
315 911 51352
232 881 16553
70 142 23431
96 371 25000
315 805 16279
287 792 15133
100 340 63000
62 265 31401
480 936 39812
42 679 14560
233 511 37054
430 474 29069
715 722 26000
484 930 28844
321 873 26476
306 516 42450
372 391 30017
468 672 63561
222 348 25612
68 163 27803
572 730 16553
238 372 41195
296 583 17117
46 949 37656
579 945 19723
21 470 36000
180 328 36125
19 153 34409
406 630 34000
122 725 17263
104 126 45343
170 828 31064
442 576 43417
491 877 23345
9 535 18111
322 949 15652
38 587 20616
692 775 17263
706 839 27586
178 597 43417
864 948 20616
335 645 24207
252 382 20881
615 674 70257
106 387 29732
518 612 13153
519 711 46615
787 827 18439
635 677 26000
767 889 47676
35 561 32558
170 212 57140
300 528 54424
306 409 37162
275 376 30000
310 558 19105
147 232 36688
231 768 12806
261 645 22804
223 523 54672
30 810 18000
401 695 21541
330 360 32016
513 870 44654
221 736 34234
278 655 39623
343 425 26077
102 143 49254
213 493 29547
644 859 16763
609 754 29275
95 552 15133
474 553 27313
228 810 31906
586 891 10050
344 758 43932
223 412 49980
226 438 24352
339 735 44045
201 304 32573
220 935 40608
253 408 41049
311 436 41340
88 130 33242
588 664 49092
228 327 29732
535 703 37014
154 460 22627
428 519 41593
385 566 20000
699 720 20125
730 825 51245
485 744 114948
740 783 29614
146 709 13454
295 862 22361
204 787 21260
97 577 74411
473 628 50160
464 494 30083
496 639 32140
101 722 31575
72 748 19209
14 172 12530
175 290 32000
708 739 12207
335 485 40804
390 583 21954
3 419 30232
461 889 30414
152 570 38471
198 246 24166
517 734 29206
364 576 29069
337 650 21260
515 767 50961
863 922 27203
725 733 43417
533 806 19647
406 603 43738
91 210 30806
840 903 48083
222 284 36346
218 700 19235
933 952 26476
51 352 24759
495 574 19799
629 894 27295
74 282 10817
369 482 39699
96 806 49739
82 388 42544
313 514 10050
301 850 29428
45 192 18788
627 735 11662
153 222 35057
481 651 36770
143 155 29206
456 484 12042
355 925 43417
690 862 24042
414 768 21471
32 83 29428
120 628 41110
204 827 12649
386 722 16031
633 653 30414
148 428 39962
286 673 27514
795 899 20248
73 401 18358
66 538 22472
350 908 21633
471 499 56223
441 625 39850
846 872 11662
825 951 19698
177 182 45541
33 215 17029
362 945 24042
539 825 30017
306 896 37121
55 409 13038
371 830 38118
184 843 27731
290 383 49518
742 755 47424
388 676 12207
148 686 23259
141 553 23324
271 468 77878
795 915 38053
46 573 12369
134 142 12530
279 445 51865
862 899 37577
39 937 10630
489 843 33015
608 791 43417
35 90 25318
132 733 12042
354 375 24759
783 912 30871
497 651 34438
460 773 21095
12 452 34059
172 952 27803
169 349 22825
483 740 29428
100 403 43186
233 882 19209
203 858 11402
119 890 28302
235 473 10296
528 636 56036
537 540 39962
214 281 32311
364 907 52479
160 559 13000
345 508 35114
379 603 19209
327 384 15264
266 453 35735
430 794 24042
621 940 29155
320 946 46271
157 421 23022
716 869 32450
362 877 44011
424 597 60902
627 865 33377
46 256 22847
573 639 37643
283 341 34670
31 368 34059
327 562 18028
2 834 19105
602 799 28284
395 742 47539
114 642 42720
187 741 21840
715 822 22361
26 384 13454
742 888 24698
430 785 11180
204 478 25495
19 586 40025
322 835 19000
506 884 10198
234 767 36688
43 871 15811
99 607 17493
175 561 32894
55 149 39205
51 946 29411
301 380 62801
864 935 12530
25 652 28018
567 636 41012
496 864 19235
311 874 34015
365 648 13601
316 808 46957
131 685 20125
122 377 32558
394 819 38079
559 763 12369
58 200 43046
523 870 31064
173 893 37014
628 884 52240
129 880 37108
77 892 35777
325 494 41110
254 840 54148
84 748 17464
501 768 56586
7 115 44598
1 9 18028
271 736 59808
422 716 33121
545 781 66242
18 610 18439
691 724 53759
129 923 18028
6 150 24597
179 477 31385
214 711 33941
282 729 24187
812 916 27731
302 690 20396
250 870 37054
38 378 26019
844 952 36715
787 788 18385
277 488 20248
469 918 25318
156 951 16000
644 805 72443
87 682 33956
175 478 15133
591 720 40497
266 407 39319
12 900 22361
292 731 38328
809 823 22847
10 941 190767
630 921 19209
231 909 29698
95 766 44418
81 931 25239
409 938 24839
388 789 42202
107 532 31064
614 833 15000
308 509 50090
140 735 29017
177 531 56356
254 883 40311
253 445 46239
161 360 39825
330 728 55758
372 633 36797
524 811 34713
149 465 36620
156 333 37363
88 781 76026
91 558 28443
750 950 26420
97 419 58421
523 746 33242
376 900 30017
157 386 43012
481 833 19849
41 792 38897
676 750 23022
153 395 40112
233 265 211851
472 721 53235
438 543 18000
528 765 99141
216 757 43681
272 754 15000
506 643 19313
77 378 48270
432 810 30806
283 329 55073
136 858 39812
330 805 50249
358 411 44272
567 746 18439
440 492 17889
766 860 21401
341 772 28636
14 844 24331
495 782 48662
125 550 39051
52 663 32558
383 757 53413
490 909 23195
385 765 24187
620 896 17117
604 721 52469
80 879 35128
744 881 38013
344 495 23854
148 757 18358
353 862 30887
86 333 52924
771 897 21213
514 796 47539
220 648 54009
60 509 49244
126 781 41110
196 510 28320
215 742 38013
549 646 15652
491 782 20125
206 693 36125
223 904 68593
627 852 44045
38 164 11705
242 904 45277
367 679 33956
650 793 14318
30 834 34482
88 448 35440
545 594 51546
670 943 35057
511 882 24166
228 503 36249
540 616 25179
403 778 28018
547 618 32450
686 757 30594
86 218 18111
391 696 45618
2 432 37000
764 822 50220
704 855 12530
683 878 26627
309 754 25495
5 308 50000
303 420 30594
486 599 15620
524 716 39013
66 173 21541
314 320 19235
407 453 16763
440 873 15811
678 774 17088
254 596 51478
79 723 13416
410 802 16643
44 295 11402
99 904 20125
29 720 43186
1 39 23770
194 626 21024
128 278 41773
37 813 50695
459 770 39013
16 405 36878
431 479 16155
34 822 48384
165 801 31623
106 423 34015
18 88 68476
695 749 37121
417 484 41037
72 758 34132
148 519 21932
548 690 19849
429 439 21213
772 898 14142
9 39 30529
178 203 26926
350 449 44045
355 691 31257
721 771 42544
531 811 32388
68 842 19698
667 668 28178
378 784 50000
348 680 21000
43 582 68964
207 312 12369
342 852 29682
90 429 13038
136 597 45044
562 753 23087
253 665 26926
827 943 51662
156 683 53907
74 815 17464
303 861 78447
294 780 43829
516 685 38328
408 750 33015
43 100 27659
877 945 48508
241 901 27659
157 813 60745
119 678 19209
804 825 55227
135 283 14866
518 669 26077
33 865 49244
126 303 69231
38 77 31953
179 914 40497
112 403 37121
274 901 36770
172 445 32000
116 642 54745
442 907 18868
277 707 70214
867 909 29428
85 217 30067
7 85 50249
40 52 30232
37 858 32062
489 878 19235
789 869 39051
329 830 12530
118 712 36056
549 620 25000
329 866 21095
295 690 13928
604 894 32016
633 736 35057
625 721 43417
96 855 30414
265 313 14142
378 793 22000
806 910 11180
529 577 135624
15 828 15620
216 383 21000
483 566 49041
248 363 32016
147 261 24021
281 708 21095
557 757 39051
469 731 48010
303 801 25612
315 728 49729
259 434 44011
417 775 47676
59 843 27295
56 926 34409
319 886 26173
216 634 28792
258 664 37014
428 667 41617
95 399 31064
28 747 15811
504 760 16031
716 947 21954
427 542 12530
270 853 14422
11 340 33956
357 488 32140
771 775 33302
460 790 49396
673 879 64288
45 163 30887
79 593 65765
187 518 29155
234 515 63569
1 308 31016
156 158 34015
442 543 39205
92 174 103769
128 758 47539
317 412 25179
2 465 15297
39 857 27803
391 633 28443
32 77 18601
182 394 49204
131 504 42059
867 875 43382
498 614 33838
538 578 20396
621 688 24759
560 567 10440
43 466 74108
737 940 26000
37 493 33615
20 356 29069
269 615 50160
321 802 26173
68 817 13342
156 825 30000
901 934 40311
638 943 35735
135 649 30083
4 540 37947
230 758 18439
671 681 36401
124 255 38275
390 785 30806
820 867 10817
373 665 53712
172 279 51245
425 440 26833
803 926 20248
90 439 27203
548 658 15652
62 585 17889
397 443 10198
45 821 22804
214 708 16643
61 326 26420
189 662 44045
343 851 18682
363 668 43417
452 541 31145
399 551 14142
244 874 33601
35 429 31064
92 323 50478
266 812 57689
46 639 40224
166 289 15000
502 930 14036
529 928 28284
330 840 26571
304 333 43417
197 716 22136
704 797 25000
74 824 22804
629 811 26870
368 392 31623
41 824 27166
154 773 27074
55 338 36401
95 558 29069
52 267 17804
54 579 12166
617 753 36125
376 867 40249
416 517 32249
879 913 21840
367 658 11705
381 775 34986
46 819 23022
603 630 46615
36 244 19026
530 886 38833
316 923 26420
590 644 25020
7 35 52773
90 116 28018
363 667 29411
546 727 53339
181 263 28302
110 609 12042
87 813 47802
39 868 31145
544 941 15652
191 336 20100
433 915 44598
254 360 60208
195 926 32280
379 846 52355
590 941 22561
365 634 38833
304 476 29155
18 288 47434
355 894 11402
104 781 43290
410 661 32558
63 904 13153
206 733 43139
888 950 30232
190 210 25060
33 755 29833
565 628 20616
50 665 63071
261 349 57306
391 462 42485
37 87 26173
450 890 35384
18 191 12042
17 285 41037
64 839 12000
200 675 42450
303 646 70093
63 607 22627
92 473 66910
284 348 19416
33 339 38949
207 662 40522
183 219 16155
712 769 23345
221 641 33734
551 660 10630
718 901 14213
325 382 50160
37 49 20125
150 361 39051
179 925 51971
83 247 36249
49 87 14422
223 737 54120
575 641 21587
29 675 50961
119 566 41400
94 939 23087
556 873 18111
82 264 24352
771 854 14000
500 703 42720
659 760 34176
534 702 27295
296 297 17263
7 116 55866
426 831 16279
309 402 12207
216 587 29155
168 346 44011
119 699 34713
177 816 30480
54 128 52010
56 638 21378
505 670 61294
236 760 40200
474 794 46573
438 576 21213
122 908 34540
751 838 10630
174 443 28018
166 744 32573
170 320 47885
255 668 29017
475 942 14422
674 727 73430
654 940 20809
412 767 17464
490 875 13038
852 881 32311
835 949 18439
370 729 53759
919 922 23000
171 732 47170
436 770 42012
121 589 72835
504 659 33242
339 865 40522
442 463 42438
29 200 46615
426 444 20518
151 351 32558
559 743 30871
258 459 31064
136 695 22825
54 278 34205
261 479 47508
416 600 19000
17 247 42953
59 184 32650
183 741 25060
80 670 37121
34 546 33242
501 732 28071
276 336 29682
711 773 45804
8 456 25318
792 932 24083
255 286 24698
517 850 49649
660 836 52010
334 938 10817
180 185 22361
332 800 32062
168 321 40706
74 615 41231
402 439 49477
74 729 30594
220 639 41485
297 942 42012
375 905 27019
212 605 48083
647 805 48260
370 764 13601
199 594 17029
377 725 25962
93 553 37014
568 914 34015
82 253 12806
48 588 21954
196 277 14142
544 545 37483
233 798 75027
318 662 27659
150 730 16553
474 822 66370
413 926 30806
229 528 50448
81 569 22472
74 674 58138
298 770 66483
108 371 26926
41 282 28792
299 934 33242
206 434 21587
775 854 26249
566 912 24021
723 933 52345
213 421 47802
282 824 13000
151 288 25080
501 717 39699
70 177 45177
163 437 42638
227 707 55073
134 182 12207
62 514 17804
454 937 28160
72 702 13601
358 380 83187
53 950 20591
659 701 56921
612 707 26926
581 593 74726
824 875 60133
57 513 31780
536 598 22847
117 447 43382
682 685 24839
427 914 34482
601 736 40817
101 794 32016
113 626 69642
338 938 31780
200 907 41231
597 649 30265
327 606 30364
67 198 15297
733 908 23022
800 884 41773
505 673 35805
741 944 21633
28 380 73246
45 437 48000
735 865 25495
354 876 20881
202 474 29547
165 538 34828
180 451 33601
99 317 49497
498 833 37656
472 629 24515
194 280 15620
479 657 21190
125 475 20248
196 247 37216
23 48 13928
111 410 14318
681 736 37108
288 385 155724
268 831 25080
631 935 12530
810 834 30017
299 717 15000
211 917 19698
290 337 20248
243 757 45804
151 538 31401
142 312 22804
6 494 21541
269 727 26306
252 394 10198
208 655 32016
123 662 17088
452 833 28178
347 953 13416
215 257 13000
228 369 30463
575 684 18385
27 842 46239
552 836 27857
105 239 29120
270 918 29069
159 467 49649
205 358 16492
175 204 19416
297 475 43324
629 691 20248
66 351 16155
509 585 38601
274 821 20396
480 896 37336
236 745 21471
468 713 21471
418 854 14318
101 822 29069
32 247 20396
498 919 34409
324 378 46174
137 646 35805
80 913 56719
354 929 20248
210 398 10817
174 761 23770
720 774 23345
48 65 11662
304 426 44944
323 350 54452
336 538 42048
11 466 31765
237 341 31401
502 722 30067
669 741 21190
377 393 37947
128 491 43863
320 576 55218
487 606 20591
670 673 59237
118 659 40804
120 393 22023
728 786 23854
56 895 14866
651 706 29547
88 294 45607
495 848 41976
281 476 18028
271 672 46615
322 639 29206
172 431 43566
80 195 89022
120 751 17000
228 606 43382
895 943 29000
278 748 24187
234 317 18788
138 724 27295
17 277 25298
321 410 36688
132 703 17692
319 484 27166
106 872 62769
351 893 33242
611 819 27893
192 821 10440
578 584 13038
579 655 24083
10 902 17464
363 766 68680
263 549 26306
402 754 22204
222 671 34234
308 703 43186
58 702 31828
25 301 36770
179 778 20616
10 330 60415
418 721 44418
461 705 45100
364 946 12042
217 419 24597
406 791 23087
26 753 11662
739 809 12530
176 910 14866
107 801 45880
571 694 26833
440 796 48836
211 240 13416
280 932 15811
163 842 37696
566 765 33242
407 937 35114
124 818 46011
37 213 44283
231 820 19723
138 918 23537
168 410 29682
2 936 13038
232 744 44102
509 796 65460
11 459 51352
285 555 35440
71 140 23854
805 911 49031
181 549 19105
830 866 29967
377 915 51313
536 707 76531
227 875 24187
743 763 22627
674 729 46174
148 243 41677
333 476 53151
414 820 30594
13 27 18111
117 468 59808
360 840 16763
246 417 16401
3 926 31828
288 336 20616
591 907 27893
8 930 33615
14 373 35000
416 602 33956
248 752 19209
285 632 11402
45 110 21190
375 876 23087
274 718 35355
538 584 21024
301 554 17029
152 323 14318
195 913 145169
138 731 20100
370 822 51856
706 848 16031
26 562 17692
215 888 37643
105 651 25000
603 843 36401
220 457 36878
142 207 25710
6 507 27459
134 256 26870
202 297 18028
83 944 29155
15 226 24413
362 919 32573
396 593 33242
177 446 46011
738 936 17263
238 391 52498
490 939 16279
103 829 12207
42 898 22361
440 807 41000
370 626 91439
178 858 35000
157 663 61685
291 401 15811
237 953 46390
75 616 41037
4 359 21401
305 907 24042
709 751 15133
404 785 34785
524 724 30806
107 578 15297
772 927 21932
859 941 32894
131 938 23537
69 945 13601
316 880 38601
83 510 36674
638 895 17205
537 697 31385
127 749 32650
29 591 16155
811 920 23345
10 544 206400
392 740 30067
914 925 40608
679 772 20591
369 432 17000
349 888 23431
329 405 31906
287 651 38949
465 936 17205
898 915 38328
42 353 26926
513 705 54083
207 942 25612
96 866 31016
433 884 44944
478 788 28636
119 765 29000
679 927 13454
77 83 21260
551 818 34205
700 726 22204
699 783 22023
44 302 17088
237 329 27659
294 420 11705
467 665 45222
203 451 10198
298 311 56462
434 725 17493
117 486 20224
547 586 36222
320 828 44721
226 779 32802
51 139 14765
585 796 53824
168 661 23087
728 903 13454
109 128 31828
202 296 21932
125 721 54672
1 535 19209
19 891 40012
643 883 15000
4 176 15000
416 799 17692
235 694 16125
44 903 20248
16 329 52173
146 908 26926
123 269 22472
246 381 40025
527 776 27459
38 262 14142
129 288 51352
271 653 49930
536 615 58523
530 734 73410
546 674 43417
423 836 30887
164 262 14036
526 897 13000
71 627 15133
327 545 51478
575 917 27203
401 493 28284
782 848 18385
184 756 14318
7 561 41773
265 514 21932
195 803 24413
331 875 25298
23 882 18385
60 937 18385
548 849 31048
301 697 38897
34 474 50220
378 944 50359
396 458 25495
425 798 60877
276 538 36401
100 466 71784
515 889 22091
258 462 16125
225 517 25179
642 743 43417
296 390 32757
98 392 22204
226 543 25080
306 938 50160
843 921 39962
169 852 48166
243 428 19849
41 275 38833
324 439 32558
362 779 34234
37 451 31145
47 274 23345
261 342 40000
7 788 34438
576 828 38897
445 665 29411
508 802 25942
536 563 30610
480 549 22804
40 663 24207
302 728 25554
346 454 11180
502 837 23324
571 751 21840
19 522 35228
195 638 40608
125 472 68066
149 432 25298
456 885 28862
419 763 61620
443 509 32985
419 577 56036
357 518 38949
332 795 26571
266 616 14213
386 715 25710
227 331 46228
258 415 29155
913 924 19235
11 415 34409
159 264 51614
122 393 15620
837 930 19105
63 272 33541
516 682 26077
550 721 33136
820 900 28636
663 813 17000
415 459 46011
378 437 45651
542 568 49930
301 916 28636
191 610 20616
717 922 37121
472 531 21954
444 790 14866
224 835 21260
337 561 20396
259 341 28443
303 829 54332
239 491 10198
97 763 55660
362 498 30150
64 280 20591
319 456 18682
238 271 126495
628 838 37577
685 938 39408
351 923 40012
316 351 36125
611 689 43290
756 843 31016
169 307 14866
895 926 40262
746 847 35000
292 388 26306
346 796 71400
552 766 33971
70 942 31048
321 556 30871
204 557 67119
75 806 41677
19 547 57009
71 735 15000
340 618 43841
298 358 40050
228 384 20224
569 931 37336
133 569 13342
169 865 52555
181 814 42720
24 358 26077
519 773 24839
204 505 61392
124 668 40311
346 807 25495
237 797 33541
103 480 11180
117 599 18028
172 193 49336
220 710 32558
174 265 66310
505 557 18385
367 862 29698
251 297 44598
197 422 22561
149 338 17720
791 832 24759
302 619 30083
328 548 64195
183 944 31623
596 899 41400
142 182 18439
463 543 34438
175 613 33242
139 314 34205
537 616 37216
199 644 21587
426 719 26019
381 418 24698
181 687 38053
155 626 23770
271 289 128763
75 359 35777
326 841 25080
228 487 49010
5 132 19849
104 861 27659
59 458 30676
137 887 25710
662 835 41304
117 680 17889
170 845 25962
26 503 25807
647 753 33526
277 598 36620
296 430 33956
229 300 17692
111 812 30000
158 776 21260
17 555 20881
121 520 43081
517 652 40497
619 745 66940
721 894 58600
170 737 48083
12 188 36401
677 698 12083
105 848 26173
544 781 86400
517 622 29120
556 874 62817
32 76 13928
344 814 39825
444 831 26077
92 350 55471
70 182 11000
165 276 35693
818 924 24187
679 849 38897
250 513 40804
94 768 35805
817 901 42297
71 713 37336
634 892 17000
221 684 23707
387 832 29206
356 547 34438
169 257 28284
401 749 33615
525 689 24698
96 797 23854
84 655 34928
16 649 17000
399 836 32894
128 495 47170
448 780 15652
151 923 28018
101 502 37643
545 562 55902
115 217 14142
577 803 32016
25 624 34438
376 875 58873
559 642 47011
759 890 43658
380 871 14422
365 519 36346
337 793 20224
548 619 42202
857 937 30364
630 683 20025
545 606 37577
632 710 15811
212 314 16492
331 490 17263
80 638 49254
57 870 24331
324 437 18974
223 317 60828
453 661 42802
906 922 31305
273 354 32202
738 829 27659
60 346 31401
277 357 45222
485 645 39205
631 864 17720
330 903 53759
259 898 19105
73 493 22472
53 431 31575
724 811 51245
261 431 47854
79 844 56859
34 764 14866
469 742 62968
482 769 18028
104 606 31145
68 821 31953
213 813 33242
199 647 30414
14 952 28636
177 472 59548
201 719 30529
377 898 39294
245 634 36014
120 838 16553
387 826 21932
73 213 34438
20 270 53075
621 718 50000
657 952 19000
145 365 30463
137 702 43417
777 846 25000
114 160 32558
474 546 27731
504 685 31401
562 647 40608
93 727 21213
634 648 46098
302 903 26420
641 671 36139
447 599 37643
570 761 16125
10 161 26019
70 816 31401
42 367 36401
215 755 34525
560 847 25807
660 924 23537
687 896 20616
788 926 73573
235 565 21840
554 850 30463
480 738 33000
326 422 34540
909 939 15000
67 734 33956
73 421 44553
160 642 49041
429 650 36674
171 842 29000
368 675 22472
637 786 15133
382 464 52202
514 585 19105
621 654 19209
374 868 43012
339 680 33242
300 314 18601
239 782 13601
526 550 21471
462 698 28231
617 911 35468
31 58 33615
173 623 27893
691 853 61351
165 780 46755
587 634 37000
395 469 36401
545 595 29017
85 115 21541
746 870 38079
69 362 27586
5 152 45618
422 869 44385
51 774 38275
576 946 27019
530 537 64133
183 357 15297
310 551 18028
328 619 55154
409 936 41761
371 866 19416
466 582 25298
379 756 55172
693 703 45804
49 180 44294
525 864 22204
126 130 28231
648 710 58249
159 572 48847
765 890 27785
158 726 36125
13 171 30610
244 511 19723
221 681 13153
264 665 36878
249 258 24839
23 511 24698
57 705 38013
68 274 40460
220 790 46530
31 534 16553
688 940 22825
287 932 25554
94 501 61188
453 454 37802
414 452 22091
615 815 26926
207 297 49041
637 911 43105
205 812 26926
440 851 20616
318 598 37216
152 308 50010
309 439 55036
127 722 16155
326 521 38833
298 411 16125
165 578 23087
296 474 29155
126 861 36674
358 508 37121
747 916 27514
293 525 36346
352 774 19647
406 777 23324
8 127 34785
227 536 62626
696 917 38013
145 519 33242
828 931 31113
108 886 69260
724 947 40162
75 540 33136
159 326 33106
524 841 54083
154 268 11045
2 738 22627
112 427 32757
86 739 30083
78 473 128472
452 501 62394
640 642 24352
637 712 41725
178 180 31016
522 641 28320
470 804 42059
817 842 12083
185 328 31064
926 943 60828
523 847 38601
699 912 28460
333 776 35511
458 489 29428
242 621 28460
67 144 26907
64 143 23324
752 809 12042
46 293 22472
480 620 23431
91 310 24207
852 865 23022
216 686 21633
13 842 45011
68 901 45706
786 911 44777
164 337 41869
557 613 60440
176 530 43417
109 278 34986
731 742 53852
121 485 64413
515 928 20616
486 671 40817
374 855 54918
149 762 35903
113 370 50488
475 526 39623
738 834 14318
69 579 21213
115 788 59203
453 937 38210
580 761 22204
267 929 19647
81 845 13928
550 897 19235
435 665 43081
157 370 77006
656 795 22204
293 573 16000
593 844 18385
515 743 57983
82 789 17692
160 419 51546
249 698 24698
631 790 25080
96 108 41231
666 755 14142
482 753 42190
241 569 23537
452 614 25554
512 701 24839
619 637 25962
498 541 34670
515 529 15000
332 656 29547
140 339 33015
581 589 22361
373 593 19416
291 858 32249
194 932 25020
193 279 30067
379 589 96255
153 400 22804
206 703 51971
391 415 34482
171 612 28636
70 312 13892
263 758 40497
385 528 122025
263 814 39850
309 640 28601
808 893 14318
362 463 38484
251 662 16553
165 714 39962
249 588 40012
28 358 32016
450 678 36222
375 929 11180
187 669 13038
104 545 39925
616 697 55009
36 798 25000
8 722 37483
78 643 27295
214 248 16279
291 695 16553
248 667 25962
406 726 54083
162 173 37336
369 503 27459
512 762 21587
136 291 13601
740 912 47413
59 489 15000
260 763 44688
81 654 16279
245 648 57428
23 244 29069
381 622 42802
818 879 45541
23 436 46861
643 884 26249
200 655 10440
5 703 26173
85 116 36688
124 398 21024
482 762 36770
227 815 26306
255 557 30083
652 850 33541
589 723 62682
29 907 39661
319 471 43267
283 849 25080
45 324 45695
198 734 21095
333 825 22804
98 893 21213
144 886 50000
39 60 20616
752 766 73682
731 947 44272
206 725 23324
162 623 15620
841 920 37054
253 676 42059
22 224 16155
798 874 21954
717 934 40000
487 810 42521
207 251 32249
152 167 41231
54 491 50010
112 477 24352
673 818 53712
157 213 46098
112 624 25962
307 888 27659
446 521 53226
268 460 15811
522 856 16553
232 485 71176
51 229 22472
397 570 13928
435 470 24839
18 448 34713
404 692 33242
43 380 17029
95 592 18788
3 413 16553
565 694 21471
221 575 31305
635 698 32894
4 910 14142
441 799 32016
16 135 15556
331 707 12166
249 635 36715
168 807 46872
174 580 44407
391 917 54424
277 536 31321
223 688 46519
658 849 21932
537 850 52154
24 410 23707
208 362 34785
322 457 27019
292 750 29411
118 512 23537
293 496 24413
599 671 38601
747 812 21260
158 630 45804
361 426 36878
147 342 31000
225 568 31016
117 672 47634
363 752 29833
190 766 61057
20 891 49477
470 564 33601
479 933 38949
151 336 24042
428 668 38079
269 563 13038
524 947 23324
574 905 17029
599 601 26683
376 824 17720
287 497 14866
424 885 61327
418 771 22023
284 666 11402
196 488 22136
225 652 21401
260 529 40050
275 497 24021
489 921 16155
518 707 18868
20 925 30676
564 683 50596
177 394 37483
869 947 40311
111 661 30083
605 847 29069
157 626 72035
366 831 24597
15 863 32249
313 796 45044
53 349 37537
554 652 22204
189 256 11402
41 113 29000
68 192 27019
242 688 13454
691 811 12000
102 267 22825
480 829 21633
524 920 43566
787 943 46271
147 645 29206
349 950 36401
395 755 22825
656 800 11180
475 816 33971
658 862 26926
134 819 41110
542 652 35000
6 572 20616
829 834 38079
289 713 47413
325 464 38118
334 701 25000
478 787 33377
112 871 24739
186 396 21840
343 440 29530
44 596 15232
833 877 36770
144 530 48662
222 400 23345
460 648 17205
225 600 33302
49 236 42953
201 711 26870
276 780 28284
102 574 42802
305 463 39661
529 889 19105
353 795 36000
21 467 18385
308 535 23601
741 784 30463
8 885 11402
29 783 41485
339 666 39459
355 604 37000
702 748 19026
238 698 28460
47 609 20224
603 921 51420
102 929 17000
5 167 10050
105 706 29967
233 635 73062
410 508 29530
435 467 30150
456 930 33956
459 466 42190
211 340 27203
62 174 36620
180 236 30150
322 555 24698
695 885 60828
287 839 24759
179 403 28284
12 820 31623
541 614 13454
303 714 21378
500 535 22023
223 705 52887
403 618 37947
424 499 61074
176 533 14142
428 711 30610
500 693 42107
78 506 20881
89 314 17493
184 593 62801
58 748 23345
587 892 38184
397 761 23707
89 636 40817
450 759 20248
499 830 36892
20 853 51624
138 469 35511
263 646 26173
155 280 25318
107 173 30806
452 717 51624
143 495 45011
145 216 21190
219 357 15000
449 571 32650
52 102 26571
749 885 45541
285 457 22361
379 843 41593
113 194 55570
98 808 12042
41 729 13342
190 558 43681
312 942 23345
234 640 34540
119 912 32016
496 948 22023
732 842 30529
243 255 24042
47 272 26019
30 487 31305
87 504 24698
40 813 23345
546 553 19105
92 449 24515
796 807 57689
672 736 41110
594 595 49729
69 655 31145
347 434 54644
53 408 32062
127 885 37202
564 878 33541
379 581 75452
186 593 18111
552 592 27459
855 868 48765
262 378 18358
397 509 30067
81 621 27019
190 668 46861
562 594 26683
420 780 43932
246 622 35355
130 209 17263
311 770 68118
131 334 22023
324 650 45967
159 507 26926
906 919 29411
66 584 16279
102 905 31906
171 501 54562
401 858 29155
220 948 34713
344 905 28231
328 389 49980
384 503 30414
863 931 42190
381 417 36401
800 915 29155
106 860 24597
60 454 25239
170 940 37363
230 344 38601
135 849 17493
190 398 31575
630 726 61000
55 938 20224
190 363 19925
361 444 42953
381 416 40497
54 945 15133
352 450 18601
140 713 18788
50 435 59816
9 500 12042
109 758 26401
418 602 21378
379 872 62682
692 785 29000
89 212 13038
260 743 48466
286 505 12369
76 247 26571
215 307 18111
240 641 37121
343 798 45541
446 841 35355
684 917 21024
65 436 41400
118 619 62968
27 784 30414
413 419 41231
234 743 40311
156 776 26249
604 625 53907
492 873 13038
218 333 51039
7 90 58241
125 526 29732
345 874 52631
307 349 22847
640 743 42190
253 279 34525
311 345 42012
556 851 17804
240 340 24166
250 567 25239
704 953 12083
389 597 19235
166 271 143684
497 792 15620
36 874 26019
595 941 16553
625 799 21190
238 677 21260
224 555 17464
229 759 25020
455 645 22136
441 914 28018
659 745 27659
724 853 37656
670 879 55172
21 804 20025
113 932 37014
305 442 15811
373 445 32062
520 723 51225
447 601 23087
273 905 23022
436 664 22136
155 194 19105
361 631 48877
24 111 15652
732 934 34928
359 910 15033
568 600 21840
569 621 40311
283 927 30414
187 357 19925
45 439 43863
273 687 46325
78 883 24083
439 642 59615
702 758 44272
569 718 46098
63 621 48918
276 610 14422
139 320 31623
568 799 28862
382 689 45804
197 326 28460
615 727 42426
225 542 41195
141 297 33615
93 123 17117
69 208 15264
382 611 22804
289 627 21471
477 778 19235
257 307 23431
452 768 38275
141 202 21095
270 469 48415
102 155 34713
694 751 18248
388 750 21932
247 510 24759
319 885 34785
206 347 41231
331 939 14866
108 471 67602
157 822 58796
161 902 10296
167 350 25612
195 577 55543
441 925 44294
168 453 35114
531 920 25807
550 771 18439
353 898 43186
696 736 31828
692 837 41881
61 159 40719
522 671 34000
123 727 26926
188 900 25000
598 835 36139
135 548 45277
374 857 30676
399 592 18000
408 676 19799
527 726 14318
17 22 20000
230 263 35384
519 686 25495
405 499 48021
404 897 15297
332 883 20616
356 403 30414
114 116 22804
122 709 28160
105 782 27586
361 494 32311
712 911 30414
101 715 17464
461 767 48104
118 745 21633
24 508 16553
443 761 28320
533 886 64846
315 330 38471
147 455 16279
359 540 19026
177 252 35228
83 219 39205
154 711 39000
86 809 31113
243 668 31113
539 804 46011
602 721 42048
293 611 36892
135 328 70178
709 908 27785
249 462 24515
475 583 39623
345 411 10630
186 373 19313
697 916 22023
457 639 19416
290 613 25632
617 769 43267
348 486 21024
1 509 56436
525 631 22023
13 669 17263
845 940 32650
188 651 13601
22 555 12806
269 318 18439
335 933 21401
89 847 45044
31 162 13153
11 211 26401
667 711 44147
485 520 22023
288 880 87052
6 730 15524
153 469 41110
159 789 52953
76 245 11045
511 798 43932
603 777 33242
109 748 31321
33 257 11000
342 881 28443
512 659 48795
201 281 21401
91 124 32311
29 699 42450
539 951 15000
10 360 34713
104 487 25807
364 591 52000
373 844 24187
197 524 50160
185 745 23324
463 779 12042
128 344 48270
53 193 21095
325 361 43105
537 734 72277
370 674 25962
226 922 34525
275 900 25942
162 887 17720
78 884 30265
163 192 25080
768 909 33615
522 618 56727
101 837 37108
25 380 36222
459 582 32311
335 479 36235
476 708 21213
504 682 24187
700 809 31145
539 564 42953
473 571 40719
406 608 36056
87 760 14866
608 832 44294
55 465 26571
407 857 29411
400 671 27659
534 887 25942
80 943 54452
730 804 24331
103 646 32280
281 711 36497
744 852 43738
481 877 43012
218 527 17088
423 552 20248
766 826 18111
188 481 41146
413 577 20000
687 814 37162
193 431 12806
117 713 48270
367 849 19647
262 793 20616
21 435 23345
648 790 51225
826 832 43932
61 382 31765
779 919 14318
143 280 22091
237 259 51078
412 705 31257
619 690 37537
339 847
773 724
682 77
402 721
380 908
339 292
636 149
479 631
356 841
655 970
119 604
686 451
646 324
185 243
830 384
533 798
530 340
964 678
175 502
263 513
291 272
518 356
108 725
250 730
274 626
762 809
648 306
277 684
886 491
809 752
858 581
552 281
113 400
541 515
627 201
135 757
603 687
578 240
330 825
639 642
616 492
529 865
221 623
610 867
692 261
438 359
714 262
95 720
621 696
238 208
909 403
656 617
162 322
797 502
733 712
631 35
879 225
841 552
241 159
310 830
338 346
251 914
773 267
664 539
105 714
917 607
396 621
699 305
812 483
421 420
33 400
806 571
553 662
597 459
369 766
539 276
567 270
567 983
137 196
561 26
806 331
236 307
581 286
825 540
686 154
378 163
629 684
931 738
914 348
652 205
470 54
373 983
502 442
659 379
416 36
430 788
757 95
905 555
766 236
215 596
500 574
681 608
800 677
844 795
709 493
350 24
890 629
440 748
788 565
699 241
264 737
236 586
616 521
693 175
678 134
675 189
75 468
658 769
953 457
458 943
109 190
449 909
500 425
482 84
404 473
874 761
512 620
765 543
973 582
900 750
690 710
395 895
772 342
428 399
544 809
535 706
830 617
216 428
896 396
46 420
491 459
439 405
676 559
416 639
517 219
431 945
85 301
509 179
737 751
350 270
956 623
339 928
155 474
451 216
658 582
322 202
565 605
323 168
301 329
715 151
629 971
860 594
677 288
574 229
903 655
16 380
379 918
286 767
117 361
844 343
670 343
179 254
897 599
281 935
594 146
414 730
376 416
571 724
247 549
600 735
776 651
421 409
600 319
212 144
620 745
220 204
616 328
673 485
450 391
430 91
965 666
700 278
164 301
644 569
650 24
544 338
288 368
381 618
769 861
843 509
432 196
480 477
578 698
590 127
256 720
434 872
445 430
825 475
897 733
452 79
130 580
901 347
584 647
427 153
126 389
537 212
688 124
360 161
585 325
482 296
92 548
120 472
843 245
503 362
315 608
816 404
594 417
774 779
928 391
765 603
670 416
50 312
80 750
784 193
444 985
630 738
476 814
27 647
737 501
142 574
762 334
814 277
488 143
134 738
528 275
403 608
548 301
416 141
75 669
920 251
477 434
372 381
228 297
589 924
495 120
447 380
113 389
94 653
496 861
774 119
109 300
588 230
791 627
259 299
220 909
330 745
670 628
452 227
519 413
224 477
2 523
740 261
727 604
730 279
654 484
938 662
554 348
806 535
194 303
654 557
415 183
606 465
530 814
115 436
500 312
518 111
658 522
979 633
16 395
594 178
539 693
219 370
419 347
895 710
601 860
465 493
462 476
212 702
761 384
916 378
288 660
616 851
861 693
401 206
830 462
717 665
128 371
340 878
729 223
455 35
160 724
433 427
230 899
905 363
686 877
959 577
801 201
505 401
449 653
886 366
250 786
489 359
345 941
650 243
386 315
315 359
784 807
603 771
482 787
668 911
623 381
561 940
358 212
707 724
118 259
963 646
601 197
720 746
79 419
152 596
501 833
85 332
193 792
734 580
202 725
285 811
424 832
104 452
137 350
399 934
932 601
927 420
552 879
708 630
298 480
241 532
597 334
252 704
385 734
648 936
389 272
792 464
424 110
880 424
489 231
440 215
558 843
884 559
746 767
566 528
450 773
31 606
213 222
362 779
691 612
636 460
471 885
604 239
244 91
238 622
394 569
366 361
558 212
771 799
994 478
522 606
340 52
215 344
556 754
437 510
61 607
902 533
459 921
382 379
152 434
226 183
292 905
461 85
442 19
137 488
544 678
722 233
219 553
429 517
509 770
302 111
335 784
194 320
732 699
261 751
210 718
826 198
689 62
690 427
91 624
356 583
416 598
385 546
699 102
891 699
546 618
283 346
384 23
507 698
195 818
417 248
268 593
475 158
653 218
473 526
156 291
761 759
499 955
455 877
275 255
138 689
644 261
839 396
674 221
219 806
313 562
843 453
282 907
431 263
211 254
330 415
56 507
941 704
397 978
942 409
580 708
712 429
319 779
296 809
82 285
454 635
490 332
251 188
125 655
467 232
854 149
80 645
808 429
348 312
758 721
147 619
278 285
19 447
186 447
291 236
473 689
337 461
439 994
492 504
421 462
398 177
259 578
609 144
150 276
789 675
710 467
716 793
961 536
446 626
79 247
95 471
823 780
565 331
256 159
626 398
747 503
235 798
572 674
359 284
721 560
439 333
653 508
762 461
468 745
368 842
719 367
476 603
741 794
650 697
530 114
547 977
324 315
235 737
290 875
565 319
117 748
681 764
908 212
240 900
805 133
676 654
340 611
631 353
494 195
93 230
353 367
146 522
885 280
268 414
414 311
414 501
344 155
967 359
814 121
408 687
326 442
859 631
424 740
843 588
354 859
545 378
345 699
925 628
310 227
366 733
743 432
274 604
839 414
835 869
829 832
517 492
210 547
583 832
795 653
395 511
456 17
401 34
503 479
289 643
510 346
222 773
523 131
442 49
728 151
931 282
605 177
774 822
526 402
271 209
465 979
978 490
934 272
316 577
785 339
305 910
422 957
320 284
435 347
707 574
120 562
854 411
701 46
905 632
809 504
325 929
182 134
155 643
448 491
906 619
259 898
214 511
562 227
76 709
160 138
799 881
880 476
424 19
202 206
780 848
828 861
596 873
537 751
524 369
85 483
337 583
79 509
364 550
259 103
310 515
887 301
813 798
757 251
338 109
711 242
946 674
388 367
644 355
570 169
734 442
565 433
341 736
725 839
183 565
624 822
771 660
805 304
368 603
870 606
243 611
351 550
635 588
35 385
485 974
313 456
286 141
431 297
509 305
56 579
527 239
43 687
935 313
649 829
610 31
471 336
752 206
125 541
729 198
554 959
774 882
103 278
809 646
742 847
481 242
533 781
617 211
684 493
302 625
29 565
817 319
833 506
534 928
157 256
569 839
646 730
463 9
293 745
484 419
624 623
117 682
235 271
118 425
441 134
466 121
629 327
564 63
116 506
45 505
509 85
559 503
872 540
208 334
43 661
938 445
525 851
83 452
94 535
662 676
287 161
103 569
681 692
519 200
738 649
823 287
393 324
596 847
294 449
441 548
410 845
446 969
524 686
81 566
316 687
54 656
927 480
369 144
700 748
819 575
383 882
419 815
857 194
696 520
621 369
413 162
441 936
514 290
451 177
678 799
38 437
882 689
516 581
267 375
749 393
755 304
416 222
918 462
362 508
506 605
125 190
243 432
446 892
347 141
523 439
638 864
603 489
335 277
214 408
717 339
404 903
363 629
45 391
58 544
858 297
789 708
406 152
932 531
622 307
164 388
756 164
26 349
640 757
916 268
268 697
818 556
527 649
195 353
443 951
401 129
752 815
740 246
132 423
206 131
525 170
777 589
953 392
634 698
303 926
702 759
740 148
555 520
982 457
378 59
819 182
680 408
701 803
164 656
399 529
507 861
478 214
922 439
424 551
339 182
290 91
242 569
796 430
934 690
887 800
729 512
926 502
634 279
462 528
651 844
604 111
621 118
249 319
441 274
300 88
643 520
604 217
480 549
552 915
228 854
443 808
150 777
344 570
529 938
877 673
247 760
670 38
311 273
702 874
405 745
260 806
917 556
400 141
791 752
294 437
282 713
616 638
753 615
590 443
396 439
702 318
483 38
415 360
660 433
710 275
526 561
379 132
619 465
340 226
360 61
586 115
842 374
807 687
488 776
429 237
317 70
725 454
792 722
489 378
411 8
464 583
451 958
676 539
643 920
313 384
691 323
237 132
189 219
819 336
290 66
916 303
712 519
553 824
317 655
211 787
69 357
236 469
399 543
408 809
153 507
352 808
571 689
790 887
361 46
838 768
579 864
798 388
436 314
68 380
461 789
654 424
361 822
240 357
883 249
230 610
296 56
224 791
161 758
615 405
714 610
751 480
265 176
526 23
982 546
57 327
95 738
569 959
537 979
482 642
446 679
855 611
155 365
827 135
968 433
215 501
535 254
920 570
309 483
620 45
754 662
414 514
509 875
563 898
666 461
744 313
638 966
629 874
775 254
708 591
754 424
853 469
417 922
649 395
400 735
692 826
954 489
505 17
285 563
514 913
294 688
112 588
211 451
782 433
311 421
271 153
782 410
972 600
486 14
292 523
659 55
516 841
786 125
689 623
462 602
820 352
645 544
131 242
749 353
442 303
772 711
323 817
713 715
637 386
834 307
821 876
429 450
599 65
610 289
799 487
881 412
256 394
456 319
475 366
172 340
322 218
157 237
430 820
