718 1814 18 116
51 588 33106
4 244 17692
553 638 39560
186 700 95603
183 550 54120
453 480 29682
67 312 75664
206 223 91005
398 497 77666
367 391 46390
305 319 29069
426 559 16643
34 713 15264
253 470 27857
183 665 47381
105 475 33242
292 567 29069
196 699 36359
39 58 23601
483 644 51788
484 487 12166
87 225 68250
160 476 26173
43 467 36674
478 643 50636
47 464 59135
47 249 33242
589 700 19925
332 545 37014
121 640 41773
560 633 61620
227 241 68007
433 699 33615
167 296 31145
339 438 45222
64 530 21095
396 637 15652
105 660 39000
83 695 22472
16 617 22847
450 479 54378
30 475 25495
263 408 38210
106 403 39395
247 379 43417
369 492 46519
20 539 28284
456 585 37336
558 681 30871
197 616 21095
84 649 46141
93 401 37202
235 563 62426
23 488 31828
245 711 32062
96 139 16031
49 609 73682
164 238 48042
271 675 39294
117 716 59481
49 550 46573
370 492 41437
414 692 31145
452 659 27295
350 475 55000
209 713 49366
175 398 31145
152 569 34059
188 493 73082
96 251 15811
372 615 38484
369 370 52393
171 711 47927
123 234 115104
266 306 17804
526 544 29732
363 634 25612
219 420 10296
244 362 21000
304 533 28178
125 134 22204
105 324 38639
541 700 74303
223 694 58310
197 296 24515
61 692 19647
266 418 108079
35 677 37590
240 602 21633
11 645 25710
367 523 29069
111 532 31145
182 481 22023
191 335 36674
58 502 15232
422 554 27893
283 288 40460
216 301 15811
114 632 87321
14 331 17804
392 451 64133
11 690 21932
364 679 34482
160 680 30083
17 378 15811
338 346 33302
424 676 68731
163 452 30806
19 622 32650
603 655 38079
173 230 31113
122 343 21260
347 588 25807
190 237 50537
482 702 74847
241 372 24083
252 423 64498
205 215 45453
99 162 26249
260 478 40706
319 643 28231
269 684 66242
225 330 33941
100 704 36056
368 581 42059
309 323 43738
369 505 52811
340 638 78409
148 582 45706
127 392 46400
158 572 39205
101 164 42720
189 309 35000
213 413 25080
22 353 46690
90 275 41231
228 431 50804
150 378 25942
23 92 32016
263 577 37121
134 229 36401
360 634 39115
377 431 36715
689 703 25710
262 452 34986
558 589 19235
257 503 33015
334 542 30000
209 521 33015
6 180 33601
62 341 23537
332 549 22804
474 600 33287
547 710 60440
120 290 72277
55 601 11662
147 670 20809
56 106 15811
181 508 21213
22 29 13000
329 387 37643
255 599 41677
89 633 47170
321 446 48703
493 560 56569
343 569 29547
125 661 16125
40 660 60000
257 481 24413
232 610 27074
49 577 17263
282 715 40249
285 311 25495
551 660 50990
27 553 21024
448 717 65146
7 389 14560
19 24 48021
56 403 33971
236 259 71701
514 678 43012
339 682 20125
394 553 20248
396 589 41000
164 229 27459
212 583 32311
65 130 52498
243 401 40050
590 682 10630
33 318 23324
536 697 36235
531 538 32558
365 529 33242
188 602 155158
222 628 37121
144 547 66008
213 496 31780
139 467 32696
21 393 41437
402 460 25000
63 561 56798
397 462 39623
303 389 26627
572 689 33526
10 712 46239
377 645 33377
22 713 37000
252 639 49578
130 438 17804
365 426 22361
236 423 82462
148 461 38949
46 107 37108
637 700 39205
423 470 58258
214 616 43278
216 255 24739
394 663 18974
274 717 23409
413 496 11705
261 680 31828
236 519 57219
128 468 33526
24 431 55326
404 601 21954
136 186 25298
653 689 47413
107 503 35171
275 630 84202
137 457 40608
522 563 71847
433 547 57489
547 699 57315
50 308 21260
631 656 45880
3 356 27203
283 604 24352
79 692 44407
177 462 38079
149 693 43600
151 680 29000
230 621 25020
165 510 13416
368 567 22561
225 274 13416
15 505 24597
460 623 20248
323 324 22672
331 523 71561
227 662 59008
340 626 29275
324 371 25612
278 709 31016
65 582 45398
380 506 26833
290 448 73410
80 437 16643
250 648 24166
154 536 48754
27 219 38588
614 630 34986
224 556 41037
228 536 33136
256 432 24042
315 483 29000
114 507 24698
143 707 39205
55 483 18385
149 326 22023
52 444 50448
424 620 31113
201 691 15232
205 580 21095
238 333 46098
582 586 38588
516 623 61008
392 453 21541
276 548 54708
363 441 34986
219 707 16492
32 393 25000
85 554 17692
15 41 31257
698 714 26401
214 424 38588
316 334 59237
605 610 18439
438 598 45891
201 586 32757
129 279 37590
565 703 38000
193 657 47127
220 490 50990
399 521 45222
476 585 15000
277 474 20000
43 154 56754
132 157 22204
110 156 33015
429 453 27459
387 703 36674
246 361 20809
548 558 19235
115 164 47424
175 432 35114
112 340 15620
140 460 13153
4 362 15811
294 358 42426
60 565 32140
147 502 38328
114 265 79706
40 325 36715
57 292 11180
17 307 41049
12 145 17205
67 110 26401
250 710 37483
385 605 45044
78 124 28284
179 684 45177
486 628 41485
499 651 17720
631 678 53038
92 173 40224
234 672 50448
221 573 46065
368 650 34828
68 459 53226
20 478 35171
200 700 139054
562 643 38910
43 130 40311
328 428 27803
482 511 25179
242 288 28284
42 131 48010
627 711 11180
147 606 37590
37 401 43566
95 541 37443
274 466 23087
380 570 49244
128 155 75133
565 676 36125
221 452 26926
417 704 18601
184 331 73824
584 718 39962
3 488 30414
330 364 35384
3 301 65734
166 326 44598
181 200 65192
181 456 30414
193 581 31321
463 669 20100
17 457 56613
75 165 34409
65 587 41049
3 317 18601
2 217 84149
131 242 26476
133 273 20616
92 135 18385
341 604 41231
35 269 42720
304 574 54037
190 241 42521
70 260 67676
122 555 33838
220 312 27514
359 482 104547
630 698 54083
277 561 36878
629 709 30887
220 520 49244
363 436 39319
594 701 39459
114 195 17000
534 561 43012
69 710 28601
34 427 31145
152 285 57271
392 403 33242
354 385 38910
165 564 29275
207 305 56921
508 658 33242
204 509 11180
180 249 24083
326 691 40853
6 249 50606
384 503 39812
159 318 34928
118 235 28601
140 367 52000
166 201 25060
207 616 38639
352 647 60671
61 571 24083
91 652 36125
49 183 27893
262 678 55714
452 573 34886
440 479 29732
547 677 40706
26 66 35114
421 643 37577
527 592 25632
86 430 22472
514 631 39459
131 647 79630
89 716 65765
197 284 21541
38 163 15811
216 634 22136
18 440 64514
71 100 30083
259 614 26571
454 638 94795
327 488 46690
175 688 35777
50 215 42048
224 396 54406
461 576 50329
116 340 42450
598 691 29155
331 584 30414
420 697 18028
184 343 92650
365 559 11705
6 156 27019
157 161 46325
104 488 14142
393 687 46065
407 412 27459
210 512 31953
185 477 23000
425 707 34713
31 144 56462
169 280 26173
39 235 17720
144 320 25298
195 566 33422
24 172 40224
282 382 41195
353 495 28425
151 456 60745
108 520 55471
384 473 29000
104 604 67476
504 610 54672
125 426 48270
275 477 41049
228 641 30806
196 684 44721
170 578 11180
455 639 35228
33 358 30610
303 656 53852
141 517 49031
45 365 54378
325 575 40522
110 176 62129
155 684 36235
331 718 35693
143 636 62290
137 642 13153
496 653 19313
342 504 15000
197 647 34059
7 539 29428
138 354 24839
401 451 43417
190 261 45122
60 141 32249
595 632 43000
352 373 14422
518 581 46390
459 653 36139
18 549 47802
20 68 12042
268 667 33287
72 347 21954
240 271 45100
565 668 20518
36 409 36346
377 697 26833
248 435 124326
306 673 31765
425 663 26077
29 624 49820
79 286 35847
84 522 11662
293 424 31828
86 577 55785
174 466 17029
192 513 21932
167 352 41593
140 391 59933
414 571 34059
50 81 11045
424 611 30871
222 617 39115
171 245 43966
68 413 25080
83 146 19698
178 309 28178
374 499 46098
393 606 15297
241 261 27203
38 221 10198
252 299 59076
468 646 34482
126 184 72069
577 686 51624
58 649 23087
349 418 29155
310 441 22204
605 624 33541
555 569 17493
45 210 23345
175 501 21000
72 255 71253
29 610 46228
323 545 52631
208 423 56921
315 644 33242
66 442 42579
491 693 23707
117 267 37363
131 358 51624
53 173 34205
178 345 24042
187 709 38601
19 485 26173
512 705 16279
37 73 48332
64 112 66098
15 417 23000
319 421 46098
131 283 42521
56 74 56080
64 626 35384
219 697 24515
349 519 37108
317 356 27893
233 569 41629
456 508 25000
282 667 63561
628 706 17692
119 464 13416
19 554 54120
17 150 18788
63 107 16031
513 647 59169
292 368 22847
148 586 30463
193 675 43932
35 322 26249
234 286 88238
106 480 16492
59 689 54708
80 327 38184
239 608 18682
485 588 41773
282 337 44598
416 595 26401
367 460 50488
233 328 40249
654 670 23345
27 297 42379
567 581 49497
11 85 43290
44 54 26907
167 620 20248
36 640 27074
515 528 63789
109 351 35128
38 191 76942
226 665 17088
287 441 46530
13 121 12042
197 305 36056
617 712 11662
223 494 52924
436 538 50000
291 575 14318
264 492 51624
230 664 17464
208 639 11045
301 489 24597
272 355 11045
124 658 31780
556 649 51196
560 568 30083
331 343 49980
113 351 24083
13 312 37162
36 307 30806
507 538 18439
55 267 36359
335 378 39623
435 454 49396
181 217 199650
20 260 47434
373 513 54037
161 388 30676
143 425 39294
154 587 46530
184 202 54589
321 518 44385
293 616 40262
82 335 15232
32 168 42048
498 718 54009
134 212 43863
70 336 36770
389 688 41304
458 684 10630
208 708 43046
412 516 37216
246 573 38013
395 563 52887
144 677 59816
176 490 22472
249 357 22847
189 345 37108
382 715 14866
518 567 31016
281 537 14213
309 332 52773
198 357 42048
448 486 38601
215 410 11180
94 131 45222
134 164 24515
115 333 39294
435 618 104062
316 570 54083
189 524 30610
300 350 48384
289 601 75664
150 307 26683
166 338 39395
118 654 33615
178 270 43681
270 345 38288
18 71 32249
517 660 36346
336 351 63071
478 646 57706
281 366 45011
90 185 10296
479 702 37000
239 595 22825
399 685 47170
32 180 56009
359 511 116276
307 596 17117
87 202 40112
56 248 55082
102 276 20025
21 606 36014
29 427 18028
314 487 68469
95 666 38013
12 641 21095
432 533 25000
166 691 19698
214 387 48260
113 516 12369
49 263 44721
28 602 87207
94 283 17804
370 390 63063
135 294 41000
188 568 15811
333 451 36770
216 363 27459
161 608 22204
303 688 31064
21 654 31623
2 151 60415
86 609 46530
63 682 36892
231 245 28844
648 710 21932
270 678 20616
74 618 16279
423 552 56719
264 325 38210
412 574 62129
350 389 59414
231 494 36222
109 574 57306
265 406 71805
6 597 17029
263 550 32388
311 655 43290
540 624 34059
171 337 16000
240 692 66648
376 379 34438
339 598 49769
234 390 30414
279 472 15811
114 406 16279
309 411 34205
416 613 11180
158 459 19925
506 525 33242
165 444 42202
542 669 39661
684 699 40025
74 355 25495
505 545 51884
161 613 25000
560 716 71253
495 685 28178
499 678 71021
74 248 18248
125 529 64133
494 694 10050
186 541 24597
463 506 67231
38 490 49739
31 322 37336
35 433 51662
338 661 48166
409 563 32311
354 538 32558
65 154 65115
158 653 40311
231 282 30463
436 531 27857
593 626 41785
90 477 29411
5 381 70178
428 584 16492
547 648 61400
250 570 58523
211 386 72945
618 705 59203
352 620 52953
591 671 13454
362 659 20025
105 309 37736
688 696 57245
255 489 30806
63 96 11402
260 646 70576
43 587 22847
148 576 32249
306 716 57428
328 584 18028
601 644 60828
69 144 14142
72 386 81049
383 645 30676
100 417 35468
444 620 55227
278 619 11180
70 646 49041
510 567 39925
47 603 76942
360 550 24166
487 492 17000
562 647 76655
209 399 47508
373 620 60033
218 497 58241
449 578 29069
457 642 46519
198 396 39623
80 182 11705
360 599 57871
415 672 61221
2 372 24698
92 287 40311
245 627 36401
116 638 62626
55 404 25020
281 538 52393
250 506 43081
122 655 35735
94 604 25060
277 699 13038
288 358 42048
503 534 47539
506 710 39962
47 655 54644
79 314 31257
66 561 11402
13 640 35777
73 612 12369
466 717 36892
347 386 76059
85 690 33601
157 388 16031
464 655 16279
316 693 41629
393 556 32650
1 702 14765
262 499 42379
259 630 47854
230 318 41231
219 663 32757
16 712 24207
394 638 32016
247 662 64537
189 375 34059
264 369 47043
218 260 14422
205 258 55317
156 597 20000
473 481 15811
57 368 19105
202 367 63781
118 563 68096
471 641 28284
431 645 23022
62 104 26173
342 354 29069
292 564 15297
28 657 73062
271 581 39962
318 495 63632
28 683 32650
116 425 12042
104 155 76059
537 540 31828
134 661 30610
439 674 26683
185 698 15264
532 691 40162
238 451 21378
178 475 32573
104 578 73055
130 339 43566
54 74 56727
258 482 38013
46 386 24166
561 682 49244
64 340 57385
509 681 39925
321 400 50220
91 414 45188
214 676 53226
435 512 35228
27 663 17889
72 588 10770
589 637 40224
154 228 42720
188 560 19105
293 296 13601
314 527 67186
246 432 52402
207 459 17000
418 427 43186
63 590 35468
198 224 28178
48 280 57801
196 277 32802
381 543 37336
33 159 44407
599 634 56080
475 656 63891
100 415 61555
26 600 43139
415 557 55154
444 510 35057
546 574 18111
119 655 23770
78 658 48021
183 609 68154
581 652 27166
23 287 19235
225 466 32202
327 578 52355
416 632 27203
303 631 36674
62 135 48754
517 689 64031
211 347 46690
574 628 33615
417 557 39812
52 510 30265
209 289 43174
313 461 60415
68 496 28320
138 342 38000
290 402 19235
144 351 63812
299 406 34000
263 566 41049
138 507 13892
463 619 50488
111 598 36674
83 176 42450
384 449 26173
253 519 51884
254 600 15000
586 701 40706
152 237 65192
533 706 15000
25 565 13000
87 184 70036
264 575 60216
70 468 27785
62 604 55946
46 251 42379
40 575 29698
275 633 35468
525 710 24166
27 377 32249
117 560 74277
187 583 61033
334 338 45706
92 488 48042
205 410 39205
123 692 58034
249 466 57983
267 716 50695
177 515 52202
10 526 54129
217 279 28231
251 467 21633
28 625 29428
400 592 49041
50 205 53759
436 566 34000
88 462 24083
37 227 34015
594 661 47927
17 335 40497
174 526 58310
101 134 47539
157 239 11402
229 426 45651
313 348 11705
408 550 23770
407 516 29069
568 625 24021
119 679 32527
483 601 19235
167 424 33377
266 716 59203
313 443 53038
602 657 14318
196 384 40262
390 671 67268
47 198 48010
307 642 62241
102 200 27586
304 398 22361
253 349 56294
379 629 37483
190 662 30083
103 116 38118
593 638 84149
319 562 25632
73 372 28425
32 687 26401
9 589 22627
114 686 30364
256 304 10440
600 635 37000
273 446 43278
44 272 48104
546 628 17029
271 445 31000
105 323 33242
337 667 56859
212 661 21840
285 509 25080
190 344 52697
298 542 63127
395 522 20224
403 480 40000
24 690 23854
72 437 75802
474 699 29155
78 237 54589
557 672 29967
199 636 18439
96 107 16401
81 308 13928
17 642 68096
195 686 15000
69 525 13928
302 455 13000
179 196 24515
300 689 53712
367 629 43046
62 488 36235
576 636 21213
186 522 104000
158 387 38949
121 220 32016
402 407 41012
281 540 35847
360 665 39623
3 489 72801
37 241 56321
595 608 25962
521 685 10770
25 381 31623
142 215 15524
370 671 18868
250 380 29120
138 406 19647
265 455 21932
290 407 47539
107 251 23345
526 597 59237
479 482 85703
249 364 73682
211 467 16401
284 647 15232
380 669 43863
349 610 51039
101 238 12207
77 370 37537
217 612 72801
95 224 41049
373 399 45541
120 407 44407
1 440 20616
378 469 12369
149 532 12530
387 565 47508
547 635 43012
265 302 32650
91 571 48847
98 148 25080
3 80 68184
335 469 36346
496 689 53151
298 346 20125
298 661 31048
440 702 15264
236 470 24207
101 583 30000
506 623 69051
491 648 25239
10 448 49649
89 418 105891
272 618 23000
73 279 76577
210 705 19799
183 667 64815
544 695 37014
619 669 49729
109 497 60133
465 605 17205
325 668 39051
163 651 42953
241 662 39205
112 313 68425
71 545 23770
359 479 47634
196 534 11402
280 286 32527
8 51 48332
363 566 48600
171 665 43417
140 506 62650
151 217 116211
421 459 46098
78 200 65000
170 179 15000
121 378 27203
268 579 41593
121 150 40262
41 557 44283
398 574 62769
270 499 71589
6 466 16279
264 674 31321
61 414 28071
142 258 21471
356 441 39812
64 593 43658
155 179 32558
49 86 59682
36 596 29732
509 603 36235
369 575 52393
572 653 33526
66 600 43105
16 544 49092
187 662 67535
116 143 34132
110 597 27019
52 321 32650
6 174 11180
168 180 26173
217 429 84481
353 713 34366
80 481 21633
355 618 24597
25 543 32280
524 580 40608
257 447 21024
122 679 41761
253 295 13416
54 115 14318
211 251 31064
95 396 55902
497 574 33526
446 592 46487
434 646 22023
322 336 36222
169 286 42297
231 607 27893
137 528 22023
136 666 13038
41 417 41110
89 266 31623
50 462 59682
297 377 47539
633 716 50000
47 357 23259
5 444 42579
51 485 46615
14 233 16401
294 341 30265
635 648 45607
120 419 13892
384 534 41677
437 489 31401
287 366 36770
123 240 120540
222 432 34713
39 522 20224
262 659 27514
420 707 12083
10 544 39115
314 571 37483
101 212 30594
474 561 25298
117 568 65788
579 715 21024
191 469 34409
77 505 37216
205 702 48508
429 472 46325
372 612 25710
310 436 16401
198 603 85000
327 473 32558
213 539 17692
289 399 35847
12 471 34482
173 621 23195
297 638 82492
166 594 29000
218 398 80895
142 462 31575
200 276 44721
392 472 48166
225 717 34059
299 639 42802
592 674 62000
365 443 25000
233 237 61392
305 421 58052
202 448 77104
4 514 29833
206 607 16279
120 412 21213
640 654 54489
130 582 28443
362 432 38910
140 463 64070
422 694 18028
9 558 25020
203 318 45011
547 600 25710
129 392 27659
108 469 28636
490 520 11180
182 473 13454
484 671 28460
191 651 84906
264 439 39812
371 505 36056
118 670 12042
17 88 50249
188 625 39205
269 322 40000
309 345 31048
99 234 148165
304 706 34015
299 302 41110
284 352 58694
230 495 65490
90 714 15556
303 501 25807
437 481 27514
58 147 33242
9 396 34655
202 290 24207
281 531 49244
222 361 30232
245 337 42107
204 276 50249
4 659 31385
263 686 19416
11 422 51624
377 383 54818
32 357 67209
98 529 48466
485 622 10440
502 649 17464
364 466 70264
366 531 23087
130 587 38639
176 526 44822
24 228 43012
402 623 22023
571 592 50160
28 188 68007
78 585 33971
224 357 33615
295 552 38328
654 687 65795
237 476 20518
62 92 46011
414 652 49041
246 362 56000
82 88 11180
100 557 63285
306 315 28302
93 227 13601
255 301 24207
232 504 44721
16 222 34986
85 422 14866
5 424 74330
181 658 43278
542 570 25962
242 283 27074
153 644 17263
93 187 20248
275 493 14318
130 590 39446
67 194 72007
207 329 20248
278 298 74632
120 486 18028
304 546 43267
175 256 28231
48 671 68154
550 665 52555
391 619 51865
75 292 37643
204 548 56462
245 554 50774
454 593 10817
393 649 39357
42 128 27295
103 143 22847
162 415 34828
350 517 36222
248 429 104695
390 557 43267
33 53 56939
117 683 42154
132 455 38079
175 631 31623
68 478 31623
141 325 37855
129 451 58941
38 176 55326
337 665 53038
169 671 36346
59 350 23345
579 667 31145
127 403 24331
93 583 51000
379 662 59059
36 118 68600
45 443 51108
257 384 10817
42 94 13928
118 640 57559
398 688 19026
418 519 26401
40 291 19313
289 644 27659
235 395 22000
63 139 17692
155 604 54424
2 615 26926
53 230 32894
89 698 17029
44 45 63789
161 430 41000
375 580 32650
44 559 40311
573 695 13928
277 534 27459
288 294 14422
115 403 44204
247 523 51420
184 367 34525
195 507 34713
24 641 28443
222 246 42297
204 558 55082
91 518 62936
407 623 47885
492 527 37590
247 376 11705
310 366 25495
545 704 38601
73 243 61270
255 634 34438
39 147 33287
291 551 41000
564 567 23087
581 650 15811
30 105 18028
18 415 54332
117 292 46043
79 123 16125
51 255 54083
296 611 15264
291 660 57871
331 428 23087
245 282 37947
431 697 20881
30 309 31064
673 713 53824
260 696 41146
357 556 61400
434 562 41629
222 706 26926
250 491 24021
436 441 15811
29 465 34482
97 364 29069
477 698 19849
176 221 55362
504 605 54708
382 607 36069
65 143 76026
262 514 21024
60 668 21633
116 394 41773
412 419 31765
97 679 24042
452 499 49193
114 138 26401
408 634 40460
184 679 82098
285 555 39825
33 647 73682
418 614 53009
540 621 38833
327 449 31906
192 685 48374
38 520 44598
240 445 53000
167 611 18682
128 269 33106
572 703 30017
391 629 39205
238 583 32757
247 498 59481
5 321 29155
528 642 35014
47 364 58549
193 650 21378
153 315 28443
145 641 10630
619 629 44777
260 336 70682
102 548 67882
208 252 43909
282 579 52402
5 133 44000
149 316 43105
269 433 66030
295 423 58669
270 475 55362
387 676 28000
8 622 22136
209 644 26401
73 129 77878
199 582 54708
405 543 53852
214 329 20000
573 659 36688
324 545 56356
59 517 22472
632 686 76531
244 432 22023
203 495 34482
40 141 11180
408 566 30871
15 77 21213
80 489 40262
190 498 17263
487 527 25179
26 635 43290
345 524 57009
508 585 35511
174 717 42579
348 530 58694
76 601 73756
465 610 26306
232 552 37121
350 656 37537
18 100 40804
48 234 18788
486 617 23345
145 471 20224
351 497 64885
162 359 51865
311 603 15232
133 381 46872
328 498 19105
359 450 59682
501 631 18682
527 571 62298
11 694 59816
33 664 43046
429 480 22825
523 629 53666
1 205 41437
132 239 24597
369 371 55758
622 627 16000
385 537 19723
8 171 45343
298 334 49244
440 549 55036
67 654 70661
199 576 34785
132 708 31780
252 342 52498
293 611 10296
51 599 24739
371 575 42190
157 423 112872
142 397 15264
231 422 41617
420 536 38833
34 418 66641
156 168 18111
25 668 14142
153 209 15652
360 408 30871
308 374 28460
385 504 48104
308 580 50488
225 364 50000
577 632 39598
103 340 29411
106 248 65970
532 693 47011
158 329 16553
50 191 65924
98 461 32558
409 528 117107
542 619 38079
344 680 28601
353 685 31145
281 621 36014
297 383 61814
358 647 62290
109 516 16763
157 708 52202
119 364 34482
127 333 25807
108 220 51010
177 457 31780
206 494 55866
86 632 29530
39 84 19105
553 663 27313
179 384 36770
12 211 55660
252 504 45486
602 675 19647
81 374 32249
361 544 44944
141 703 65000
431 536 38118
600 699 48104
76 620 57009
648 693 36401
22 427 10198
519 614 47885
38 108 76026
40 517 53000
177 397 42426
286 314 40719
449 473 23537
348 443 49820
104 327 49193
69 547 65734
523 718 53151
112 636 60539
70 322 31623
26 111 33541
421 478 28844
379 709 13454
147 235 23022
8 599 58138
46 257 35355
163 499 37855
4 175 38118
53 92 26000
399 513 36688
88 335 23345
391 463 10050
556 666 49336
213 689 53339
41 390 45618
287 356 16553
11 172 12649
442 682 22361
31 677 29155
76 404 69642
264 527 62290
126 679 36359
400 446 13928
194 654 13416
109 113 21401
306 483 36222
173 287 50961
495 624 53038
354 537 45000
475 660 14422
630 714 31048
21 687 57871
486 712 29614
83 573 26401
102 700 111665
205 308 46325
375 440 51039
18 479 56586
4 631 35228
317 488 21471
339 590 20248
207 214 35355
326 338 49366
210 272 42638
110 490 75505
382 579 35511
389 500 25000
124 585 21587
99 359 51430
394 425 35777
218 696 36069
31 336 62626
3 327 46530
66 682 47802
5 620 67179
138 299 34670
248 618 24698
266 673 39013
76 444 26077
433 458 19209
426 529 28018
150 596 12042
301 356 69893
75 564 33242
129 243 48754
300 389 26173
643 646 35014
76 289 71309
500 696 29155
381 424 81609
238 401 38471
537 538 50448
267 404 18974
187 227 30017
62 294 39825
615 680 27893
269 468 26907
267 292 49031
223 383 45607
414 445 10630
34 673 49820
535 599 40497
212 298 16643
100 545 21954
254 635 35128
254 547 11662
5 52 47074
613 632 17804
86 161 34176
548 589 34409
33 294 49366
483 716 51088
546 706 25080
443 529 30000
538 566 52000
163 221 17720
375 549 52612
141 689 73593
541 637 41231
296 352 53740
119 122 20248
111 442 27295
539 696 31575
236 253 31016
303 350 59808
415 450 47381
140 623 21840
95 556 34540
411 549 45880
239 388 10630
37 243 38910
500 688 44688
183 337 72111
39 395 24042
419 574 56859
529 701 45177
325 439 38275
75 76 64133
265 632 53367
320 623 70178
72 489 73430
454 530 46390
159 513 26571
185 714 16125
198 681 49031
354 507 30463
174 597 16279
305 459 62073
106 429 39000
370 484 37656
151 160 48826
70 269 42426
153 673 34655
345 499 81025
343 555 32450
97 330 13153
535 665 14318
160 344 16279
217 472 39051
179 578 14142
193 271 43932
172 645 21840
511 515 20396
41 77 19416
13 220 25298
31 351 78102
131 562 20224
307 409 38288
53 135 11402
142 410 14765
194 312 10770
193 683 75133
161 416 22361
226 535 12207
57 683 59093
12 347 52555
121 469 25318
59 300 43863
98 701 39319
149 691 40000
386 437 37216
109 412 34176
509 558 51662
375 524 46530
155 578 26000
113 623 64938
505 704 24042
187 379 38275
258 410 25942
111 339 27857
388 608 11402
168 687 22204
214 293 44385
603 681 65490
175 304 31145
123 602 141089
268 430 73348
347 471 40706
685 713 40460
105 551 34015
48 169 68731
184 523 10630
596 640 34482
20 413 24207
445 652 44944
19 588 34059
240 675 14765
397 515 51624
171 226 34828
554 622 37802
53 664 27659
503 561 49739
273 321 17692
237 344 26401
14 343 47508
21 147 19235
11 383 27459
455 708 44944
243 451 38275
350 660 52010
532 598 30871
445 692 34015
25 676 39395
439 543 11045
510 564 35903
55 716 41231
386 447 11662
316 491 27295
68 653 40804
543 668 29428
494 607 48765
128 604 50922
84 136 74887
477 633 25239
493 633 34482
42 604 35693
43 139 24413
44 365 46819
15 704 19209
33 513 56303
60 325 29000
87 330 44385
521 713 36620
447 481 13038
163 191 81056
10 16 45607
314 591 63600
261 344 39000
133 543 55000
218 336 70000
222 533 23022
71 549 22023
46 503 18111
146 526 21095
270 656 39051
484 591 26173
232 349 56939
122 311 43186
18 450 13892
283 341 35171
498 584 28284
500 539 24839
332 411 39051
413 539 19849
95 136 35228
66 474 21213
78 152 35355
182 327 28018
192 399 20616
269 458 63411
124 508 25080
108 121 39205
435 530 32249
158 207 14560
540 605 50606
416 608 16643
376 523 51430
131 434 50931
237 328 47885
159 203 18385
232 253 66310
56 115 58034
419 486 11662
380 463 53740
189 411 30414
320 506 50804
215 462 34205
36 563 34655
58 84 33015
154 211 62650
67 687 24083
98 586 14318
320 525 28320
146 176 33734
543 674 31906
64 313 59641
112 576 68884
42 434 40162
51 72 35384
405 592 53759
170 449 19235
387 572 24166
118 147 16000
164 333 37590
32 556 30676
97 126 27203
334 346 36056
298 583 33422
609 667 58941
172 431 27803
50 82 61033
258 515 51624
622 711 21095
64 348 57775
129 472 42297
345 374 72180
7 500 14866
405 674 43566
139 251 27731
132 595 34205
456 476 38328
139 590 37696
111 693 58310
223 297 80529
339 442 19105
675 132
74 425
556 723
528 291
803 476
353 218
592 380
440 871
199 162
398 278
334 895
366 811
459 101
191 336
795 233
434 306
498 69
756 148
404 835
593 437
373 96
785 738
584 715
363 860
739 397
358 631
244 888
989 534
780 750
667 254
445 531
334 135
662 636
798 709
463 538
445 42
119 472
504 200
352 49
718 327
826 237
558 577
340 729
115 648
130 710
425 713
278 205
880 220
573 906
581 135
460 827
849 486
633 685
97 628
866 606
33 613
906 525
338 68
646 339
729 365
933 365
578 661
373 703
142 786
278 740
391 643
371 169
602 445
379 511
510 508
740 176
434 803
75 452
54 665
871 556
808 544
810 248
126 285
946 326
488 728
582 146
546 85
460 235
339 35
377 900
604 957
323 330
548 74
894 687
929 711
890 412
609 695
164 479
563 590
273 112
376 714
299 289
237 678
800 100
768 187
146 554
107 214
223 799
559 679
685 255
20 604
389 704
502 124
424 420
387 190
325 637
207 798
411 437
638 846
91 615
226 837
921 565
386 77
253 273
415 367
471 100
236 284
954 312
98 289
180 597
307 315
80 592
534 564
58 528
312 700
606 576
694 940
803 432
158 600
622 682
277 77
545 12
659 830
360 715
326 432
713 337
603 82
244 808
393 509
376 825
442 227
370 77
239 703
296 605
481 61
45 372
161 290
805 645
326 784
500 631
354 191
681 958
669 462
706 642
85 344
636 969
783 120
519 205
134 595
851 528
246 621
738 534
352 173
890 288
485 665
474 901
330 883
642 718
363 223
531 329
449 194
581 39
652 248
476 653
333 191
52 288
492 717
546 913
272 378
920 706
253 69
183 472
988 602
644 195
141 384
516 124
730 633
947 475
415 112
621 846
452 648
683 532
250 166
256 742
87 233
258 643
326 370
719 655
177 218
634 126
420 981
665 476
725 884
791 652
107 714
383 758
176 560
610 397
700 481
599 97
529 791
14 484
540 440
264 855
451 125
502 210
464 324
331 962
275 153
336 263
496 874
153 471
338 825
129 622
664 696
416 938
753 813
178 326
897 212
369 54
843 850
118 339
136 547
672 951
983 429
113 416
601 602
102 507
515 303
432 914
459 282
215 398
36 668
309 193
319 534
385 727
747 846
814 839
388 585
505 797
505 340
456 696
622 72
889 795
548 452
97 394
542 253
593 866
788 341
670 919
868 669
885 575
524 992
504 550
610 260
938 432
80 681
816 448
348 257
961 685
127 213
426 628
213 480
25 510
909 270
664 757
444 950
574 604
691 552
185 238
932 293
593 732
605 630
781 610
345 385
725 309
895 527
711 524
613 642
808 851
707 537
258 928
190 551
688 849
614 369
520 778
685 890
573 344
508 350
647 530
857 655
475 35
595 151
665 223
608 781
204 255
425 116
176 737
915 330
833 640
293 562
571 712
674 656
618 532
385 485
828 461
480 518
708 231
723 248
750 345
279 591
515 701
160 362
684 469
312 287
205 347
712 199
101 577
238 540
532 91
484 482
474 917
230 585
335 663
195 808
583 638
697 830
222 300
97 355
635 231
208 560
415 792
165 733
802 784
629 323
427 455
745 575
751 706
675 811
79 670
578 739
288 184
643 612
754 77
539 851
447 299
515 282
556 796
286 263
159 664
619 758
278 412
904 506
790 294
838 273
743 264
97 434
757 583
586 178
666 169
219 409
276 884
493 84
204 440
311 506
757 423
448 991
319 918
462 687
692 776
447 723
695 433
665 959
588 366
867 217
272 458
52 555
334 110
218 878
369 32
223 137
611 69
528 360
750 628
857 420
142 509
348 404
56 588
867 581
820 408
654 849
389 403
567 838
450 6
610 95
674 190
412 388
612 422
931 393
810 142
640 947
795 210
827 769
427 360
273 850
608 487
382 914
779 902
733 501
234 846
169 644
795 740
182 345
5 568
596 978
308 866
498 317
450 588
571 539
92 779
595 791
479 742
298 689
771 377
695 127
586 778
349 650
174 684
810 518
938 401
844 415
457 717
390 327
488 684
763 136
115 543
512 235
32 563
118 821
685 903
66 315
552 52
465 600
650 468
328 419
205 684
572 76
273 468
259 261
747 760
350 234
373 745
524 532
496 96
824 865
396 828
16 523
483 707
406 628
662 279
103 325
920 683
584 471
717 107
16 588
470 716
653 50
853 619
845 310
422 854
421 350
847 322
561 693
498 767
461 175
320 558
832 314
967 672
380 942
729 688
623 426
484 424
158 381
556 213
581 390
552 329
332 82
423 695
709 821
773 244
335 494
647 823
73 291
187 213
845 516
650 25
96 744
715 617
551 272
630 21
408 425
665 327
871 472
838 793
471 170
764 671
349 29
265 386
620 176
366 506
421 229
850 347
567 11
192 660
124 775
621 781
302 616
483 337
441 651
506 867
305 828
675 766
643 805
597 409
697 743
242 91
238 510
770 388
431 257
749 198
472 374
394 575
155 166
718 177
561 861
716 269
770 846
225 897
389 887
204 273
305 125
831 193
174 163
155 653
975 616
398 652
609 556
420 18
880 524
726 397
595 825
882 501
983 587
195 288
263 517
909 367
673 423
481 251
474 392
739 306
223 731
590 903
490 655
483 985
645 144
917 466
284 695
164 530
178 361
103 310
251 675
319 738
430 813
183 146
346 680
864 292
859 371
127 827
226 600
661 931
473 52
366 207
289 644
484 833
388 600
856 600
995 447
210 241
551 612
737 774
337 95
423 965
654 956
563 979
751 786
720 529
72 440
629 945
880 770
81 399
672 514
425 327
57 681
223 475
755 523
665 721
419 864
347 426
731 741
984 563
166 812
419 880
461 361
241 434
910 752
557 311
618 931
934 662
536 812
353 588
238 746
216 123
187 886
714 883
443 69
368 832
532 10
592 521
802 628
309 889
557 522
685 566
341 544
316 75
926 479
561 196
914 439
641 433
403 106
247 250
601 298
992 461
85 260
516 262
670 291
182 581
152 412
236 872
660 679
512 880
290 78
506 964
741 383
271 488
387 89
854 283
858 180
829 670
797 371
976 442
723 433
430 556
594 273
276 296
74 372
202 176
353 672
960 549
472 608
754 675
609 855
355 151
547 361
663 391
350 880
264 629
952 370
331 579
381 932
468 256
566 415
288 860
907 698
433 617
177 127
232 639
682 119
688 397
780 221
93 728
474 349
268 839
723 927
214 449
356 528
430 882
415 321
785 701
918 722
462 986
904 622
370 265
212 382
