595 1744 5 364
154 539 94133
266 494 52697
192 367 42190
206 363 43417
64 568 53263
34 253 44011
299 490 41773
13 584 38833
105 406 70064
43 509 20396
45 494 45541
124 177 51624
208 431 18028
272 482 78492
21 59 33971
57 285 44922
95 308 32202
12 62 39051
171 584 111000
329 487 46615
9 462 18974
118 232 33541
103 351 27785
242 305 53151
193 506 41677
234 311 37000
247 324 61131
298 401 27731
30 430 22136
169 368 48765
292 545 41593
214 365 47707
162 217 61522
103 165 62362
273 546 23770
390 397 49254
135 191 13454
274 313 24187
4 28 33377
104 374 68964
78 227 45486
296 588 19416
405 433 35114
22 271 43417
98 443 72560
236 540 58034
350 531 39408
225 432 58412
514 587 30463
75 580 38210
174 207 41773
498 570 67941
119 176 44407
93 548 41976
144 482 60407
72 98 25020
196 242 63253
172 261 53000
14 21 43738
77 542 60926
115 137 18439
187 550 60811
21 227 75213
192 219 42202
145 272 54672
279 329 65368
263 555 28018
31 238 19105
75 84 48301
49 276 54083
348 562 58830
28 153 17464
358 542 51088
2 463 68411
199 394 18028
34 507 22847
54 444 34015
408 485 48765
278 393 16492
86 532 57628
298 395 48301
32 150 63348
239 435 18000
383 419 63953
304 313 51420
186 399 17205
23 431 73553
460 510 39598
167 325 56036
136 565 53226
149 290 26000
126 249 53535
223 322 59481
47 561 53814
151 343 26173
384 581 33302
20 122 39051
16 353 32650
285 441 21932
439 549 17088
336 523 13928
154 231 27514
43 288 38013
8 60 51614
312 346 10630
159 311 46141
301 505 31385
317 422 54489
111 345 35440
80 169 18439
265 356 42544
338 381 70214
228 249 31321
64 108 56356
4 39 52631
272 468 69080
266 398 30414
450 548 24698
228 338 32450
151 156 20518
44 239 21587
147 492 20518
145 468 64846
207 519 49366
97 125 50329
5 414 33615
63 427 22204
70 160 37443
310 537 13342
143 505 37643
70 478 36222
367 578 11402
6 362 26907
357 436 22361
387 421 39357
386 440 38626
16 298 31385
71 340 74411
195 344 30676
27 225 57219
60 536 15232
164 362 51313
24 372 36359
17 583 24739
149 383 37656
96 452 22361
166 194 75153
33 547 11662
5 361 58728
219 333 33541
224 476 45486
213 505 35341
330 585 50040
310 394 41593
68 483 82298
418 488 14866
147 486 55145
105 208 33015
109 415 29000
542 572 58078
559 592 34132
199 593 27659
45 138 40460
250 337 44598
15 571 34000
62 358 28231
290 383 41110
182 353 50596
49 464 50606
500 506 59540
290 341 36715
102 287 25080
299 318 55660
41 213 59506
461 474 60828
158 248 38588
352 558 16279
139 287 29120
103 184 54406
133 227 53235
62 224 34482
336 555 47539
307 564 40361
7 279 46098
455 490 54203
67 228 22091
350 570 59506
78 115 30067
148 485 69814
239 267 37736
30 113 29530
20 275 10050
106 538 55973
178 219 53141
24 81 45486
240 326 32000
456 502 39598
56 403 78588
155 461 27785
355 393 19235
382 528 22672
67 249 13601
20 462 12728
463 571 10817
224 446 65391
63 168 33136
18 440 53600
203 373 33956
192 197 10296
308 557 91269
285 416 25807
173 364 30806
516 541 20224
52 558 19105
284 522 62129
452 459 39357
15 320 27785
256 589 38079
280 422 77104
374 535 68029
27 360 19925
4 360 13454
131 375 35355
246 472 65460
103 471 54708
325 561 25080
234 500 35171
417 474 24331
260 386 15652
123 229 35847
87 429 27659
274 411 54644
185 395 46669
304 315 57983
131 300 48260
40 177 45793
357 535 55758
121 156 50000
204 253 43932
172 517 47634
51 364 22472
47 287 43186
205 442 28844
160 347 31780
277 280 74007
377 449 28636
111 247 48166
95 271 41049
2 475 40817
85 456 13000
402 483 24021
184 401 45277
82 198 29967
140 525 46228
139 283 41485
68 182 32140
45 261 31385
270 509 29017
458 543 21024
135 535 48010
224 575 42202
51 453 29833
401 553 26571
237 381 35903
166 497 44407
142 525 10198
287 371 36346
543 578 32202
490 521 64327
340 514 50210
243 538 21633
85 519 36056
248 306 41976
7 134 35468
80 293 69029
73 277 43417
399 566 185946
155 474 68118
310 494 60729
5 218 48466
348 546 47802
323 393 25060
140 395 35511
344 439 35468
157 311 43382
88 242 43463
181 409 40112
205 536 40706
291 538 39825
112 130 12649
293 576 49930
286 559 29017
96 328 25632
197 219 36014
89 358 52631
244 332 24698
40 63 24413
304 438 85041
419 565 47854
2 127 36139
286 567 31765
69 558 23707
119 188 57315
448 508 43966
38 536 29411
3 469 28601
192 458 37000
178 480 25000
69 86 50000
191 217 47508
61 512 39217
61 487 41725
184 544 29000
161 338 44598
11 248 25000
446 575 40706
226 302 61074
36 37 52202
218 414 58523
272 426 39357
378 504 23409
15 267 34000
99 519 32558
215 550 39000
251 442 38601
328 445 29530
338 356 38910
247 568 13000
111 176 24352
75 556 61717
46 444 40608
377 561 63285
73 179 40608
219 291 20616
11 131 61855
421 451 60828
466 591 58138
550 586 12083
223 512 20248
88 140 20518
485 503 61465
502 511 32249
20 107 28018
12 331 54129
316 468 51614
37 362 72250
112 345 46615
374 481 58189
466 574 40112
64 393 27074
153 574 28425
55 120 25060
230 303 26907
331 493 37336
353 471 48260
306 463 35847
138 494 49041
185 298 14866
259 361 34205
93 238 38079
85 105 53075
12 89 52345
235 342 35341
143 301 10296
152 379 63325
302 341 25554
53 263 62008
256 390 45541
145 413 43417
209 232 23707
233 312 25632
68 376 27019
5 160 77795
98 526 30364
93 206 50220
284 484 54589
6 37 79850
126 445 43909
296 349 41110
326 533 61400
289 382 20025
177 262 49244
364 546 13342
146 523 24839
257 454 46098
124 532 54672
264 349 33136
331 367 36235
62 502 44181
92 399 71021
214 395 50606
221 587 52612
32 229 39051
334 581 28018
203 380 15811
154 314 112929
322 512 44944
351 484 15524
149 277 34713
299 434 23854
246 340 73239
227 482 65795
286 465 25495
168 427 39051
116 186 40162
178 331 35440
499 563 47424
476 559 18111
210 589 47634
68 282 30871
387 428 71197
103 109 50478
226 387 59169
162 438 24042
66 332 37643
244 552 27295
64 554 45695
374 436 18028
298 353 27000
359 361 15133
198 296 75664
87 235 61612
108 188 49739
34 448 57219
66 190 28460
296 557 83187
33 398 40522
69 110 42154
142 169 23022
101 404 12207
190 387 57697
29 474 25000
250 390 74000
206 479 37736
215 586 48052
81 253 38949
25 27 66753
554 568 16031
319 326 21378
171 442 79025
201 547 39115
116 307 41195
237 433 30529
127 475 29530
343 446 42012
129 422 25020
57 170 48415
10 207 37577
249 510 41195
391 441 27659
49 555 29411
465 521 48826
430 440 38210
39 250 59464
310 449 30017
298 577 44418
325 489 25239
326 485 59540
3 257 33015
210 309 71197
113 496 13892
401 457 17029
21 215 21024
327 513 17263
5 243 53038
292 582 47202
18 496 31145
44 244 46530
76 91 44777
237 455 28071
173 236 19026
394 411 37336
140 305 28018
130 324 65115
341 387 67007
82 202 39812
263 523 49930
58 329 78160
140 297 30017
109 165 21095
100 452 21024
273 364 13454
71 477 28284
94 276 79511
45 199 19723
198 557 25000
128 347 15000
213 217 37108
2 11 36797
160 361 75133
201 493 31048
164 376 50359
11 300 24515
201 499 18788
25 52 38275
545 591 36715
346 507 30463
321 417 34986
184 457 35777
23 447 42202
116 154 146578
277 551 38588
547 563 32280
96 260 11402
87 203 44011
407 506 35114
380 395 45277
451 565 57801
206 268 47854
59 329 121926
200 289 55227
77 258 44204
70 90 20000
177 570 17889
195 439 23345
167 437 66189
278 473 20224
433 560 23770
77 572 27074
52 352 12806
101 120 21932
4 27 28284
293 557 35468
262 570 51624
241 398 85475
266 563 29069
364 453 31064
241 363 63285
119 486 47202
228 356 47170
189 538 45177
362 376 34713
28 574 29069
255 428 78772
454 524 55714
476 481 23537
469 524 56754
109 483 33941
49 263 50537
164 444 22361
213 379 59666
283 304 63789
368 525 60465
336 497 23707
67 161 48703
193 407 26833
222 246 55973
454 581 39925
106 398 69080
2 300 20224
34 50 35057
1 387 40050
461 541 21932
61 322 11045
187 327 12369
74 470 18682
449 537 22204
302 383 55036
226 383 65215
502 592 37162
471 483 46271
312 491 40853
93 257 42450
274 330 38275
382 472 31623
334 454 53600
310 561 57201
119 492 32280
30 533 59008
59 586 92720
53 407 46819
403 541 73824
97 257 81835
35 520 56080
354 426 31828
34 508 79177
108 176 23854
265 338 55785
11 317 55714
1 421 20616
35 166 66528
305 577 30887
87 107 29275
70 335 34670
229 284 24187
124 426 30806
423 579 37216
448 467 35511
7 144 21095
326 515 34482
181 430 45000
118 586 10050
93 437 69584
330 593 80777
390 410 55543
297 525 30594
41 170 18000
269 556 53600
242 246 24759
158 190 15000
36 164 36770
200 246 70385
266 499 54918
40 56 65605
166 336 53235
422 551 61717
13 145 31385
384 454 38897
274 425 25495
291 547 31064
105 456 59682
223 366 39051
76 136 18788
86 558 51788
79 207 50359
264 527 60531
158 317 35384
416 488 45541
122 205 116778
167 234 46228
348 426 51478
503 583 21401
428 435 99850
126 328 53666
158 387 52953
366 442 147899
168 177 45618
204 321 32650
157 594 28302
233 491 27785
282 362 47265
95 342 34986
457 553 11314
66 306 37736
279 487 51923
92 370 96104
234 287 52010
114 595 38210
280 384 22023
435 552 56921
65 67 55362
171 251 78390
331 517 45880
356 424 19416
499 547 41195
136 392 11180
112 117 59816
270 549 27295
43 549 54708
278 355 19849
316 378 58549
87 373 48166
30 181 43417
272 354 13928
24 403 24352
133 482 43738
2 248 54083
396 524 44688
141 520 38601
403 516 69635
206 548 34176
53 324 71021
19 236 19105
16 182 36359
81 372 44553
522 540 30414
22 368 29967
89 367 31385
162 420 28302
104 521 12806
39 545 44385
465 481 30887
337 432 43139
264 518 51624
126 460 45177
392 565 44922
365 395 57000
267 463 12207
180 534 18868
241 548 31241
428 552 45277
246 282 58258
150 254 63008
321 461 24413
54 453 46390
481 535 85381
163 464 44944
122 275 39850
90 478 43267
26 78 37014
110 574 29833
418 560 27731
238 396 24331
269 424 114826
50 321 33971
97 212 60926
194 336 45541
111 568 53824
5 478 80262
176 568 64900
172 493 67897
13 534 30806
79 503 25962
407 594 35171
379 505 54818
376 483 72835
484 544 48765
427 532 46519
55 146 48166
240 319 35000
30 496 32202
170 379 39962
59 322 167863
11 129 68884
181 459 27803
231 314 85440
42 134 22672
263 506 44294
76 179 18682
68 362 47381
222 297 24515
493 499 33302
435 589 165849
158 341 51010
25 63 60133
389 529 39294
100 181 45541
59 232 124664
303 391 20591
260 452 20248
284 351 53151
268 363 10050
138 493 68447
35 464 66573
146 194 52697
211 295 73246
32 123 27893
357 374 37216
397 582 41785
303 441 29411
191 230 23087
71 222 53535
161 434 17493
488 560 32802
1 428 73164
412 474 19105
100 445 12042
51 546 13601
328 452 13153
346 417 61685
228 295 45222
318 521 71028
22 169 32802
220 521 71449
145 540 42000
124 168 47096
415 483 24515
65 208 43186
196 305 44181
443 505 44102
159 437 73007
559 590 18439
148 221 56294
218 359 27295
139 371 15264
160 478 17720
323 473 23601
385 556 55803
152 564 26476
232 586 32249
366 378 75166
124 348 49649
307 539 11705
253 403 53600
31 548 30083
325 437 62650
26 115 46755
318 490 50090
218 361 22091
137 292 51000
122 235 72007
280 581 50120
293 527 68308
115 292 41437
108 568 68884
19 540 47760
207 258 41773
281 541 36056
216 381 24698
123 584 92228
157 529 24166
21 513 64498
185 365 40804
515 587 24759
99 258 16553
125 554 49092
100 409 47170
2 306 64257
24 253 51788
370 464 69065
295 424 59135
174 200 64846
129 375 60407
199 261 19647
79 583 15620
1 255 11045
573 574 33242
198 308 111288
269 314 91214
256 410 41677
259 288 13892
104 481 58600
209 292 53666
232 397 49396
47 234 12000
102 561 67469
350 498 21378
257 495 39395
126 211 62169
342 373 44147
106 189 63071
98 186 58249
91 179 46000
201 331 46239
9 20 17493
378 584 40522
101 194 64031
507 524 41000
411 593 65054
10 148 12083
41 379 26401
34 346 38079
48 494 22136
365 429 34713
312 524 36056
302 387 62266
363 398 72422
319 587 47802
182 305 39319
49 520 31780
137 327 13342
236 273 42802
219 243 42720
114 131 53824
14 58 24042
406 502 10817
182 196 10296
272 532 83000
31 467 19698
208 252 19698
465 476 32985
6 246 67676
304 371 61522
259 531 27857
148 528 61814
502 567 25554
326 408 42953
252 423 37483
123 254 32202
5 189 52154
34 81 68250
72 162 44598
73 473 18358
211 424 100767
323 554 72615
35 566 21024
268 489 59414
18 386 81025
408 533 69405
267 571 16492
590 592 25000
209 582 24413
50 346 38484
47 325 40853
29 412 18439
83 448 13153
174 528 65803
51 54 31906
57 231 17205
105 431 37216
37 195 19026
105 252 30232
135 217 45277
140 577 14036
514 518 11180
322 366 98494
324 339 42107
567 590 34540
245 578 18358
90 403 30000
77 439 67231
225 474 46872
23 208 72560
251 254 26476
240 515 10050
439 530 30083
201 480 18788
415 471 45188
346 491 46690
16 577 36139
365 369 24698
74 92 36235
8 205 35228
4 250 58052
316 487 34059
25 110 50804
174 344 55946
195 549 26249
78 137 21633
458 572 35511
142 477 16643
408 409 55109
391 436 34438
472 587 35805
43 218 27019
120 146 65391
309 390 80212
229 584 68476
70 570 67742
500 594 20616
35 163 53852
33 563 31401
277 323 39000
63 352 25000
241 467 14036
6 200 49010
95 293 45177
370 438 68469
391 488 62514
9 429 37000
143 443 11314
127 463 54424
48 489 54589
250 360 51078
74 98 41304
234 506 72801
179 278 37216
458 530 30150
277 383 51624
38 60 35847
425 585 30414
11 158 51108
312 507 29000
140 368 64537
273 348 32558
156 535 32249
35 141 43278
191 213 33377
289 528 39560
12 358 19026
46 483 56939
544 553 35228
491 581 62362
143 162 59666
66 244 38013
409 447 54378
22 293 66370
489 561 25495
276 506 25239
397 589 49336
46 402 48260
6 282 35468
75 231 63655
288 509 39962
5 372 70235
388 423 29547
309 410 87092
105 220 57280
123 171 52887
221 319 66611
396 507 38471
374 405 69000
172 575 50922
246 289 33526
44 552 45277
60 369 60008
468 482 31321
89 331 29155
137 187 25000
173 453 29967
78 513 22091
181 440 23087
183 556 50329
461 516 20248
190 248 26907
26 86 13153
235 308 48765
447 460 25495
176 345 43966
97 568 60133
365 553 48384
134 279 20616
48 268 37336
17 431 35114
128 335 26401
210 435 119202
200 344 46098
122 536 78102
574 591 41195
29 114 19698
304 370 57271
257 437 66242
186 564 52202
276 371 52393
8 442 45880
222 477 41012
325 479 53600
65 579 28160
53 130 87476
163 370 65803
128 570 62817
271 576 26173
25 352 41485
242 282 60374
159 167 33121
103 415 30871
229 484 60208
85 99 37947
65 161 35511
349 588 26249
33 291 28018
17 85 38328
422 581 77156
136 501 54589
43 270 32650
62 592 21471
100 459 45222
7 329 83187
374 391 46271
91 108 52631
94 304 41037
203 368 22627
70 128 50090
222 525 30806
375 491 28302
117 492 23022
283 411 33136
60 553 89376
88 297 21260
48 266 62201
454 469 34132
280 551 46065
150 544 12369
259 444 37696
202 496 17804
185 553 41110
116 399 48010
102 139 34482
31 93 38588
543 572 21000
183 418 43829
169 525 21213
8 254 46819
95 373 47170
136 451 94763
468 534 45222
283 449 34655
271 368 40608
156 343 33136
334 524 12042
120 404 18868
99 511 44102
294 354 10817
394 593 34785
30 296 40025
70 262 52498
72 443 72780
62 575 55946
157 500 40050
91 188 14422
243 414 51352
313 438 76236
349 533 29155
354 540 32696
50 253 43382
241 450 42450
65 434 20224
22 80 34176
68 196 27659
332 428 33838
446 476 85843
54 259 58822
437 479 18439
96 386 21095
8 38 24021
26 69 45310
266 268 63032
53 157 43932
338 385 72450
220 318 35468
105 423 43046
261 593 13601
161 299 22561
170 285 17720
220 567 34059
129 317 39000
146 336 32202
121 585 41037
447 510 45891
413 522 27203
19 294 26476
86 133 31016
348 498 66121
54 562 37696
81 508 64413
283 377 31257
212 529 28425
417 491 58181
454 495 54378
457 544 38897
61 378 64008
7 58 43186
517 575 56921
135 357 31016
41 441 20518
14 227 69007
232 589 97990
225 281 54626
502 590 39825
100 328 27803
74 175 32280
256 397 11662
192 530 42048
408 447 19698
348 570 44944
117 345 65276
40 262 48166
187 292 56798
118 550 11180
221 528 22804
6 344 74813
23 485 49204
127 320 48466
36 444 30265
340 587 24352
71 264 52479
226 451 39115
65 252 39560
361 531 37336
108 119 34015
467 548 23259
72 438 38328
409 460 53339
14 59 26249
33 538 37000
287 506 76059
13 378 41110
42 316 54083
117 404 103755
189 372 38328
13 180 21932
48 310 65069
377 537 12207
29 131 46872
375 412 45222
271 373 19235
276 464 76655
314 580 16125
125 277 93231
107 429 38601
97 554 62298
434 579 26833
292 591 14213
482 532 61270
498 562 31385
396 469 32802
17 79 34525
394 449 23087
125 280 77621
149 341 56569
143 217 33541
16 305 25298
21 187 50448
383 565 38626
349 518 39205
51 562 22204
410 589 12042
64 355 34482
288 359 18385
80 477 21471
245 543 26420
132 296 71400
433 455 30463
57 416 29120
127 432 59304
94 371 73164
210 569 60108
514 533 44294
400 409 15297
431 583 45000
53 120 89694
406 456 38949
10 503 27166
523 555 41012
411 449 29411
203 271 25632
42 279 23087
28 591 49739
170 441 14318
119 147 29411
55 194 51624
322 329 46043
189 243 35847
44 435 24698
435 569 60033
291 480 43681
432 595 25495
332 552 22023
30 349 54589
347 350 24166
159 389 16031
141 166 24187
37 270 19235
398 563 16125
299 381 51245
104 405 20224
3 454 31064
236 522 77621
397 545 50912
288 444 38210
116 564 32894
142 222 28160
165 236 32757
150 553 44385
84 416 20616
283 315 25239
179 565 52393
260 459 28018
26 466 35000
76 392 14765
228 424 46669
402 453 32757
400 408 57245
320 569 52839
57 84 15264
12 575 52393
409 445 50596
238 469 16125
333 414 20518
118 292 63032
309 320 58138
477 527 26420
179 473 37577
37 509 26907
106 508 27000
156 585 34409
186 443 69065
386 459 25807
57 154 28018
75 314 41183
335 347 21024
165 522 89006
109 402 25000
19 273 48508
43 359 28653
129 131 47424
269 580 80623
219 414 32650
340 518 57428
151 535 19723
347 531 34482
121 135 31575
31 448 29547
84 231 22204
155 541 16155
284 584 59548
285 488 45607
49 166 61555
345 492 68154
214 380 26476
464 520 33000
451 486 170003
448 507 50596
212 389 37736
546 562 22136
493 517 35511
200 528 58694
211 328 51624
318 579 44598
278 323 17088
144 227 30463
37 344 40311
133 532 49649
13 316 38601
152 307 32249
82 308 139589
339 529 15133
216 385 31828
19 426 38328
476 535 90973
42 468 29547
504 584 25495
36 509 30150
280 495 43966
378 487 65391
125 495 46669
405 455 26401
61 329 48765
96 211 62097
15 569 32062
168 532 46573
18 430 28443
286 590 22672
419 451 14318
145 180 21541
221 382 24042
165 173 27074
175 526 39319
183 433 26627
204 461 30364
250 432 60033
369 553 67030
427 558 13000
39 591 49739
71 527 24207
160 335 14422
132 202 52612
514 515 11180
337 360 17205
39 390 36056
62 511 55570
498 531 36056
369 429 23854
219 480 50488
211 386 82541
223 378 55902
265 269 54589
370 526 63127
266 363 64498
309 432 69642
426 532 73824
117 147 40311
545 582 21213
178 192 46141
89 245 22672
59 215 44944
183 237 48010
290 302 19416
25 225 85147
152 539 31765
73 565 41593
159 529 45222
44 267 27313
213 303 45398
480 547 33121
122 442 145344
299 338 59059
172 446 60415
352 427 24042
341 422 61847
213 230 37483
340 472 21095
125 257 71063
149 551 42379
422 491 74431
152 505 32016
366 584 95415
54 402 54452
91 355 36401
130 345 39459
92 163 91400
230 391 37363
217 301 25710
24 478 40311
363 450 27803
316 534 16031
289 472 43139
308 342 13601
131 412 52393
92 526 59942
405 560 41617
135 156 53824
313 315 41593
313 411 48508
245 572 41049
82 132 18358
431 485 52431
115 466 35228
239 569 45343
73 383 33015
234 325 46615
330 425 43829
64 91 39013
324 345 42297
81 189 61774
431 503 54818
30 400 57983
104 465 53852
42 482 40249
214 429 19925
121 217 27000
197 530 43932
443 564 40262
299 579 33838
222 340 78772
60 462 30806
56 541 60877
114 225 62626
150 484 47297
446 593 85088
244 267 47424
13 504 21024
220 465 47508
9 60 44643
127 309 78721
194 566 158405
66 387 67476
46 376 46141
93 469 31145
184 351 55172
107 235 70605
118 209 26627
275 462 10050
94 370 33287
48 561 53009
212 324 37336
358 511 59034
241 448 41183
32 254 12042
398 538 53339
438 526 38588
334 491 44407
255 421 24839
255 451 73980
172 593 46325
230 436 29698
439 572 60008
46 54 34205
372 478 41677
8 150 63702
56 262 48662
98 470 47802
187 513 25000
378 512 43417
330 411 74250
77 207 58421
313 425 40311
381 490 26401
511 542 36892
154 307 105385
319 485 56569
216 556 68884
475 595 16031
264 340 83096
55 101 21095
75 183 63325
67 510 49497
224 559 30480
75 418 40706
263 276 53000
77 174 38419
56 281 43290
157 339 34655
401 471 55036
4 153 20809
92 175 26926
27 432 55154
74 399 35000
188 501 15297
145 522 38897
97 389 36878
194 497 32558
417 461 50160
333 549 61814
406 567 16492
412 417 19723
128 350 12207
28 39 25456
72 526 10770
367 458 43139
309 569 80523
218 333 65253
79 519 12042
7 14 45000
88 305 18385
106 241 54129
89 542 55027
206 450 27313
112 404 56009
375 417 50774
113 296 26420
9 107 34015
138 499 63008
78 133 51313
245 542 50931
45 310 36249
18 202 33242
184 484 49649
90 262 50160
126 295 37121
326 514 42942
46 164 30676
148 319 51010
8 251 27659
447 485 55227
206 437 47202
368 395 46819
154 170 62586
161 228 48374
284 413 49396
218 549 68884
456 511 24331
396 448 24166
56 63 71021
243 291 35355
530 549 20809
177 348 50000
127 571 48877
259 498 53852
212 247 57140
184 471 39205
258 519 32650
405 488 54037
311 529 49092
220 423 38053
375 422 67119
9 369 21401
138 172 63600
178 367 27074
416 418 47802
113 132 65513
125 323 79756
233 524 21378
97 159 44102
432 475 38588
75 416 48042
56 90 72801
440 459 15033
486 501 29069
240 587 19698
155 281 22472
216 237 49729
115 591 48094
83 396 15000
66 428 58822
163 566 54203
264 588 28018
173 273 30887
7 227 42012
105 567 68680
220 286 41437
94 464 56798
151 446 52612
250 309 23537
265 424 60605
53 146 64257
183 216 60216
420 425 40025
388 579 12806
68 471 78409
97 437 83217
109 453 36715
203 214 36892
310 377 23854
32 484 60745
69 466 45695
157 407 51245
52 69 13153
187 215 58421
23 65 59414
264 557 96519
171 366 68884
27 337 21932
114 474 37590
80 527 23345
371 506 62000
232 582 41110
41 303 32280
413 584 27893
4 110 54342
183 560 24000
420 438 41629
126 510 50448
226 419 30610
252 388 14000
136 486 76792
186 470 20100
60 275 36878
225 595 65253
275 536 43909
311 500 21024
188 486 38949
204 516 19698
78 86 41437
230 357 17029
121 420 46271
104 455 24331
277 473 40497
527 557 88204
3 93 16125
97 247 55579
518 533 36235
76 501 46872
287 561 68884
391 405 78816
445 460 43046
235 373 35609
213 301 44944
293 308 70682
315 411 16279
199 310 43046
169 477 22561
217 420 56036
146 263 61984
400 533 31623
333 530 49497
237 490 34670
244 306 21840
2 114 57280
479 489 38833
272 540 35000
107 122 31145
353 401 29155
156 330 42426
166 555 62626
399 470 18868
317 341 33971
294 540 28320
269 385 42059
50 204 11662
92 566 118068
132 198 11705
102 377 22472
221 472 26420
99 456 41000
341 551 76968
12 517 39459
139 304 60033
191 357 23259
259 562 62008
18 82 68469
103 522 93086
242 297 39205
122 308 120768
185 401 26077
166 566 86371
285 391 44407
110 153 41304
95 576 31145
252 579 24166
458 578 38588
181 400 44643
120 130 50090
10 79 44045
466 573 14422
13 413 46755
111 324 43186
446 535 62650
65 510 66189
179 355 27803
390 545 33615
152 443 49518
81 106 57079
162 443 59666
420 585 30806
241 508 31828
68 353 70036
330 343 27166
148 503 34928
137 513 22361
114 475 42059
99 542 44407
286 476 31906
321 346 42720
176 492 58600
211 269 213357
180 468 53038
36 362 69029
98 175 17205
226 421 33377
154 379 62482
174 439 67676
69 573 39699
455 521 21260
318 423 12083
197 333 17088
83 238 17692
15 239 36056
166 520 53151
439 458 51400
557 588 90272
25 281 72125
167 311 24739
19 348 60141
196 282 26077
253 516 53235
379 539 64351
148 207 46325
222 242 36000
233 334 21541
110 573 19105
86 427 56080
430 496 26476
330 446 64070
227 513 36125
216 338 68411
89 578 26019
268 479 63953
265 385 47297
112 120 48384
165 453 32202
368 380 21024
36 288 24331
114 300 58138
347 361 60440
195 270 18868
210 410 39825
87 214 24698
25 56 67676
207 528 61033
58 59 44147
38 205 19647
4 25 72719
40 168 25495
351 522 87367
212 339 17464
178 201 37121
138 266 63325
60 150 86683
113 202 26306
24 90 44011
179 392 26249
91 501 27459
263 407 33541
395 577 25612
259 359 25710
17 519 39357
320 571 31241
279 316 55714
193 594 10440
31 83 25020
425 438 63063
294 426 35777
267 306 42450
23 510 19416
25 69 45343
66 248 30364
134 144 21840
77 99 53852
393 554 60208
193 500 26420
53 339 57140
249 295 28284
118 187 65215
660 961
719 798
487 719
809 675
544 482
575 298
942 503
815 186
742 132
418 259
694 825
351 433
880 378
978 530
813 831
648 221
350 281
436 9
764 406
751 117
970 573
612 109
329 175
608 563
771 613
847 566
781 679
842 670
685 735
438 58
499 672
830 242
460 526
583 655
94 753
595 387
545 372
816 162
860 688
747 539
90 406
900 463
561 410
794 872
332 584
650 351
315 703
382 620
181 757
618 653
686 401
792 581
275 818
659 384
219 889
707 591
52 358
985 507
995 550
785 144
967 382
326 403
767 553
442 898
288 218
710 878
269 166
626 284
805 583
649 527
542 136
102 590
521 912
36 596
82 302
484 955
441 351
884 567
384 287
580 121
570 588
504 1
524 673
60 345
355 319
845 553
699 105
611 200
403 427
649 547
443 937
53 628
479 705
175 666
623 48
339 38
404 797
77 591
391 331
352 79
221 910
285 649
751 304
197 336
319 280
513 591
728 101
392 924
723 346
821 622
364 888
287 916
464 44
703 743
882 597
16 520
324 963
959 638
378 955
241 901
151 496
749 78
857 249
767 473
451 815
306 110
754 789
646 477
627 809
291 904
659 774
520 10
856 524
915 480
157 465
492 972
896 585
358 553
255 666
625 185
127 781
579 154
94 511
921 501
851 390
215 841
361 979
423 248
561 876
768 229
215 481
52 483
826 663
29 374
681 642
201 496
308 789
668 869
367 773
618 506
253 212
132 557
108 701
621 361
734 364
139 802
351 744
764 520
592 135
90 388
908 235
320 502
732 391
465 321
67 605
372 911
723 500
434 466
489 937
871 398
395 64
629 252
143 285
735 252
688 199
29 558
921 585
435 949
540 534
683 869
148 455
474 443
283 762
171 870
526 373
620 257
483 448
531 14
315 574
526 299
417 499
468 18
655 106
628 647
835 157
438 676
434 293
320 247
944 660
887 790
279 54
348 821
115 460
686 126
979 592
178 236
124 496
562 437
484 484
278 320
478 236
571 181
961 326
293 413
724 684
607 951
909 529
247 164
839 280
141 433
38 348
965 671
586 720
315 715
685 45
751 392
191 284
512 686
815 867
452 176
490 640
571 217
507 520
748 879
420 412
553 234
396 852
701 849
277 155
820 732
836 204
302 255
599 614
831 230
659 972
933 723
468 746
406 324
611 418
350 41
320 555
699 543
226 780
497 109
166 168
419 570
783 847
417 633
118 194
536 389
646 82
809 425
717 418
218 562
761 116
226 727
527 869
485 900
923 461
526 795
702 634
598 271
266 626
827 301
95 371
272 361
283 674
599 411
521 244
585 886
476 503
896 636
578 52
790 411
273 127
477 67
595 186
677 209
248 234
699 801
99 502
604 890
121 415
203 636
624 213
742 858
20 479
642 22
825 755
317 617
327 750
595 696
215 586
62 266
252 605
903 409
642 845
265 287
424 197
799 807
643 676
978 383
491 884
335 856
353 688
420 176
909 582
330 62
980 429
231 526
400 456
739 902
499 454
566 728
630 498
186 827
790 699
220 182
332 814
493 192
617 868
653 30
234 499
516 344
330 898
602 688
631 477
723 450
464 106
653 467
775 290
782 573
677 236
796 420
472 915
203 147
158 434
352 414
586 424
800 685
584 439
593 318
427 634
707 409
712 166
952 288
432 439
639 122
725 145
147 648
247 679
577 544
663 73
177 402
634 749
627 311
297 630
911 351
69 422
660 121
199 249
501 243
554 913
525 773
155 214
357 27
658 921
288 255
368 789
890 708
131 397
497 962
469 896
298 580
655 166
536 682
939 713
449 565
15 568
407 107
702 221
698 346
631 571
231 917
177 333
316 350
259 774
381 158
392 104
912 759
263 593
671 723
845 347
513 469
723 317
80 350
661 706
118 321
583 970
156 542
640 956
602 808
276 282
214 131
195 551
774 443
789 550
728 934
705 132
431 37
338 248
760 730
165 300
268 221
815 885
162 412
410 714
139 580
503 377
393 41
104 391
859 173
86 519
625 383
344 88
267 473
363 150
526 660
291 602
449 651
586 984
343 60
705 378
513 736
193 312
350 331
719 220
462 408
378 42
346 131
657 656
760 126
773 840
150 717
247 356
847 601
491 654
873 451
510 702
31 578
704 276
491 213
505 903
685 710
740 763
255 388
570 140
613 523
406 696
434 491
232 383
864 481
699 322
779 275
368 205
416 983
937 411
123 335
374 674
220 265
610 734
347 964
387 491
375 599
484 782
457 32
165 838
657 446
409 516
306 749
438 964
322 359
391 262
889 359
83 475
247 741
574 676
513 618
565 390
318 159
354 355
954 345
906 565
458 156
453 166
646 639
357 472
460 145
385 299
150 750
207 328
823 363
199 822
565 716
589 156
106 600
557 117
484 258
330 799
492 405
621 444
809 508
437 117
887 408
205 464
799 138
304 620
495 538
24 468
809 390
666 636
385 375
443 399
756 232
903 677
694 412
450 520
470 664
509 393
964 628
547 836
761 903
727 212
424 856
198 781
110 247
551 29
794 562
273 390
143 309
351 663
673 419
441 551
47 509
540 949
75 744
300 346
408 857
845 833
707 492
779 831
443 378
835 609
844 641
303 454
620 79
639 186
429 428
280 245
78 264
550 751
924 674
374 275
872 340
181 524
969 639
470 184
481 86
924 760
287 378
885 645
307 393
309 547
293 765
741 747
