935 1687 30 112
307 425 33541
13 456 25000
463 788 29069
336 408 36235
75 869 29155
53 246 50329
108 473 52202
15 208 36249
286 605 12042
269 594 27313
143 846 34059
704 866 61612
170 448 30806
42 239 34438
349 620 12806
616 683 25298
114 565 35057
109 248 38471
379 829 62362
391 722 24759
235 696 37202
224 935 15133
347 758 26476
429 778 34713
800 805 48010
191 789 23345
368 667 19313
380 886 24083
32 283 43417
16 499 30083
31 479 26306
273 794 35735
218 466 45880
533 639 37947
287 784 25807
136 355 12042
294 882 34655
90 784 26306
80 260 18385
269 747 32558
144 222 16643
207 482 52631
662 858 62097
362 845 11180
165 241 47297
209 650 28018
87 302 44011
234 761 37802
7 756 34059
283 910 28231
67 847 13416
141 227 33615
73 472 30000
805 915 32016
236 592 22804
79 597 52154
482 523 23770
721 848 13928
337 606 25962
516 676 45398
255 571 52924
312 579 31305
266 829 67082
701 923 38079
14 31 48104
27 525 29682
131 754 38639
147 626 72339
451 839 51971
56 120 28018
46 261 21000
42 516 43600
445 870 41231
659 827 25020
57 126 14866
156 538 32558
322 419 47854
106 298 49254
24 531 90956
360 588 15524
201 901 18788
94 326 40311
52 257 25710
53 730 60877
43 633 26249
308 434 37000
97 875 38484
351 646 22825
9 873 20616
45 883 12806
162 457 21024
502 884 28460
163 392 27074
20 343 55973
80 323 46174
62 787 37054
419 909 38275
289 902 47074
767 934 36770
81 476 32894
374 494 36620
93 128 14765
388 838 23087
309 368 27295
495 806 157293
181 718 57801
54 435 26907
176 498 11662
393 904 11045
627 926 24207
229 414 18974
557 824 14422
242 523 28792
142 795 43417
596 646 34015
830 853 23087
336 452 23087
150 633 22361
141 711 53151
141 572 42012
365 821 22023
18 138 37014
26 726 23345
777 924 30017
115 628 34015
312 372 32450
31 880 50448
699 906 21401
132 474 35228
314 774 90934
439 813 27000
895 898 33377
445 790 55145
35 630 36770
454 625 24042
187 334 25710
152 717 51245
392 833 39661
547 632 52402
124 269 20248
484 550 30480
654 711 37443
368 679 34928
659 692 21095
238 607 11705
789 935 46872
78 300 53310
274 451 53009
64 741 26173
781 905 39395
806 828 10050
758 872 23770
14 272 55462
231 701 36139
45 724 23345
160 657 28601
282 672 42059
417 889 36797
834 922 25495
645 896 26627
308 900 44407
222 388 32985
149 426 28792
83 178 38118
447 768 25612
325 570 13038
64 483 41881
805 835 17205
361 923 32573
183 327 43681
512 894 60745
120 658 53852
47 631 15620
330 620 19647
189 601 20025
1 762 37483
116 880 34132
312 690 49092
206 453 18788
24 315 21954
169 882 55471
503 855 64070
707 812 32000
66 765 17000
538 641 21932
259 376 21633
144 369 59666
54 820 36715
830 931 25080
546 591 20248
168 255 37696
129 749 25495
219 568 44102
64 722 12530
111 211 67543
160 340 17464
88 790 20616
117 639 52240
606 776 56036
314 697 44777
168 619 36892
19 832 19723
310 311 15524
446 506 31780
409 610 26627
283 569 29155
193 505 81400
17 217 43012
481 497 49396
40 569 33971
559 736 21954
236 285 25807
312 818 19698
539 791 25710
546 920 39925
121 554 26870
485 680 37736
335 341 24413
101 671 29017
266 554 37162
8 355 15000
437 899 47434
436 442 41773
377 504 36014
273 435 38288
386 510 21840
570 697 12083
320 810 60216
220 330 37643
63 873 26077
118 555 24187
77 141 27313
458 853 29682
115 479 15264
431 477 47885
102 875 69051
110 330 29411
351 903 51478
341 400 50567
191 592 42544
559 598 38053
753 913 38013
749 798 36069
92 136 19723
197 228 28178
674 838 13038
804 849 31890
423 895 42000
102 230 47802
219 927 36878
438 564 18601
474 810 49649
10 469 48270
786 855 20000
268 305 13153
384 662 18111
493 623 13342
120 796 50359
400 824 53852
859 907 29428
544 552 45177
16 438 12530
161 295 38601
110 919 32140
696 744 36770
647 772 45607
665 852 17493
497 512 57385
117 296 20248
668 814 60133
652 757 53263
327 567 27731
110 693 26907
503 507 13892
551 818 32558
182 428 21840
683 872 19105
237 352 32311
160 189 15000
185 884 35468
643 887 34438
459 913 14422
511 518 35355
261 410 27586
647 752 22091
60 914 20248
77 195 35903
491 542 38275
551 703 33015
317 366 14422
527 865 13601
580 878 44283
251 922 26926
113 279 32573
76 602 25632
866 881 34000
556 923 23022
543 925 31385
785 891 11662
529 627 35128
56 404 15232
37 450 22361
63 540 27803
208 382 38949
281 401 23324
485 557 20224
152 255 29017
124 448 31016
501 827 23259
120 766 21471
184 223 31780
255 717 51923
147 755 37483
632 670 19647
278 349 30594
138 823 58258
700 877 25495
13 848 31623
480 831 32558
361 701 51894
361 782 29000
575 617 19235
417 810 22825
353 819 53907
762 868 23345
242 849 29069
67 284 64630
400 846 63127
587 683 19416
256 772 14765
31 521 40200
9 771 29682
291 414 31623
462 709 34176
483 723 56356
213 274 22472
221 665 39051
58 381 26683
497 892 58822
702 749 28601
91 314 45000
177 293 31765
5 787 36797
28 696 38210
660 899 60133
72 238 17029
112 848 26926
12 447 27295
356 803 34670
558 662 21587
45 560 21840
82 390 35000
238 680 38328
798 921 33121
325 889 31765
629 631 12649
301 868 28302
350 573 19105
34 893 23324
70 815 14318
106 680 52345
22 438 20100
541 781 21095
228 499 10770
519 754 21471
270 840 35000
430 621 33061
222 833 23022
368 595 29069
5 316 14142
419 528 43417
84 921 29833
53 300 60208
3 679 30083
256 645 22672
150 714 22847
422 904 21954
65 345 19698
751 807 55973
128 614 11402
65 737 16125
322 549 39925
183 811 52479
505 802 31385
233 392 32280
638 832 41049
264 331 28862
698 903 14000
690 708 36401
541 619 57009
171 366 17804
636 641 66242
418 677 42190
276 622 46615
741 865 21587
433 668 24515
168 437 45177
260 530 24083
539 723 15264
541 759 41195
114 462 39013
10 219 49204
187 895 41773
274 841 41195
211 874 36125
268 830 15524
525 728 39395
382 498 34525
317 450 30414
229 291 32000
604 618 16031
323 553 36401
44 115 21190
458 647 37696
26 215 57871
454 576 23854
395 810 22204
595 876 12042
306 444 55570
60 184 18385
575 636 52479
649 793 20025
391 604 22361
405 483 19000
739 911 35000
513 809 27803
202 334 44688
117 708 49649
71 312 44407
411 906 22627
223 522 12530
533 703 36401
455 546 62241
629 844 29833
194 546 42202
82 92 17088
372 915 38588
140 537 22361
580 867 30806
573 761 26926
120 387 46690
2 462 32016
122 714 46239
544 724 110136
21 899 10817
74 332 10296
56 449 13416
146 695 11180
707 740 38275
71 155 11180
746 917 32311
597 876 23000
438 817 37802
712 733 42426
553 667 15033
131 313 24042
568 654 35609
419 846 42048
36 716 24759
677 768 26401
713 898 38328
83 768 23087
490 702 16125
406 850 20224
196 230 27586
139 574 17263
540 873 21932
403 523 29682
49 276 41593
891 928 10440
19 76 37947
19 610 12083
27 682 12042
548 933 47011
357 925 35693
525 766 22091
214 443 17464
494 544 184621
111 234 46174
212 881 15264
617 658 47885
113 572 46390
369 392 38079
537 577 66483
78 928 23324
291 797 24187
174 845 18601
545 850 14142
599 607 42942
383 523 14142
351 742 46530
36 195 34409
756 813 29069
608 698 40311
394 668 21213
193 866 41231
348 492 46390
246 357 43186
164 173 40311
250 706 35735
656 764 23345
260 605 27785
227 796 59405
418 425 37643
78 891 23087
759 871 20248
609 660 44777
713 808 98020
547 670 44721
85 417 23770
29 131 29428
322 434 22136
140 379 30067
586 901 16125
314 879 42438
305 830 15811
173 669 19313
219 732 36056
105 300 14560
277 481 16279
96 362 66611
239 858 19000
800 915 40200
356 600 48301
277 806 45486
630 889 30676
206 210 21213
562 635 65803
531 773 53000
318 528 50210
731 745 53085
132 526 31890
17 225 13038
310 594 19105
159 904 34540
145 908 24515
214 727 13416
59 852 25080
357 700 34713
780 934 70178
250 817 22847
234 763 17493
395 630 19416
115 486 21095
536 701 19416
213 593 25962
86 840 43012
50 343 59775
253 912 32757
28 744 10770
63 811 43105
595 842 23324
87 588 26870
115 429 27295
443 832 48703
133 247 25239
579 708 28443
386 460 21095
247 612 23345
515 617 59942
31 932 50990
151 324 36497
432 916 43863
654 681 22825
250 828 38419
813 893 23770
687 823 21633
192 217 59942
406 545 16401
226 278 15264
587 616 15264
783 914 10198
732 907 12207
98 741 29698
340 601 12369
855 911 31906
476 696 17029
148 545 13038
510 908 31145
181 440 59093
634 757 17263
577 712 10296
472 552 36878
470 725 28862
609 899 55973
164 615 13892
258 904 25554
312 915 60033
370 591 21954
345 765 48270
760 867 11180
623 794 20125
385 608 32062
390 822 34655
341 607 61400
416 426 33015
258 409 35355
518 540 28178
789 890 28178
636 732 22136
222 838 33541
175 641 43863
255 930 21471
46 410 20100
532 804 48260
309 695 34015
437 609 28160
153 216 34986
367 468 29069
710 720 40311
258 393 21095
154 226 22804
327 421 18028
392 471 23022
373 692 29732
33 603 27166
158 561 56356
3 603 29732
34 204 23537
786 871 22023
549 801 53339
178 418 30806
401 786 33971
211 566 45310
32 306 55902
387 796 41231
157 707 49659
802 870 20224
135 335 11180
137 452 41146
839 841 16125
397 439 27893
8 557 26000
209 263 38118
40 644 17117
54 765 38118
529 837 43417
529 926 24083
375 910 16971
97 415 16155
57 794 22204
33 678 37643
73 544 38949
82 419 43174
81 336 30887
28 416 31241
127 837 26077
118 798 13892
16 61 38484
60 783 12728
107 179 12083
852 869 24698
203 698 19235
576 912 34785
332 803 22023
282 593 37577
460 548 39459
44 429 13038
790 829 35468
671 812 12369
103 933 54037
20 204 30676
364 747 30150
445 887 52326
104 315 16643
499 763 38910
298 380 12000
193 643 25962
103 707 48270
530 605 27857
671 707 31385
85 354 28302
232 607 40050
139 296 13601
500 703 28636
360 467 20248
22 367 47202
88 424 40804
62 69 34000
100 212 22804
457 891 19000
99 145 28231
11 910 12530
750 798 47424
333 403 29017
169 294 58873
272 635 57983
30 915 26401
589 745 58830
58 393 42379
240 730 14318
63 518 47170
474 622 25495
59 872 24187
9 518 39699
301 327 40311
224 600 21633
451 688 26476
89 835 30414
377 929 41049
163 660 32650
432 534 42202
732 859 22561
492 801 42802
311 594 26420
194 455 55036
287 380 22361
300 524 19235
20 34 27295
246 455 50329
110 851 82680
329 747 34015
346 693 26173
86 509 17720
354 536 21633
250 806 47170
473 478 38053
163 471 13601
273 820 39623
17 886 37014
423 686 18439
464 596 14318
29 317 16643
285 453 23345
439 624 41183
365 902 34366
92 143 10770
27 934 42544
22 817 28160
193 342 19698
125 521 29614
647 803 34928
208 336 45277
208 888 40792
666 760 34540
203 608 45222
69 76 51478
771 933 49396
325 398 16971
675 888 20025
453 780 51088
188 530 14142
51 882 27803
254 533 23345
212 866 22204
36 475 22023
256 290 21471
201 260 12369
332 356 46271
28 468 38210
666 867 37121
200 822 23087
182 548 36056
627 896 33242
358 792 49254
383 532 12166
284 497 128456
492 857 42720
214 638 32650
293 828 22472
120 404 26627
480 917 35000
561 890 26683
293 426 70491
552 929 23601
295 779 43658
6 67 35000
505 643 58000
835 915 25554
627 772 45651
207 378 25000
395 863 38639
452 541 58694
116 664 14318
25 467 38210
252 324 12042
342 881 20100
75 216 19698
91 879 26000
427 770 21378
513 584 21633
63 253 27659
189 301 52202
640 642 13601
168 930 25495
641 859 64846
206 594 31623
223 862 28160
26 582 43566
12 248 29069
215 271 57801
321 660 31113
182 770 25000
195 563 39013
336 775 24515
637 743 19026
70 514 18868
802 887 37643
159 422 21840
611 689 13153
7 343 56089
40 653 32140
276 921 34059
816 844 32016
221 587 65460
252 544 49497
244 469 49497
689 934 10050
277 655 18111
125 337 42953
130 197 23000
701 826 44598
241 379 42059
480 843 13000
194 920 37483
338 363 13601
15 255 36359
6 284 56727
229 470 25060
23 347 26627
273 399 19698
140 917 22472
752 931 22000
651 669 17493
113 582 16279
691 699 44283
103 739 44553
843 897 56436
461 669 41000
745 916 53460
288 593 47011
38 270 23195
637 768 22847
278 738 20809
183 328 23022
102 663 40497
323 678 26306
67 869 27893
219 415 51264
469 681 32202
761 797 34205
55 464 37947
49 638 19235
18 547 87846
524 591 38275
642 663 30414
176 836 13038
157 786 45122
297 777 29428
16 468 25612
149 675 48104
265 321 21213
246 925 13601
434 528 22472
153 500 32016
443 618 50289
290 450 40706
394 759 39205
568 681 17117
490 903 34409
350 911 51245
148 512 44418
412 606 46861
694 775 30414
373 488 25179
467 892 12083
224 356 50606
597 719 25710
99 908 33615
78 816 19209
706 806 77987
269 854 25298
413 601 10770
517 740 27203
156 448 23537
17 298 35468
640 663 35468
95 746 22672
134 831 35847
55 749 30806
181 583 40311
398 826 24597
89 152 30594
413 477 13000
495 874 21954
574 717 55758
428 718 20224
363 447 39319
577 691 41617
8 90 37162
514 814 38833
413 912 47043
122 150 34234
634 791 33838
155 590 17493
281 668 35355
166 510 16401
79 420 42720
51 358 15524
536 748 16125
737 765 43658
21 571 14765
515 689 17464
259 851 62290
411 537 62968
600 823 22023
424 599 19723
94 153 26627
494 729 33061
411 699 33136
720 878 22804
249 871 35468
402 865 28636
769 831 61847
106 784 26683
382 836 33615
466 523 44418
39 755 39205
423 898 57428
348 861 39051
68 88 31016
328 440 32388
724 883 34015
48 255 65460
469 711 25456
53 357 22361
49 921 21213
496 652 31401
185 275 35171
815 905 34000
648 787 36770
396 602 40000
80 586 29120
384 558 23022
515 611 24413
168 571 36770
251 522 44418
407 608 56045
53 877 37483
582 900 28284
142 257 22561
472 504 27514
240 870 13416
338 614 27203
176 382 28284
72 607 17000
171 261 15264
180 909 47011
129 490 18439
1 421 23770
263 650 59933
300 785 46573
437 781 23259
461 856 25000
21 615 40012
134 262 18248
710 878 55036
432 589 43417
424 673 31305
35 371 10817
46 74 34713
546 821 16031
252 585 32202
529 896 22825
76 396 39205
471 861 36056
72 485 23345
319 598 39825
191 780 17692
123 461 26000
351 596 27313
6 302 21378
359 664 47043
376 488 36249
584 676 32000
316 923 35847
318 584 34000
123 615 36797
292 616 77666
359 412 73756
153 769 23345
174 715 26077
100 247 38601
510 621 26683
330 529 88510
611 934 18439
684 822 18248
231 303 17000
397 854 21633
571 899 17464
280 384 37656
180 860 36125
482 635 19698
657 762 25179
288 649 47760
268 734 19416
493 768 16031
701 748 24187
292 650 20025
357 877 18028
768 794 24413
688 845 126716
146 595 21024
208 694 15232
217 809 23259
197 706 17263
583 585 51662
200 684 31401
119 774 20000
345 520 31016
293 512 47927
631 816 25239
553 678 26173
22 564 35355
111 304 14866
4 503 46840
289 787 62968
537 897 62129
119 455 36014
799 834 62290
103 812 31401
50 204 16643
56 658 51624
326 897 28425
435 794 20125
107 885 28636
721 795 23022
281 786 37121
182 199 22204
479 486 10198
491 608 25318
554 704 12649
446 924 23324
41 599 42450
320 622 49041
910 918 27857
513 676 26907
210 453 19105
7 169 52000
549 753 11045
70 905 30871
291 304 11180
637 677 18028
436 638 29206
25 295 11180
290 317 42450
105 785 41049
334 423 47854
30 71 26926
33 713 59304
1 494 22561
282 286 18248
441 606 29000
502 725 18111
227 449 24413
307 565 52498
481 655 23431
272 521 31906
172 583 41773
109 614 26926
495 566 63561
274 593 32757
87 155 13454
573 685 24698
379 746 35114
134 639 41485
397 624 55227
576 625 20224
745 919 20616
145 578 16763
74 803 27514
333 523 29069
672 848 21024
66 484 32388
335 400 32016
76 409 33422
95 262 47424
72 557 20396
167 795 39205
441 735 48826
353 478 15232
114 736 31575
76 258 52773
550 589 26401
657 729 45222
207 523 51196
103 548 35355
596 702 52953
214 436 43046
280 496 35468
408 836 14765
535 658 43841
5 648 15811
171 450 24331
682 934 41725
456 859 43290
65 520 21954
264 567 21932
534 916 37802
478 819 51478
396 748 32249
293 806 28425
661 677 51264
776 845 206596
443 727 13601
425 462 34409
387 728 51971
192 287 59169
299 840 41231
496 875 22847
586 595 37643
432 626 37121
54 737 18248
18 882 65368
183 264 26077
24 104 28160
355 846 41110
334 451 13928
535 575 30414
132 315 10198
156 170 20616
402 727 12166
58 809 28231
207 466 16971
198 745 40000
440 718 29069
123 856 10050
401 759 35847
444 880 56400
111 499 66483
44 142 26173
427 929 20100
222 777 30083
77 563 46011
402 604 49366
405 516 11000
716 819 12166
108 506 21378
543 866 164438
404 796 38484
382 888 21095
41 680 43012
793 841 34205
95 165 22204
302 590 42755
39 154 53075
870 887 40025
358 882 26077
516 723 50160
251 517 38275
563 716 12042
248 661 32140
700 802 37000
90 680 42521
240 864 24042
96 451 52402
477 912 49336
385 735 51546
383 482 13601
43 156 40361
151 181 22672
920 923 47381
28 235 27203
801 857 14866
297 838 11402
316 556 16401
766 767 26173
234 573 40050
267 456 20000
807 900 19235
514 815 10440
220 529 64938
458 931 17000
122 901 28071
488 692 23195
328 331 31321
13 112 40311
115 663 39051
808 898 136033
233 833 25632
79 156 26401
220 620 23345
189 340 20248
621 797 37216
697 885 42202
632 926 12042
370 524 21095
181 427 10440
490 773 47539
320 474 58694
72 824 14422
344 910 24352
138 734 39051
365 787 64761
141 796 65276
595 719 31064
350 476 33615
190 259 92962
47 629 23409
137 336 29155
618 832 31064
108 475 35735
134 299 41195
551 708 21840
275 502 16155
57 363 31064
25 894 66370
32 52 17263
373 851 38053
249 855 54781
576 820 36139
125 735 23195
445 864 29155
325 782 14142
307 313 32696
492 651 27514
364 592 51624
630 863 42802
91 194 25456
2 677 42802
600 687 13601
581 710 55009
511 718 21190
179 889 30364
133 237 29206
165 232 50160
159 391 15232
42 676 34670
175 633 31765
2 709 13000
262 299 40497
280 791 35355
192 886 59203
232 599 22091
114 682 39661
570 920 39812
31 486 31305
196 489 27659
230 778 61400
126 363 31145
11 359 29155
156 420 36056
115 444 12530
522 834 41012
93 338 32311
327 868 20396
572 582 35511
626 754 56851
593 686 51546
31 804 37736
385 776 17029
434 751 55172
530 593 50931
219 907 31385
194 879 28636
253 811 34655
574 856 18385
337 441 47127
374 421 10440
590 818 52773
153 254 11000
37 74 29069
376 431 16401
35 863 40000
774 885 103097
189 811 44045
233 814 12207
354 396 45607
381 393 36056
852 872 23022
378 562 26627
667 842 17088
560 566 36222
511 933 21840
486 628 18868
319 736 18439
447 677 27295
61 228 14142
376 827 36892
96 839 10817
180 651 29069
104 132 16031
108 243 19235
172 585 63388
159 722 11705
509 860 26420
139 509 30364
127 738 24166
38 180 36878
470 560 34713
84 798 23000
108 144 19799
215 807 36892
416 744 29732
279 716 27893
13 267 36125
581 924 31953
283 344 36056
53 455 24413
378 442 24166
457 785 10817
190 729 28636
27 728 45618
217 684 50488
452 619 10050
112 267 44721
498 696 39051
410 561 25710
3 792 30265
149 850 28636
445 612 46648
318 434 45541
8 136 21024
34 592 50220
304 566 46861
266 704 29069
202 274 17804
619 775 15264
239 516 20616
322 353 38484
210 311 21541
433 922 55009
258 422 24187
295 588 21401
109 799 43267
663 778 41773
591 821 21932
231 923 38210
94 613 41617
309 624 53038
98 634 25060
777 838 26077
199 508 13416
300 730 39000
367 426 25080
677 743 32202
412 487 24597
381 405 34986
783 862 22472
311 515 52631
523 532 18439
36 819 16763
83 737 35114
672 714 24187
174 359 31623
168 694 23431
27 114 39825
389 581 23022
454 484 48600
464 750 25080
203 903 28601
236 780 43600
41 68 17493
20 687 35114
399 914 47434
93 862 44102
69 303 48052
569 715 17493
369 753 57706
283 375 26926
792 808 29275
824 846 61033
461 615 37014
729 762 47297
169 343 11402
567 583 19925
48 571 50478
463 879 29069
407 776 59405
442 646 29275
85 826 30083
501 550 53235
318 822 22627
151 427 13892
587 872 33106
326 733 33136
178 520 13038
288 721 19723
24 526 51196
194 463 46098
102 640 48270
381 676 38079
645 837 28160
350 656 42720
608 776 38079
271 726 14318
11 918 32016
350 507 17029
38 135 14422
7 50 29069
388 433 47802
659 731 21840
433 799 30067
124 170 29275
89 675 26401
91 570 17720
98 865 44944
73 883 39395
62 225 11045
346 349 11045
319 387 46530
278 620 22361
579 690 27019
243 446 23345
18 51 92962
244 711 55660
183 331 32202
537 843 27295
127 645 22561
242 652 47265
116 412 41304
45 725 29069
374 585 70349
205 547 36497
603 808 13000
133 266 36069
196 927 22136
363 623 33422
12 338 32280
414 510 34409
780 890 12083
712 897 23707
468 564 16031
693 919 26926
132 705 23431
270 860 23431
177 426 61057
454 501 22472
215 558 79228
266 379 68593
534 755 15264
4 336 19416
111 763 45453
347 613 27659
195 760 19849
371 630 36235
303 556 27659
364 854 29547
237 866 34886
293 655 34132
758 852 16401
166 199 22825
386 508 19313
173 348 49820
248 598 30414
297 389 35355
55 750 40162
18 343 33971
116 932 33136
135 400 22361
146 876 15264
167 257 43417
610 832 24187
607 824 27731
68 680 34059
82 192 23431
613 733 16643
52 644 16553
97 271 49729
83 743 24759
806 874 135429
129 531 29069
368 695 20591
283 715 16000
691 733 59211
554 906 30871
602 701 29411
244 726 15620
167 649 36401
517 668 42720
559 709 17804
162 785 28160
489 927 43417
161 779 12806
98 333 32388
187 688 14560
131 147 37363
243 777 27893
403 527 45188
801 909 74216
654 658 31241
324 585 22672
226 738 30265
10 415 27659
350 685 34015
653 793 19026
23 94 21213
293 406 59237
200 390 17263
673 829 26683
257 795 47202
75 500 14866
7 294 21213
306 375 15652
739 764 37216
96 569 28636
158 682 34205
360 892 28636
430 578 20809
99 460 20100
138 853 44294
166 770 46615
392 905 39395
361 398 32573
553 679 15000
227 711 31890
407 773 16125
272 542 11045
580 666 29069
231 556 29155
130 874 32894
101 771 37643
387 720 15133
14 521 47011
172 421 10770
261 366 19026
493 794 15524
22 250 30610
218 442 45277
173 265 45277
64 98 50329
362 451 105361
315 705 18788
131 186 13000
801 913 11045
365 923 53151
198 659 27659
109 674 55154
80 188 31401
158 565 19235
30 372 22361
35 526 54452
465 633 29547
448 538 17029
491 742 46098
389 674 46065
578 739 33615
84 118 20000
148 779 22472
131 519 30463
164 265 18028
506 760 22472
136 143 21000
125 272 11180
148 894 76322
825 884 26173
137 503 59641
182 508 27731
475 506 31623
213 793 15620
510 825 18439
107 889 31241
23 758 20396
119 788 42379
61 197 15556
484 625 32558
190 431 85212
880 918 14142
29 39 43863
230 489 14765
487 932 57280
202 423 30806
266 352 18439
313 519 12083
105 240 28636
377 825 11314
198 731 34205
249 759 26683
48 615 35735
121 263 29732
307 462 51662
241 673 34525
658 767 44272
11 344 17263
186 261 27459
121 704 34438
299 509 38626
350 503 25318
286 901 17464
559 661 35468
664 880 28844
339 468 21378
209 245 30017
555 705 24083
157 740 26401
461 509 45967
339 499 30463
4 81 20616
162 864 21587
218 527 19000
81 408 19723
18 205 53000
66 345 54378
43 465 20100
296 299 37216
15 930 31385
75 847 20591
542 562 61984
279 308 36497
109 128 30414
323 898 43600
272 562 63906
352 704 18028
86 299 41110
750 921 38626
337 487 21840
608 742 35440
211 499 47096
357 543 38949
100 612 33601
225 787 37108
245 292 12207
101 522 33136
394 514 35693
321 348 17493
59 221 25495
245 699 37483
370 902 14036
387 525 42953
430 764 23707
40 283 38000
126 273 46957
216 869 25807
275 883 41231
234 235 23770
465 719 38275
670 752 40012
62 648 12369
50 756 20224
531 749 49041
179 371 17493
283 644 39812
52 653 28320
149 805 33377
369 473 41146
590 847 37202
188 686 29069
474 555 30067
284 665 46872
826 889 38471
342 445 63325
216 852 31048
80 842 16279
47 680 18974
37 803 21401
185 504 24413
16 339 20025
242 757 29614
774 788 56036
110 346 18788
430 656 20809
310 575 29120
539 858 35735
631 928 20248
671 771 25000
459 861 17464
600 935 20224
507 855 57706
206 329 15652
205 734 18974
186 410 15652
420 597 22472
154 755 32000
642 849 14765
161 800 29155
399 873 32985
535 617 13601
449 654 25318
397 893 28284
130 211 38639
9 184 25942
459 857 14318
428 770 37443
628 663 32280
175 538 31064
685 797 25318
80 201 23601
64 723 66708
782 920 34713
308 751 50249
305 547 20591
639 708 19698
22 177 16643
285 329 10630
254 769 27459
194 570 37336
289 844 49820
447 970
607 700
964 557
290 656
439 192
44 539
917 641
366 327
470 798
646 432
874 247
550 711
806 435
734 241
220 591
161 738
443 239
931 719
542 176
864 659
295 527
130 734
79 444
586 16
93 581
587 430
663 629
205 692
741 771
140 570
779 258
852 318
981 552
851 635
482 12
498 500
807 763
292 383
759 811
879 322
278 252
533 359
843 496
790 317
204 888
768 714
313 247
260 498
597 145
888 639
980 640
855 335
316 97
586 801
643 100
629 544
532 759
503 301
24 463
475 782
145 773
451 217
491 832
582 259
618 790
597 854
65 511
293 243
481 233
389 600
126 547
322 313
248 914
794 737
87 487
506 188
561 512
332 206
827 550
920 486
271 664
413 351
592 765
587 95
501 105
266 400
106 551
262 244
204 589
351 293
409 67
397 345
489 708
94 429
222 357
910 327
652 408
629 277
335 799
180 185
421 753
736 361
377 790
558 13
297 161
371 271
447 32
473 551
497 671
736 927
233 785
790 398
539 465
638 660
783 297
846 217
225 442
603 83
335 47
630 572
91 227
856 462
269 460
782 550
769 189
518 764
778 835
502 701
661 65
134 807
736 742
557 29
170 236
184 407
280 375
387 328
311 652
894 720
252 446
163 311
586 501
808 336
387 349
459 565
309 788
902 535
726 778
107 643
158 646
822 466
341 913
210 559
109 451
720 847
116 542
816 526
363 732
692 665
560 249
516 924
127 614
271 199
385 554
306 494
219 335
314 853
841 383
274 574
917 693
811 546
781 743
415 957
326 459
909 262
790 473
228 660
116 725
630 768
458 27
320 407
358 898
352 855
443 902
458 775
284 891
741 730
979 381
925 455
516 909
513 996
765 667
428 333
168 156
391 85
526 520
730 427
134 784
664 935
334 842
444 355
901 472
920 404
724 82
874 630
903 764
758 586
676 209
253 606
68 287
737 589
172 814
158 179
885 385
621 189
569 375
79 469
456 280
621 205
685 462
771 874
1 474
468 579
465 744
809 696
450 228
738 861
615 518
159 771
255 829
749 407
479 171
265 315
421 587
219 741
213 718
788 628
152 213
309 302
564 344
269 155
230 289
697 286
490 560
622 444
53 313
298 50
191 222
531 689
321 653
106 753
416 727
323 950
512 850
120 451
239 560
785 813
830 341
515 240
604 977
913 469
768 735
187 389
71 249
421 916
321 504
144 261
770 438
881 777
793 567
269 386
604 421
758 191
539 806
906 393
250 882
560 126
41 690
751 869
508 455
654 325
390 685
862 444
879 284
1 502
773 607
880 447
398 282
831 409
355 197
766 803
255 797
46 323
88 710
938 638
104 583
244 435
492 616
420 266
225 403
311 157
466 924
65 535
471 186
244 795
879 790
842 263
689 712
502 419
935 560
749 554
745 569
162 521
719 725
409 22
567 27
437 178
755 762
482 364
589 650
547 121
342 507
446 414
966 490
335 949
439 71
89 389
431 944
444 879
765 600
760 910
414 888
803 732
661 272
954 375
270 370
286 637
808 171
519 720
181 739
533 920
256 350
186 164
906 696
891 250
626 808
744 910
64 422
357 498
745 899
273 726
694 150
140 243
462 449
525 120
378 336
849 727
294 93
965 636
899 232
72 566
441 114
919 261
515 733
829 602
399 156
767 754
158 696
922 536
421 519
351 152
473 18
144 548
628 969
422 971
856 270
592 959
305 869
676 184
193 309
420 278
529 295
224 632
701 261
661 362
782 117
322 837
596 604
460 611
517 641
441 372
554 235
412 556
517 261
386 651
515 50
537 164
835 587
451 83
521 814
302 371
378 665
607 207
662 243
615 550
559 313
110 655
735 65
254 654
532 209
748 716
113 290
851 176
546 904
273 823
667 414
181 672
492 83
623 738
403 393
850 514
425 961
539 243
945 422
250 283
659 727
148 673
348 901
373 849
779 324
297 784
582 946
671 818
431 649
467 407
568 781
623 146
319 578
150 732
862 594
412 874
794 126
654 174
605 182
794 291
247 181
507 576
554 738
793 521
635 532
785 767
949 362
293 615
750 603
590 888
336 83
786 450
290 208
848 743
388 491
333 819
293 450
639 699
356 55
655 136
845 476
664 221
55 577
177 718
657 479
233 841
393 543
278 914
458 501
561 64
484 517
260 695
559 904
456 463
775 284
175 365
44 674
709 250
559 294
629 859
339 297
765 286
829 165
625 944
736 400
673 79
746 144
351 452
554 757
452 992
156 857
677 352
26 628
218 666
169 767
101 482
602 907
244 867
277 701
304 905
233 107
494 547
284 713
340 830
261 417
301 843
413 845
69 666
494 312
379 616
694 582
559 324
395 695
444 828
708 730
637 779
775 218
454 750
687 259
330 154
638 613
536 5
621 224
446 399
835 863
915 445
674 39
699 273
137 435
712 828
711 521
507 132
159 333
792 504
617 333
469 815
351 606
759 180
260 74
274 943
120 642
381 126
897 800
372 825
431 451
649 882
160 471
314 922
944 519
110 246
591 62
450 168
342 317
648 381
596 673
210 867
742 691
698 169
527 481
161 717
673 662
214 831
406 932
688 506
904 299
426 72
288 540
585 459
259 739
255 463
741 526
577 868
95 351
314 772
176 493
548 548
516 618
550 453
387 926
482 330
352 964
892 478
22 412
87 570
665 861
107 527
362 133
802 646
878 410
768 556
903 514
669 139
871 522
558 675
267 293
827 684
536 908
497 164
984 579
558 213
889 455
815 146
305 313
750 119
346 570
547 187
714 596
207 205
70 395
511 694
294 487
30 399
722 529
557 197
294 605
755 891
295 817
578 83
541 754
882 558
597 865
654 785
838 828
749 296
335 239
496 46
323 235
862 839
818 488
651 289
717 232
714 481
591 749
600 164
173 447
725 314
772 513
736 306
193 149
862 320
800 830
683 170
834 778
448 205
876 393
45 303
342 426
702 333
876 354
660 528
59 692
285 767
499 947
680 552
637 929
364 529
563 686
643 360
758 327
852 230
40 476
526 567
929 518
407 654
333 441
857 820
420 782
825 424
236 255
476 620
193 613
514 330
581 734
970 516
956 528
319 265
671 508
671 638
38 423
463 330
272 760
927 426
831 671
975 367
701 598
203 494
61 327
648 947
718 907
259 592
904 546
243 696
431 61
715 99
80 287
260 86
488 136
659 87
127 470
122 242
575 44
117 787
408 753
181 465
607 687
565 643
639 497
86 356
987 493
813 445
895 284
515 482
225 510
393 852
877 497
581 606
821 392
571 253
609 320
181 884
226 869
610 434
609 195
622 649
485 990
275 142
643 908
721 460
56 386
885 758
766 166
607 654
604 798
768 857
345 759
387 721
608 256
716 109
610 748
209 682
696 911
205 342
799 599
509 148
636 70
630 138
507 369
856 780
430 462
698 749
720 815
891 619
668 292
59 448
347 647
513 535
249 764
474 944
204 750
308 763
589 839
640 591
666 594
570 758
105 428
352 880
445 782
798 806
719 67
319 35
281 613
783 100
497 587
786 358
119 624
753 654
340 588
441 85
484 773
377 297
299 202
353 688
414 219
375 33
761 690
243 236
623 308
960 587
875 373
550 772
802 379
580 566
276 785
610 95
461 647
124 585
385 478
260 123
820 746
747 278
163 613
66 728
549 406
989 591
477 290
512 72
488 875
408 785
862 621
411 594
376 606
344 221
127 762
154 503
503 484
568 833
382 142
466 348
849 683
330 325
297 861
473 94
612 928
76 729
210 249
866 781
153 389
559 166
445 578
455 709
177 603
241 661
792 857
483 609
904 336
241 365
902 352
923 502
163 360
364 246
924 251
365 375
77 505
816 405
723 299
130 652
666 971
49 461
873 759
817 575
341 704
268 450
374 488
583 344
743 455
284 404
395 507
492 752
522 12
276 178
613 235
136 182
523 530
451 948
58 484
263 143
354 666
36 442
489 806
145 838
668 373
894 522
279 103
567 588
385 57
828 246
166 166
963 662
212 898
271 858
421 20
444 276
224 134
213 614
467 56
748 665
309 208
44 572
839 615
36 615
987 422
815 852
107 367
992 455
304 533
546 425
884 464
365 151
701 99
528 262
376 572
97 274
714 450
304 812
367 406
868 258
324 731
544 857
396 479
494 775
164 581
689 858
175 330
842 248
704 930
418 111
594 124
430 704
451 145
527 588
287 58
853 847
709 434
312 218
328 903
249 579
856 758
813 220
419 824
700 608
807 681
