671 1168 21 70
92 213 84599
321 555 60208
13 637 24187
156 309 21932
7 42 37108
251 535 33242
108 398 30232
62 497 20248
343 585 38949
168 648 81006
485 610 28302
180 490 53460
119 348 43186
26 606 30414
17 617 24698
110 261 45891
226 570 37696
116 461 47424
84 568 16763
214 422 60539
126 472 19698
85 544 29411
133 191 46390
43 107 21840
70 297 26173
97 162 82565
85 143 66219
121 309 49244
133 523 25962
356 550 35000
195 387 24352
283 314 60745
284 585 25020
158 644 36069
160 367 56356
24 335 34132
402 479 48826
345 492 20248
340 459 36878
330 406 57585
80 543 34928
512 550 42000
123 420 12083
68 378 20518
84 452 49000
237 492 48270
495 559 27785
257 666 116284
279 473 31401
42 511 13601
409 499 22091
296 390 30265
195 548 34670
322 551 33106
114 633 42190
515 548 21633
318 633 50249
225 619 89828
119 160 17464
326 379 21213
199 253 55902
201 427 18788
223 528 38053
72 125 39623
411 652 72125
54 154 64537
437 447 20248
65 483 49244
232 639 69527
76 557 83217
429 627 28425
227 620 10817
522 591 54203
214 218 38079
37 155 19799
304 498 29069
199 336 67231
264 394 22136
63 355 52498
600 635 40460
242 510 59481
324 613 18028
200 532 43012
261 429 19416
250 362 23345
383 444 47802
152 153 39446
323 629 13601
476 652 38639
557 563 22804
534 588 49649
265 281 26077
90 668 51856
272 665 25554
41 505 66242
141 511 22204
272 281 53151
36 566 24839
490 631 32280
204 470 21633
227 421 31321
279 496 47885
128 659 63569
527 650 59203
180 621 12806
17 473 11314
348 371 20000
102 482 36688
330 357 18385
51 86 26401
88 564 64257
616 632 36359
444 621 29732
177 205 31780
57 233 37108
96 436 40804
412 434 115261
88 420 50922
102 397 32016
445 605 21213
32 96 25942
105 468 54129
203 300 32249
138 628 24083
264 448 18028
283 658 60803
151 270 37643
407 497 38328
370 490 21401
242 569 47927
55 172 46174
356 512 25239
371 475 30871
24 406 27893
74 107 47170
10 347 21401
369 570 37363
159 531 40224
92 326 74243
258 648 58523
41 219 72007
254 409 12530
110 126 50040
125 401 82098
474 636 27019
20 537 41773
45 177 42521
196 263 49649
273 352 10198
376 482 36715
305 536 28160
346 368 27166
242 657 29833
394 635 63891
317 664 58249
95 220 30265
603 607 51039
451 546 17720
126 661 57271
48 578 46098
365 481 15033
75 590 13454
255 549 36620
41 86 30806
198 467 21260
298 322 24021
386 560 16553
360 642 68884
302 375 12207
364 574 43863
75 546 40608
441 541 30150
288 624 26173
286 491 29155
74 87 56080
46 166 47011
202 462 50478
167 425 16763
396 512 21190
37 599 27166
163 231 43081
418 471 52202
190 336 50448
193 455 44553
157 259 39850
5 650 40311
256 619 21471
76 203 35014
338 661 33015
151 282 28284
549 592 39825
410 669 67941
52 308 63285
8 628 27659
248 478 31401
40 203 36401
136 240 14422
363 506 22023
433 462 25962
331 442 15524
10 276 22023
509 566 28231
455 582 47802
566 657 34828
580 664 13038
136 444 41231
337 382 43046
229 487 38079
64 82 44272
484 653 14866
39 113 24207
471 593 76655
151 213 45310
325 667 43863
173 578 56613
253 462 55902
69 514 69231
178 631 85913
272 555 54406
122 292 47381
187 574 51624
25 458 34132
54 539 71561
436 549 42297
130 428 69642
62 485 18248
242 274 24187
213 270 21633
233 335 23537
52 556 36688
609 657 59908
137 414 38910
302 363 59481
228 554 30150
13 65 32558
528 589 49163
318 498 25710
228 466 24187
559 652 32558
253 336 36674
61 370 19799
580 661 57697
53 151 36797
131 287 43681
344 634 31000
36 46 79429
73 206 22361
336 659 67268
129 578 67268
376 463 29155
44 359 56321
380 573 16492
242 451 37000
67 483 56639
489 628 36688
424 491 18385
178 486 17804
299 426 29682
162 376 28320
28 124 34205
235 558 40224
3 114 34205
229 438 65513
167 346 65765
113 656 14142
186 262 46098
273 348 39459
55 409 28601
99 247 14000
279 325 35847
333 516 187601
232 263 42953
164 275 38639
179 526 19313
576 607 26306
32 415 36401
212 610 44181
295 353 66242
508 517 24331
382 448 46098
341 379 18868
486 622 25632
154 539 53085
12 118 46530
169 524 13000
53 282 21024
271 389 35847
643 655 45967
358 587 15524
372 529 46615
129 150 15264
315 651 53000
117 616 37643
374 589 55145
221 641 51971
172 263 48826
161 308 26683
18 497 30871
230 299 37537
99 447 26571
359 534 29000
219 351 30887
138 157 58310
487 590 31241
313 419 22023
27 603 36346
494 500 21541
424 671 28601
97 598 31016
562 645 46098
485 512 16279
246 615 39623
125 502 51884
88 306 48301
285 505 15264
13 205 14422
148 214 27295
197 537 52173
111 582 31765
201 638 20224
365 532 48021
300 446 32558
182 514 82420
501 597 34015
317 580 60141
415 435 80000
372 379 52393
458 583 48374
448 540 26077
154 259 50329
163 406 45695
89 355 33838
96 592 31401
60 126 38484
265 463 51624
399 520 41617
454 596 41231
131 665 16553
180 577 33242
316 442 29547
162 555 19235
176 534 37216
277 510 31890
363 614 61327
515 581 37000
203 454 27295
240 621 10198
415 507 81835
161 607 34059
278 560 38328
489 548 24839
392 427 17029
140 297 52345
91 358 28636
45 501 85604
158 542 39962
367 527 75472
190 561 44407
14 335 48260
175 360 19235
93 558 51010
552 598 46098
237 312 13416
305 563 67543
464 649 44283
73 342 14866
505 659 22023
78 423 12042
420 526 26019
176 359 28844
238 391 30017
306 460 27785
269 501 53339
250 366 64281
149 445 13038
181 461 53935
584 638 27295
529 538 25298
50 508 30265
397 482 13454
109 114 22804
2 273 29411
21 144 18439
554 594 32280
365 652 30610
182 454 139646
38 654 14765
346 593 60133
25 265 63906
111 197 30871
342 349 15652
332 516 32757
231 294 48466
30 137 46065
210 486 35511
185 577 23022
112 202 25020
46 657 80056
472 661 60828
83 353 12369
143 647 29155
175 193 29614
72 662 25632
39 98 29155
545 572 22204
406 458 60671
388 562 47424
552 616 69426
105 487 56569
108 231 24352
171 569 10198
436 560 43829
181 614 20224
521 617 33615
336 561 19105
625 662 30871
208 642 23087
403 412 50040
140 317 37947
542 644 10296
12 498 14213
304 393 43738
367 663 63253
220 581 21000
459 504 25239
45 269 121939
488 549 30083
217 640 36069
311 343 27803
353 591 61294
197 455 18028
123 266 86608
235 517 54745
284 479 44911
41 520 79076
206 223 29732
7 243 28443
174 189 38471
68 230 53759
268 299 31305
427 638 18439
244 257 46755
373 623 55444
432 459 39825
160 437 39408
312 356 20809
334 517 20025
10 428 69462
94 218 26683
260 263 28160
333 588 32527
81 144 29682
34 418 43417
37 522 74673
93 653 65765
130 431 22361
139 478 39623
344 486 40447
23 397 21840
495 652 34986
263 608 35228
27 170 60108
201 635 40497
470 602 19105
329 501 48826
380 477 37590
100 503 39051
3 324 67779
87 189 23087
17 543 24352
38 246 25060
525 530 49396
260 493 21024
16 75 17493
118 142 35114
330 523 26420
107 551 49769
48 150 55471
221 402 42059
238 239 17029
129 588 51884
579 645 25179
130 347 67683
264 638 50606
79 261 34928
395 553 22361
232 381 44181
187 537 56356
249 271 11662
380 577 51894
430 464 37216
197 245 11705
405 619 19105
14 57 20248
25 463 28302
434 594 41000
294 586 17029
183 395 21541
569 657 30017
401 494 24413
168 465 34482
278 476 66129
177 637 21190
150 335 84095
184 517 37590
36 475 28601
4 186 52393
206 528 54589
285 457 31623
514 605 70257
91 504 23324
366 580 51662
53 103 25456
129 534 37802
600 640 58189
65 67 27659
18 337 68942
307 404 16553
60 591 24352
400 443 52612
374 502 13000
82 316 65620
40 446 42107
642 643 39446
157 320 64560
102 542 49193
351 484 23601
199 293 35511
171 546 42544
95 289 16000
155 293 29732
348 475 33121
139 305 37443
326 341 13928
378 559 24083
543 617 21095
100 450 34655
183 248 39661
22 257 46690
57 335 43324
178 533 11705
227 633 23022
211 543 69354
170 445 11402
19 624 11314
406 583 23431
232 623 21401
362 472 22825
289 628 22472
283 411 12042
340 549 35228
215 453 24021
5 552 23259
267 507 14036
156 243 45804
64 190 27659
134 539 29155
31 606 39319
252 487 43105
43 109 26401
464 541 24759
77 196 44777
214 398 19235
395 642 50606
175 653 56859
563 655 57871
61 390 27514
47 324 39408
403 431 15000
547 615 35440
234 489 16125
138 154 58523
543 612 26926
80 152 37947
379 529 49031
73 164 13000
609 664 46861
130 611 55973
117 663 41195
60 522 55145
370 390 13000
46 609 46239
50 511 51039
536 642 54231
200 495 39459
137 226 29732
74 144 47202
143 544 55462
69 161 41231
22 301 32558
320 460 34540
337 519 31064
310 479 46755
185 490 45793
352 367 14318
298 469 44654
32 217 34366
23 56 62129
148 473 39115
258 506 24207
120 417 30083
245 350 25807
275 349 29155
162 321 50249
304 368 34655
71 602 22825
70 387 40497
234 628 42638
202 627 29732
52 535 10296
226 613 14866
252 567 31780
329 597 41437
146 492 43966
54 440 16553
443 660 54037
240 632 26077
30 414 59666
209 474 63820
410 518 47424
77 260 15652
461 465 25962
328 393 18439
71 449 27785
157 266 36056
104 514 33541
35 46 29547
310 573 11180
67 125 43932
400 424 29120
140 194 30529
315 434 25554
105 261 22561
173 562 34205
468 590 28460
62 212 20248
138 320 49477
49 191 51400
169 332 21401
6 350 20616
465 593 46957
369 391 38328
228 471 65795
486 533 15297
614 648 63032
388 579 15620
235 384 54918
41 575 42521
234 581 40000
110 362 49041
388 645 14765
353 565 56080
79 429 21095
513 588 63953
158 291 41725
135 216 20125
29 552 40262
6 360 32016
98 218 27803
20 104 12000
516 571 78409
447 606 23537
137 450 11180
276 593 26019
49 108 35228
22 666 92228
386 432 25239
456 592 19799
12 318 23345
222 443 56321
41 285 67268
239 550 36249
323 530 40497
373 531 20000
91 587 40361
416 527 31000
155 251 61620
224 453 33838
113 329 14000
9 108 20616
267 435 50040
40 537 31016
122 456 18028
279 612 29155
26 209 71007
23 90 17804
215 611 25495
29 97 50990
420 564 49739
184 545 57428
118 318 46325
433 487 46325
117 136 29275
568 601 38288
245 385 42720
247 510 30232
2 352 26019
98 422 66242
26 381 64031
219 624 46271
293 530 53600
128 216 22136
1 331 40200
466 651 22561
80 667 17088
135 525 18358
79 110 26420
63 172 25318
187 514 38210
220 591 42802
78 229 63032
195 515 40719
188 432 27295
147 418 19235
421 646 24187
19 351 11180
207 627 11180
274 657 31064
119 510 37014
294 523 42059
112 627 44204
53 55 35128
308 405 39051
103 191 31765
258 614 59682
64 66 40012
169 321 70661
311 518 19235
58 404 39962
357 408 16155
392 600 26000
207 462 35735
58 138 36674
207 433 30414
104 187 11180
310 577 54203
277 636 46615
130 249 64008
327 599 31623
301 545 41110
124 205 37643
557 643 37121
48 562 30364
466 594 36222
332 598 38328
216 457 48549
21 399 27203
192 238 57697
120 154 42802
221 410 55362
354 538 29833
106 147 53141
449 470 20000
206 349 25298
176 524 138708
256 440 26173
389 431 27166
15 325 13928
230 378 47508
528 540 26249
242 423 30806
384 653 59034
265 583 73682
377 408 47802
121 318 18601
452 601 46861
83 404 34366
178 490 78746
256 405 23537
375 611 24021
210 280 34655
355 499 44011
90 542 28160
481 532 60926
270 354 26173
334 508 28018
538 667 39217
425 593 68250
232 608 31780
254 499 30871
53 172 46065
244 470 12530
312 503 40817
513 595 183807
286 660 10198
432 436 38601
66 399 12166
158 623 52154
171 250 66310
188 459 27074
76 596 12042
86 575 21095
9 496 20616
57 145 24597
381 639 57009
27 576 21213
127 338 38079
121 646 52773
401 589 34059
481 507 45000
114 419 27586
129 241 26077
18 303 49204
444 577 27659
206 275 51088
163 286 42953
33 626 47381
30 132 10440
7 452 17692
335 562 58694
192 326 35171
309 646 56586
532 626 60877
6 642 62000
72 521 25710
488 592 25632
411 658 60877
401 528 59169
67 502 59481
37 293 34928
408 458 32985
319 647 46325
604 622 18385
212 497 34000
330 586 46011
145 222 28071
364 630 25612
255 618 42059
180 444 33106
167 593 68447
308 556 47927
11 203 11705
127 515 60033
14 562 36497
251 574 49820
291 531 18028
115 425 27459
246 654 29017
281 287 24698
247 437 32249
61 296 57489
467 484 12166
116 611 26683
94 148 29206
39 218 34482
373 639 24042
363 572 32696
288 653 35355
142 318 37483
293 323 21095
193 290 55145
134 259 33242
291 339 30083
189 313 56754
93 175 40817
165 469 58856
315 626 12166
45 597 69376
165 331 72567
49 294 45044
462 561 65521
131 241 22091
213 430 71847
33 651 55154
183 553 29732
68 559 30150
44 59 61131
100 570 25239
132 137 39560
268 328 33242
236 508 59775
146 345 43139
278 386 30414
84 601 32696
536 655 19235
241 665 22672
19 288 21095
47 298 31385
83 307 33601
505 520 53488
439 462 64140
459 658 35128
34 115 26077
187 630 35057
15 191 21471
161 605 39051
271 412 31113
295 619 83522
163 586 28443
438 567 46239
255 492 40497
85 98 33121
371 383 49092
208 385 64008
152 211 67007
413 662 22136
42 243 45188
396 610 20616
130 403 29069
135 629 27313
441 649 20224
28 45 48010
407 618 18439
11 454 31780
620 646 45398
312 497 45453
43 551 56569
82 144 29411
297 306 10198
491 671 24739
67 656 19000
217 292 18385
122 592 24021
139 666 34540
155 327 39623
155 599 17029
206 589 49649
338 515 55803
251 327 39051
525 629 31385
173 513 54406
95 404 27074
111 455 33287
248 553 32388
124 483 52612
319 595 54708
604 669 131605
2 383 59666
416 668 45277
196 209 45891
170 576 50567
274 509 30414
114 313 21213
552 571 81394
64 462 94414
153 538 12083
3 142 25060
516 524 29155
269 595 76694
47 262 47127
174 419 38053
198 575 28601
204 572 51108
59 359 10440
87 109 58873
76 300 16553
5 29 26907
275 392 131244
134 154 48374
410 641 42755
149 182 10050
78 636 33136
156 465 46325
18 494 52202
314 328 52839
439 487 48270
101 503 47170
206 342 10050
480 669 65552
292 640 40162
533 622 27659
149 514 76158
211 303 52498
128 336 32650
81 442 34540
47 186 33136
473 612 16125
44 524 68264
319 544 32558
146 237 26401
10 461 25942
361 387 21213
301 666 69584
89 102 40249
339 542 46141
41 467 65008
448 584 37162
366 609 10050
382 394 42521
506 545 21378
17 413 24739
88 526 47854
51 568 20616
541 649 35468
149 170 22804
382 488 53339
116 347 31623
249 389 36125
423 636 25710
400 491 22847
280 402 44598
341 354 44385
31 531 53600
8 138 16279
574 630 52498
198 384 46390
188 340 22023
180 185 34015
296 632 62169
369 613 23022
145 233 28178
268 368 78186
45 637 54120
89 377 33302
16 250 55731
427 584 20616
563 596 113851
314 504 59414
290 582 61033
303 500 72111
558 642 55326
565 591 55009
194 410 44777
477 634 28460
267 476 20591
34 471 20000
210 604 28071
374 401 65215
571 632 35341
312 407 24187
159 606 21932
164 374 57801
147 230 55543
477 573 37054
256 417 34132
519 618 65620
166 311 17804
21 66 20591
103 282 17263
156 346 35511
4 391 10198
37 112 47170
412 554 49396
11 20 38013
204 449 19698
604 631 125000
281 555 20025
42 141 22000
368 498 37014
382 519 22672
317 361 40311
215 602 18868
1 567 53141
57 579 47297
350 385 35511
241 287 41231
106 426 19416
69 364 44922
37 565 75180
200 418 32016
263 493 32450
81 469 55082
294 330 35847
478 545 66189
135 290 30150
174 227 39205
93 235 28425
59 524 118697
236 506 31575
51 601 37483
77 263 17205
75 468 26173
33 532 47043
101 132 16279
457 624 55866
50 670 25495
35 585 16125
344 477 34828
438 615 48662
252 439 28636
24 265 75286
125 625 41231
7 421 25080
28 177 31385
101 450 39459
125 374 44688
339 668 37855
31 416 24083
2 136 35735
9 279 50160
620 633 14866
440 603 46098
39 94 42154
334 384 21024
94 413 24515
75 451 46098
56 650 18439
503 587 29017
58 289 24698
106 115 21932
120 404 26926
141 670 25495
355 644 33061
268 393 44283
168 670 75928
208 446 48374
292 635 49396
239 396 23854
123 179 38471
276 465 25612
172 493 59237
81 165 60811
99 277 32757
54 417 40792
430 469 79398
184 235 55317
16 468 28160
230 426 12000
127 361 47424
225 535 27893
222 660 14000
443 647 29614
242 509 48847
63 608 33941
377 458 21840
316 331 20000
50 236 54342
179 266 53075
547 654 30463
616 663 30463
223 540 23431
181 375 17000
194 480 30265
65 656 29967
214 279 61294
435 507 53451
70 548 28018
1 547 20248
8 320 37000
172 254 34886
280 634 35171
38 196 41400
26 159 31016
71 302 26173
23 102 45188
422 671 26173
4 262 11402
345 358 31064
398 496 22361
15 538 48374
564 669 38013
324 414 20248
224 257 71568
130 453 61400
225 295 40853
192 372 48104
307 353 31048
277 474 30083
39 625 43324
133 357 23537
38 441 28018
35 284 30887
448 528 39459
297 460 26306
92 469 71589
343 641 19235
410 480 24597
224 244 42190
228 428 26683
166 518 20224
56 97 57000
153 667 31623
500 521 80006
333 524 158455
394 456 40817
161 556 30806
74 322 41593
123 526 33242
436 464
408 158
535 653
629 575
510 164
204 751
468 740
101 338
755 347
529 877
105 728
558 728
925 463
805 203
705 388
342 381
784 424
773 589
271 675
104 690
431 562
376 940
592 223
728 226
658 228
475 321
5 545
993 474
530 182
629 697
494 255
868 779
687 908
633 859
275 246
341 258
221 540
494 434
871 397
136 749
373 695
432 749
512 637
614 74
994 426
263 273
575 596
770 158
736 338
390 795
382 704
134 571
649 402
55 467
652 367
540 189
798 222
105 382
673 58
207 411
389 24
734 585
612 356
373 571
903 439
413 572
876 445
694 864
84 604
133 283
432 915
820 449
911 565
481 576
357 390
102 774
558 423
377 342
253 468
742 439
468 532
415 557
121 450
406 728
889 354
366 725
433 605
155 233
615 278
581 237
723 731
586 517
260 768
832 413
128 389
856 756
540 132
860 370
441 280
686 634
655 697
633 242
667 384
104 678
290 432
646 817
506 616
771 334
488 626
240 445
173 679
261 515
886 416
502 644
631 833
486 908
423 153
580 687
425 254
103 430
530 727
855 738
96 211
966 495
847 478
242 395
206 327
282 594
713 119
497 956
669 103
639 694
689 323
27 380
252 619
419 124
650 656
89 349
253 912
166 259
432 771
547 675
848 302
443 548
787 244
711 673
664 867
809 395
33 606
721 132
674 429
730 475
710 441
69 404
207 554
510 795
39 319
568 298
504 310
441 247
74 564
619 156
763 271
916 553
511 489
240 232
603 832
489 807
561 50
47 588
313 329
608 381
826 146
444 661
239 733
694 52
966 458
311 75
90 249
393 104
453 875
23 605
240 858
318 828
362 90
578 563
109 668
776 728
426 627
346 577
695 369
694 520
245 704
182 233
163 292
519 401
186 707
322 710
235 539
699 885
937 695
286 516
101 739
390 937
937 471
921 585
294 477
181 815
474 392
262 92
783 516
745 568
632 446
805 368
437 925
261 601
902 784
838 387
309 662
158 385
216 139
815 246
911 613
455 977
150 549
630 634
475 685
590 931
379 405
677 813
779 311
559 367
762 231
134 332
282 786
378 848
722 649
669 572
686 571
411 112
691 105
367 308
473 768
419 955
197 711
482 412
441 266
273 880
561 955
287 390
166 600
389 427
290 529
624 350
791 672
66 477
384 986
391 864
51 357
565 437
285 454
620 582
568 409
873 667
680 168
51 285
812 858
621 802
932 321
650 458
567 965
654 101
399 186
364 284
954 546
515 860
448 312
771 806
751 397
238 117
658 154
670 401
697 801
302 231
328 645
805 262
681 145
260 693
128 373
249 649
538 269
889 771
229 574
734 293
165 511
445 37
114 265
546 584
649 788
117 767
354 916
451 897
743 550
573 750
222 891
112 255
141 423
80 538
519 775
328 156
229 218
716 637
481 641
676 744
681 957
424 492
202 247
541 712
920 302
101 301
593 113
522 583
231 595
598 628
718 383
660 511
168 561
630 770
886 402
701 307
440 504
544 63
714 50
337 775
757 208
297 565
836 617
191 362
549 241
777 706
665 498
922 575
251 201
303 126
742 703
545 801
512 890
393 225
929 561
212 732
282 677
409 184
133 453
676 455
596 306
699 625
684 300
711 705
670 68
236 752
186 284
271 407
394 880
127 617
775 885
281 326
415 197
548 774
629 610
403 38
377 213
729 487
537 307
881 507
461 890
640 175
640 256
708 849
681 508
314 135
515 371
834 660
350 172
328 756
182 751
766 776
171 269
834 199
534 979
415 33
639 573
946 677
616 758
866 688
248 838
706 584
613 217
796 351
415 584
817 270
843 560
253 159
495 985
126 416
71 500
721 253
740 640
669 294
635 344
200 192
705 810
545 987
808 418
615 639
890 808
510 237
95 459
667 886
482 663
107 216
466 715
828 312
385 333
825 298
608 848
665 813
929 678
564 937
274 470
573 487
507 976
780 755
321 463
659 970
810 808
817 744
473 270
435 371
383 455
40 474
522 435
436 519
869 262
379 134
44 599
139 791
466 289
879 650
408 929
661 658
367 345
455 728
436 949
74 735
201 697
845 723
302 627
661 262
749 730
88 269
506 865
328 488
643 204
569 450
499 840
614 934
308 694
339 409
521 547
408 949
617 871
260 387
776 416
437 340
364 241
794 868
281 153
292 905
293 187
178 203
790 886
622 207
914 487
296 696
716 588
297 86
346 424
840 713
118 330
386 51
808 291
753 686
586 436
823 574
738 891
774 355
745 602
547 737
637 322
815 554
926 374
893 502
695 672
735 751
341 637
372 879
826 859
360 791
386 263
424 291
419 753
713 604
794 102
71 672
146 329
527 35
336 795
220 235
819 643
391 618
814 474
211 466
714 330
556 38
243 635
108 242
479 237
873 611
691 460
197 617
537 287
734 910
300 71
690 89
143 576
225 863
135 718
699 436
16 407
893 628
552 432
589 264
776 447
898 326
351 875
350 350
453 453
134 311
812 702
671 604
552 597
520 143
268 848
587 961
638 153
99 582
147 844
259 819
724 867
781 769
310 551
799 167
161 862
132 173
185 474
360 274
418 414
390 723
323 327
665 620
465 83
364 893
318 151
157 649
345 727
26 542
361 113
780 113
844 211
243 291
158 364
188 651
703 238
913 665
277 230
735 276
696 701
737 73
877 562
366 400
184 419
831 737
541 861
618 970
903 250
90 773
927 408
539 101
194 543
946 703
419 698
421 935
10 509
260 64
65 602
489 294
52 538
588 380
280 316
701 564
460 914
762 424
616 629
450 855
443 419
452 129
797 445
754 652
85 487
484 691
401 114
273 77
572 350
263 667
857 438
693 955
296 488
107 365
227 608
107 633
377 20
433 98
498 686
272 126
915 729
410 339
946 451
917 692
514 314
927 758
242 184
204 813
184 847
594 273
841 186
478 736
875 291
408 808
525 455
526 201
636 929
756 861
291 710
481 441
216 880
876 426
338 301
746 765
342 615
815 260
218 343
829 425
464 157
250 280
676 88
285 925
736 423
541 204
154 142
415 790
802 315
