951 2033 15 192
672 912 38328
25 612 71701
285 340 50931
551 557 48795
676 753 23195
437 865 40817
592 638 39812
104 763 21000
665 692 36401
228 234 60374
190 657 17088
301 385 30806
561 840 33971
154 440 20125
254 584 39812
441 782 23022
355 598 49031
240 804 82801
644 666 21932
571 844 25239
47 499 19416
139 326 40249
479 841 32757
117 240 40311
532 939 22361
232 607 15811
85 220 19723
284 661 21024
271 507 20248
150 380 40262
367 774 19235
570 586 31145
206 289 55027
183 877 34132
99 223 39395
292 639 21541
433 554 27019
174 275 33956
62 336 59135
234 590 41785
100 221 61000
19 409 37108
705 900 46840
50 514 21541
193 845 19647
525 640 31828
392 919 37443
299 670 40025
849 854 15297
567 722 23022
27 673 28636
447 676 20000
231 620 28636
108 291 41231
232 249 28071
5 470 31064
334 870 41485
811 935 21541
225 871 20000
102 655 24000
303 913 31016
79 910 30067
150 722 39217
150 301 36014
541 774 22361
313 810 41049
443 743 46690
336 681 21471
453 894 37696
18 909 36401
688 804 11180
653 926 37656
778 784 43417
23 852 69203
65 480 23770
354 393 37656
423 912 44688
19 720 28792
341 518 22204
103 644 35511
348 611 34482
35 852 82225
745 885 19925
459 722 28160
734 743 31401
218 557 40000
225 484 20809
334 578 33541
11 701 37216
203 871 28160
399 713 24597
384 913 32140
768 823 45122
496 573 13000
142 483 23770
224 538 40853
155 323 10817
514 559 54424
303 413 32757
193 802 25495
659 833 24698
179 380 40000
169 697 30150
273 718 50249
30 843 36235
153 346 20025
630 779 13038
615 740 24166
439 723 48836
105 615 13454
314 381 37947
685 721 10440
147 166 27459
737 901 11314
618 631 34886
437 513 18385
63 892 31064
722 848 18028
373 696 21213
248 836 21541
180 785 20616
295 523 31257
205 490 49041
98 857 15620
55 193 23259
35 843 32016
231 619 29698
789 899 21471
746 947 24000
521 793 20591
74 368 51088
175 432 25318
450 487 25612
122 580 22804
91 362 13153
5 770 49649
168 480 38275
814 869 40460
421 903 30265
642 825 12083
193 452 27203
96 327 19925
80 322 32016
544 591 17889
83 89 32016
514 788 31765
157 619 37216
347 585 51624
116 563 54148
152 950 70605
769 846 20616
338 867 18248
27 374 27893
162 678 12042
285 691 29682
655 913 19209
48 567 29000
66 410 58549
308 902 30414
112 736 11662
109 692 48795
42 790 40804
55 207 18385
14 571 55444
119 691 31145
22 693 29428
75 228 35384
863 930 45277
287 928 27295
673 941 34132
343 495 77414
525 674 10050
133 885 86579
265 767 13601
341 629 28160
231 529 18868
303 493 40249
237 707 35355
776 875 41485
305 460 29614
700 767 32016
611 739 30017
718 765 39408
176 263 19925
7 155 31048
536 598 46573
475 555 17029
3 34 34000
578 858 37121
652 691 26019
381 794 18868
63 710 13601
149 666 37483
765 799 30083
704 721 37443
46 718 52326
781 807 77698
8 764 12042
299 388 67082
248 440 30463
572 879 39661
74 539 55145
426 788 28071
539 656 21213
254 412 24352
334 454 63561
120 317 31321
59 81 29411
4 194 39661
321 940 27731
198 444 13000
50 297 28460
592 719 27019
245 880 36125
64 920 12083
174 586 22361
216 894 22825
341 600 28443
730 817 30414
161 608 64140
108 571 104293
460 816 49578
604 776 49769
111 222 26401
267 861 36674
104 255 51039
181 842 28425
502 599 14422
134 731 29155
243 325 25020
343 596 40025
208 619 50120
101 491 57706
355 536 50210
102 880 11045
181 834 35384
235 694 66483
32 863 32650
694 748 26173
528 680 51788
141 862 23770
512 776 39408
77 175 41110
164 315 33121
408 503 14318
496 563 34928
20 783 23601
338 674 37696
217 511 60828
236 240 29069
394 411 28425
427 735 33015
350 608 33106
114 851 40460
533 824 16763
178 424 11314
20 238 29069
90 146 43966
335 592 31305
193 241 26926
534 917 54083
170 480 34015
456 663 31906
336 794 23409
495 874 49041
603 807 87132
253 799 44418
143 704 49649
260 636 43267
268 690 19235
834 882 12083
654 944 52000
810 924 19313
451 939 18439
172 468 13038
767 852 43417
397 712 35341
156 237 18439
673 797 46098
549 887 43841
391 860 38053
266 416 29155
257 857 52326
86 623 44944
95 872 25318
342 358 41110
556 903 32202
531 673 38053
326 595 38328
32 93 19799
330 478 70214
145 611 36497
301 459 37202
404 663 22627
79 764 54231
251 418 35805
552 723 35114
277 599 10198
724 850 62650
59 436 24352
565 614 33242
9 760 18358
502 609 18682
198 311 43841
69 189 43463
277 761 22472
418 465 48847
264 380 45343
721 919 27203
325 805 27586
477 699 19723
51 858 42379
250 791 14318
218 887 37483
328 951 13416
242 712 16492
346 635 25239
240 320 44147
31 412 22627
227 614 31113
391 684 31623
158 526 32894
431 766 35847
476 810 32249
193 934 22136
309 369 13892
552 714 20000
74 909 36249
336 629 44598
750 813 21190
500 610 18385
276 876 31953
275 302 39319
14 349 12042
244 311 29732
662 756 10440
683 846 30067
61 811 33541
130 868 13038
100 261 42802
344 430 27295
275 586 25942
210 735 22023
689 698 12806
474 488 21024
360 864 42544
535 870 18439
101 130 19026
334 535 46228
144 667 13000
343 693 32202
41 838 35228
459 771 30414
94 782 35468
253 449 28844
42 509 106283
99 591 50478
695 720 38079
644 815 10630
74 189 51264
360 595 31828
112 670 46043
212 706 24413
366 602 11402
137 230 35609
457 602 112112
13 255 94032
831 879 28792
11 202 48042
239 908 39560
88 185 21213
108 311 16031
62 113 23770
257 911 11662
221 373 30067
866 944 21954
361 378 58694
242 577 25318
719 841 31385
279 810 26077
510 599 39013
130 680 19235
184 234 53600
9 795 21213
50 245 35171
783 787 46819
503 856 37014
186 860 22023
607 777 45880
539 785 41437
175 495 19313
834 936 35171
152 864 65000
484 863 42755
456 747 118512
520 859 44294
254 374 46872
41 850 23087
372 793 22804
461 765 23770
196 309 19799
142 830 27785
352 913 13038
356 722 43012
15 449 39661
222 700 10770
165 740 28636
60 152 14142
461 835 12166
247 825 38013
489 603 11705
176 282 25612
335 759 15297
138 383 41304
124 499 35384
134 800 12369
100 726 35847
216 453 29155
37 235 57801
509 689 43000
87 817 58600
53 262 47170
529 878 30000
74 316 53824
311 625 36688
212 817 21095
15 253 57315
241 452 19209
66 642 18974
156 868 45310
605 822 18385
133 158 20518
659 814 27893
72 137 19416
295 465 14036
547 664 14142
204 558 22804
545 799 32573
606 660 33242
584 881 49092
246 613 21378
389 501 31016
191 741 39459
576 817 23537
58 369 33971
300 380 29120
788 880 24187
11 703 18601
497 865 18682
283 637 41725
62 629 47011
341 756 17493
112 562 26420
437 697 25060
416 742 47634
337 896 29155
479 480 15232
478 933 32558
45 155 24021
234 646 53907
206 447 62169
718 799 43290
339 753 39812
217 551 31575
20 698 33106
334 858 58592
609 775 33015
371 736 26249
531 836 32202
317 530 14866
716 765 23022
405 531 28844
413 493 45222
316 539 29155
5 675 12369
462 524 13153
332 828 23087
216 540 37855
31 822 25080
503 725 44204
493 749 74632
293 882 16279
361 636 54120
763 902 36401
650 704 18439
153 749 13342
59 259 19235
695 849 48104
74 318 36359
407 763 28302
353 797 33615
388 570 72780
819 912 37054
203 213 21541
82 393 23022
54 801 41195
197 749 18974
31 254 10630
1 640 21840
382 720 105076
148 167 39051
76 213 13416
233 839 40000
243 340 26249
66 825 29017
179 300 16492
35 111 47854
597 877 18439
625 732 13928
402 924 43681
103 184 50000
289 447 31321
626 936 29530
390 698 126625
93 683 22361
651 914 21190
144 306 31257
309 594 31016
387 691 20000
188 637 36346
278 937 38275
449 564 21541
135 327 33242
641 683 14036
324 339 24021
457 790 42379
188 701 60415
131 806 26019
165 575 37216
60 326 32757
84 943 14036
32 200 52154
217 525 41485
725 763 10630
469 714 25179
584 686 58258
310 460 23022
501 897 19235
20 787 30150
143 723 21190
332 859 34540
202 792 18788
391 492 35000
535 706 20616
29 475 18111
194 945 47413
199 813 41110
202 703 34205
91 530 23431
627 785 16401
309 816 34540
305 533 39357
308 887 16492
402 542 22023
83 396 23000
57 834 32280
476 669 56754
177 212 44688
453 519 39560
255 897 15524
454 535 30676
497 513 30480
395 554 22136
137 288 12806
653 826 19209
79 733 33242
48 709 28844
118 182 59405
423 531 22847
417 538 52773
195 733 27785
349 732 11000
776 793 26000
420 579 27803
430 861 17000
445 555 36674
149 612 21378
223 621 25962
450 819 33377
46 90 35903
229 422 47381
364 928 33615
356 771 41012
206 324 41629
498 714 26000
212 730 16492
560 591 17692
305 824 30067
118 228 27785
799 933 23770
856 888 43417
279 873 12207
197 905 25807
257 792 42521
178 898 39598
859 896 39850
189 368 21213
11 205 70456
353 673 26926
454 706 35805
14 573 22023
192 630 37014
715 855 32311
26 780 58009
196 816 32450
739 818 33941
280 425 22472
270 411 19416
179 220 27459
123 503 43012
42 361 46872
74 906 28425
359 832 51000
208 620 37121
46 247 20809
717 942 40497
307 446 51313
236 890 11314
298 766 14318
191 783 74653
327 421 21471
119 462 30017
276 630 25000
172 295 21213
378 850 23087
83 322 33242
183 415 26907
39 540 16155
354 544 11402
61 454 49769
637 701 35511
140 577 43966
29 464 46487
685 704 31890
104 725 14765
15 50 32650
310 335 15133
788 921 34655
419 532 22627
21 689 42485
94 332 29547
201 680 25495
647 738 18358
68 561 12207
456 926 23345
10 460 43267
654 866 45188
281 904 22361
186 345 40162
333 377 28425
239 746 25554
880 921 28000
62 180 44721
635 905 22361
69 702 49193
52 917 25495
883 940 37202
346 922 20224
428 603 20591
412 553 41869
508 631 39661
60 546 26926
727 916 18788
652 770 37336
52 711 47802
313 624 10770
165 262 37443
25 843 22472
157 501 22023
384 921 12728
159 592 42579
84 413 21954
250 659 45618
538 869 36770
423 836 28443
30 35 57079
385 877 44045
87 870 54129
48 256 54589
220 300 14213
73 793 17117
666 815 27019
483 524 34438
378 724 62514
220 709 21587
513 761 27893
340 805 14560
331 679 30364
15 564 32696
95 742 43278
647 862 14318
346 413 14142
197 438 33838
263 736 27019
574 672 21840
555 632 36688
404 493 23022
485 715 38419
908 947 43267
225 930 15133
168 466 37162
544 679 38471
503 942 25495
539 806 22136
291 699 26000
260 790 12369
24 226 18248
249 510 25807
160 662 25632
252 679 23345
183 597 25000
298 821 36401
345 529 21378
589 888 81345
467 745 14213
202 490 74330
355 903 24207
581 817 50990
211 254 25080
422 482 20518
204 677 28425
537 666 15000
582 741 24187
36 274 18385
415 597 21190
634 869 37643
587 733 18682
568 929 35511
575 837 20591
76 203 26306
289 844 33422
328 508 17804
281 496 30480
680 769 27459
409 442 43658
5 418 28425
780 932 17889
864 950 25612
205 864 46669
807 825 34234
339 439 15524
161 537 58464
287 878 20518
140 838 35693
680 868 10198
906 909 11402
240 576 31828
617 937 52154
68 675 30017
232 510 18385
266 744 42012
687 780 20224
294 577 18358
23 226 25495
40 181 29069
77 821 30083
487 912 53488
711 785 48765
213 682 30610
479 719 29732
287 364 17464
40 842 21190
114 520 15297
796 829 29682
146 789 43382
643 858 60440
209 258 53852
357 628 14866
609 865 27313
546 601 33971
40 729 26926
376 884 37736
7 858 44283
372 521 24000
616 918 19925
486 726 25495
37 43 49649
187 796 13416
204 666 36401
160 648 22804
681 785 27659
617 749 13454
143 411 41049
752 900 16125
154 605 41629
252 853 17464
73 604 20248
268 533 39408
475 534 25179
485 855 12000
69 128 23195
100 139 21095
413 943 13000
292 712 35355
26 721 44418
585 832 45651
600 659 41231
184 677 62008
772 931 55082
396 915 32894
438 937 34438
217 230 67179
437 900 43186
87 240 83433
175 874 58241
344 712 34438
116 324 44553
494 918 40112
305 396 22361
154 164 13038
36 776 36770
370 596 11662
629 756 22472
67 276 26627
810 873 28302
705 904 50090
301 418 42720
164 254 48052
457 639 57271
163 296 32249
76 395 43139
128 925 27459
260 457 43046
18 348 25020
54 863 12042
147 393 35847
432 821 13038
406 690 18028
518 794 20125
365 717 22472
136 947 27019
728 787 52612
583 706 17692
315 836 25807
297 788 21095
678 752 17464
512 521 25080
118 700 42544
284 400 37336
119 820 30000
771 848 37000
121 869 27295
208 586 11180
796 929 13601
105 740 22472
664 665 24352
538 791 38949
244 625 30232
648 662 22204
107 266 38949
309 802 39319
794 833 13601
490 864 34886
550 907 24839
141 647 18385
409 926 71028
689 949 40200
16 897 44553
292 457 41183
751 945 26926
81 876 25942
167 226 25710
210 349 31623
49 506 23345
470 820 20025
192 827 19209
551 674 55218
382 896 159706
72 312 27313
91 542 17088
324 731 23195
31 553 45880
596 745 26019
82 946 17464
446 606 28443
130 491 39294
275 649 31953
61 364 25495
321 883 34366
418 879 43566
616 903 20224
95 100 65788
246 270 26926
142 876 49163
65 168 23022
423 574 13153
5 840 35114
169 316 25495
240 651 53009
88 216 22023
797 883 43012
211 605 16155
425 569 53141
336 715 42438
279 542 28844
14 210 31064
80 83 11045
575 623 68819
515 918 36235
55 934 17804
624 818 37656
319 499 31064
329 764 54083
661 699 38079
490 895 38949
210 625 32388
48 121 55731
318 917 14036
135 355 31145
431 782 30150
173 614 26249
366 491 60299
529 935 23259
84 488 32202
125 839 34482
230 488 48662
363 429 48166
143 290 40162
601 803 41231
638 832 48415
197 937 44643
358 403 24597
359 759 17088
649 658 13038
584 797 40853
147 188 38053
239 920 53600
56 919 29530
568 623 56036
362 542 19313
9 900 34205
164 440 17464
585 638 18868
643 870 46872
18 51 14000
163 256 27019
426 559 36346
194 382 58523
261 373 35341
772 843 39459
162 925 15811
709 869 43417
85 709 15524
566 854 15620
682 871 33941
510 607 25060
160 777 32000
600 648 15133
223 852 14866
438 511 51400
151 273 18385
44 606 44045
390 509 162607
190 628 21587
180 806 39850
67 462 17000
589 617 42048
438 905 13153
16 389 28792
41 378 21213
427 444 22472
348 858 46325
133 541 44385
119 387 17493
669 822 52811
884 941 45695
290 685 31953
117 548 35114
492 684 11180
314 715 21932
528 687 17263
353 374 16643
166 527 23409
236 320 26833
151 472 23601
727 876 35355
77 448 13892
126 695 16125
29 172 23770
81 808 50636
369 802 32757
390 668 41231
109 782 57871
330 695 52631
27 315 16401
218 338 53712
365 610 12806
214 356 21541
153 493 66483
118 646 16031
112 658 45177
651 804 50695
38 581 37336
380 385 53600
286 557 19235
401 851 39051
451 837 29017
747 926 96177
239 947 13153
4 604 13454
15 940 30806
185 938 10050
144 800 20616
343 550 27659
243 830 13000
126 409 49092
399 799 23022
323 702 25020
746 944 49396
537 644 11402
263 669 30000
157 383 44102
431 757 31780
394 403 21932
142 923 33061
267 397 33941
376 405 41340
595 895 27586
345 383 16279
259 808 55902
464 779 31575
467 541 40112
317 822 30463
367 541 13928
280 540 12083
792 927 38013
348 909 50210
390 608 55902
618 830 26926
1 511 29069
225 267 41617
333 348 34482
224 742 16643
73 776 37483
336 381 32985
375 883 41617
407 902 29732
878 935 13454
199 463 27459
197 617 18358
664 766 41231
320 890 25612
145 377 25456
668 812 21587
392 469 43186
313 476 47634
2 592 29069
32 484 26420
307 567 18111
160 215 30529
122 187 21471
205 728 29530
587 654 18028
40 158 24698
372 713 33242
489 789 47170
457 481 45188
356 446 34828
49 536 18974
466 660 17000
331 393 43566
559 762 56719
267 863 52924
296 307 27803
139 744 48083
83 560 29698
467 809 24597
347 420 13342
465 831 35735
266 601 34713
363 816 54406
505 556 48466
94 781 39812
388 887 14318
187 568 16492
156 201 36674
245 288 26571
303 943 23324
517 750 50249
486 792 36125
591 773 41485
481 712 26077
81 727 29206
603 781 68768
645 665 43932
152 546 36125
454 583 41773
181 774 33287
33 60 28844
570 658 34928
342 753 28018
522 707 22627
4 751 59414
331 690 35014
590 946 17117
280 569 57315
487 819 24698
709 814 30232
19 126 18682
186 383 45453
49 693 25632
180 681 26077
501 619 36249
185 894 17263
285 923 33242
77 495 58898
146 461 12166
7 643 40249
320 651 14866
449 478 23409
824 915 14213
623 768 82298
813 898 27893
204 228 34015
580 750 53226
507 718 39319
170 479 25000
497 761 13601
543 553 16125
334 643 46755
78 482 31401
342 439 39962
177 581 21260
830 923 18358
2 159 45651
667 723 39013
142 171 49244
421 748 34438
106 166 32202
231 383 14560
173 331 33601
409 559 81025
34 758 38897
471 737 12806
35 265 67268
588 881 19723
34 110 34670
326 546 19698
102 886 12806
39 280 26249
37 671 13038
70 473 19235
427 920 33061
173 565 14422
556 616 19235
43 109 35609
13 860 46840
589 663 125925
171 328 21471
413 635 23000
548 764 61074
135 907 25080
727 808 37483
671 823 20125
329 548 23259
94 603 36139
613 687 41785
157 231 41485
63 252 24042
131 513 34785
328 631 42190
351 524 25000
828 859 17493
286 670 42379
45 69 29155
287 492 26476
631 819 36688
499 857 28636
4 891 31623
344 639 32249
178 802 37121
399 545 25942
11 227 39319
140 636 22472
389 897 39446
350 569 37483
177 364 32280
21 850 57559
358 394 33615
331 544 53235
65 466 33956
414 672 20000
288 474 16553
604 899 33106
293 526 34785
208 570 32202
200 203 21024
776 849 34015
15 376 29547
269 713 39962
817 870 46390
687 889 41231
485 627 21633
459 848 17205
161 666 72422
891 945 39051
452 773 34540
12 517 51865
522 778 43278
86 517 47297
627 681 34928
185 191 29682
546 803 43658
182 946 45398
258 334 61847
505 536 32016
379 914 26401
10 58 17029
305 915 22847
911 927 18788
12 178 33015
657 764 97129
269 789 47011
423 901 56613
272 403 86093
1 500 28601
66 146 47854
673 836 30610
72 230 39459
101 680 33287
908 925 32696
247 743 36770
124 319 22561
298 757 38053
701 728 37054
876 916 29547
296 504 16553
38 117 27893
421 516 46648
435 460 19235
191 938 22672
436 508 24759
669 810 54083
442 559 78772
279 530 19209
511 847 18385
205 701 56365
284 654 32062
492 928 23022
445 818 27203
57 839 21378
721 780 57706
269 461 13416
493 663 16553
253 271 42579
88 191 40012
246 528 68942
34 588 42720
340 923 28160
278 617 50448
302 811 45618
85 380 33601
3 110 17029
485 711 46530
428 489 25239
429 832 26833
530 873 19647
238 950 13342
317 605 21587
6 398 34482
430 707 29614
69 925 41037
103 677 19105
62 607 26571
359 460 21471
438 635 31828
68 771 16971
414 912 33422
176 543 18439
23 167 11000
481 577 34713
557 588 44283
389 619 35777
446 504 52345
292 344 41183
640 867 15033
396 710 34205
336 341 41110
221 634 26173
382 751 28844
146 410 32650
49 809 29155
602 639 58523
136 688 25632
167 293 25495
486 895 34059
12 86 40112
62 232 20881
623 929 67624
160 433 27166
24 852 76551
308 942 50448
38 240 28862
249 277 16492
337 441 27019
384 653 35355
364 811 36401
87 804 55471
850 949 55444
764 910 24187
249 513 46957
6 127 26683
68 301 36235
517 568 10440
83 435 22361
532 819 44654
489 851 59414
53 420 72560
34 543 10440
196 594 22672
8 914 29833
645 692 19105
40 367 21840
67 876 18601
17 382 75326
804 944 49820
600 662 11402
191 668 34059
650 932 10198
453 637 30083
327 874 52953
21 949 15133
263 282 26173
99 207 44102
170 840 24207
376 941 26077
234 304 25179
67 524 23022
75 558 14036
168 771 45222
27 353 20616
839 936 34059
337 757 41725
183 385 25000
30 526 40112
59 171 19026
7 473 25000
97 932 10296
25 772 34438
376 755 15297
726 754 19313
302 649 18358
2 841 17029
677 815 26249
109 766 36620
215 469 42638
274 695 35171
650 780 25456
610 717 24597
667 786 29698
846 889 10050
91 127 37054
77 432 27074
213 224 20881
101 403 132401
97 687 31828
129 301 28302
453 728 48010
404 653 41773
177 928 24413
359 816 58592
233 593 23195
627 715 45695
110 670 12806
344 397 30017
516 918 38833
398 632 46840
184 569 43012
250 554 43382
264 877 21840
326 360 34928
33 360 18028
105 262 38118
167 834 41485
657 860 70214
90 825 46098
521 713 13892
127 798 22627
79 400 72835
182 590 52326
408 888 37014
547 821 23324
261 696 17000
429 585 53852
259 414 34713
318 909 48083
115 578 35511
132 812 17029
572 820 42012
306 324 40311
498 777 26000
472 901 11180
395 708 43081
312 883 28862
538 634 11180
313 739 27019
440 672 47927
506 745 18601
780 889 38328
209 371 39000
95 221 11180
488 886 43046
265 700 29833
298 431 39825
374 797 38118
633 948 10050
498 552 15620
272 447 38601
42 457 49649
85 300 28018
172 831 25060
352 488 49679
131 697 16492
910 914 28071
572 779 22825
279 362 17117
392 641 43417
494 813 51865
411 650 38471
169 656 32280
36 875 20518
198 477 29017
98 257 55946
209 377 16279
513 806 48918
163 504 37443
58 322 27586
120 798 17029
517 580 19799
71 380 28636
743 825 36125
430 522 16401
93 641 21378
589 856 124652
5 879 38288
595 726 49649
298 448 30871
568 580 17464
213 742 30083
118 767 26249
540 668 48836
23 207 52240
186 492 36715
743 807 44553
407 942 20000
100 744 57140
560 773 35468
53 615 34828
242 294 10296
575 768 64537
644 677 32000
304 946 16031
192 398 29698
760 920 34670
219 274 26019
57 233 30083
144 775 21633
106 234 18439
75 118 40000
635 922 17029
598 907 13000
819 939 38910
121 709 51088
118 590 27731
743 823 43566
741 787 36139
404 456 34785
139 726 42000
241 322 35511
608 893 22472
345 878 33422
556 918 36125
56 721 30265
445 632 18028
523 597 31048
252 824 27295
604 789 40311
262 429 29411
119 351 33242
415 523 18028
330 545 48765
373 634 24187
147 331 34655
212 583 28160
187 580 17692
159 335 25239
410 789 26000
215 433 25495
703 927 22627
89 710 15033
135 874 27586
335 638 24597
313 611 47043
464 572 12083
286 549 11705
258 454 50010
311 458 37000
278 500 48000
92 931 23854
229 406 27019
114 428 19235
458 625 11180
201 683 25710
152 238 71253
272 676 43566
257 927 11180
797 941 41785
115 377 22804
743 862 45880
308 338 49820
434 498 38601
86 594 36235
243 805 21840
407 725 32985
306 731 31575
542 924 28443
612 843 63953
44 78 24352
273 737 36688
755 883 34205
77 337 94260
99 621 25495
885 931 112614
307 722 31401
791 869 25000
101 246 102083
128 136 62266
416 682 49041
694 829 63906
17 875 42720
72 321 22091
507 737 35171
901 912 63151
174 620 37537
355 556 48010
8 320 28636
229 533 41785
812 893 18974
67 142 42485
545 933 25060
325 740 22136
42 636 51788
132 280 27731
654 733 25060
82 304 27459
375 584 45177
98 455 70456
504 754 31016
253 933 35777
518 833 14560
22 550 18439
194 896 101553
307 356 52498
101 528 35468
779 827 24021
561 675 25495
65 78 34234
54 156 33242
89 892 12083
12 750 12042
7 70 33838
264 715 34986
764 890 22825
138 186 34525
396 460 23601
276 572 29530
74 711 31113
199 556 40447
91 798 27659
17 695 35228
154 808 49980
35 612 49041
684 860 11314
278 610 44385
332 428 13000
185 582 11180
439 731 25962
830 951 38626
518 659 15811
29 534 31145
95 266 69354
925 948 38833
450 939 22091
179 814 35468
758 881 30414
427 760 17464
845 936 36674
553 758 38626
363 623 39115
143 342 30480
559 788 41049
105 165 25000
44 660 33422
106 283 61131
66 603 72180
434 786 12042
3 588 30083
207 223 40012
160 469 55660
49 505 38328
297 514 18385
270 613 26077
132 425 19235
673 884 42154
807 823 10817
54 237 28443
396 435 10440
519 728 29732
499 606 46098
165 419 34015
64 239 51624
290 714 14318
393 544 43863
579 719 33242
573 844 27166
287 345 40447
169 948 32558
384 426 14318
515 829 25060
13 123 184459
590 646 26306
593 809 34828
760 795 17692
171 951 31257
803 850 21840
675 840 36000
167 882 35000
180 336 41677
233 774 22561
101 272 218490
299 549 37696
257 614 28018
174 302 41773
20 950 35341
586 620 35903
655 880 27313
6 402 24698
229 268 10630
654 661 38601
143 685 51865
629 777 49769
690 853 16553
276 916 24083
111 666 39051
330 566 14213
426 826 51245
181 882 33615
450 738 30000
752 925 26000
329 890 40050
519 741 33015
448 757 39051
387 470 20616
441 859 20100
624 632 22825
551 686 26401
92 158 24331
150 385 53009
724 949 23000
681 715 37577
28 272 44777
735 904 10050
115 334 51245
568 796 23409
37 823 19416
414 631 54406
424 626 21378
405 471 37216
822 873 47170
102 245 37855
264 855 30000
267 930 32202
104 897 36797
582 938 15620
426 442 61400
512 566 20881
48 71 26077
324 447 51108
251 301 26249
88 894 12166
237 366 45000
866 914 26019
404 913 44407
655 921 11402
206 573 41195
76 224 32000
33 326 33242
574 912 35777
632 924 50010
200 392 46519
259 436 16643
248 672 33242
401 520 20396
80 435 19026
286 299 39825
653 913 31765
79 195 48052
655 886 16125
601 838 33061
679 892 29155
27 836 31064
312 686 66528
546 744 25298
468 523 33422
197 922 24331
145 371 39925
142 951 30463
76 200 31906
285 652 27857
131 169 32202
344 861 22847
422 499 43324
149 161 106892
434 777 24698
370 745 21932
22 907 20025
106 188 39205
713 716 29155
51 368 26019
218 551 58078
408 856 36401
51 906 32757
26 846 35171
35 222 48836
161 569 27731
49 593 42107
120 808 34986
728 741 50774
222 558 14866
651 944 22000
526 729 33121
541 885 45541
375 686 49649
626 898 32016
688 746 34482
241 773 30232
107 397 39115
273 862 48795
347 719 15297
212 581 49244
602 778 41183
115 333 12000
290 723 31780
148 207 22204
97 270 34015
84 635 11705
45 323 19698
325 830 23854
24 35 63063
69 948 39294
211 822 13601
469 919 11180
710 892 22361
100 754 38000
902 942 29732
75 222 15811
113 806 31385
76 417 29428
554 791 36346
357 657 11180
15 405 54129
215 708 22847
398 475 37014
52 877 61847
589 749 48836
44 124 15000
113 180 31064
179 659 34234
306 800 30529
705 865 16643
386 661 47518
115 258 48877
474 886 28018
386 654 34000
82 147 41146
306 775 20616
564 762 10198
97 780 25179
93 863 32650
455 754 24166
17 720 30083
93 801 25495
463 626 17000
395 433 14560
78 124 11045
782 828 16125
337 495 153154
242 397 36014
155 858 28792
417 791 33287
367 842 13038
190 548 33106
158 931 26401
536 556 39217
290 552 19105
158 729 27074
26 392 25632
341 794 32280
703 911 33956
92 526 16553
545 566 38053
473 804 47170
131 656 20809
242 838 40000
484 871 12369
244 732 20396
13 138 13601
258 649 53413
738 939 35609
128 908 37696
190 357 12530
614 911 18028
256 373 28018
46 825 43290
776 854 34886
125 463 35468
116 609 20616
239 661 60141
242 266 64125
34 553 15264
326 744 33526
622 900 34670
28 289 24042
133 931 26571
706 730 18439
66 90 34015
445 917 35440
96 421 16000
356 466 31145
34 282 24352
52 523 44911
148 834 47202
138 255 80455
618 951 28231
405 901 40804
281 563 15000
259 440 57983
195 587 19925
629 662 31113
909 917 47000
400 587 35847
607 629 32062
443 837 29547
151 487 28160
53 105 39217
302 454 32016
639 778 20224
278 847 36401
444 735 40853
529 620 20591
548 657 36056
96 355 11402
168 170 35014
622 752 37336
598 693 21213
515 516 18028
198 427 31780
15 271 61612
102 288 32757
865 900 38013
32 641 36401
624 739 33615
826 926 33302
716 835 19209
429 623 45804
409 747 27295
360 895 43105
217 686 36056
10 816 13342
37 807 25495
683 801 15811
419 451 22804
498 667 47170
192 727 45804
502 775 25632
494 580 14142
194 851 49497
99 934 34000
351 691 22472
381 833 20224
246 394 24042
239 386 34132
99 773 33242
780 846 38000
179 314 45177
349 625 14318
147 565 40200
310 759 20809
619 620 27893
243 923 11402
113 513 49092
682 742 18868
765 835 13601
174 935 33136
379 910 22472
26 56 20616
73 899 23537
445 534 53824
551 881 30480
579 770 16125
94 109 55218
528 769 49396
164 211 47434
16 763 18439
291 477 34713
671 768 35903
547 665 13454
233 505 32249
665 821 30150
125 199 18000
478 762 26306
526 772 38588
437 497 30150
471 507 26019
70 688 31145
469 708 42426
183 295 34059
707 784 38471
498 786 44418
562 649 47424
408 717 25710
545 713 35440
207 852 50990
221 872 27893
642 807 32650
214 446 15652
123 589 140264
340 420 72339
208 389 62610
107 242 50329
755 941 18385
194 401 60208
591 621 53235
631 951 43174
280 668 47424
455 486 40804
633 697 16553
337 431 43000
161 350 31401
114 332 21471
78 319 23770
52 597 56080
206 563 24698
679 853 23022
519 894 25179
147 527 39925
17 274 24413
319 482 25080
250 869 17029
47 406 33956
159 310 19026
384 826 43046
216 283 15232
117 628 41437
164 374 53310
111 558 19235
28 571 24000
322 369 45177
738 743 50329
129 722 33971
365 867 17804
602 784 26926
424 802 29428
425 608 19723
634 872 26249
47 614 43841
120 154 31780
443 734 34205
405 423 45541
29 468 12042
234 527 23431
219 776 36235
370 885 27857
630 827 28653
64 678 32062
371 562 40112
235 829 29530
134 667 23854
141 487 17000
189 702 32450
734 768 28284
129 459 15133
122 829 13416
378 636 18385
455 726 30083
214 660 17804
645 748 14318
483 923 34205
204 815 15652
79 379 14866
132 893 20248
162 908 33422
68 459 39051
110 282 27659
273 472 32016
227 911 28443
182 354 37947
198 458 31575
571 732 64327
251 385 18385
256 696 20616
562 658 41869
237 491 44598
847 937 11402
71 85 16155
165 837 22023
258 371 53488
352 655 13153
159 460 31241
506 693 31305
36 219 10817
512 793 33956
562 736 28601
664 821 34059
751 891 54129
43 781 18000
532 618 35228
364 878 21024
294 481 26571
87 576 71610
914 944 25000
622 633 17804
795 904 18028
39 216 38601
44 466 34525
148 845 26077
320 914 19235
159 533 44000
610 867 19416
9 64 34655
492 860 21471
371 669 45177
742 872 32985
205 264
545 645
315 293
81 649
544 523
440 414
547 186
535 29
685 175
479 745
717 716
402 783
331 30
768 130
196 468
241 140
9 547
528 266
28 508
855 739
874 705
271 927
499 910
512 932
540 989
877 380
297 425
823 147
512 423
516 951
337 365
885 435
821 653
345 309
573 948
46 568
251 707
470 74
737 845
424 952
889 626
972 643
223 748
600 619
579 217
247 605
625 668
675 499
324 913
171 447
542 266
555 367
434 636
926 451
487 851
858 372
417 908
490 758
383 502
845 637
399 127
699 323
563 721
660 151
573 593
213 647
445 508
586 521
606 228
566 158
661 477
179 391
98 621
571 316
622 906
806 448
168 859
577 627
590 22
511 745
407 485
625 808
522 746
111 341
676 471
405 743
518 148
782 815
554 747
212 613
416 383
469 969
899 421
169 731
792 522
284 856
908 308
652 634
528 821
770 584
975 356
125 405
686 898
223 123
397 623
685 812
879 526
737 64
201 776
326 280
620 939
374 246
676 317
123 709
461 248
751 233
463 47
622 866
488 523
381 405
730 508
323 774
176 130
588 628
383 870
46 513
414 420
609 205
627 504
974 375
646 279
782 874
431 980
795 278
274 882
578 151
163 380
320 38
781 602
900 626
300 585
426 546
834 283
763 286
437 288
170 626
643 771
486 871
632 975
639 490
273 560
859 639
95 296
352 418
555 216
950 428
281 82
445 965
523 685
768 377
727 926
649 191
722 552
339 419
373 630
666 786
488 910
572 570
620 260
537 571
402 503
521 445
639 719
355 146
199 886
373 302
419 95
421 810
681 427
659 343
422 923
587 818
576 444
716 858
797 800
354 44
333 755
681 773
589 268
445 28
822 816
452 425
477 830
48 671
637 32
439 760
110 289
705 111
383 852
833 431
934 395
715 668
832 452
645 914
787 724
778 188
504 858
324 158
439 273
742 147
354 374
453 124
812 460
635 582
794 393
760 814
233 305
267 253
55 562
686 454
781 524
609 915
544 857
806 480
860 475
494 935
678 721
646 880
606 700
185 352
321 93
719 317
389 919
673 826
297 742
517 45
954 446
853 710
612 132
498 67
491 807
917 559
417 582
764 90
162 413
920 270
264 617
315 448
721 289
735 464
583 472
586 714
190 525
329 372
252 81
723 525
679 683
419 223
374 485
945 598
736 558
394 661
379 283
615 421
586 882
853 555
894 499
599 708
160 608
894 277
232 518
862 169
260 573
29 561
347 179
460 486
725 273
140 241
416 353
757 862
746 167
353 286
746 808
657 70
460 570
296 258
381 88
153 388
830 170
821 321
699 48
968 560
465 921
922 568
542 442
694 568
144 438
174 819
327 233
677 443
603 489
386 174
85 362
648 823
532 703
767 255
677 546
257 200
453 774
504 686
736 80
204 380
471 329
636 423
310 435
615 285
390 375
552 347
583 650
541 57
177 413
510 777
561 225
795 226
392 583
817 620
265 850
392 522
485 35
89 540
619 746
142 719
473 248
476 199
502 671
680 379
106 788
218 231
819 227
425 607
719 392
857 263
274 941
948 524
341 82
94 316
500 613
503 265
760 121
752 907
464 546
99 392
281 412
575 782
295 859
627 562
434 22
884 232
493 690
803 652
946 682
414 370
414 726
388 104
189 214
990 473
403 958
568 265
465 781
319 960
400 273
114 618
751 526
290 398
245 384
223 456
455 270
904 641
579 32
649 451
672 411
16 622
325 79
89 425
596 459
609 98
497 538
267 203
268 130
832 868
414 41
853 389
612 789
897 263
775 418
522 723
918 523
473 404
148 576
662 33
88 716
449 391
906 243
50 367
245 491
633 701
208 168
176 177
19 472
155 655
875 281
321 349
92 330
340 492
556 426
850 526
777 443
562 501
374 596
497 600
284 840
573 666
290 484
429 818
765 883
95 438
698 142
142 706
418 678
935 500
149 788
195 861
771 404
755 324
512 726
360 494
672 251
138 308
823 242
343 436
127 771
34 431
324 643
710 123
504 358
649 589
839 200
161 847
174 501
316 588
352 602
503 822
745 789
418 173
710 594
17 378
988 596
736 117
625 519
503 709
172 614
462 508
410 847
497 467
543 456
606 585
350 960
520 432
821 360
513 525
241 528
259 541
547 161
138 381
510 405
434 299
706 82
152 509
537 596
551 602
947 577
558 652
449 552
872 458
615 379
734 627
300 568
137 360
156 685
789 675
984 413
386 62
49 344
343 782
206 904
769 147
702 248
792 335
614 652
188 241
267 99
727 259
189 171
701 583
361 903
328 936
215 529
378 511
936 743
736 310
179 277
104 571
679 268
151 455
323 790
308 800
359 754
706 410
783 778
108 712
114 594
945 487
546 411
464 521
222 265
476 954
658 808
948 333
337 103
401 365
269 475
358 580
567 685
535 402
447 163
330 895
670 939
768 495
626 312
752 851
390 963
432 377
355 306
572 771
136 553
835 612
216 836
475 14
292 247
253 923
264 311
802 323
353 322
754 425
497 394
343 858
299 277
623 920
100 474
543 767
579 531
397 233
755 179
166 481
647 731
98 551
675 528
349 751
715 901
338 187
823 123
486 472
782 147
303 486
341 649
476 90
913 584
491 229
519 583
345 768
433 79
795 789
426 132
290 380
464 650
335 156
631 51
304 321
83 235
634 841
556 779
516 643
366 916
422 775
780 630
313 950
576 419
285 907
735 271
747 397
860 589
993 484
160 696
91 640
369 380
644 617
724 332
782 893
732 241
181 224
473 282
611 979
916 291
656 699
407 614
334 841
101 273
387 560
300 114
327 121
551 832
657 237
381 705
475 339
747 115
425 839
627 361
424 33
722 364
453 462
356 544
486 359
643 248
763 505
115 330
921 634
717 778
480 660
976 540
199 243
895 400
231 653
511 168
667 928
255 812
638 867
307 602
762 399
377 190
893 315
551 68
486 580
58 408
625 68
101 405
629 291
439 12
370 201
715 423
621 593
656 91
744 386
34 351
218 822
226 845
658 948
775 291
800 842
379 313
336 272
264 706
324 480
271 437
232 266
556 520
855 212
667 896
658 183
590 737
957 384
661 369
836 479
909 401
384 51
851 332
253 335
931 330
569 127
893 743
618 711
485 554
236 810
300 922
251 790
38 527
736 541
650 263
885 753
689 72
605 905
736 748
562 250
706 701
875 311
721 221
439 144
929 471
815 402
691 475
555 732
593 338
933 555
126 587
818 335
645 403
155 590
170 202
210 568
515 616
1 518
854 342
652 527
814 290
912 703
216 136
739 602
425 462
773 750
447 938
457 140
798 249
760 110
613 46
303 670
725 161
380 256
249 538
316 618
488 308
385 604
816 777
820 489
278 651
827 588
339 951
599 110
6 496
269 809
92 283
393 791
40 606
662 200
858 235
732 584
220 441
734 383
136 817
317 336
487 674
694 159
706 261
156 483
223 144
536 17
178 591
180 806
597 874
299 698
930 379
521 567
598 533
509 974
516 790
394 941
751 268
72 594
768 345
973 520
466 461
911 333
205 748
146 758
869 758
967 477
640 351
754 312
825 742
123 440
131 645
948 610
749 461
707 651
96 604
688 401
706 172
327 743
252 395
398 404
167 563
783 281
922 410
458 813
876 627
564 117
411 603
647 305
246 682
399 435
339 938
430 331
366 133
795 863
386 811
708 450
659 921
466 742
471 113
512 332
321 555
512 505
196 848
362 363
255 688
562 701
242 648
46 423
467 437
144 742
311 768
412 570
509 467
442 690
692 414
448 899
170 602
295 456
351 631
893 591
413 887
556 556
544 628
404 945
548 968
809 144
472 849
911 371
162 270
635 533
73 560
882 648
97 678
554 868
603 718
88 563
615 391
166 142
642 646
528 226
129 751
376 43
927 515
294 608
914 450
820 691
707 230
584 49
200 228
967 386
734 481
465 159
860 455
788 497
406 346
255 902
32 583
430 497
594 415
367 103
519 494
126 416
287 331
453 910
211 408
255 476
345 970
115 397
261 216
139 176
921 370
525 37
51 659
565 752
801 881
780 803
760 649
91 763
248 96
393 838
121 626
676 208
257 530
236 178
314 844
724 171
125 310
549 298
272 907
623 170
538 301
560 20
673 693
319 518
86 393
558 48
553 712
442 470
538 348
340 822
832 358
665 140
98 416
114 313
428 579
437 349
636 200
21 401
690 685
405 75
319 732
875 473
456 989
903 317
158 541
498 837
358 113
439 865
153 277
807 799
338 590
189 438
237 434
208 188
97 342
573 68
26 629
632 824
599 134
644 238
889 703
840 707
398 534
