983 1955 29 71
338 377 36892
426 776 30887
185 726 33136
12 556 23409
346 820 28443
67 687 34366
69 856 49041
223 440 23431
152 233 28443
564 765 24413
264 702 16031
225 451 35128
439 768 24739
177 267 14866
422 428 35511
54 451 13000
117 830 48166
266 602 39623
489 660 43324
286 378 41773
214 549 23345
308 739 23195
260 957 27166
66 927 34482
518 820 32573
351 599 39408
491 742 26019
53 370 13342
46 375 26926
305 306 16279
192 875 32249
128 658 11180
541 956 29155
279 301 50090
306 878 42297
95 869 25942
84 641 34059
810 861 45793
191 716 19313
422 863 27203
587 763 25000
159 517 38013
595 863 17464
462 789 23770
228 948 24698
18 318 30806
619 657 38288
302 923 16401
237 480 34928
214 650 14422
290 505 27659
505 635 33615
187 676 43278
161 905 55109
159 414 46043
454 917 10050
235 444 13038
305 403 19209
223 628 28320
132 576 38079
51 496 11705
147 857 23345
176 932 27586
377 741 21932
211 693 28018
265 749 38897
78 850 32757
927 941 23259
488 708 27166
767 887 51400
533 928 19849
582 653 25318
30 801 26627
96 362 27313
90 285 28792
400 464 45177
216 259 25080
59 971 81609
821 829 21541
283 633 38210
26 364 29682
36 147 35171
4 391 24042
430 639 27459
697 925 32249
437 543 38626
128 856 41593
99 626 38013
213 801 30887
324 895 38471
270 558 13928
267 457 15264
127 514 29428
839 852 16279
111 765 36056
2 318 16643
143 833 49679
866 949 37202
244 787 23854
570 830 41012
320 430 42012
196 864 50210
189 503 65000
120 283 14866
195 649 22825
69 958 27295
195 472 31906
196 962 64070
72 379 20224
22 878 28178
188 420 10817
508 934 35805
108 732 25060
28 428 15264
43 449 35777
179 477 47011
650 974 34366
160 881 20025
224 668 21213
505 797 23324
528 919 20396
377 538 17804
491 528 67268
548 657 45804
131 403 33941
671 719 35468
273 947 44283
454 936 12000
115 256 23087
212 840 41000
361 909 12369
231 874 28792
201 537 24000
181 599 28284
321 815 29155
219 427 26420
82 486 19235
215 526 128950
32 150 38288
375 743 29428
756 785 37947
75 605 35000
42 440 34670
38 392 30017
27 789 27295
343 927 21932
393 687 18601
27 470 43186
410 611 38275
29 122 19235
668 918 21213
295 838 16031
810 860 43738
74 892 66030
239 405 43186
679 836 42638
725 836 20000
36 542 25080
239 832 31575
131 182 29000
76 233 36688
454 653 27785
329 837 28862
871 880 38601
552 919 24698
604 869 13153
67 459 52202
234 703 32573
46 505 24021
331 683 35000
262 714 40162
289 291 29682
598 810 16031
171 807 54406
346 782 29000
369 964 47802
515 846 55109
283 812 39560
226 902 61098
610 888 20100
426 476 20809
275 451 38288
467 612 36878
684 980 35228
339 345 195980
287 881 20396
522 697 18601
183 459 15556
571 742 191050
590 961 31048
494 892 35228
78 845 42720
900 915 17804
599 649 22023
587 926 30806
281 816 19416
278 859 30529
171 417 42202
246 617 32894
710 964 14866
160 574 32696
342 437 30480
328 928 11180
74 602 29682
72 515 36125
311 391 14036
601 841 29530
381 738 43012
231 321 17088
38 111 41869
188 441 18788
203 374 28320
435 896 37054
554 661 12000
213 221 15297
806 961 42521
78 874 40853
328 509 20518
753 950 20616
511 965 28636
26 373 14765
193 658 18000
555 658 27803
405 515 30806
271 586 22472
236 618 32894
292 294 23259
734 751 21095
167 499 47927
390 818 53085
162 673 40853
70 538 27803
169 440 34000
166 703 39812
814 902 39051
395 926 10198
827 904 46615
299 845 43012
141 683 33526
271 547 27514
452 801 17117
116 626 27731
280 817 18111
119 729 21471
334 416 16971
288 949 55082
738 816 27459
380 816 29155
60 772 13601
676 873 43174
402 870 76551
349 978 57280
69 170 21190
432 878 44721
310 872 41976
111 534 50695
102 259 16492
572 618 33242
743 802 25495
676 883 65795
272 535 27803
156 548 28160
564 747 35468
793 969 19647
453 931 41629
333 763 44147
6 300 57280
79 811 18439
322 355 27295
670 768 13038
453 914 25060
367 368 18028
57 190 46872
146 842 31241
494 603 44598
308 556 33000
186 222 38588
564 900 21378
638 798 18974
393 645 35228
379 548 47802
565 899 20616
89 829 33971
50 190 51000
37 602 14422
570 949 26401
227 569 16125
147 434 28160
425 447 17205
525 621 33377
122 495 25710
484 672 23087
372 380 32894
659 782 22091
622 924 25554
156 832 12207
569 951 14560
111 543 37054
169 981 21095
434 537 26401
364 373 18248
163 405 16971
644 651 45880
398 416 29428
873 883 35511
62 797 32016
285 713 24331
211 554 39623
766 961 23259
45 667 29120
473 638 11180
904 970 13928
53 889 43863
748 941 40000
73 949 41437
622 953 16279
49 726 48754
4 717 17464
223 920 28443
483 934 34828
630 916 23087
421 703 33956
141 279 53000
341 781 29547
370 432 21095
321 381 37947
461 574 68029
523 880 48260
92 123 26627
25 912 27459
282 674 18111
149 252 12369
615 786 21954
499 557 32249
79 359 23854
79 100 64405
336 780 30806
181 794 31321
579 932 34205
318 507 25179
228 371 28178
671 689 25179
411 521 62394
526 909 38328
182 305 15620
124 206 23854
521 578 21024
711 957 19105
106 898 14036
750 786 18028
1 364 56462
3 106 37000
383 870 72993
171 220 47202
316 606 15000
174 590 49010
275 766 38833
709 719 26000
549 974 23022
741 898 19105
139 636 50120
332 632 36878
105 852 24042
138 805 28231
469 808 49769
391 717 28018
102 325 28302
203 220 15652
303 459 31906
252 614 23087
264 515 40608
47 508 49477
462 787 24759
214 744 22361
403 752 19925
93 312 18028
535 883 12042
281 501 31385
204 536 19235
417 859 21024
616 766 17464
208 759 17088
353 407 12042
61 367 28018
246 903 35014
340 842 34525
232 836 35468
256 780 40162
510 890 45695
16 601 19313
39 853 26833
458 922 42059
47 876 26249
685 931 16279
193 481 58421
502 553 11662
380 874 43600
414 517 27000
151 506 25179
332 573 34438
198 399 48600
13 108 42297
189 920 11314
731 877 38419
80 794 27074
90 958 31623
199 625 10050
47 764 41304
552 897 33838
123 732 40249
141 331 11705
572 899 12530
850 948 10198
290 375 20224
790 872 24759
785 828 22361
438 458 31257
454 582 22825
420 516 21095
253 652 29275
307 326 34482
129 604 46755
20 441 22091
821 962 38013
444 921 41037
413 934 20616
58 869 31575
519 672 37014
145 346 32558
640 865 36069
75 919 37947
440 920 14142
164 358 19647
699 870 58856
372 640 17464
384 706 30414
404 778 32650
9 624 15232
856 905 52697
363 923 47074
689 758 35355
623 882 13153
572 707 19026
442 522 16492
727 853 35440
36 651 23601
7 246 56365
130 781 20000
4 655 11045
230 931 32802
279 844 23854
113 672 35735
498 875 24187
34 628 44643
215 415 17464
582 947 49041
924 953 25179
152 545 115966
46 290 20881
270 524 32311
115 847 35128
366 790 26833
134 983 14142
314 585 34366
201 359 46098
191 300 42379
125 499 50774
689 867 18868
25 729 34015
99 327 45793
134 139 30017
310 759 16643
751 934 41773
245 514 44283
58 129 42048
57 746 20591
450 710 30017
316 441 12042
371 485 41400
33 809 14318
930 931 39446
267 354 29069
350 360 46239
80 282 42638
482 851 44407
307 939 34059
205 783 34713
389 579 39699
230 685 25080
238 722 14866
107 276 31765
129 205 45880
263 561 29411
466 729 27803
61 288 19647
469 982 53339
587 630 21095
311 488 33377
81 891 47508
263 771 41183
389 834 36878
266 471 42379
520 638 22091
94 174 42485
831 835 19026
75 330 18601
576 917 42942
403 670 40706
80 674 32650
488 706 17263
325 365 25179
17 724 26401
180 666 56639
56 253 44922
734 764 44294
8 223 31953
277 933 24515
303 967 14142
103 237 31401
261 690 34132
805 983 12083
319 550 25020
299 620 58052
245 869 64140
297 443 36056
260 769 18385
221 445 13892
475 957 14765
234 706 10296
760 762 26077
763 978 63135
57 473 39623
244 418 39925
170 202 21378
414 868 49041
240 552 40050
119 884 38275
664 739 35735
126 902 31623
61 893 20616
364 919 23087
148 430 47634
627 890 52173
862 965 35511
607 720 17088
55 194 27459
248 493 29155
535 614 15232
186 369 31765
523 728 37443
701 720 54781
495 720 28792
171 865 36359
11 538 31064
547 574 46487
208 318 18028
9 118 26000
249 625 17464
323 603 27019
790 912 30150
715 755 10440
764 876 38588
198 926 16125
194 467 35355
5 911 21471
331 849 49769
896 923 42720
381 557 48826
68 624 37443
6 489 39850
340 793 47434
373 528 24739
134 784 25239
240 334 18439
382 395 23195
356 426 38949
162 718 21587
37 348 16279
312 862 40249
507 716 23770
206 682 31575
851 922 61685
344 922 42544
709 867 21541
302 449 38013
455 700 18111
121 468 16553
169 223 33242
279 705 27295
20 726 77885
70 106 16155
34 748 43566
50 494 31385
119 560 13416
562 735 27731
48 148 25020
182 403 24515
393 812 26249
83 906 23087
45 175 21378
24 921 17889
863 918 12207
573 630 27295
317 846 45880
108 424 32202
276 703 39623
107 421 55462
130 532 42154
74 390 49163
108 973 41304
98 245 46098
199 249 22672
171 870 37121
709 769 33956
692 757 39205
281 557 25239
610 775 38471
599 970 38328
759 786 15811
667 756 29530
232 937 17804
305 752 32280
75 552 40224
396 837 103730
343 844 40311
209 502 17464
366 399 18111
85 895 30414
479 515 33242
672 977 41773
610 855 36770
96 651 50922
101 743 20025
323 920 23022
76 778 11180
16 707 20125
438 490 22472
153 660 13454
241 423 37483
333 978 66098
6 567 29411
521 527 24352
517 546 12530
206 242 24698
788 895 41881
46 802 21190
63 589 17889
379 533 21932
286 559 25080
571 749 138708
229 879 33526
185 214 42942
184 286 28302
247 312 27295
124 727 13416
371 641 54000
633 812 40804
529 648 50912
480 755 40608
125 167 29411
278 747 35468
758 938 43324
138 756 36359
375 802 17088
43 886 27203
64 429 21932
175 346 20881
364 860 18385
125 485 11705
448 765 21471
631 736 35440
278 915 37202
460 492 31016
536 800 25298
235 981 27659
246 297 23345
402 865 58241
264 379 21190
181 559 31048
38 534 23854
358 596 21541
13 732 40361
270 619 46325
408 587 38013
345 439 55973
623 834 53852
309 943 35341
701 754 20518
652 801 25710
525 907 52393
600 854 25298
332 542 24042
211 382 34886
7 783 19416
255 799 11402
384 829 30594
27 462 38079
356 782 48415
463 498 26249
57 331 40719
86 746 10817
445 515 51088
187 527 45891
250 669 16125
626 902 14318
417 640 29833
141 849 42755
597 845 37202
497 563 34928
52 177 34059
202 958 23087
318 716 40460
80 268 34928
110 618 69000
421 562 16000
301 844 40719
698 722 16279
661 786 22204
259 900 22136
53 345 142225
277 302 44553
116 876 26571
720 754 49518
445 702 24083
622 654 14560
120 762 14318
71 274 21024
316 975 54589
284 308 31765
198 382 14213
127 241 40706
362 496 30463
77 656 29017
315 425 57871
12 397 15620
195 263 32016
317 515 29155
327 639 28302
192 608 53000
701 872 53038
313 421 25710
449 886 41231
644 976 34059
635 690 15264
661 750 16971
40 436 31113
120 617 49193
238 293 11705
104 409 13928
139 712 34015
326 793 27203
106 730 33015
28 489 32388
414 602 18028
804 862 27019
512 939 11705
215 877 69123
217 737 54120
10 338 23259
86 482 23854
201 733 10630
266 494 40817
158 686 47265
807 870 60216
14 747 29155
784 983 13892
824 929 40522
224 591 25632
668 791 18974
580 950 34828
118 651 50090
538 848 29732
248 795 21024
400 889 16643
607 754 45695
166 214 40311
477 751 35777
618 707 43278
217 245 54120
14 634 25298
144 248 69814
415 827 28636
19 861 23854
558 582 26907
242 551 36878
91 978 64008
631 870 56648
48 327 43012
33 59 28071
770 897 25495
555 728 39051
60 780 56515
231 380 25020
269 951 55444
272 518 60877
285 412 43186
731 973 25632
286 567 42720
749 813 112641
3 524 24597
154 711 11705
870 968 59908
280 891 20248
204 469 39962
207 838 36125
16 793 32757
100 811 62801
35 913 13416
249 681 30676
562 796 23259
665 909 16125
173 289 21840
779 855 24739
636 848 46819
398 749 45011
119 733 25080
10 41 27000
224 791 21213
514 869 61000
38 778 31765
142 442 47760
509 548 57219
172 525 26926
261 635 37336
35 484 30594
1 330 48052
121 714 34438
691 945 27203
113 977 39699
24 66 21587
698 799 19313
719 867 26907
113 158 34540
40 713 20125
703 796 18439
410 813 74061
119 201 30067
719 807 26476
81 352 33377
740 787 15652
585 757 22825
22 752 28178
317 405 18248
758 956 34205
573 587 35355
567 819 16553
169 628 15000
344 779 44000
82 548 56515
23 701 14213
351 970 18974
487 923 33242
261 721 45804
273 499 30000
34 57 64777
402 917 27203
41 142 49820
300 568 57306
254 808 42012
357 390 54406
143 144 41617
89 962 31064
312 385 71868
457 943 31064
679 937 21932
77 449 45880
110 429 53160
387 706 21024
166 387 39850
793 899 36014
671 758 20881
138 785 25495
283 760 38471
284 721 34655
383 968 50090
415 725 35511
177 309 20248
350 636 62936
222 250 40162
91 419 19698
831 833 25456
232 679 20881
219 798 22361
65 648 41049
483 662 19849
129 739 31906
190 473 34540
631 699 11180
255 698 25080
45 346 10050
893 901 42379
251 453 33956
493 522 20616
391 726 58464
407 827 32757
51 976 24352
182 692 17029
512 555 12042
67 386 33242
386 633 33377
165 408 16643
100 905 24331
104 797 12207
49 457 15133
360 657 35847
532 956 15033
468 594 29411
330 605 22825
362 651 59540
829 962 42107
278 564 41231
60 743 30806
30 253 45880
747 765 41110
83 516 22091
571 745 15133
555 839 34205
352 891 36125
554 563 37336
517 950 13416
422 789 32016
327 648 42579
852 871 38013
258 925 55462
465 931 21213
740 791 28160
389 850 26000
190 944 26173
183 393 26306
475 736 21190
52 624 61033
172 516 27857
253 843 11662
858 978 17088
193 856 53451
274 497 26000
350 629 27459
243 868 19026
22 908 45310
37 761 45607
369 547 38079
745 813 11705
548 832 24698
674 794 17117
540 770 24413
728 839 39812
546 950 12042
625 681 13342
147 632 50990
426 530 41049
843 942 25020
464 621 48549
467 617 13416
624 774 23770
66 134 43932
652 929 12369
241 527 31890
229 577 33015
532 666 38626
51 644 30150
413 508 21095
662 800 47434
64 618 68964
637 675 51245
307 601 49163
168 771 30887
627 930 47413
549 744 14318
227 778 29120
431 506 17493
155 355 32016
632 733 49041
24 628 42012
71 249 137004
159 868 12042
180 647 31401
158 830 37802
71 419 63561
669 710 20224
91 349 18868
85 886 38626
115 123 29017
310 786 19925
450 848 14765
46 797 13601
361 924 17464
111 448 31064
602 868 52498
107 788 49820
229 491 73756
228 389 36249
147 542 11402
526 877 61855
424 973 28302
160 586 21954
128 193 25080
346 598 28862
799 946 13038
381 499 45607
484 913 30000
244 804 29530
117 233 12207
32 54 23195
470 560 24187
270 486 12083
1 163 26077
353 561 24413
577 853 33242
193 307 33541
239 776 39623
186 271 38079
30 221 17000
71 681 108374
262 414 53712
192 688 35000
396 507 53151
332 466 41400
179 814 17464
806 946 23854
326 601 23022
13 87 43417
323 868 44643
548 619 62032
151 800 44598
201 418 42000
196 319 65299
260 699 29155
55 67 58310
563 609 25495
813 824 37855
293 930 15264
63 673 50990
485 815 27803
149 676 77253
736 824 31385
153 282 22472
135 155 28178
488 531 30414
560 729 25554
48 673 30887
705 849 14142
443 467 75027
818 892 14318
55 386 27659
368 901 46615
394 691 18358
775 855 11314
236 580 24166
2 18 22136
100 539 34234
68 905 59775
691 845 43566
342 666 48000
513 933 34928
642 767 26627
54 251 30232
166 655 24597
94 853 54589
45 756 36770
388 858 29411
220 541 29614
132 865 38079
157 608 36620
425 911 24187
493 697 10630
677 695 18788
578 914 17804
464 525 46530
11 848 33422
703 744 37947
9 335 30676
909 924 21260
853 879 52811
825 932 12042
358 851 43046
763 926 10198
870 942 58310
145 598 29275
197 498 19313
23 310 18028
257 721 34000
634 894 32140
209 347 26870
341 634 29732
212 695 50329
254 803 42720
459 687 27203
391 488 35171
465 914 29069
696 776 34828
185 943 47760
181 378 28178
18 837 30463
57 849 63063
38 951 43139
390 777 21633
688 847 37537
100 170 19209
57 86 24021
152 569 36797
860 861 36359
103 692 18028
418 713 67941
408 573 27295
74 494 58078
530 667 31016
5 447 28636
365 963 17029
550 606 22847
455 900 32527
167 296 56436
49 480 48000
7 955 23409
647 666 87966
455 564 27074
248 833 31016
718 882 35355
340 728 39395
247 594 12207
541 719 25495
664 760 40719
576 816 46861
134 629 28636
315 847 29017
5 761 30017
127 245 18028
42 287 29614
8 190 23601
304 943 19416
197 875 39319
427 818 22361
446 714 10198
763 916 35903
115 315 46690
265 540 21954
133 874 21260
2 507 16279
303 505 29206
226 589 50636
144 565 25495
112 827 22136
929 942 36797
381 815 29155
139 350 43829
109 838 17889
730 741 20881
39 590 39408
751 800 42755
42 981 15264
343 941 31623
598 782 14765
577 879 21401
268 600 51478
742 897 36125
167 273 50249
534 866 24021
66 921 17029
610 677 39699
21 931 28160
164 643 12728
680 737 14765
131 496 25495
218 511 25318
292 875 24759
523 656 34886
655 717 23431
118 774 11180
433 521 26926
655 726 31145
746 826 17720
319 864 15652
376 433 13000
385 713 30017
246 955 59034
519 589 29411
23 208 16125
120 194 39115
399 466 26401
322 874 23770
472 771 24597
384 508 49244
815 874 29411
58 337 24021
78 371 32450
304 960 16000
314 907 41231
29 422 48021
800 934 59908
683 885 37696
392 866 19105
345 908 98489
143 835 37443
300 716 33242
571 938 65795
588 813 101020
86 826 26019
157 474 56754
287 981 22136
461 835 25807
165 587 35355
327 529 43417
5 840 28178
238 627 45277
311 441 45222
85 880 16279
240 416 17088
329 615 35847
30 213 13892
297 680 45277
441 962 56223
35 113 28071
205 869 36688
520 818 13928
280 854 51865
83 420 19416
236 574 51352
382 693 16553
258 697 45651
504 979 46573
435 449 27459
196 550 49739
59 809 24597
181 649 19105
154 952 32558
730 947 60208
204 814 50804
140 722 42579
595 918 15232
110 646 41000
195 773 13601
37 74 27295
72 156 17692
320 324 10770
128 291 13892
274 329 56356
76 570 65000
49 959 12806
235 287 25000
31 593 42107
390 695 50289
65 972 35000
566 643 10770
365 380 26249
78 691 35228
438 779 27857
34 223 40804
243 544 29833
688 875 17464
209 553 22204
260 709 36069
95 337 37216
44 947 37014
448 700 12806
474 854 11000
613 962 56436
155 394 29017
386 812 29000
537 857 15000
675 873 45044
140 293 36069
48 639 36235
19 510 52355
81 474 19698
170 412 17720
358 683 30463
434 857 14213
149 883 33601
777 840 21190
232 561 32016
471 603 25080
178 468 52355
600 668 34655
363 896 22561
263 599 17000
565 572 16125
8 57 59228
209 324 35014
104 772 20809
524 558 35355
375 654 18385
199 345 37855
413 821 17720
130 666 32016
461 831 20396
48 99 44283
258 842 17000
490 888 20809
137 830 24698
689 938 32573
582 936 13601
706 735 37108
393 401 20396
142 966 43186
297 612 25942
369 966 32894
254 431 90089
97 754 39205
548 696 15297
27 884 27074
325 417 20396
218 600 11402
312 646 64444
126 626 33242
766 822 34132
532 781 39205
151 536 23770
168 472 17464
338 741 31016
656 728 37000
323 503 59034
5 348 38833
132 372 10296
168 498 19235
197 608 13454
387 717 21024
529 788 54231
294 847 42048
88 329 18028
52 267 31385
815 940 21024
538 710 29614
496 670 33838
613 662 39294
132 640 19416
289 823 24597
179 204 52839
200 761 21024
216 963 31780
359 811 16763
11 524 49244
523 886 31145
25 470 15000
371 940 31064
113 913 17889
748 849 15000
146 793 44654
351 971 46098
172 755 53263
474 600 30610
61 484 37162
91 333 21024
530 828 35128
32 140 42426
234 735 35847
114 216 11000
207 295 25495
92 463 23854
69 202 11045
67 665 76007
524 619 27459
70 898 17889
445 846 54231
360 476 28862
449 487 13000
280 761 26420
367 484 32894
57 482 21954
539 774 26000
706 708 31241
88 935 32140
298 737 29411
14 342 24739
88 759 33615
251 295 62225
52 237 22204
394 945 18788
136 298 59506
131 210 26926
509 533 25298
530 756 13928
228 456 62586
196 662 68250
318 935 26907
514 566 52240
1 860 52402
224 918 18974
180 575 24042
400 583 62370
219 482 41869
276 974 36346
471 868 47434
158 977 39051
86 358 43932
134 478 36878
324 502 32757
232 771 37947
111 951 62129
421 796 21840
684 861 15000
682 684 43012
136 275 165303
21 930 13892
267 959 13342
98 411 35468
359 418 30806
212 315 46239
53 908 44272
474 608 55606
419 954 25020
142 461 19235
200 447 31257
40 285 26627
76 404 37483
257 690 33242
10 15 24759
63 406 32894
251 451 41629
163 605 29428
583 975 22472
416 540 18028
25 495 22472
103 210 23770
176 845 30610
551 682 41437
176 723 15620
388 439 31241
250 450 34205
418 436 37483
66 712 31145
40 412 45122
385 663 14318
173 839 24352
676 885 37643
721 775 37000
12 690 20396
501 917 34000
808 982 25962
112 407 17804
616 961 15232
622 694 34234
69 905 31401
177 593 23022
51 670 25807
45 138 55660
17 889 16125
306 757 27203
305 878 35355
705 844 11402
286 971 15000
579 597 35355
248 697 33956
206 528 43046
591 789 25632
204 506 38013
17 400 23770
135 620 34655
676 683 60877
472 773 35511
466 632 17263
99 876 29732
146 795 32280
15 710 10440
269 575 44407
408 466 37483
42 881 28653
581 922 35847
939 969 46615
439 858 17000
10 792 17493
313 648 22361
98 521 46098
142 547 50090
424 743 29155
531 962 52010
551 806 27203
645 664 23770
473 482 26907
1 659 13928
428 595 46840
210 335 24207
670 752 42000
916 978 43829
718 723 25298
93 446 16125
404 866 25000
593 960 41231
397 645 18028
265 398 32757
509 928 10296
97 489 30463
273 296 23022
684 946 41593
120 903 22361
238 890 36056
568 819 14765
606 962 53151
172 715 50120
10 964 37216
271 369 25632
289 960 41195
757 907 41400
431 808 48094
6 794 43290
77 842 11705
320 834 49254
157 472 44272
263 649 14000
904 971 68593
84 277 21095
414 753 34059
82 653 27295
115 294 38910
108 731 43186
492 955 51624
347 389 38184
247 468 28320
514 885 37336
195 771 16763
361 622 26306
178 218 21024
158 254 89560
66 910 38471
44 454 15620
484 519 25710
202 412 29069
186 444 32016
418 804 25495
255 806 16643
347 363 21840
212 911 38079
976 978 36249
490 779 18682
44 582 30017
716 754 35847
204 477 25020
541 807 23431
296 730 35468
111 269 43382
590 806 24083
245 783 13454
752 768 44922
557 738 27166
653 936 18439
301 675 39812
97 428 30232
537 632 54037
107 871 10296
675 784 33242
597 825 16643
170 905 16279
262 429 42755
71 954 39217
296 933 46872
799 806 21000
150 451 33838
341 374 20248
357 427 21024
338 730 36139
142 522 41000
553 896 23000
192 197 50931
543 575 48384
742 770 32016
845 850 43932
90 663 36014
183 397 36878
246 492 40497
724 767 34132
558 653 14866
803 977 36125
859 915 14560
478 910 10296
164 596 13038
154 571 23345
290 654 10440
637 676 38118
62 505 32388
476 530 27785
307 969 21932
495 912 11705
28 660 40249
404 949 22561
122 607 20591
554 693 43417
186 250 26907
159 243 12207
683 826 38013
178 854 26077
193 512 31145
32 251 20100
260 475 25612
252 627 26173
601 707 14213
456 641 43829
540 897 12728
585 692 36878
115 704 31113
87 732 24207
56 533 39319
215 725 37121
289 650 53712
313 735 24083
201 884 16155
80 773 25000
566 683 44181
422 591 11045
480 959 41231
677 888 26000
299 866 51740
429 646 18028
41 442 26926
153 595 29120
109 136 30610
165 926 35511
328 383 10630
145 820 19925
310 701 28160
339 400 12042
8 944 32000
83 975 41012
505 967 21378
561 836 30806
436 811 12042
382 609 45398
439 678 24331
205 604 25554
187 423 42048
151 662 90050
207 914 27803
510 614 38079
442 513 25456
678 752 41400
669 964 12806
226 672 32140
87 123 42544
300 819 58941
682 980 26401
222 444 36056
128 555 34176
370 642 25318
107 974 31145
292 463 13153
89 384 31780
256 704 15000
262 761 67007
56 383 55317
287 586 22472
116 126 17889
465 578 19849
24 941 38910
47 734 39446
750 790 28792
139 629 21095
353 904 27295
101 526 34713
636 712 30806
13 725 21213
64 950 23854
193 939 37216
31 161 39925
124 242 22204
584 737 34828
29 789 47760
503 979 60299
53 642 23770
657 696 41761
60 424 38949
378 559 21587
458 581 26420
115 780 32280
140 150 23022
258 795 14866
298 680 35228
745 824 33136
335 624 43186
68 177 30083
357 458 26627
384 735 37443
95 643 22472
309 960 26000
213 588 39825
348 761 47170
302 933 57983
420 906 18974
72 479 24698
700 765 11000
15 377 13892
223 603 31953
65 876 26627
352 425 28000
255 616 51856
114 874 40460
21 230 34713
321 738 14765
314 480 39294
26 682 34000
312 446 25000
463 875 20396
430 529 44181
513 792 28601
545 951 70838
319 606 40497
771 937 31828
39 174 27803
751 764 41000
423 885 10198
475 711 21000
217 584 32311
665 694 46098
384 708 25710
339 583 71281
47 972 39357
429 618 74277
475 824 24042
368 406 29000
525 724 34928
499 947 32202
409 797 16155
76 949 53310
428 660 41773
160 547 31305
257 284 25632
137 158 15652
296 338 37947
537 733 17464
184 351 21095
648 735 28284
374 634 23707
376 685 10630
544 580 12530
496 644 34928
376 931 14213
302 487 28425
203 341 30265
271 287 16000
589 673 47413
130 894 23537
123 704 24042
368 723 38626
432 908 24597
67 401 30676
110 663 16492
166 717 29833
109 584 33615
148 623 25495
308 344 55543
838 914 41304
114 355 10050
87 92 39000
433 465 11180
102 216 32202
255 822 63977
589 902 56436
492 762 23431
461 547 49649
94 961 23087
304 309 30529
104 336 42059
230 676 72180
443 612 42107
258 302 41231
186 964 45122
110 841 30594
50 473 32985
334 592 26019
44 501 30414
649 773 25060
112 561 24739
414 761 61620
216 455 29000
761 817 25495
579 825 27514
306 887 12083
239 782 57315
279 637 22136
120 467 50990
32 453 37000
254 686 42297
486 558 10198
270 548 55227
225 255 67082
19 890 43186
380 963 25239
343 910 18439
588 592 21260
93 714 12166
594 965 12530
31 291 16155
30 652 43081
62 261 22472
366 912 32450
288 299 60803
39 727 26077
26 528 25495
350 828 12369
6 286 53009
497 615 53413
392 534 17205
349 388 50695
441 606 25298
480 726 51624
159 544 33121
468 965 34059
624 905 46872
129 337 46530
336 775 31064
329 935 34438
27 560 48826
626 673 60926
35 73 25495
481 601 41437
349 681 40162
200 891 14213
508 751 31385
8 34 22804
301 784 43012
612 617 25060
237 354 24597
341 894 13601
303 694 27514
290 967 22000
239 479 34482
95 596 16031
787 965 38601
111 620 53085
30 56 26019
435 502 41110
942 968 26249
723 901 25632
22 678 38833
881 979 18601
184 559 34928
19 946 41183
209 834 18868
545 647 17889
198 395 16125
331 826 11662
113 137 26907
452 611 33615
227 951 18974
314 715 34205
503 504 23431
133 940 20518
483 613 23195
652 843 26926
20 311 35228
769 957 28284
482 798 36346
350 476 28302
437 575 30676
95 164 20809
689 719 30067
348 777 30871
213 410 36797
134 805 21024
243 323 53824
814 982 44102
101 953 27166
500 848 22361
462 740 10770
96 118 38210
550 864 13601
39 242 32016
952 957 22361
6 819 31064
79 539 62290
33 191 12000
166 185 13454
338 792 27731
611 824 18248
686 977 10630
762 903 14318
272 675 23022
390 892 51196
360 500 42154
438 677 22361
135 455 31623
31 856 31401
748 844 29069
212 610 65924
49 185 48508
175 518 39013
426 657 28653
452 652 11314
33 568 26833
520 892 18358
425 847 59135
265 416 12042
592 749 51971
402 454 30806
845 932 38210
385 418 80056
659 810 14036
823 839 23770
131 670 44643
205 460 46872
769 952 16125
268 918 47000
697 795 43186
3 558 36125
138 518 72201
468 511 50000
189 323 16553
84 456 18028
503 544 30265
43 77 31385
350 500 62968
489 674 38949
644 916 23854
117 152 38079
504 574 16401
480 585 40804
343 748 22804
735 972 28601
121 817 18028
371 948 18868
397 556 32249
173 823 17029
396 809 17205
161 856 20591
354 959 33838
106 947 65307
162 623 30480
427 581 21095
105 880 21471
544 546 23345
442 925 27019
91 954 25495
209 320 40522
119 632 33941
460 739 32249
353 827 36359
64 753 33136
964 966 27074
386 401 27019
73 288 32202
223 944 36620
322 945 32202
481 841 25000
225 822 17000
368 893 27295
301 478 20518
109 411 27203
239 356 41869
89 531 31623
105 839 35847
409 772 12042
162 882 24166
162 406 21095
151 196 156170
188 906 12369
621 724 19026
229 727 26476
522 831 28302
887 907 38833
37 414 29069
13 731 29967
288 893 10050
26 980 39560
365 372 19925
133 371 40050
515 702 41976
333 609 33615
226 803 23854
10 377 31623
562 166
679 938
425 292
227 727
693 620
755 854
881 339
657 438
407 778
448 399
471 324
904 504
886 721
185 186
465 381
456 593
232 893
672 959
648 159
186 768
751 204
342 916
640 909
607 386
585 827
600 89
601 775
685 837
612 824
433 120
358 677
804 160
726 910
651 416
80 413
469 804
655 591
123 285
672 63
500 709
448 426
583 448
345 535
374 277
596 224
900 590
131 606
173 534
305 726
700 497
412 870
340 766
258 919
807 137
985 442
432 146
715 426
826 411
754 912
888 626
101 409
867 561
124 469
567 608
145 596
602 365
991 500
370 743
432 694
452 333
545 989
467 173
91 390
668 567
541 104
84 302
372 519
240 370
509 757
758 784
728 683
421 227
176 803
347 410
283 557
739 425
844 710
615 946
155 709
475 660
491 957
808 695
601 676
732 65
808 403
407 806
689 854
850 279
133 553
451 729
938 634
255 271
356 813
880 596
304 588
437 327
274 611
881 679
885 230
507 643
155 258
866 766
52 411
229 301
824 644
114 556
39 320
433 778
561 809
941 418
644 659
629 833
823 673
644 61
311 367
98 564
838 315
376 655
868 413
211 139
385 848
301 261
269 348
611 322
183 287
904 206
34 391
613 277
585 337
762 154
728 378
479 465
482 530
458 564
619 190
403 539
503 795
174 509
717 237
775 135
18 617
54 285
713 792
336 44
196 312
479 186
734 756
20 398
600 551
557 482
373 714
173 469
536 168
791 391
506 858
249 704
335 384
783 726
596 437
439 714
291 193
224 815
345 625
694 46
617 220
180 412
342 732
683 699
75 563
149 152
790 802
356 848
938 520
832 840
258 714
529 405
778 281
181 778
614 485
676 452
714 910
736 690
399 645
980 415
793 769
76 762
773 725
516 895
423 973
688 636
559 779
443 693
249 162
49 609
855 369
624 74
845 195
648 923
255 474
378 822
556 890
747 595
445 113
278 676
920 745
229 290
868 273
692 718
753 477
263 155
448 128
549 372
627 449
661 764
772 121
66 477
87 272
280 413
624 54
758 238
282 322
834 741
49 313
201 678
554 417
538 563
337 788
725 175
520 199
524 69
802 296
647 83
590 544
596 752
853 325
932 363
618 695
415 509
408 990
511 385
824 162
705 240
389 133
10 487
706 133
846 651
876 515
383 498
239 267
331 89
879 542
600 636
818 789
454 156
517 41
650 544
328 737
726 770
136 219
435 251
538 442
671 278
378 358
566 990
778 99
259 639
358 428
221 202
700 333
680 658
317 298
725 811
936 432
867 491
485 687
808 855
554 442
120 404
339 646
920 584
364 662
786 669
736 179
807 679
868 206
391 377
928 340
929 260
169 368
700 870
650 336
351 472
922 548
319 687
346 860
334 849
414 615
882 463
335 713
623 903
190 733
591 691
199 629
295 812
790 612
155 778
521 138
665 929
118 812
244 513
298 316
232 338
621 500
254 509
270 247
444 598
172 577
404 195
616 964
552 119
732 389
501 825
500 938
506 65
397 807
840 583
827 435
427 389
208 899
389 549
219 166
191 162
652 373
828 476
386 981
597 214
274 455
671 588
475 967
560 301
850 829
733 650
856 792
326 766
228 311
547 231
749 519
772 396
529 744
517 284
970 587
396 831
295 449
584 114
273 272
573 868
117 432
134 438
514 433
271 922
267 388
292 266
587 96
230 183
923 604
789 221
458 369
777 827
447 176
281 297
310 352
525 906
396 188
162 678
524 665
979 469
211 692
428 948
247 428
717 563
204 734
122 315
942 494
195 341
502 903
742 937
914 492
489 58
555 866
209 887
962 490
366 240
361 872
110 329
524 156
155 458
855 780
497 844
893 601
420 86
877 256
456 719
117 675
626 589
913 761
518 53
266 227
559 737
483 975
187 787
224 635
653 799
776 323
907 660
733 622
528 265
740 500
672 829
558 628
211 539
6 577
289 911
801 226
511 768
302 508
522 731
171 185
802 530
404 928
612 467
164 770
434 449
948 310
561 406
455 116
615 684
719 632
181 275
329 503
490 358
807 124
401 96
816 195
384 265
209 269
341 427
320 724
771 534
949 531
881 408
482 484
634 756
788 682
188 847
799 215
534 850
975 380
637 674
28 575
597 818
636 504
776 742
708 465
720 701
347 69
545 277
74 610
635 350
490 182
305 774
457 652
726 445
76 710
86 443
300 363
424 246
329 490
195 700
717 842
823 538
568 6
910 397
430 484
671 509
604 839
408 859
556 966
780 707
354 340
501 323
344 282
271 481
575 537
557 522
899 566
15 592
690 926
119 654
419 209
673 205
667 714
376 624
416 431
809 320
494 149
198 805
599 589
656 219
92 468
715 497
815 249
438 465
342 564
447 281
234 840
972 627
823 272
581 72
215 583
569 263
181 727
227 100
427 185
136 305
688 256
40 626
535 779
469 355
447 763
536 52
257 126
494 802
157 221
571 567
116 187
588 583
529 468
476 214
282 653
119 787
671 111
564 71
277 471
583 919
364 623
882 496
338 312
422 256
798 832
573 815
842 772
208 635
548 932
211 242
483 569
804 372
772 878
750 898
79 258
84 367
352 27
475 583
470 840
544 512
142 175
336 246
651 35
814 228
221 458
560 573
758 511
404 276
168 840
898 261
329 807
546 463
475 875
464 78
116 485
695 95
652 788
480 64
361 719
628 702
685 784
792 404
226 423
590 186
818 806
701 725
463 611
643 583
638 479
833 382
541 139
140 778
647 843
764 735
531 951
808 570
388 65
951 352
73 733
682 242
598 933
739 93
963 374
507 574
474 276
158 311
229 873
944 591
193 492
401 764
424 983
102 531
702 214
608 428
583 316
457 864
344 123
537 833
974 436
209 194
916 537
541 361
707 312
713 475
196 562
285 250
321 388
267 897
800 382
442 867
913 474
548 643
124 171
179 619
804 789
290 668
455 823
393 104
408 251
930 587
238 726
373 548
503 251
381 645
575 171
703 801
595 919
63 695
511 659
919 451
990 576
191 114
568 232
676 749
495 387
397 891
257 88
63 445
158 507
743 813
658 297
745 309
782 540
380 924
840 721
933 295
437 980
630 105
760 368
643 146
781 228
15 445
957 505
764 669
282 85
908 524
211 350
357 831
540 913
948 557
765 548
491 211
423 476
704 158
334 118
191 267
651 900
453 140
232 668
846 666
696 360
192 683
474 602
168 703
306 115
475 384
347 48
571 368
509 691
613 674
268 791
696 903
220 711
178 448
280 115
631 849
842 515
720 161
170 424
248 872
883 742
261 747
650 49
373 585
551 828
418 354
913 708
859 691
551 786
111 640
183 647
354 89
920 288
311 309
885 440
630 746
438 360
542 7
918 633
268 656
367 29
733 416
188 215
674 379
490 13
607 907
90 642
355 891
600 611
665 885
265 781
582 258
318 827
251 68
632 917
902 414
667 635
928 412
490 895
90 601
191 256
746 77
282 875
398 904
314 82
522 32
798 753
892 613
782 777
423 773
842 552
513 238
699 575
95 300
828 520
833 613
231 139
577 193
862 335
625 301
594 294
617 922
616 739
265 562
628 779
597 880
658 743
439 414
428 576
760 811
394 508
218 656
887 586
731 481
697 140
48 650
418 98
907 610
46 464
582 726
602 303
697 119
275 141
9 529
732 923
589 170
513 739
950 469
378 25
58 559
283 341
306 282
662 660
720 510
757 885
625 209
112 692
764 106
328 624
370 62
212 432
738 399
887 773
572 298
132 684
43 368
462 480
489 193
444 498
239 464
461 499
867 754
644 971
869 222
337 602
706 595
477 637
383 515
379 127
687 353
204 393
505 95
789 641
497 345
686 370
247 402
770 439
321 605
684 39
709 701
834 544
383 696
520 779
419 920
247 218
597 127
628 146
609 727
669 777
111 798
310 224
135 329
298 95
609 543
820 380
324 176
283 606
614 862
703 299
255 332
768 686
123 581
937 678
329 891
634 22
294 569
558 462
195 479
697 264
574 773
774 333
319 543
323 844
806 550
218 901
691 163
697 647
706 513
121 414
206 162
288 527
300 471
545 43
436 341
464 577
232 246
161 400
88 534
931 398
869 816
427 725
169 781
285 852
300 933
982 590
640 359
712 610
600 850
68 419
828 217
243 232
455 887
374 266
679 770
577 92
622 477
591 378
791 497
341 459
966 604
407 448
500 893
632 382
414 200
381 101
744 192
778 212
200 431
382 423
98 683
647 949
396 265
820 730
292 54
380 613
284 362
642 403
354 126
303 698
657 470
203 324
684 139
373 314
257 404
105 351
587 595
93 254
312 66
941 607
508 976
873 361
242 101
334 62
445 670
315 734
335 687
725 87
129 726
260 283
485 395
639 708
483 422
920 562
374 143
423 595
856 811
820 864
166 624
922 684
295 634
147 832
420 893
22 437
435 926
569 477
614 126
575 435
34 522
613 308
