606 1018 9 154
265 472 12649
125 600 55902
55 605 61098
61 524 59506
362 475 57245
57 153 38419
66 344 39560
66 250 26401
73 342 66573
3 48 31953
170 498 23345
35 396 55444
437 492 17205
340 401 25179
194 481 46141
91 136 15297
499 559 17029
105 164 24083
184 418 21095
104 250 27803
349 444 64133
40 413 46840
178 252 21213
387 393 39051
41 305 39205
50 530 42059
328 350 60729
547 548 63640
70 388 27295
401 594 42297
62 251 37443
73 481 50990
319 396 14866
397 555 16031
271 483 24839
357 394 20000
215 498 40361
38 108 25495
315 521 22561
230 260 52086
445 490 25962
11 245 35057
214 518 65765
8 433 47854
321 361 28636
248 549 25179
129 210 37121
238 453 66030
392 508 54406
76 371 49000
161 310 24331
160 194 39051
9 270 68118
183 499 44654
216 598 44643
4 436 33541
88 557 66708
110 452 39205
159 574 46840
88 570 17464
63 182 23345
192 469 68542
79 414 55758
350 509 24698
180 590 69376
214 485 20616
196 403 42059
484 560 57585
561 569 71021
526 567 38328
197 204 33106
123 305 41437
78 594 23022
131 576 23601
153 279 30480
101 255 28284
293 435 25710
227 244 10440
197 499 18028
246 498 26833
2 4 39661
361 497 27785
62 390 31321
98 198 33971
136 201 28862
174 546 27203
219 303 64203
373 390 39357
546 583 31401
84 156 15000
8 403 61000
89 419 51546
116 154 18385
395 439 15811
44 513 59414
376 545 21840
282 393 33015
228 592 34928
30 244 50040
6 241 33734
57 526 92087
180 562 53254
38 569 41037
379 455 25020
403 495 66272
500 560 36401
415 500 73498
128 304 47634
386 537 44102
333 417 31257
440 459 18028
317 484 61855
260 442 27803
111 422 38328
317 560 36359
315 548 53339
82 154 25554
2 230 52479
175 425 22672
53 180 45706
114 322 22825
488 549 26476
102 377 58009
3 438 14318
143 297 34015
64 242 52000
413 600 35228
430 479 35014
158 429 44294
86 178 29155
401 496 45177
184 302 13928
172 260 26249
60 236 17720
444 525 43600
3 208 28018
333 556 45122
22 343 14866
108 424 24042
29 138 27166
563 570 17029
98 406 24759
205 426 62008
292 545 59682
95 199 43417
46 186 37000
15 109 37643
124 601 14318
420 586 13153
238 407 21401
291 421 61294
288 494 61774
48 577 26870
58 313 61847
183 419 28844
113 150 18385
295 575 43382
212 380 34000
111 220 43267
145 576 11045
362 417 49041
186 266 15033
75 210 55570
26 555 45967
91 437 35440
17 471 23707
474 569 27857
108 474 15811
65 103 28460
28 494 35777
130 366 48384
482 512 32140
310 582 45695
479 533 42450
278 379 33971
43 154 16763
448 462 45706
125 196 52479
353 598 19925
240 329 13454
472 564 30232
360 561 68469
277 373 24000
279 346 45044
112 517 21378
72 491 39115
267 316 34234
293 356 53310
18 518 33541
130 170 43841
210 323 13892
402 564 13928
105 152 18028
173 270 49649
334 366 27586
31 566 42720
47 419 30610
251 408 48260
54 456 28460
441 596 43186
407 586 17029
441 523 15297
302 418 33242
25 153 31385
399 463 39013
403 524 74947
105 219 13416
70 465 24698
21 148 56648
160 223 38897
125 413 56798
230 532 23087
247 249 23087
226 530 84593
47 56 23707
85 547 48260
121 508 46690
5 201 45398
330 557 41231
99 325 18248
416 522 92136
72 114 39115
374 592 11180
94 158 23022
49 165 30676
126 387 47885
343 606 18974
170 334 34234
15 457 15811
320 382 21190
309 556 46615
57 81 73027
5 577 44598
13 235 30414
127 175 59034
194 434 14560
286 347 51000
289 460 58822
8 524 77885
390 459 41869
177 529 51039
231 449 51740
174 584 46141
103 140 26401
273 378 25000
363 436 49041
79 203 24331
340 594 49244
227 544 21587
485 511 17804
193 283 10770
508 601 35341
431 447 62626
55 292 19235
99 336 22825
131 367 63781
159 239 35355
316 414 39661
264 472 45618
250 299 22825
235 450 28160
224 549 57035
83 456 24083
228 374 36125
8 382 29833
371 549 87023
175 494 33941
139 471 21401
295 351 80660
369 514 36249
70 397 39205
493 549 74027
180 446 63198
126 297 22847
198 487 29017
301 351 47170
7 461 81688
519 530 16031
72 300 15297
204 539 28320
181 297 34886
56 430 24000
69 422 53151
259 525 51430
188 306 22091
341 373 52173
231 484 31906
269 415 41110
30 223 18028
209 547 58796
376 596 46043
119 342 53488
450 480 27893
155 492 44204
349 525 43566
299 572 27295
92 220 23537
410 451 26401
513 517 15232
355 359 73980
243 475 76844
87 385 34482
71 354 40460
415 552 12042
208 438 33615
269 552 31257
285 370 24759
6 473 22804
34 543 32249
171 202 11314
485 538 12207
145 451 63789
83 598 49649
60 199 40200
13 411 23259
219 336 17720
112 590 47011
265 275 33242
39 87 25962
65 486 20248
135 202 16279
370 543 29614
164 599 33136
470 563 46141
4 156 36878
82 116 15524
103 583 57035
193 553 11402
110 482 18000
25 120 15811
184 589 24187
183 430 37483
486 584 20591
306 466 41037
12 447 50359
133 215 17804
292 327 41485
6 9 195510
59 542 38000
441 554 39560
80 386 33242
258 298 44598
271 605 57585
304 386 66121
234 604 34015
367 451 70456
321 597 29155
431 574 72498
67 259 60208
233 298 24207
138 276 13454
521 601 14866
220 599 66483
468 581 39115
192 266 35171
288 534 41725
195 205 72918
277 387 15297
500 552 71449
272 444 42450
565 583 65803
169 558 26476
242 307 63071
384 528 11402
127 172 48795
27 365 21471
349 356 43000
157 325 33121
392 573 22361
326 504 44944
229 557 43012
188 345 59464
33 533 19313
451 475 68007
157 236 28862
294 580 60415
145 213 12207
37 286 33302
310 405 68250
149 289 33242
97 104 27203
26 273 40817
233 321 16401
357 376 39560
441 454 38210
312 421 35014
10 498 43174
57 182 56515
311 550 51624
253 588 34655
146 416 26077
32 343 21024
122 602 32450
63 153 31385
441 540 39446
201 439 40025
117 421 45880
101 200 35777
88 330 60415
257 296 31953
96 262 43417
324 407 37336
60 352 48374
211 289 48270
77 323 13601
11 135 49679
76 240 34132
314 502 54120
90 141 34540
300 435 72422
24 578 28178
266 476 12649
109 531 60075
255 453 29120
391 507 25962
190 242 30887
29 276 19313
254 507 61984
81 182 23431
92 111 23022
68 547 42755
127 232 36056
130 256 46519
203 274 43417
214 511 12728
120 346 22023
129 323 38949
341 558 20000
396 412 38833
469 587 37216
21 503 53451
62 527 30480
263 591 37577
278 455 24083
312 588 31385
340 467 38897
199 599 66483
44 112 62586
114 435 89404
115 595 30000
256 375 35355
447 574 33015
264 275 29833
541 554 15524
523 593 49477
332 501 50488
99 528 17493
84 363 13000
31 518 89538
162 393 18028
13 480 30000
479 539 36056
420 498 33377
23 58 37336
189 212 38013
10 375 34482
87 460 15620
78 132 11402
312 409 44385
42 278 41110
261 368 27459
225 391 46573
77 210 25179
35 142 47043
2 442 29833
217 337 31575
311 394 51662
478 516 12530
583 584 40311
207 397 13153
122 205 50448
115 213 44045
41 107 43417
21 198 64133
249 531 31890
281 510 54918
362 579 25318
109 249 40249
32 322 27295
464 572 24698
535 603 68250
226 355 61741
28 175 11314
14 545 54644
508 521 26907
20 117 50220
536 551 37443
129 606 34132
374 568 23854
23 49 13928
290 348 36069
94 429 27203
477 488 38601
241 338 86093
160 163 52773
161 281 75425
352 372 60539
146 550 59034
222 508 45188
29 432 33121
187 538 28302
35 529 39446
19 434 47434
34 100 89822
12 571 37000
269 495 30067
111 605 46098
53 246 48260
292 368 58694
411 525 55714
74 533 31385
300 491 43681
93 579 51039
1 375 11045
31 380 29614
196 600 19723
311 432 41437
231 389 53852
151 503 39395
35 339 39825
155 437 46840
142 161 49163
102 364 15556
466 569 81615
55 280 48010
240 477 27459
275 347 26627
81 526 76922
224 248 32016
259 532 46011
298 501 33541
17 287 101237
95 226 39812
443 539 21840
299 464 18028
395 441 38328
265 268 18974
63 166 23431
195 344 35171
20 597 31623
366 494 63285
237 293 51662
168 245 25020
463 534 28653
422 599 18682
226 359 64382
68 85 14318
115 123 16279
165 383 48918
69 429 70328
206 440 13038
221 316 59439
328 508 54129
76 549 38053
77 218 54452
157 490 45188
290 424 41773
42 542 54708
169 277 25080
181 587 15133
516 554 40311
541 593 25495
68 408 32249
216 604 27019
80 200 38288
174 324 46065
22 52 55145
4 462 49679
328 509 63891
362 410 25080
261 394 64257
280 483 20224
309 335 56089
51 361 28302
55 327 30480
1 256 29530
257 562 46000
456 514 35341
74 513 82765
446 562 31401
164 384 31257
98 487 24331
131 218 31385
404 470 17720
26 284 42450
355 412 17464
24 39 56639
303 445 35847
12 239 39623
15 346 27893
167 190 25060
127 211 37577
11 168 45000
42 59 56080
61 245 36346
274 604 21024
155 167 38471
180 404 46011
176 482 26019
469 476 43417
318 580 54918
119 369 48166
161 510 70292
155 519 35847
313 579 45541
30 227 48508
281 551 74250
10 420 17493
81 166 20025
187 485 26077
250 267 18000
158 605 11180
486 583 50329
502 595 35384
446 506 14213
179 260 34928
59 589 20248
423 559 55326
458 496 79076
454 540 34986
238 586 16492
450 558 19209
160 544 35171
171 560 54406
23 313 53600
69 164 50040
17 359 54589
120 153 24187
148 151 36249
247 591 66038
163 514 48765
427 468 25554
64 199 67082
275 497 35341
345 488 61131
279 591 29967
100 285 26077
110 176 32202
301 342 74793
107 305 45695
536 582 32985
88 216 37643
121 326 44385
355 471 73082
66 267 21095
233 597 37054
335 405 138452
83 353 44385
344 572 15297
146 311 20248
27 351 37483
88 229 50000
285 543 47539
14 292 26077
54 83 11402
147 304 34928
238 246 26627
92 307 14000
225 466 32311
357 596 29547
1 324 26077
177 372 26173
320 603 19105
256 494 58189
290 571 34713
20 258 61057
551 582 29017
286 424 49820
329 371 13000
138 458 58694
51 501 55471
46 215 19416
22 32 30017
7 309 63008
283 553 19849
128 189 47434
206 435 12369
36 474 43186
181 364 33136
29 458 47127
161 536 14142
251 505 26926
221 241 46400
520 527 55036
443 452 42720
26 162 52202
360 389 22804
101 517 11180
66 414 45277
61 168 46098
200 537 32249
202 524 26077
331 461 43186
473 487 25612
432 478 42953
506 562 34000
16 543 29614
48 137 44822
179 232 33615
221 369 46573
65 407 52010
221 428 42202
506 590 32757
5 438 38328
163 456 61717
54 79 24352
230 462 22825
367 576 66129
46 476 33242
49 383 42755
16 317 61392
33 200 39812
123 595 35511
44 257 53852
131 213 37336
169 373 36069
268 348 37802
306 515 41773
71 573 63891
37 191 55227
126 282 26077
257 563 49254
136 577 13601
400 538 27659
243 451 101637
276 593 60828
90 467 13153
528 599 46872
12 431 44385
37 535 73082
73 119 55326
52 409 12166
181 469 39825
79 509 14000
362 556 54406
35 367 50000
19 227 56356
302 379 47074
80 255 18601
38 191 70007
11 202 52924
102 181 26077
109 511 42202
109 457 30480
321 501 35355
407 453 68600
204 443 13000
272 492 82098
364 381 16643
296 563 51662
396 529 53907
428 487 30067
67 534 45100
18 566 14866
171 269 29069
106 383 32450
398 493 38079
271 522 31257
385 460 29000
67 399 30480
37 320 66030
97 338 38275
118 336 28601
45 211 32573
47 147 24187
141 217 81498
64 220 30000
117 312 46098
127 179 12083
523 541 38601
5 540 36878
262 403 78772
411 480 29000
180 465 66287
104 464 52010
36 571 22204
195 391 10630
382 603 25060
113 264 73335
134 262 26249
222 585 21471
377 463 59228
188 515 27514
308 583 100703
287 356 67186
222 234 18385
55 271 48918
518 553 45177
274 585 29833
13 381 40000
165 314 43290
402 504 43829
434 544 20000
294 360 14213
58 314 60407
45 363 50448
378 557 25080
113 354 67978
110 512 38275
423 512 31623
118 303 43932
191 580 44822
7 331 116250
388 563 21471
148 301 15652
515 602 17205
11 318 37000
85 387 35468
150 312 40249
518 566 46819
89 183 51856
95 355 40262
116 189 19235
93 313 57628
16 484 45486
235 381 27659
228 425 32450
137 208 18248
162 209 26420
144 254 25080
192 587 67742
284 547 51245
9 338 78243
256 568 44011
124 229 44944
206 293 15811
337 385 51225
223 456 55362
97 221 83006
152 429 118714
302 589 24839
333 489 34482
257 570 52802
172 534 35000
143 169 44598
185 502 56089
330 378 19209
51 332 43382
253 409 50120
439 492 40311
187 400 45100
40 595 58523
546 568 62968
40 298 43382
199 226 60745
328 585 30083
254 328 57775
43 128 19105
33 479 48508
53 186 45255
212 308 29732
288 366 31890
144 225 62801
121 159 19105
311 478 55570
296 562 19416
263 425 55362
139 355 68505
74 295 69462
438 545 27074
185 314 15652
531 546 50912
106 313 39623
70 207 41976
388 404 22627
440 520 21932
318 484 49980
133 377 26173
142 243 36401
147 537 21471
84 232 40311
124 234 48765
405 475 40162
94 271 41725
408 588 56436
107 258 52326
149 263 83217
28 127 58898
372 490 42544
166 578 14036
7 134 67535
205 398 48260
295 452 21401
199 236 46840
86 252 31623
117 150 37483
400 457 36401
124 273 39446
202 495 42438
358 606 47170
417 489 14142
75 339 54424
427 581 36069
27 503 52811
294 389 13928
237 341 47434
370 449 20591
351 481 50329
256 592 49041
185 403 39294
315 392 45044
350 507 58310
39 90 106400
156 363 24331
192 282 49769
197 559 11180
118 325 37443
173 398 57009
50 519 29698
134 461 21213
332 433 11402
37 603 66219
177 319 23195
345 360 73355
86 331 33541
395 448 74626
82 380 22804
353 604 29732
209 387 34176
71 564 28443
247 546 53460
465 555 25020
43 89 35735
173 205 61717
100 329 27731
467 567 145279
505 520 55362
252 495 67186
406 487 15652
319 352 40497
325 445 64661
280 327 32650
497 597 43566
52 322 50249
406 473 23770
177 510 39925
56 147 23000
24 567 80895
149 578 12530
140 308 64846
248 602 65000
26 207 30150
261 292 49041
335 489 106301
96 178 31401
354 573 37000
575 581 63151
336 384 29206
237 459 44045
410 579 14142
34 317 41231
193 565 33136
132 141 34986
287 530 60959
270 493 24187
319 412 32450
357 368 41146
291 606 27803
218 606 67186
14 137 12166
339 367 24207
140 583 76538
9 426 21095
433 535 51478
542 593 12369
306 561 51000
132 455 11180
84 442 37121
13 399 73430
449 477 67417
448 532 42297
272 395 72863
93 106 38118
143 381 20518
36 144 82219
88 244 36235
483 522 23324
152 219 21095
151 365 14560
91 167 21213
311 516 57315
217 436 37643
89 423 100020
176 468 35355
75 396 49820
212 565 77389
198 428 43841
41 358 19925
19 44 57385
107 291 32894
45 337 48826
470 562 28231
505 527 45343
18 283 26077
203 328 56798
122 224 47424
253 491 17088
239 326 16401
292 307 67067
418 448 73164
131 358 56321
348 504 35440
268 347 37736
138 496 66287
96 403 86313
97 426 71021
25 400 46043
133 334 31385
301 365 48301
78 141 33734
402 573 74250
50 190 41437
416 550 80056
32 139 51624
135 524 19105
284 548 50359
376 454 30676
427 575 53038
645 745
766 584
790 312
788 551
809 353
142 840
299 45
260 264
42 672
613 744
139 294
287 466
627 531
800 268
779 803
89 348
563 292
707 941
406 744
374 381
225 914
490 291
341 152
861 700
843 800
436 578
293 880
706 672
931 400
309 706
656 966
516 276
459 876
44 314
551 150
228 469
236 373
200 402
899 658
334 280
418 240
919 457
567 984
444 787
816 640
554 679
498 922
760 301
328 147
708 301
309 339
494 346
551 699
256 675
839 245
487 901
855 801
354 187
867 478
678 140
210 297
522 463
819 742
712 240
587 806
187 666
686 575
502 488
797 121
448 649
375 459
519 347
271 818
414 867
567 188
26 471
536 211
924 527
248 652
524 834
857 728
605 966
263 684
792 596
508 501
174 127
874 665
391 691
533 995
963 573
756 334
759 217
357 94
842 178
644 201
234 119
123 712
188 874
714 115
26 402
511 827
605 588
596 833
149 704
745 99
354 132
429 282
205 427
768 839
375 954
772 198
505 801
436 424
540 314
390 213
590 962
423 370
717 81
265 763
828 795
338 528
69 586
401 225
367 619
296 286
554 570
751 634
554 970
506 253
651 717
453 192
913 530
587 664
268 105
171 256
771 331
788 266
934 427
567 268
580 854
931 560
549 103
589 548
234 551
428 172
940 313
510 901
245 861
825 719
429 407
260 894
760 89
831 771
583 979
701 355
780 587
667 128
819 177
319 530
327 748
553 54
486 563
275 757
747 123
299 137
837 727
735 337
175 267
559 515
620 686
151 237
717 599
46 653
664 780
714 680
349 973
613 145
203 124
756 623
506 691
591 610
842 746
493 962
832 498
287 194
519 667
814 883
110 543
593 943
747 315
199 332
509 618
689 917
357 773
167 594
269 241
441 927
213 851
682 180
495 859
764 359
159 245
272 648
411 913
101 625
590 398
439 608
791 284
499 540
539 236
785 650
627 926
418 179
787 889
573 675
355 680
850 569
482 204
739 87
736 222
172 779
327 615
299 721
26 566
172 541
661 237
356 718
704 713
351 661
739 539
110 350
787 636
358 318
320 632
597 536
695 135
612 461
569 741
314 495
29 437
135 807
732 288
536 69
359 708
174 292
591 726
725 799
27 534
732 821
171 687
501 432
200 145
506 392
244 574
539 823
671 759
430 735
406 329
691 515
742 591
860 285
276 130
747 748
363 417
310 433
518 652
189 687
292 427
153 208
38 604
871 208
732 464
401 599
315 654
334 410
924 418
534 513
906 496
808 751
887 244
628 62
528 572
685 927
465 547
48 388
261 395
631 367
660 650
816 687
243 432
460 293
822 254
599 411
135 413
354 902
460 724
575 579
373 299
160 667
534 344
252 847
837 511
688 48
524 933
387 264
132 541
759 231
599 916
350 82
529 50
933 332
465 389
393 139
294 180
388 587
185 721
76 288
174 306
616 168
234 307
345 328
520 303
532 224
623 759
696 112
327 485
862 265
297 597
38 427
416 636
204 112
290 300
412 29
616 652
339 27
734 104
844 600
91 733
516 169
988 534
585 500
215 782
495 277
176 628
90 487
806 796
312 395
269 457
691 432
239 615
299 843
654 182
306 673
406 485
605 211
648 432
863 345
437 246
617 284
124 422
333 354
412 71
804 591
594 577
274 890
636 671
501 150
845 308
217 767
66 371
26 422
631 126
534 489
728 740
646 734
825 334
606 646
401 624
883 521
627 960
603 563
241 287
336 105
716 127
884 632
528 867
531 528
444 676
130 400
552 454
160 586
390 542
501 553
883 345
782 411
606 157
452 610
61 598
663 595
817 838
985 509
342 467
249 204
460 692
476 7
170 857
586 754
474 472
482 348
422 94
648 521
598 195
321 235
218 699
114 195
942 287
443 33
814 487
517 946
598 735
466 354
762 161
433 993
212 404
731 695
63 674
353 920
182 820
858 156
487 925
244 477
947 371
281 307
361 759
593 386
821 545
746 368
804 315
773 398
583 409
819 401
759 613
411 900
703 495
655 62
501 754
293 516
742 474
76 389
600 508
443 110
371 915
531 795
815 363
908 520
247 702
788 816
976 386
584 427
864 653
247 108
750 519
664 634
150 652
469 636
160 511
976 571
366 942
572 645
465 709
584 281
322 437
164 834
196 440
463 45
530 656
52 452
905 380
452 924
627 501
317 796
375 972
890 224
127 323
792 869
606 813
184 850
29 483
445 19
648 87
522 386
736 382
26 583
690 704
183 210
989 464
319 378
603 702
456 937
73 256
340 293
342 205
276 930
303 447
515 409
492 765
185 593
346 574
248 638
598 108
778 880
407 975
487 828
232 734
101 569
894 374
501 822
740 935
687 322
568 393
366 592
902 204
816 416
185 243
668 469
931 749
545 443
705 130
571 116
671 321
708 842
737 516
441 883
689 620
306 352
555 40
491 891
799 859
432 894
785 381
853 405
867 440
60 342
361 739
831 313
672 806
460 496
415 541
24 509
977 359
576 9
122 204
700 914
857 390
468 611
368 39
376 626
585 520
439 938
107 269
132 490
476 735
425 686
347 454
692 884
696 951
941 712
715 760
170 430
408 687
250 466
173 643
394 520
274 543
315 883
439 173
779 320
836 713
408 96
164 360
327 945
547 8
653 831
624 803
308 625
585 737
576 608
481 416
856 495
524 758
781 764
718 745
864 428
943 514
366 231
851 372
356 355
312 692
744 156
286 231
361 606
87 559
253 309
334 663
817 188
477 271
