898 1608 27 88
222 342 15000
518 815 41593
6 682 19416
507 827 15524
398 848 43012
593 716 46043
373 391 25942
526 648 53235
526 574 22627
126 417 56089
171 784 56613
383 469 20396
243 702 37537
837 895 24739
798 817 37656
201 407 55317
409 862 31401
64 893 16155
276 343 58421
551 856 18974
52 197 26420
591 742 22204
89 701 35171
375 686 27659
56 753 16031
722 736 24698
590 597 47074
459 583 61327
146 664 67186
741 833 25942
561 709 51108
105 304 52202
534 555 70342
647 885 37363
38 99 58052
24 326 35903
17 161 42059
220 335 46615
614 793 22023
68 884 56080
270 282 31401
718 789 25080
169 731 17889
300 745 24042
312 334 24759
169 797 30017
362 621 39000
827 857 52631
392 490 46840
220 323 23431
62 275 24187
58 819 54148
181 687 31016
101 873 30364
222 406 16763
161 689 26571
254 724 25298
233 766 22472
207 325 35468
45 775 27019
72 269 12806
161 599 51245
332 751 25612
431 572 59414
272 876 19235
370 730 35355
491 697 31623
185 444 50488
371 854 25060
719 776 40025
245 427 59464
229 455 60415
213 274 35114
375 813 44911
6 266 21190
63 456 43463
515 848 45651
90 131 20248
618 690 10296
217 266 48765
690 742 13601
356 494 20809
245 523 17000
670 764 46043
298 777 30871
114 570 34132
39 626 23259
527 692 28302
37 326 37656
510 845 38471
37 611 39395
92 314 19799
284 456 41049
115 548 38626
236 624 46573
343 788 44777
504 841 31257
60 467 25000
547 812 14422
370 504 50606
142 573 36359
5 52 28178
331 894 43012
483 555 22361
91 887 64031
157 285 48836
254 800 55543
154 793 25298
318 559 43081
290 638 38079
24 364 47000
457 871 13038
338 443 23431
97 596 32388
524 840 40162
71 537 58523
68 197 16401
325 585 34828
32 646 42450
91 803 38471
39 519 38949
468 808 31906
705 832 40200
44 237 12649
334 700 50249
19 752 12042
476 701 10817
158 616 34059
603 661 24698
37 478 37121
165 486 12166
82 688 23324
336 426 31385
324 377 49820
350 688 19647
276 826 31890
403 840 42438
163 870 54644
384 670 34482
195 668 44911
144 508 25000
768 890 36125
118 886 20518
187 851 11314
212 416 33541
385 535 34205
302 813 53009
192 365 49679
260 650 38626
360 740 62008
492 644 32388
125 520 28071
558 659 58181
506 556 43566
110 837 13038
335 472 23707
569 641 25060
322 801 38210
63 143 32757
157 546 53310
35 500 29530
207 742 25495
115 853 28862
481 623 25554
419 863 16279
892 894 114140
562 697 25179
54 603 10198
20 604 38897
114 419 22627
516 592 21024
547 835 15000
566 602 55000
344 502 22023
438 829 18028
675 713 24083
311 490 21587
228 265 28636
327 336 44011
591 809 11705
142 594 31064
460 724 24166
532 592 40311
489 825 43738
398 473 24042
101 277 46872
214 442 28636
567 601 24021
357 897 13416
412 597 31906
209 513 47096
56 165 14213
167 477 16553
176 476 33971
293 553 26000
417 747 36497
105 815 32450
642 706 12369
602 621 39812
429 434 50090
625 663 18682
183 808 17464
212 597 68447
179 852 43966
537 753 44721
422 543 18868
38 853 20025
126 795 53740
376 394 23537
260 759 106075
506 738 38210
618 742 15264
191 675 14422
2 832 35511
63 560 37054
519 626 17889
615 781 51108
249 535 25495
395 611 13601
353 579 11180
270 494 42012
285 447 72560
195 348 40497
160 396 13892
750 768 31048
505 770 23431
477 565 24083
119 315 19235
369 872 45011
122 243 15811
126 278 64405
458 729 33242
394 831 27659
756 758 58421
188 346 22361
296 890 39000
568 814 21932
649 837 52924
380 463 18111
221 781 24083
430 581 92655
169 868 17088
463 869 59363
141 264 38626
464 576 31016
39 716 68593
243 366 34205
156 862 52924
36 54 24759
710 808 43267
127 392 26476
86 834 33106
249 657 32062
215 836 40262
96 420 52811
276 788 30232
32 550 52811
558 768 39925
167 659 60083
136 888 32757
668 845 44294
743 747 20000
549 643 30610
806 819 21840
30 47 21932
325 591 29411
607 684 25239
597 605 25807
212 412 57801
759 874 34670
705 744 21095
34 298 31401
85 675 32280
120 497 37947
517 787 53712
239 332 38053
138 271 22472
258 593 13928
4 805 13928
236 367 27857
456 560 19235
36 447 21260
205 288 28302
58 855 15297
473 676 48826
408 608 25080
21 104 26926
243 875 40262
113 183 25495
266 584 58138
234 704 17804
75 205 31113
435 525 25710
494 623 70434
159 884 26907
241 713 31765
175 461 35171
301 773 43863
298 650 32202
280 595 29698
147 648 40460
659 890 65970
134 307 46872
21 241 30083
373 784 33015
535 834 39850
80 151 35903
428 807 23345
455 805 34015
166 436 26833
19 430 39850
307 872 50961
19 162 28792
1 836 44407
147 679 28160
55 268 22204
102 515 35903
276 402 16643
311 561 56080
136 510 35847
581 662 61400
535 634 56303
350 528 43909
492 710 13601
517 748 40025
212 395 34015
497 619 37014
20 327 34132
199 319 15297
183 644 27586
356 623 50774
492 759 31765
122 180 38210
599 893 24839
325 809 21401
764 852 19416
1 415 22023
90 701 12207
9 800 31000
568 684 66851
212 590 54708
219 803 27459
52 572 54918
321 451 79057
18 653 29411
371 719 20248
470 746 14142
132 670 19105
700 847 27313
149 807 44654
521 848 66370
470 718 63640
238 883 20809
369 864 27295
196 516 22023
95 657 52393
227 889 29833
93 531 44643
537 711 18028
149 230 36125
233 441 31828
560 795 20000
714 878 27019
553 627 24042
459 636 60926
39 451 41761
79 304 18682
19 29 12042
21 622 22804
115 233 21213
880 894 20616
376 821 50695
206 892 57009
849 876 34828
303 791 20881
214 662 33541
636 732 50289
282 327 22091
86 535 48374
412 424 42154
261 502 22361
366 875 52431
313 729 38639
328 637 18788
163 891 33015
160 167 61008
195 218 18028
137 553 27313
34 113 37336
23 855 18439
315 657 14318
381 830 19799
131 176 30067
251 522 50090
41 823 27785
377 449 36139
268 482 49193
225 353 28284
96 729 16125
273 477 25298
80 771 19235
171 586 26173
448 784 14560
563 862 108171
2 744 13416
165 405 21471
539 554 30067
77 589 38910
197 572 52631
33 84 50804
459 539 59615
614 645 35128
194 234 21633
204 664 20025
409 850 31321
308 478 35903
665 798 44944
529 610 38833
67 788 21000
868 878 27893
208 267 37577
321 556 59135
426 854 11402
263 614 34482
164 567 13000
485 823 33956
50 128 22472
272 452 14422
361 538 23345
723 798 33242
483 782 25710
148 250 13342
548 600 13342
83 858 12207
303 681 24187
479 799 38949
159 571 21024
200 680 50160
326 683 65299
351 767 22472
161 522 55758
230 475 47297
481 494 95802
371 426 19026
664 746 15033
305 555 44385
753 871 19799
87 131 60299
656 884 28460
346 870 36401
652 870 15133
16 766 37336
272 849 26249
355 670 84629
372 487 39013
54 182 20616
144 318 35440
3 866 12728
50 475 38833
497 698 17493
247 284 45891
27 562 32016
80 347 15000
88 178 29155
348 802 26077
200 218 17464
692 782 11402
448 672 42544
804 845 39812
373 672 41231
4 653 40361
747 795 17029
155 887 74202
522 756 37696
123 362 212191
561 654 17804
133 618 17804
464 753 46325
317 348 28601
339 783 28601
199 816 37855
108 110 24352
60 324 16155
786 820 36770
73 446 31780
384 593 48260
273 308 32016
365 892 23022
8 676 28284
407 841 28443
101 142 43046
283 360 21401
140 180 12649
382 533 39319
163 542 51245
271 508 43417
569 619 34928
299 573 40804
186 204 22361
14 508 23345
386 444 11180
331 781 32527
297 739 50010
93 690 56727
297 575 33287
417 842 34000
658 850 22091
181 666 30150
157 570 36497
208 562 15811
492 721 16763
93 725 35014
514 831 27203
107 612 39812
466 492 37537
49 722 16279
42 715 19026
134 262 34132
331 880 36674
98 413 31575
406 598 44147
5 452 47297
295 476 32985
268 761 20248
57 383 17692
410 548 43829
289 485 28018
41 877 14318
135 207 33242
453 642 17720
293 769 20248
641 737 33302
259 748 39812
436 500 24187
707 733 52887
441 861 26401
582 735 23770
434 864 23345
184 214 36235
509 545 34015
391 672 44102
556 837 47927
772 868 12728
88 445 23770
83 210 20518
154 493 16031
166 500 41677
452 578 54489
578 749 37121
562 691 13601
46 592 30414
390 575 18385
31 792 31048
66 818 44011
402 826 31623
360 665 29155
135 360 56648
64 671 13601
340 341 22804
79 374 35341
5 148 47634
139 211 50249
425 677 20125
362 564 68029
612 765 18682
43 80 44688
98 723 18601
488 612 44283
226 869 27857
311 655 27295
191 406 28018
286 654 42953
259 566 21024
140 498 21954
143 705 40460
29 752 10770
291 298 51088
527 811 48270
221 757 40447
102 398 12369
443 484 17117
446 761 40608
71 450 21024
136 668 33422
95 249 51196
326 631 21954
74 277 30887
130 798 23022
141 800 29698
338 793 33121
68 310 31000
43 667 14000
333 815 35341
31 655 43382
137 234 42755
745 780 45343
329 486 46271
109 158 47518
293 694 31906
615 757 44407
125 524 26401
520 841 48000
610 678 41725
354 673 50695
660 780 19925
139 704 38079
571 884 17029
472 629 50804
638 891 41617
178 545 50478
29 442 16763
750 890 16279
288 597 51478
130 817 39395
565 611 34525
12 845 11662
63 126 60008
305 335 19925
127 523 43829
17 839 42521
630 705 29155
229 443 16553
335 720 43267
869 898 40050
76 554 47011
337 569 22136
116 352 29732
59 170 44283
364 416 25632
44 449 21260
742 796 11662
26 725 53151
588 879 36620
627 882 22561
527 844 10296
285 651 35171
109 616 35805
337 482 15000
145 168 58078
553 694 18385
259 319 55570
189 773 37216
134 320 66212
153 287 17117
633 696 22472
475 731 41195
534 656 42000
586 601 15133
310 788 48042
263 389 40719
256 269 54342
671 738 30000
273 565 30529
407 504 43267
533 621 26000
208 802 47802
420 855 71421
27 208 34713
22 55 26249
295 712 31765
202 895 43658
372 493 33601
186 751 20248
703 719 11662
105 725 37216
682 699 10440
224 813 37014
235 254 52697
203 830 37000
190 620 16763
272 749 30017
286 561 38601
301 765 53488
738 839 18439
72 340 61522
358 382 30017
23 420 56859
9 661 22472
470 820 32202
81 488 29411
237 449 12166
259 306 49396
121 186 15811
172 760 27459
712 885 40311
224 628 34234
126 596 26249
345 887 57385
487 608 25239
293 882 12042
240 573 14318
530 587 63388
212 611 43174
146 695 33106
39 646 11705
6 655 31623
85 414 28018
253 514 37336
374 408 23707
210 858 21587
345 797 16279
403 677 25495
534 838 65437
11 675 24042
422 527 40522
184 430 33302
405 457 41110
78 828 22023
488 836 17263
404 611 54708
8 515 18439
40 513 22472
41 223 28653
600 794 14866
103 638 14142
173 375 20809
47 616 19105
261 344 27659
56 871 15133
196 532 49659
721 759 45122
674 891 34059
93 105 36674
155 540 51000
172 491 30150
103 557 20809
51 859 11402
223 823 39560
6 359 28320
92 842 17263
462 624 42000
357 637 35903
523 867 47000
238 503 16492
429 799 26306
544 727 19105
639 741 49518
678 865 54148
215 415 30887
428 886 16279
447 601 55227
797 879 29155
271 657 45486
127 511 32249
258 852 31953
246 481 37696
61 554 67801
594 702 23195
269 410 29833
24 239 15556
190 433 21024
28 155 21954
505 681 16155
72 313 26907
94 272 27803
138 639 31906
3 638 24698
413 798 50000
769 846 36674
127 867 21541
60 790 39051
334 864 19026
322 862 151585
484 653 36014
327 774 18028
862 886 29155
65 128 10440
223 440 65513
305 720 30414
763 776 39217
259 540 46487
81 366 44911
517 801 19416
323 625 16155
501 897 38484
400 861 12369
229 493 49930
444 642 24000
606 676 59203
754 859 21954
481 837 59615
16 707 35057
423 532 41231
699 785 38601
79 333 33615
735 885 33302
349 755 30806
74 383 17000
380 635 18385
650 721 27203
205 830 29206
329 617 27019
751 752 15232
92 126 31048
610 897 34438
36 294 16155
192 538 22000
153 648 26249
286 695 14765
360 798 53009
13 222 13000
15 805 30414
49 573 25632
69 481 55902
145 187 27459
65 868 14866
152 460 41146
398 494 124338
71 194 27203
154 645 33302
229 489 72918
468 791 18028
80 437 43174
254 607 54672
769 882 19416
504 667 19105
112 520 18868
149 803 34000
38 115 29967
228 469 28320
213 672 81835
582 767 15000
138 309 44911
87 439 12649
346 726 16155
128 878 28425
733 814 39013
329 610 31016
4 484 26683
223 877 38833
208 760 12207
416 820 36715
307 829 27659
190 672 195233
393 819 28601
506 839 28844
174 433 60828
194 666 50912
84 376 13416
131 778 26571
232 666 25962
572 792 33000
89 767 19313
833 853 52038
471 844 33242
312 499 18439
20 774 31305
160 685 20809
54 294 24083
174 790 32450
205 507 22023
308 477 28018
387 418 20248
151 160 27203
303 330 42202
521 749 28000
438 576 36069
13 85 37643
244 846 40311
147 153 18974
137 613 25962
195 665 59203
28 843 27586
363 776 23537
392 511 43046
427 584 51624
175 580 48384
696 870 49649
6 856 31385
789 857 10630
678 797 39205
217 551 55082
362 382 67417
598 825 37054
89 318 25495
280 384 19416
462 739 17117
715 895 36878
40 861 19647
447 881 26683
231 821 44045
334 545 71113
281 454 34670
709 851 26249
676 774 43290
141 549 10050
555 838 42638
27 859 16401
21 224 29428
787 843 18028
302 375 36401
96 361 48374
812 817 18028
113 771 34015
433 620 14318
124 770 34176
467 550 23345
192 577 20248
785 849 41485
281 358 21095
221 365 30887
416 786 32062
771 840 25080
260 291 49406
230 755 13601
98 422 28601
111 138 60415
748 843 59008
343 779 60828
370 565 57009
552 643 43324
271 315 36878
718 857 20591
177 612 30414
47 530 28302
436 619 32249
132 384 19235
540 748 32985
129 363 60208
339 594 32016
61 469 26833
641 761 45000
251 756 48166
552 689 39459
636 770 40050
328 464 33377
498 702 38897
94 572 54203
225 509 29000
150 420 52202
342 489 25942
262 438 25020
76 265 50804
285 814 28018
155 843 31000
261 712 38328
446 641 44922
21 300 15620
378 891 26077
201 653 22000
191 222 13416
309 559 27203
117 810 22204
20 336 38210
563 658 29732
38 734 25080
62 259 44407
130 580 23770
239 326 30610
129 738 35847
40 242 16763
658 843 37121
322 563 43417
369 445 22204
34 777 15000
283 316 32696
199 421 34928
124 583 51078
25 763 31890
330 808 45100
732 874 121594
119 833 57706
542 607 26907
541 553 17205
496 556 42521
258 670 45541
42 363 33422
219 658 48260
435 664 30594
363 763 33526
73 737 24597
103 232 16401
275 632 17889
48 214 23022
28 658 39560
53 680 23195
124 791 31321
248 487 25495
44 550 53712
194 450 31906
172 824 45891
608 645 26306
134 872 51225
276 474 21024
446 587 99504
45 653 17889
56 405 30017
58 458 35341
633 707 48104
193 280 20616
123 806 53935
480 891 27803
569 880 39408
765 773 54781
399 736 73055
1 215 16763
651 684 63781
216 660 27731
404 730 16031
614 896 30083
379 515 12806
267 423 31780
16 38 58523
451 716 64008
866 891 37947
108 327 38833
152 367 25495
33 111 26627
387 722 28653
292 532 43417
414 622 23431
146 746 70880
211 350 26627
69 246 24739
178 445 32016
543 625 35128
206 221 24207
669 815 31623
209 269 57983
653 775 25495
95 634 17117
139 835 27019
7 279 26420
77 283 25000
393 806 17464
358 454 31953
138 741 65253
734 766 13038
195 200 29155
70 844 50040
501 588 39395
442 752 20616
574 581 20881
457 673 61400
75 288 46530
300 780 38601
188 870 33242
261 295 10296
109 500 57706
257 478 14142
646 689 30676
87 368 59169
275 306 22825
333 408 17804
236 758 35847
89 351 29732
423 824 37216
657 717 24839
453 463 34928
464 711 19209
411 851 19026
386 848 38328
794 853 22847
196 802 41049
11 248 47170
270 473 59775
10 498 30017
152 756 57201
16 693 51971
298 466 28862
168 572 38013
168 788 19313
658 787 34015
330 874 28071
440 449 41437
51 668 59481
170 602 16553
220 782 33242
606 703 21024
291 750 12369
559 889 32202
132 672 223786
297 758 22804
564 748 44204
60 193 28636
27 51 26401
67 145 48754
541 613 10770
528 812 18248
352 789 25020
370 396 53075
479 588 33541
140 277 21633
64 739 27203
120 331 25612
376 729 43566
22 47 41485
513 698 18868
385 557 26249
388 474 21024
678 879 13892
431 452 23854
129 671 36674
482 641 28302
565 730 41231
279 763 45343
681 770 12000
288 775 35609
522 758 52154
575 599 16279
668 888 11402
443 653 37577
668 754 54129
461 472 17692
182 810 25080
418 862 62626
401 796 21095
50 65 12728
355 764 38601
30 616 14560
57 74 21213
545 713 31623
167 565 21401
198 324 17029
114 818 18439
264 800 16553
471 692 20396
86 99 37014
265 495 13928
5 7 22000
512 699 44922
829 897 40000
496 506 41785
302 628 39598
240 722 21840
558 683 106607
75 507 23000
495 686 24698
163 378 18601
307 588 54037
181 753 44944
432 536 24042
570 860 26000
242 698 13038
82 350 17029
81 875 36770
255 877 19235
112 455 19000
661 810 16125
296 685 33287
236 305 32202
78 230 36878
404 565 41437
288 424 33242
467 595 18439
359 584 61098
274 289 26173
113 640 53488
280 519 37336
736 828 76007
206 331 32062
118 807 29682
794 833 47011
604 606 25179
425 489 60033
82 846 37336
103 673 25020
240 783 23854
264 460 44553
673 832 59481
363 496 39115
242 513 17263
434 799 41195
655 709 28636
731 797 16643
85 780 19235
719 854 39013
109 482 45804
601 881 53310
227 831 17000
347 437 39661
351 735 17804
93 708 41110
6 699 26077
209 340 26926
610 617 15620
121 820 29428
620 790 38419
297 522 38471
113 777 36069
824 857 23000
531 690 25000
18 389 23087
255 823 31953
508 717 48260
332 786 19647
90 778 16125
306 816 15000
684 696 53814
246 649 21541
207 585 10817
12 503 24352
545 700 41037
263 338 36125
357 610 37121
580 798 27803
233 734 20616
63 397 48260
715 854 13153
119 639 43186
405 486 27803
38 833 57385
328 529 26077
647 822 43909
112 125 25456
11 598 45277
122 366 26907
432 836 42438
14 368 21932
94 431 17088
9 141 23259
7 148 33541
400 441 18439
425 455 56080
10 277 30017
401 742 11705
129 763 61000
235 603 45277
48 662 17464
523 858 17263
227 514 25000
99 693 11402
480 652 32280
339 536 24187
390 522 11402
320 708 46573
162 631 66068
525 664 30610
70 474 19799
59 454 20000
147 392 60440
252 263 42953
97 405 27074
8 521 39205
70 388 16553
583 745 15811
292 411 26000
253 582 26000
648 695 27659
693 726 33615
338 389 20025
88 872 24698
883 896 18248
362 801 85586
225 320 23195
17 451 26401
749 898 14318
548 821 47518
314 842 17263
203 691 38949
72 577 44721
479 714 24187
108 356 33734
177 434 29069
635 706 28018
391 587 35057
521 898 16155
121 751 20396
355 481 72945
310 779 60902
169 772 16553
71 711 65192
588 678 38079
156 399 40311
192 341 52086
374 645 30806
421 887 25495
575 739 35000
26 77 41000
576 711 23601
115 734 23345
163 674 48104
287 392 64900
737 894 30414
229 825 59228
100 797 42107
714 772 44654
368 508 36878
113 644 38118
503 896 21260
146 654 39051
453 869 49396
349 886 31953
189 375 23195
409 886 29732
578 703 34986
125 403 37483
439 632 31780
312 864 19105
150 538 16279
656 779 15264
381 562 22472
14 609 26019
82 244 35171
586 823 50329
367 758 25000
717 762 44000
223 294 61008
89 609 12207
393 647 38118
185 386 61188
25 884 20809
708 815 41593
30 164 18788
341 757 32202
617 865 19209
199 743 40311
347 524 33541
549 661 12369
348 516 13342
342 660 43290
290 613 10440
107 429 41761
397 762 11402
120 781 43566
508 762 27295
329 529 34205
360 888 40000
187 411 14213
403 640 45804
185 427 33061
117 440 21932
117 182 13038
732 759 153170
419 860 25080
290 541 19105
309 889 27000
314 797 48508
593 670 47202
512 849 48795
274 672 98793
464 637 33302
40 66 59540
381 691 29155
156 418 30676
450 687 13601
337 641 17493
257 659 38079
680 811 21260
595 626 26000
231 376 51478
262 576 25000
84 394 15556
166 863 58258
217 856 47096
372 645 18028
385 866 20396
313 577 28636
743 816 38079
69 179 15033
321 649 35228
193 467 22472
740 817 11180
79 883 27893
186 442 31321
226 785 41617
25 279 55326
518 669 29155
354 634 32558
92 865 25060
740 835 12530
630 744 10817
138 144 36401
86 652 46011
301 686 24331
151 291 47011
57 61 29411
316 589 25612
26 589 18028
528 547 27514
146 648 38275
18 252 30067
178 320 56851
525 648 38910
43 396 25239
53 811 15811
266 856 20396
121 204 21401
409 428 25318
574 662 49578
78 415 54562
137 704 33838
45 201 21260
142 873 17804
18 203 18111
390 599 16279
607 629 51000
471 838 21471
133 690 23770
107 415 48010
4 15 27514
143 630 20025
237 324 53852
10 140 26173
413 665 17889
477 659 50160
177 864 10770
590 605 35355
465 688 24515
174 198 33242
53 413 29411
157 860 31623
491 857 50596
252 804 33422
323 663 23324
754 845 34928
2 95 22847
564 566 37590
427 635 47011
546 727 12042
584 867 45000
216 640 35000
238 510 19416
543 723 27203
116 709 42202
2 354 43463
214 435 20248
241 414 22136
499 847 23537
522 599 25318
250 776 34828
292 352 39395
42 202 26077
419 570 36401
628 847 19849
644 710 24698
100 345 32280
176 439 55317
184 662 32062
106 175 39217
118 149 54231
499 773 20100
26 304 44777
501 610 31257
232 290 26627
502 885 36797
284 747 23431
157 733 45277
123 647 19416
578 676 61847
253 822 30594
202 496 37216
213 728 18248
364 395 23345
13 675 21190
11 579 46530
370 424 52154
26 401 45618
3 557 16155
289 377 32650
160 296 38484
170 275 20248
92 596 30871
59 358 43139
171 567 26401
445 872 36235
548 853 32202
378 627 12369
111 600 27459
133 809 13416
241 622 12530
226 876 38210
379 473 31623
17 893 52326
176 261 39395
371 604 22672
464 537 10296
31 709 33615
104 745 28792
697 760 10817
380 706 27659
660 677 16125
755 828 20591
104 583 23601
117 643 20025
448 728 54626
513 615 10770
319 816 34713
76 539 42450
156 349 42755
210 430 94154
335 629 49204
250 452 51088
164 881 47434
16 66 14560
83 245 26000
33 309 38601
247 632 39661
594 783 28302
251 643 38053
15 201 37443
655 682 17804
23 458 35735
100 421 33242
188 726 24839
75 597 14036
46 317 30676
526 679 11402
278 705 13601
432 736 31953
247 397 29547
707 818 17720
674 870 12649
102 379 29682
124 505 18028
179 716 36056
49 387 28071
74 180 23195
256 400 24515
727 863 34482
387 399 54571
588 714 34205
106 465 29000
585 835 33601
219 850 49041
574 679 26571
60 198 26926
381 697 20616
255 485 19235
158 546 30610
228 366 36401
106 528 52631
408 669 25179
173 495 31401
73 892 125873
353 509 25000
97 278 40447
297 624 28460
101 299 57983
116 561 20616
543 663 33541
429 714 32558
460 720 41485
110 895 13038
291 685 42953
220 483 18974
299 873 34176
485 728 12083
248 579 18974
104 813 26249
244 694 32894
35 544 15524
487 518 23022
218 665 56036
609 778 26249
162 430 48010
362 533 37643
67 826 20396
150 361 32802
159 534 33734
173 459 45793
257 683 15232
135 316 20881
216 745 37121
26 531 50120
240 536 17493
235 800 39825
623 837 48836
633 733 27659
724 800 59034
22 530 30529
282 356 25495
113 468 51157
109 544 48010
735 822 36125
551 785 21840
72 376 37000
317 388 43012
256 410 48795
605 827 19313
62 602 19416
12 804 37590
568 651 16401
437 667 19925
359 392 28231
55 482 43600
32 552 38184
71 687 30017
231 548 24698
48 648 27295
281 533 29833
465 846 42720
91 149 32558
189 301 28862
542 846 33941
169 879 33838
512 792 31623
466 644 24042
35 863 42059
26 79 34234
240 736 15133
480 834 23000
190 384 16553
344 358 58009
690 711 65788
279 776 17263
335 461 24352
196 267 32558
211 528 23000
129 462 61685
25 571 16763
511 679 32757
155 803 12083
42 854 22023
46 402 19647
690 796 10440
631 683 87006
287 490 49820
286 788
564 700
614 635
222 435
537 191
398 145
559 191
553 52
745 397
164 819
241 582
361 456
211 555
661 805
196 426
765 603
744 248
277 414
178 161
610 71
179 614
935 474
869 808
133 213
588 233
414 515
332 382
406 921
190 160
880 447
407 214
810 288
765 753
80 475
862 533
798 398
105 258
748 659
795 236
838 599
879 357
643 154
137 430
834 318
241 389
426 301
895 463
251 164
243 898
384 819
353 398
524 216
479 373
780 381
960 482
497 663
98 788
850 829
613 890
868 261
107 760
546 889
568 773
691 256
375 810
779 607
455 262
524 229
767 123
474 322
490 578
833 715
985 585
119 791
239 314
96 700
414 474
332 838
380 519
103 459
230 749
580 477
285 60
815 762
187 584
682 649
601 855
319 662
697 811
678 838
408 867
478 780
426 602
497 159
585 709
866 759
496 720
501 395
705 620
458 804
160 857
527 13
587 612
154 624
393 586
576 441
280 750
671 75
897 490
663 98
743 738
184 479
93 510
794 551
775 672
351 235
789 357
334 910
644 708
918 598
184 204
168 760
780 907
88 590
166 497
508 772
348 87
365 807
673 212
523 442
661 849
875 180
486 565
368 653
467 495
432 446
570 560
690 767
523 508
146 800
735 376
203 855
575 741
668 796
411 241
288 213
306 151
574 161
384 889
934 727
95 424
685 384
300 169
301 497
425 910
289 903
782 486
850 483
594 270
111 402
764 285
151 151
636 557
863 455
488 674
867 583
110 341
469 244
386 802
569 885
884 422
313 311
134 705
924 279
563 404
659 879
249 703
304 637
766 138
142 788
522 609
796 368
74 527
215 145
398 28
197 195
388 226
712 600
169 691
887 206
230 567
896 730
856 235
516 570
415 381
373 320
511 239
891 275
489 862
426 354
227 405
665 140
279 396
201 217
261 336
932 650
476 527
325 348
854 658
271 75
566 482
163 284
919 325
232 177
281 804
147 560
428 82
430 371
387 910
593 367
913 665
224 555
865 382
174 643
317 590
473 122
790 783
152 753
258 454
360 862
774 729
577 599
790 657
528 552
745 422
640 357
846 322
385 475
122 202
240 861
208 606
854 594
177 773
589 511
309 50
743 117
596 827
281 557
635 698
577 148
767 318
307 412
748 820
701 451
892 341
835 654
62 285
819 181
520 925
12 434
695 895
397 635
316 454
699 390
126 741
405 125
341 314
978 495
823 707
610 26
671 755
514 137
111 302
931 292
558 868
459 287
134 818
536 714
582 178
861 215
632 939
641 31
434 459
551 836
749 450
309 196
317 167
246 360
912 310
592 577
52 405
367 241
605 525
804 383
690 886
76 386
679 321
55 456
201 898
167 604
176 719
180 675
59 566
375 537
626 386
538 879
377 699
80 310
734 776
524 260
361 179
240 697
851 735
464 794
647 727
447 489
416 330
702 786
492 877
340 593
752 145
456 989
578 385
874 276
509 540
98 221
639 53
448 669
471 722
25 541
934 618
160 200
351 536
258 680
620 405
638 97
934 532
280 457
237 825
877 672
899 678
215 543
517 280
701 922
427 813
716 578
112 471
393 347
331 895
581 460
707 839
331 257
289 586
581 660
793 117
664 42
439 696
643 921
379 124
447 442
914 753
579 975
622 180
133 260
928 692
186 740
666 367
652 825
283 686
162 373
607 125
305 523
957 408
348 504
146 688
821 750
883 325
621 568
543 38
415 66
293 345
642 951
111 776
872 199
619 646
458 16
271 896
459 329
279 437
710 306
980 420
353 113
773 850
826 773
129 283
123 409
608 800
530 1
324 883
830 630
455 535
445 296
139 523
168 322
498 693
229 539
173 393
337 525
340 947
800 688
377 217
198 330
470 401
215 585
308 789
157 251
497 827
260 913
810 535
916 776
481 828
518 372
354 285
214 369
167 522
626 126
365 30
336 922
320 738
190 123
513 165
266 829
896 225
275 716
215 188
891 571
145 449
396 660
605 867
809 348
812 634
206 165
265 439
448 21
296 668
992 554
812 414
944 393
848 334
499 597
755 224
526 145
465 50
613 910
203 479
585 813
525 662
835 797
110 666
667 421
597 413
652 270
433 64
453 636
605 441
48 484
844 254
97 561
131 772
218 247
557 328
609 426
553 8
460 308
406 851
682 854
103 326
72 275
345 738
652 612
729 82
934 517
587 349
248 441
911 338
476 676
306 562
239 777
227 520
366 158
283 314
23 512
285 496
652 25
139 736
661 177
882 586
165 789
226 685
888 547
411 737
715 905
369 479
137 417
71 584
700 192
262 314
644 789
296 610
401 464
316 91
455 180
857 611
783 807
535 48
390 334
475 981
325 575
824 210
168 469
529 83
717 315
309 67
142 486
240 194
300 130
529 333
543 482
450 695
919 448
438 559
394 275
603 946
627 277
640 673
249 846
458 627
918 730
55 689
476 910
605 563
641 506
528 388
858 518
262 609
831 507
517 491
761 708
745 375
860 271
443 135
783 315
595 549
53 719
609 345
693 149
599 629
25 373
742 802
566 810
332 227
312 357
414 978
511 977
127 328
529 944
868 443
728 469
927 553
776 522
593 249
470 206
234 874
284 114
697 293
422 635
877 723
566 108
287 575
517 419
278 94
724 830
135 610
401 67
482 518
865 404
982 455
375 753
431 509
215 267
481 549
399 315
824 194
205 824
840 236
491 752
225 313
272 549
713 290
748 711
867 419
562 900
778 391
622 108
240 292
597 105
659 486
327 548
687 804
442 733
121 294
244 733
595 567
326 487
867 615
876 461
454 743
472 554
919 587
882 222
579 936
197 600
707 69
652 312
563 391
816 226
618 556
208 647
659 435
576 721
109 202
574 860
728 535
587 692
408 49
54 642
431 661
601 614
673 740
112 560
949 541
448 45
769 356
55 507
323 522
799 247
776 888
275 177
723 125
26 470
715 459
683 603
249 405
318 238
388 175
585 277
633 730
392 958
53 322
172 548
757 378
247 147
558 373
221 218
462 417
552 606
151 430
406 425
340 550
862 166
680 248
983 376
562 613
669 592
218 575
581 48
158 540
412 762
309 123
476 350
56 590
402 164
56 271
673 507
94 414
152 715
491 608
600 465
789 276
463 559
308 370
553 348
714 613
578 542
302 183
709 547
309 332
867 595
412 167
232 637
688 845
202 801
596 126
542 541
549 710
436 48
763 568
385 605
376 201
34 520
441 621
705 858
236 591
342 762
642 135
786 168
617 749
281 256
590 136
656 381
18 496
246 882
512 410
677 443
425 567
731 584
839 516
922 343
858 773
167 338
402 810
39 690
749 517
771 649
718 853
255 859
974 563
704 230
669 272
496 480
707 704
459 546
517 833
570 712
144 597
220 233
533 821
484 942
529 111
40 402
180 184
186 170
498 647
353 414
349 870
731 350
873 659
673 343
8 540
318 338
985 514
617 793
612 212
824 140
226 738
778 638
715 818
10 410
624 518
56 602
94 476
379 787
206 687
624 43
268 388
599 175
68 484
670 824
577 290
178 567
911 641
562 355
220 848
930 389
449 156
155 219
426 959
476 262
306 258
906 252
79 560
437 206
309 473
738 700
546 810
453 556
416 801
500 441
316 712
714 397
494 985
371 361
414 905
328 438
217 448
790 854
359 926
70 544
492 553
771 370
492 364
525 479
137 644
748 478
366 568
526 870
507 478
780 563
796 833
189 233
808 701
754 850
903 371
322 266
270 512
435 266
258 299
331 860
395 678
279 359
805 791
545 670
695 681
652 635
502 491
242 794
674 105
576 318
716 216
104 499
168 421
481 797
425 941
524 324
367 446
617 482
221 662
495 26
489 145
370 956
396 218
808 151
747 679
629 137
865 826
425 129
299 266
292 70
342 395
800 512
833 618
309 952
822 546
259 699
466 758
623 626
356 67
370 796
483 96
681 588
512 661
328 685
189 866
27 569
216 783
511 118
873 344
343 789
405 774
950 585
818 440
613 534
373 492
576 250
740 878
320 925
470 851
415 418
761 776
37 386
635 590
947 705
697 271
969 593
650 99
355 495
427 702
523 98
