815 2049 7 365
364 501 49649
31 70 11402
511 719 65000
49 196 64281
211 302 20616
645 718 48260
316 391 45122
374 693 20809
352 692 33615
228 636 31623
185 449 39850
576 806 42438
499 593 19698
406 745 36069
251 416 13601
42 799 52345
710 739 75073
44 194 50922
473 713 32573
185 574 32573
58 515 16763
359 387 29155
44 153 10198
52 114 36014
583 601 24331
18 798 40719
753 808 45277
199 419 30806
152 468 55326
547 671 38210
226 364 43600
47 430 15811
224 226 40817
212 353 27803
495 727 20125
560 799 49769
699 770 69642
258 500 43382
532 737 16125
43 160 68600
63 108 15811
12 127 21840
63 231 24166
212 788 35847
2 70 38275
224 290 24331
268 743 21213
351 656 148822
164 376 31953
301 806 12649
197 629 12042
177 596 36401
371 691 36797
252 373 29428
76 654 37696
95 657 86556
93 716 47802
414 535 35847
695 784 21190
386 680 67067
719 749 37802
499 753 26926
287 343 20518
267 744 17263
281 554 59439
304 575 10296
126 791 12042
50 314 50488
4 716 24187
276 345 28000
41 656 119101
740 786 50931
291 386 47539
404 712 19799
769 792 28443
117 147 32249
28 167 39357
633 813 37108
446 512 49041
245 456 73430
53 125 14318
602 649 22361
41 347 13454
487 706 14866
73 814 38079
109 394 55785
360 661 37656
116 556 50090
25 116 25318
548 612 30017
295 765 172003
80 290 34000
666 736 32000
146 620 32000
38 64 44407
210 572 26401
139 703 52154
381 489 53160
109 231 45793
316 374 11180
189 730 36674
217 495 28862
25 676 33526
157 782 31145
196 805 60828
128 375 38288
19 262 33242
165 477 24166
332 357 38588
209 413 39000
180 282 94032
148 705 65069
409 790 29411
128 446 76026
156 747 21401
410 546 14765
646 725 18385
352 620 32558
101 539 31623
345 734 34785
345 604 19026
27 760 13038
221 334 52773
262 327 59666
142 192 24042
32 727 21213
318 470 25710
310 474 16643
260 529 47854
517 710 109018
259 704 38013
343 383 30594
529 663 10440
55 382 39812
458 754 36235
76 183 24187
280 761 24698
94 779 28018
238 703 36892
500 692 11045
132 324 31623
35 213 48052
222 770 43417
784 795 47202
485 728 50090
141 296 43738
326 645 60465
68 803 21541
262 549 12806
641 784 69116
218 801 12083
30 92 54452
105 293 90139
250 759 50010
543 804 15000
65 125 49031
130 296 21541
451 464 33242
72 418 63159
566 671 31257
400 726 42000
382 454 21471
510 538 72863
97 564 21024
603 607 16125
251 282 68622
74 676 28792
280 445 47539
335 490 29833
672 686 17205
159 206 51478
695 728 33615
302 326 20000
452 566 36674
120 506 37162
286 344 44045
74 229 39294
169 766 27459
502 525 54083
359 800 33287
240 437 47424
138 741 21541
132 658 18439
590 597 32985
202 337 29967
524 598 52010
297 651 38588
145 179 21213
735 794 18974
123 168 26077
146 317 57567
260 421 38949
317 756 43829
241 647 15133
293 632 64885
23 807 45618
275 596 15524
26 100 19416
134 280 36797
98 370 68007
104 353 32280
228 239 31000
313 766 37108
190 704 44654
504 588 31780
612 765 34986
112 129 12806
503 587 15000
285 526 70605
534 538 37656
60 755 51662
355 445 39812
512 711 14765
486 655 42953
57 138 18248
479 663 31780
283 505 14866
433 658 20025
493 678 18358
752 789 84971
36 570 47539
190 418 62650
486 690 38833
9 448 13038
20 33 21024
98 141 21954
540 652 27313
117 346 10630
27 409 19925
336 428 48104
21 180 60926
17 510 39051
86 457 31953
294 621 55543
168 772 43186
59 172 25000
415 524 34015
23 552 42521
524 708 62968
635 757 53339
285 547 39925
265 521 41110
168 630 42059
36 307 10198
69 739 25495
558 592 20000
264 601 45793
146 466 43046
305 416 15232
249 674 28160
442 719 60407
641 795 67357
606 621 28425
41 273 78645
704 721 43012
16 422 29732
105 322 44407
175 730 35511
685 723 21213
120 325 29275
652 694 41183
289 574 12083
72 270 37656
178 405 22023
463 596 26833
206 238 34366
347 601 43012
546 711 20125
579 591 57385
120 793 34928
739 766 41195
408 696 15264
283 361 22804
34 52 37577
321 328 38013
570 806 36056
137 554 43324
224 364 56719
57 392 16971
149 622 56648
596 707 51624
69 313 63325
22 581 30414
77 729 26627
112 761 46615
81 295 63891
11 49 34828
335 350 42544
371 798 17720
113 757 67067
247 681 33061
204 761 24187
697 767 12042
169 313 47508
551 716 54818
119 386 28018
140 203 15652
461 557 36125
50 68 28844
248 414 41049
205 682 30806
302 309 44283
301 319 28160
584 813 12530
118 783 30067
125 757 51400
12 732 29155
331 784 20224
374 408 23259
276 689 50000
749 785 68447
316 696 19105
189 202 12166
440 582 31575
15 115 23195
361 658 18974
645 814 124652
478 557 54571
258 533 57697
46 257 16125
216 386 50249
376 393 45177
11 237 41000
101 613 49092
117 124 16125
81 531 22136
108 126 35847
395 451 28862
75 562 32202
29 662 40012
247 703 17088
400 514 46530
102 631 28018
319 613 24021
349 447 18111
142 318 26627
240 623 30083
271 795 24083
424 800 22136
518 572 17493
249 559 16279
65 406 51865
7 446 42485
215 288 36878
180 602 49930
24 232 34015
189 321 52355
59 720 40311
261 377 36069
700 768 32802
214 782 52202
272 781 32249
464 603 20518
718 783 10050
93 306 26249
304 781 11180
52 141 60166
206 609 30414
188 545 24698
459 696 55172
31 463 24083
329 779 33242
18 389 29411
1 673 32202
30 489 43012
282 649 70093
573 788 32802
467 746 22091
186 289 13601
50 803 39395
235 337 20616
286 498 33956
268 765 41000
23 623 55082
146 487 44147
501 535 19723
167 481 31575
18 488 13928
335 398 12649
582 678 39051
74 135 43863
263 609 25495
363 628 21633
119 535 66370
543 706 36249
503 738 48765
714 718 34438
670 723 24597
33 357 26306
195 697 19799
684 725 18601
173 309 35228
257 474 35384
232 721 10630
77 175 16492
118 223 19235
157 198 37014
556 694 61400
401 716 25080
146 521 21541
158 550 18682
431 454 32249
190 270 20591
313 421 18028
368 786 54083
189 519 41304
130 388 25807
94 329 29120
24 698 19799
48 542 26401
410 446 36770
197 220 14142
103 412 24515
136 351 20616
305 697 17804
82 201 22000
479 529 32757
284 503 24042
161 615 21213
156 234 26420
372 601 28653
46 385 34482
286 298 74027
35 811 25807
43 136 44045
155 319 20125
390 515 18439
423 605 16401
111 443 36715
106 333 15620
725 807 27785
36 775 42190
77 258 51264
150 182 45177
202 321 49729
117 630 26926
553 611 22136
379 636 16155
324 343 14000
219 563 35511
302 333 34886
138 392 10817
5 107 27074
543 615 25495
552 657 33136
244 566 41773
149 159 31780
1 242 16155
358 649 30083
54 451 58822
445 742 16125
298 495 38601
160 351 113177
116 801 54708
102 766 30364
274 745 15556
631 664 13000
256 787 17029
582 591 30529
247 452 26627
539 576 49041
111 411 46872
252 773 85615
211 814 46530
600 795 37947
130 256 27857
247 470 26173
293 555 10630
69 169 28653
246 401 34886
314 554 61587
284 803 51420
251 467 22091
79 624 47381
82 93 46043
298 344 118068
17 555 38118
59 243 61098
511 547 57315
170 249 65299
29 183 41617
152 314 59615
458 779 19799
16 143 45607
377 477 26683
668 683 38210
217 298 58796
511 568 23022
354 783 34886
438 605 28071
240 661 31575
445 519 29120
504 578 23022
391 638 38275
692 776 18248
360 805 64133
253 580 18028
486 530 38601
204 538 74148
76 586 40460
304 430 52345
49 596 53600
189 504 48795
401 736 51788
284 738 47707
179 362 52555
385 704 49041
393 729 12042
94 553 36346
149 758 55471
302 311 14560
644 746 19235
385 516 22204
119 473 56719
331 695 26420
211 326 22472
471 619 24759
557 660 62000
118 718 30083
129 722 17205
463 464 40162
360 541 31016
51 124 11180
71 481 23022
48 421 40262
391 785 18111
84 238 37443
414 791 34928
60 640 33136
249 608 65513
685 814 38639
732 799 52402
29 651 53000
4 328 31890
83 210 25554
254 403 20616
411 557 54037
430 602 32202
641 728 67082
507 647 13153
292 653 31145
62 537 41437
472 792 22023
632 748 34015
391 752 60959
101 629 39560
576 762 56009
292 502 58310
92 297 37656
576 782 34928
148 222 36674
13 555 34059
69 517 27731
3 359 14866
185 315 34713
369 564 44553
179 341 19235
78 171 16279
377 751 17889
129 568 53085
34 805 59059
56 338 43829
365 399 36674
760 809 12369
161 766 45354
119 299 69029
107 236 16155
549 652 45177
704 763 24331
153 327 55036
24 270 44204
411 478 34670
660 775 45541
282 619 16971
22 630 26019
38 688 114070
444 508 57775
255 383 33242
509 518 36401
563 796 28443
213 527 25020
395 560 28018
120 725 22361
116 209 75027
648 676 20224
237 580 27166
101 560 51000
54 698 30265
345 407 28231
610 705 54009
643 708 14213
1 159 29206
294 551 37643
21 581 20100
341 728 37054
187 600 44944
8 129 49031
106 654 21024
675 757 63906
594 648 32016
329 689 43829
379 571 32388
322 479 42579
689 779 37336
60 679 29682
344 528 21633
281 314 46325
392 411 44822
397 497 40112
156 662 35057
228 709 29547
712 745 37643
381 579 19235
740 773 20518
330 780 39013
145 478 24597
50 639 34713
413 556 58249
102 161 55973
360 616 17205
97 154 45277
384 752 82006
352 756 25554
113 617 19698
378 459 58694
154 695 44407
16 431 42059
104 564 42450
101 301 27313
392 741 17804
164 427 24166
646 684 28071
67 771 57983
677 722 44721
303 717 67543
130 585 21095
47 176 36359
447 748 17692
450 670 43174
103 523 26571
132 400 35693
321 578 40050
128 773 59034
709 737 11045
60 777 32311
215 535 34015
185 358 39205
496 723 32450
628 670 50537
541 794 35355
299 414 87664
145 728 49041
221 293 45541
630 772 49254
525 772 36401
315 358 12083
244 526 45793
387 800 14765
78 792 47434
435 648 19105
329 365 32757
79 559 49163
446 575 44283
783 813 44147
37 405 18682
635 798 17000
453 524 35511
75 183 13601
244 493 13416
488 798 32249
600 726 38328
685 701 18385
279 323 32450
134 258 25962
642 759 35228
161 710 16125
131 299 38588
28 691 59540
375 740 31623
572 668 43417
64 474 118140
75 626 27295
691 769 47760
405 733 21471
162 544 24331
298 727 28862
528 642 83054
234 747 10770
48 312 40853
9 750 21260
641 732 27203
230 408 18868
690 734 23770
455 579 57271
41 801 210858
55 292 42953
587 738 53151
20 577 40804
432 556 28231
711 724 31145
267 589 56000
558 641 14213
330 738 50606
336 573 45000
587 702 39925
49 707 32249
656 680 127475
430 649 36014
182 436 26683
375 786 54129
217 802 55317
436 813 21541
289 619 43566
550 597 30083
147 176 16031
354 626 32558
176 219 30414
425 569 36235
498 751 23087
361 433 31064
151 404 79712
461 478 45222
528 751 21260
336 353 16031
259 490 49820
28 467 17029
271 331 45967
164 599 44011
612 655 22847
282 644 34132
251 305 21471
420 694 50488
299 610 61685
85 208 50606
227 625 27659
93 182 55073
466 620 38328
348 391 28178
60 780 28284
139 247 39850
225 334 22204
404 745 50090
63 207 15811
174 522 30806
121 274 29411
243 738 42048
312 336 36797
4 85 14142
312 428 19698
81 474 62241
204 280 33956
530 734 21000
444 772 23022
244 717 37000
184 379 14560
14 174 36000
299 397 29547
73 302 30000
437 623 43105
522 553 24759
626 633 29275
195 810 23770
242 436 42720
327 652 58009
146 756 46098
539 629 22472
449 574 33838
126 248 18111
599 729 18601
322 439 32202
148 770 47434
617 757 62626
620 756 21471
355 677 49679
560 771 46065
249 307 44011
109 772 36056
456 537 34000
361 505 29275
91 122 27000
30 297 22023
234 670 46530
625 778 26019
45 759 53712
68 388 12649
116 413 71021
190 253 55714
562 654 29833
397 424 14866
280 742 42048
323 359 41629
123 581 25942
417 593 42953
328 578 53075
261 760 22847
303 622 37216
391 659 43267
257 491 31048
209 264 24515
105 479 60605
385 491 31064
188 404 62370
476 518 39217
128 252 93408
393 665 42485
400 811 28443
10 497 52811
31 731 24187
208 551 15133
64 140 16125
99 695 17889
292 525 38275
368 442 15264
103 201 15524
225 260 25000
276 594 18439
147 346 27731
132 433 24839
52 284 43278
291 656 45122
365 611 29833
448 478 11045
54 232 46487
389 798 45618
284 567 35847
269 608 57009
90 721 31016
466 776 56143
16 454 28302
152 388 16155
707 731 25495
98 462 26420
262 394 35847
42 70 44147
268 486 29155
127 241 16125
216 291 23770
496 701 35057
60 330 45453
568 681 23431
214 220 23409
80 652 38013
287 636 45343
250 320 12207
13 221 22472
272 417 35440
110 164 95341
103 797 28636
335 616 31953
527 786 30414
255 343 19313
673 813 12042
455 591 10440
26 167 16279
494 678 15297
554 653 50804
285 442 29547
614 758 29614
263 318 26249
650 758 58310
390 456 27803
422 593 38471
598 628 26000
515 537 42297
205 520 38601
236 808 40224
227 687 26926
100 251 27295
509 587 49336
137 508 57585
549 627 33615
200 265 19698
10 800 12530
376 665 24042
438 517 64288
705 770 56639
111 613 16401
476 509 23087
45 670 32140
468 585 41049
73 211 13601
382 431 18248
552 623 30232
506 536 33377
154 752 34409
296 388 29428
264 347 49163
443 613 38013
402 575 25942
308 792 35057
370 437 47011
532 600 28653
417 422 36346
363 662 22136
170 269 38079
401 588 42802
564 693 42544
402 430 59540
32 151 22204
127 613 22023
83 281 25942
56 305 61587
367 785 59540
17 632 36688
308 708 35805
308 456 65391
226 288 15811
147 278 41725
41 583 49244
153 394 21213
336 542 32558
468 475 34886
350 794 20616
65 774 26077
248 700 45651
352 500 39598
10 424 15524
507 732 27295
587 780 48270
515 524 87098
34 243 39051
514 789 61522
202 565 30594
197 366 24187
210 281 25020
382 502 18385
314 639 38419
290 540 25554
186 619 35341
463 603 35468
328 565 82000
122 162 17088
135 276 33541
67 86 30463
530 655 41773
492 605 27295
346 431 22472
37 170 41976
20 357 14765
245 308 44944
187 726 29000
480 705 28601
222 744 15033
186 574 16279
122 501 42190
429 759 41869
270 721 28000
643 792 11180
88 182 51313
473 680 24166
216 656 50329
407 743 61205
8 538 28844
456 618 29682
82 306 46011
261 477 31000
578 588 17088
3 131 17720
773 786 54781
201 523 31890
477 759 52469
220 357 25080
160 550 27203
265 543 47011
100 416 20000
80 601 42720
557 608 11180
350 490 47539
41 91 105589
54 67 47011
509 702 31623
308 390 57385
441 462 26077
135 594 34132
196 580 36797
288 501 49031
309 311 34713
511 538 26077
494 582 39812
679 755 50990
166 327 20248
185 186 34525
202 730 41773
227 636 37216
9 411 19647
171 746 24166
23 437 57306
550 561 13000
354 633 18682
36 249 50249
89 313 39319
569 772 24698
142 568 36674
775 806 38210
559 674 31048
117 502 40311
506 793 51078
87 174 43046
27 809 16401
23 657 35355
607 698 33287
90 232 22204
110 706 52345
594 604 41304
177 275 41037
699 705 72236
217 757 38328
43 351 44777
53 121 19105
105 466 11180
133 810 33838
328 621 173519
396 601 13892
399 522 32894
162 501 34409
150 436 44777
488 691 37363
519 666 18028
139 452 25080
61 214 27019
7 304 18868
600 625 40497
460 542 20248
229 458 56223
590 713 40162
33 67 26306
161 631 70937
166 174 47170
659 786 47424
74 432 24083
485 750 23345
544 815 10817
11 177 12042
546 724 42720
361 808 20616
74 594 50010
157 674 47927
125 675 34670
48 460 10050
215 791 39115
195 416 12530
109 194 28018
472 769 18439
743 801 181199
136 473 11705
29 297 28284
378 534 13000
73 333 42059
313 469 24739
375 527 44553
303 703 39850
195 767 22561
167 691 35384
127 647 22204
451 607 38419
116 482 15000
39 284 34059
762 782 53413
380 494 31048
239 532 10296
138 507 24839
249 269 77936
113 675 25962
92 363 16763
133 699 20518
170 205 39217
365 672 43600
105 776 58421
23 646 52469
198 782 27203
451 560 44204
311 333 27074
148 545 24166
243 720 74525
71 133 29428
83 518 33287
326 814 65192
77 730 44777
573 682 31780
217 635 38079
85 716 28231
484 609 22627
352 533 21932
292 444 42755
367 368 20025
52 595 32450
182 606 38275
301 775 34928
342 590 40804
192 681 14142
254 383 30610
34 595 19416
82 246 36401
475 667 29017
35 715 38328
290 601 23087
6 526 29614
534 719 20518
205 605 39000
277 548 19925
214 762 19698
436 673 19416
428 520 33015
409 524 54129
24 54 18868
147 272 38626
110 427 71847
135 458 42438
706 804 23431
393 533 55471
72 607 33526
42 395 13038
584 673 13416
196 243 40608
686 734 54083
421 469 18358
315 430 49518
207 248 38328
98 805 76485
584 633 29155
94 174 37643
450 723 33242
478 485 19723
112 204 49820
259 350 21213
465 667 30000
4 66 20000
227 419 43105
410 711 11705
399 611 15652
314 475 54644
531 704 60877
66 401 36139
18 769 21378
214 332 19799
364 583 59093
53 589 26306
178 634 75472
183 651 44688
571 636 32802
101 127 55902
89 102 37216
554 667 13601
235 565 25080
616 661 28601
545 597 34176
59 184 25495
191 789 29732
591 717 41437
144 389 57567
312 469 19209
438 733 58009
520 573 32757
567 595 23854
526 547 61033
96 377 29155
647 741 12728
134 500 46390
396 583 18788
220 332 23409
181 287 21633
353 573 38601
61 782 52393
383 403 27459
173 654 29000
637 693 45177
316 408 18601
59 379 34438
28 78 43417
273 364 25612
189 445 40224
228 287 40200
676 801 31401
419 707 40249
242 426 30000
288 364 36892
562 626 32062
151 712 73498
329 672 43566
300 773 46000
12 799 42426
144 802 37443
44 137 15811
359 700 37336
37 624 15264
20 140 40112
307 576 49041
64 688 158316
321 565 45310
41 264 59211
509 639 33971
346 502 34176
300 368 28320
225 460 34234
141 506 57140
193 533 32202
268 612 28792
345 690 19723
300 442 28160
570 775 16492
640 777 15297
558 600 41437
320 453 48021
160 188 13454
102 664 26420
64 577 28844
466 692 60638
236 255 33287
127 560 63135
318 722 44654
289 618 37121
328 588 49244
355 519 30083
88 93 55227
276 734 51088
221 529 49041
130 152 27000
39 595 12649
229 556 12042
84 149 37108
108 812 25080
97 212 29411
213 811 44553
79 249 55714
669 716 28284
49 720 34886
25 432 35057
288 791 49820
74 648 38419
435 801 54406
325 793 10440
596 731 39051
93 551 33941
362 788 23000
89 529 48662
111 392 38601
423 520 23195
283 753 39560
380 440 27203
329 611 24187
94 754 15811
15 157 43081
88 242 24698
496 670 43081
727 774 11705
659 752 70114
88 426 11402
20 332 40608
187 400 51039
696 749 73498
579 582 46615
187 514 23324
110 710 124780
582 717 40608
678 717 36770
236 361 43829
545 561 35609
66 588 26571
561 597 34234
329 686 39115
307 674 27785
726 737 11402
327 694 55109
489 614 61660
309 718 29732
600 778 40804
138 732 32985
568 671 31321
6 494 59203
455 489 46690
102 313 33601
540 627 41049
455 622 32140
49 243 73246
159 650 26926
289 456 35000
537 618 16643
416 697 20224
142 722 51894
322 521 37577
610 713 32894
751 802 21378
168 581 10440
17 293 46174
269 682 38275
309 326 52086
320 429 26401
58 537 42544
82 412 11662
119 815 55902
180 764 49649
98 441 27019
191 213 25179
12 647 14422
395 463 41437
470 703 23854
141 536 53038
526 678 60033
187 271 14142
115 157 43566
277 765 14142
100 810 19849
280 447 45044
5 236 37121
265 631 61855
194 508 52202
451 771 19799
194 434 22847
444 525 21840
287 383 18358
90 516 19026
40 473 10198
104 542 19000
225 637 41976
89 260 29428
29 76 22204
236 658 45044
170 624 32757
151 727 34655
94 611 33121
197 214 21633
190 541 38419
11 196 53413
399 585 41340
154 341 40311
324 400 17720
93 294 48260
190 721 42048
619 644 46872
450 814 55660
339 683 18248
426 797 13892
405 492 41437
23 612 41869
580 805 38910
354 562 24166
522 667 33838
105 439 17000
51 219 29411
318 484 31064
79 170 50359
280 355 35903
501 544 32249
155 775 28425
253 805 44688
9 485 12207
513 550 28844
743 765 47634
617 635 40608
378 510 55009
167 589 50606
333 496 40706
119 713 50990
2 419 37121
266 526 59135
56 764 32062
6 373 31906
271 514 22091
339 572 47074
86 257 52802
258 730 41000
355 761 36401
6 773 81744
623 661 32527
118 645 48042
314 468 29000
672 793 54378
229 420 44385
185 402 51788
627 812 42438
7 781 14036
19 108 20125
483 510 35000
500 776 23601
463 731 37483
699 767 30594
181 709 16763
198 688 29275
304 446 44822
728 784 25000
6 266 72897
621 814 206959
508 653 15620
238 263 15232
250 415 33541
671 681 17493
45 250 27166
372 413 38471
620 692 54129
262 652 49244
384 527 20616
476 702 10630
278 431 47170
434 772 23345
21 323 20616
137 465 25807
55 502 30610
79 178 52802
259 295 51971
275 463 28160
6 252 22091
425 768 55973
398 552 50090
440 494 33106
57 728 50448
15 688 38013
341 362 59666
223 783 31906
347 583 39013
76 156 46573
290 396 14213
78 691 58822
42 463 38013
513 590 40311
696 785 48836
19 63 14318
112 722 22000
221 479 36359
420 556 44011
8 511 11662
517 739 37643
481 810 11000
16 683 36715
210 518 15524
13 408 42426
532 625 26401
71 267 57428
593 753 32757
322 663 54562
133 767 17000
629 762 13601
110 487 48301
175 337 11662
40 713 24187
210 653 40224
683 755 28792
353 542 32573
191 811 29614
33 771 47434
307 570 48042
300 786 57245
115 559 31257
375 715 36346
128 715 35735
160 404 62201
728 750 50160
149 650 30610
64 86 51856
48 260 31241
365 787 13601
574 618 34928
558 795 60902
7 593 37577
487 804 33526
342 513 21401
193 756 24597
106 586 10296
217 286 57801
349 748 14866
409 809 29833
567 738 26926
87 166 27857
447 500 43600
43 550 41593
78 746 32202
493 717 29206
588 736 38910
40 342 36069
412 797 17117
261 429 22825
592 799 72801
18 790 25318
292 508 32894
33 577 35847
68 152 12530
186 471 14142
518 668 47381
477 528 24083
250 628 53075
47 781 43829
1 584 32757
317 427 34205
390 708 70520
86 474 74027
163 172 41049
56 387 50606
261 320 41304
492 733 43932
374 638 17029
200 322 21401
282 467 56436
481 589 46000
36 608 47802
437 807 32696
514 752 88391
188 356 42059
14 754 15652
360 370 54626
55 210 38897
615 631 75644
19 394 49659
617 691 27893
163 571 19313
657 765 55218
97 362 51662
257 457 37855
158 597 17029
646 807 29155
234 496 30806
446 753 43290
272 278 43417
504 666 29732
279 581 30364
62 449 24021
123 772 30150
638 693 16763
233 423 25179
21 796 46271
791 812 26173
369 693 11180
459 555 14318
203 577 18358
172 184 32016
697 699 38118
646 655 16492
206 263 33838
150 606 19235
258 742 35440
348 369 15652
215 414 13038
38 332 37336
8 568 13928
371 488 17493
152 585 35805
234 662 19209
543 631 74243
701 814 25710
25 801 34205
111 647 20809
514 811 29967
72 177 54009
83 639 40608
293 776 98031
225 693 70292
266 300 28844
184 571 29411
110 146 57009
67 577 38897
562 714 23022
137 667 33136
226 812 54781
119 610 36249
253 360 50220
95 335 39357
171 245 16492
636 687 22804
145 461 54589
75 651 41231
110 317 38053
159 242 37121
120 684 21587
199 227 33302
46 232 50010
253 541 29732
15 559 43417
224 583 15133
207 768 34482
150 223 25495
449 724 67476
517 733 73498
541 763 37014
163 330 22804
263 470 25495
349 776 26077
411 448 26907
208 669 39825
339 668 32016
348 638 19416
28 251 28320
104 212 12042
193 317 38626
409 708 46098
109 425 38328
377 802 17692
587 639 46648
71 770 50090
279 569 28636
530 793 18028
180 340 19105
26 481 19647
224 396 16553
260 460 23601
627 652 35171
254 571 34928
306 401 15652
299 480 43174
367 659 59034
128 505 28601
57 641 43417
122 273 42202
539 762 18868
209 801 128413
237 253 38588
668 755 36014
614 622 45177
386 544 38949
17 378 36069
32 406 57801
55 572 17263
189 578 50289
445 730 19723
181 400 34828
551 669 47381
511 534 53160
429 477 28284
155 301 15620
204 483 39925
10 397 22361
374 637 39115
515 708 74626
482 556 39850
475 522 18028
89 664 19416
122 656 33121
144 377 38949
452 681 17029
655 684 36715
72 698 28284
46 516 34409
498 528 24352
320 415 37336
497 705 31145
5 755 24000
73 701 46011
108 207 14142
488 769 27514
135 779 43417
259 763 41049
222 267 25456
407 604 26249
35 433 28284
722 761 58728
390 537 40162
98 114 68007
672 734 56223
124 219 33015
480 497 24413
310 385 33734
32 712 66761
158 513 12530
757 774 15811
35 132 21932
512 724 29732
659 785 34525
67 451 61270
510 632 14866
365 585 29017
25 218 24166
90 704 18439
124 176 41437
584 650 43186
144 217 38079
450 642 44777
454 683 18028
286 802 38949
369 638 12083
136 680 26019
87 327 18385
633 783 42802
84 303 12369
338 764 19313
428 573 44911
383 571 40162
246 306 38419
334 637 31828
143 755 25000
254 640 15264
330 587 36878
178 733 43267
239 737 13038
398 616 26019
527 789 16000
159 238 50804
101 806 31145
135 689 36674
256 506 31113
173 714 12042
325 684 12042
226 627 46819
97 788 50990
323 387 34540
467 644 34438
218 676 22361
608 660 64938
642 814 99925
484 677 37162
310 491 12207
172 738 24331
264 372 25020
543 710 42190
315 649 33000
373 380 38118
61 332 18385
122 364 50249
206 797 32202
232 516 30414
516 704 34438
236 777 24515
95 552 72732
205 269 28071
139 717 47011
47 602 40262
484 722 35511
590 705 50774
103 206 31000
439 521 23854
532 726 15811
153 262 50210
431 502 22825
165 429 10198
677 736 47434
333 747 30887
193 352 36688
360 735 24331
348 564 51478
325 530 18000
48 336 14866
209 372 37802
106 311 22023
500 533 45880
233 469 55036
111 241 14142
270 698 46065
633 650 44553
366 771 38833
276 604 34670
65 757 35355
99 154 37363
520 605 20616
265 487 33541
259 794 33121
412 426 17205
233 312 44922
260 334 38053
386 815 41231
632 776 67231
66 328 36346
164 665 19313
422 499 26000
213 375 33541
505 715 12530
25 482 17889
180 563 38471
510 534 61392
1 650 25179
411 660 39446
143 808 46487
96 261 23345
174 465 46325
187 795 28636
245 746 18974
108 248 35228
99 331 31145
626 650 45651
498 802 29530
461 608 43909
399 553 15652
105 221 81025
452 671 20100
71 589 52326
72 275 38949
65 727 23770
127 799 39000
190 763 31780
357 771 42450
197 762 20000
689 734 55082
295 657 118600
6 678 62266
200 663 62394
242 673 32249
13 459 42720
188 561 19026
476 679 32062
221 230 38118
367 786 47074
236 640 29000
39 52 31575
296 506 41761
422 808 56436
96 144 38328
414 700 74007
358 471 33838
227 778 32802
285 511 78390
24 721 27893
734 793 18601
207 425 47854
69 469 68600
150 645 66483
222 545 23770
622 717 56080
309 645 50329
592 600 43324
95 490 12530
39 567 16031
270 418 66098
5 143 15524
64 203 15000
225 542 31145
277 612 32249
134 742 30887
402 724 55145
45 642 67067
634 688 103368
179 728 38013
44 166 38588
523 609 27459
362 682 62650
384 789 16279
406 712 17205
253 418 50090
438 492 43186
548 657 37947
433 505 21213
91 273 34059
443 775 38013
267 770 27731
714 783 30414
139 244 41049
228 625 22627
528 759 56613
165 261 13454
271 752 80753
92 598 10630
58 381 31401
430 575 56303
449 618 33242
290 627 47011
46 54 57009
27 453 26833
121 589 33242
163 254 40608
201 246 23087
153 194 50488
2 799 56586
107 755 37483
383 636 42953
193 376 30150
381 537 26683
63 394 48508
628 662 34785
17 459 35777
51 630 14142
70 463 28460
497 699 70114
385 531 43186
72 603 30594
174 553 26833
536 725 29000
156 586 26870
77 235 39962
62 579 36235
11 596 43012
208 294 49193
437 462 18682
439 466 17263
147 431 37121
373 494 44598
703 717 73553
145 362 52038
701 723 17889
81 310 45880
47 272 21378
134 447 35228
117 176 38588
77 337 26077
391 696 46872
282 305 78294
333 586 21587
13 293 26476
495 774 14142
356 745 10770
80 413 41110
433 715 13454
359 768 56515
323 338 25000
435 604 47413
616 735 17205
686 689 17000
144 635 30000
239 625 21932
441 807 34205
265 804 34713
14 420 30017
104 225 46141
155 443 29000
57 750 13892
192 247 37000
66 716 22472
28 100 34366
213 789 29155
243 567 32016
50 284 41617
194 444 38118
629 771 58873
180 305 88566
181 228 35609
612 646 35355
299 700 48000
234 628 45177
79 634 24083
389 790 13038
243 595 33287
299 497 41037
483 632 33106
86 577 25632
3 800 32757
592 778 38288
80 540 17692
148 590 37202
599 665 27203
213 715 50478
648 801 42202
472 643 26833
357 366 14213
672 787 41110
621 645 82329
442 749 42426
380 724 35511
395 464 19235
246 736 41340
82 103 23431
37 492 34234
22 51 19416
59 687 40012
199 720 27019
215 501 30000
87 420 45651
206 523 33302
407 690 22847
29 363 39661
748 776 38897
71 810 25080
144 798 42438
154 348 59076
356 744 18385
108 791 32558
178 624 17804
245 644 14213
367 749 37121
539 806 13038
3 424 25000
55 339 43566
626 758 29732
448 485 10817
133 770 64815
150 621 40025
114 141 60407
34 196 52802
255 324 27659
224 627 55946
252 512 22847
446 593 26627
483 748 13601
409 643 38949
159 797 47927
92 524 59682
261 453 48703
339 454 18439
61 198 60638
453 760 35355
194 394 54818
183 654 41881
151 298 31145
677 761 60075
141 441 42942
38 61 34059
451 698 53367
617 798 29155
26 810 19925
707 720 38484
143 683 32311
173 562 16643
389 409 29275
19 549 29000
219 796 36139
107 777 14213
258 393 51088
408 459 53339
255 403 28160
191 514 36674
392 750 24515
20 38 49930
360 794 33106
7 417 28018
237 418 24042
43 513 21587
157 688 33541
54 457 35511
50 152 30414
708 792 19925
101 319 32757
489 579 58822
176 272 35057
547 566 30150
320 759 44385
100 195 10817
351 404 174929
340 563 25000
112 538 49396
3 700 25080
109 434 27586
2 731 11314
335 735 40112
154 564 40050
489 622 63253
131 397 22136
38 198 85376
78 769 33838
60 254 29682
128 753 46325
13 230 30529
80 372 38601
507 741 11705
126 414 29682
56 697 58138
149 303 44294
97 104 32985
47 563 46690
87 694 54708
240 370 15000
501 815 29069
274 356 15033
181 737 23345
359 425 57871
348 752 57009
131 700 25000
174 754 32202
526 566 56089
121 125 29155
340 796 12806
207 231 26420
129 142 51624
185 724 71701
399 468 45011
85 669 10817
11 418 24352
10 699 75664
789 273
443 763
268 305
942 329
444 531
593 425
474 430
743 446
599 795
290 277
370 771
524 798
781 617
143 521
621 966
428 472
782 545
492 144
190 378
446 945
329 349
349 390
143 766
362 879
27 533
405 184
551 112
435 208
680 180
646 217
447 792
399 34
427 936
296 696
530 589
609 897
751 902
473 987
311 668
190 154
25 350
446 842
212 111
216 454
637 87
327 930
437 391
766 750
392 744
279 610
360 406
280 662
382 107
372 895
349 494
343 270
571 774
591 244
392 676
407 581
499 965
576 322
204 375
429 993
398 46
930 345
401 932
255 626
837 831
456 799
363 180
372 837
741 96
64 555
718 217
702 183
965 489
477 197
704 943
92 421
258 937
842 323
309 544
731 325
944 315
389 960
157 484
825 292
815 731
306 883
75 257
653 163
880 297
155 550
194 867
536 82
699 721
211 697
624 688
401 203
508 874
847 750
827 341
731 729
872 618
738 148
446 558
199 360
265 409
973 659
548 823
801 444
432 130
279 698
624 943
23 508
373 430
827 190
189 212
159 681
363 109
102 257
304 381
365 416
388 94
185 327
518 819
546 517
791 436
222 615
263 288
510 580
358 209
892 500
94 587
184 145
225 467
553 777
687 394
443 985
222 678
754 400
440 516
499 72
634 773
920 638
405 426
279 131
740 289
849 204
396 12
249 615
214 444
660 698
545 875
714 138
581 950
244 110
771 296
271 76
900 768
118 251
400 622
994 566
569 69
183 474
417 173
330 379
851 806
710 893
480 213
377 656
758 189
179 521
961 473
406 410
371 783
752 921
637 752
385 325
490 637
853 249
714 204
409 657
514 335
508 301
546 657
280 86
942 434
317 834
574 604
737 417
961 585
264 437
395 212
328 738
488 920
558 979
435 712
879 679
842 345
954 436
429 978
832 483
723 856
796 341
213 362
919 271
25 433
322 522
754 100
723 738
577 579
500 938
156 303
111 208
466 53
17 555
384 389
478 930
793 636
312 115
824 209
88 363
771 706
123 342
457 687
468 665
74 517
755 633
226 385
328 880
794 831
691 125
986 455
461 564
330 762
762 346
499 665
225 773
534 821
804 279
335 698
646 392
476 229
864 352
725 382
203 325
652 923
610 90
414 227
571 427
297 782
432 597
479 592
196 625
341 938
917 507
254 870
786 726
559 78
178 409
768 360
30 409
897 687
626 490
330 133
84 729
695 858
335 844
560 659
441 412
77 291
335 100
401 811
79 617
107 771
435 455
298 360
865 475
297 521
464 274
518 530
313 634
665 487
501 7
472 625
128 327
519 293
92 387
117 231
310 476
786 591
875 249
209 896
214 635
660 200
427 9
243 255
650 506
533 885
759 120
719 328
484 414
395 237
888 322
611 907
514 205
778 160
301 953
755 134
781 788
820 770
272 560
480 342
724 634
975 621
776 385
536 857
600 83
967 388
866 662
316 333
500 610
130 677
775 108
164 467
966 350
163 578
378 616
593 691
486 952
728 136
784 688
212 832
756 761
967 463
323 309
392 501
383 344
640 733
216 129
486 610
545 5
79 645
380 438
34 360
693 649
865 538
251 849
171 129
926 574
740 760
766 208
873 440
320 99
453 932
475 331
278 316
256 811
500 544
686 771
658 147
97 307
191 595
464 923
670 547
669 527
707 656
234 761
470 124
55 410
576 398
729 644
571 546
964 555
533 53
757 519
423 661
579 360
596 275
385 477
456 616
618 591
294 920
161 213
303 301
243 630
516 127
557 243
680 624
559 786
968 510
211 423
435 849
81 378
270 267
216 820
198 559
517 615
895 336
505 386
451 589
321 39
769 907
349 63
68 671
739 623
545 131
526 415
594 814
832 317
61 448
169 302
595 120
401 223
451 446
347 779
460 730
117 506
805 760
456 482
769 828
275 281
260 371
822 303
984 588
773 806
579 67
446 378
388 459
62 531
526 561
285 428
38 604
827 243
193 738
787 839
880 633
595 338
184 698
677 514
566 855
302 434
909 457
512 449
863 520
612 794
552 323
679 42
428 877
710 404
575 124
404 487
655 306
540 265
378 930
118 552
766 577
767 740
660 821
198 720
429 808
416 846
204 482
883 616
436 225
243 560
796 776
751 379
494 303
502 153
180 156
315 962
227 529
350 563
559 47
623 795
824 655
253 213
386 179
35 517
847 520
807 387
606 785
81 700
930 681
479 139
647 260
205 861
311 946
755 868
640 380
609 368
438 46
709 100
273 227
534 15
482 482
898 546
138 279
368 470
330 617
908 399
529 540
174 647
534 793
279 487
327 561
812 520
737 456
550 418
233 116
558 637
575 239
307 902
849 856
337 526
901 429
746 825
900 646
209 528
818 366
594 154
323 440
622 431
602 578
557 23
807 683
112 677
251 916
508 670
942 559
752 507
155 269
169 680
570 281
759 470
518 904
105 409
287 810
750 729
920 728
142 247
289 109
519 402
680 450
126 765
170 399
249 92
904 273
171 798
191 545
239 508
779 583
73 505
636 848
528 736
655 939
463 850
261 87
744 198
403 359
700 700
984 430
677 420
327 667
738 433
292 388
563 909
418 629
346 511
729 797
524 304
493 409
564 921
413 969
927 386
599 294
303 765
327 369
626 332
73 361
796 241
220 594
733 157
342 608
921 370
386 133
249 153
652 316
508 736
490 464
65 605
307 680
405 796
257 121
646 155
995 522
522 695
69 385
427 352
402 831
60 646
759 841
866 213
404 847
638 859
791 371
222 197
184 566
111 739
535 833
708 269
915 753
242 821
450 122
556 290
476 286
920 606
888 195
687 309
196 781
738 910
484 681
742 230
139 386
646 129
497 912
350 416
846 722
817 534
771 226
688 961
475 90
438 655
762 665
712 645
302 584
440 584
537 747
640 20
526 165
467 240
825 142
136 714
536 806
40 585
447 342
764 270
680 233
130 420
289 499
737 169
120 718
73 241
138 801
506 562
644 600
574 848
219 804
679 140
817 686
834 727
987 548
886 419
228 500
384 532
938 306
669 84
708 424
156 621
808 247
625 931
407 123
37 565
841 402
624 371
382 565
158 146
723 415
716 826
410 504
138 686
694 52
142 611
432 677
587 983
127 603
89 662
443 149
897 557
717 661
110 456
616 704
726 615
381 226
376 865
343 223
243 303
707 65
357 571
731 366
292 871
276 196
935 695
424 748
535 176
495 653
916 770
537 411
335 53
211 166
767 197
535 551
918 326
658 357
798 182
737 521
408 713
335 872
801 422
691 73
560 390
149 701
517 657
420 37
603 735
980 511
926 467
435 771
521 769
788 897
112 656
252 835
886 387
506 654
353 660
860 820
589 520
545 797
907 473
63 732
327 116
324 89
458 223
701 121
851 533
707 544
583 781
541 37
640 670
507 492
150 535
420 531
939 596
429 63
714 240
611 40
550 99
844 462
508 920
288 847
341 302
93 769
856 779
373 217
223 329
488 165
318 158
442 891
301 411
604 506
424 48
567 893
879 560
437 569
483 707
132 566
379 577
473 416
550 953
797 192
596 711
678 606
624 557
195 608
709 771
602 594
517 140
177 336
516 170
127 667
270 841
558 683
375 354
815 315
475 107
482 804
296 288
6 560
520 41
263 646
920 713
268 748
529 897
163 725
484 531
538 102
386 190
545 610
174 362
807 235
732 59
151 253
