726 1247 24 87
274 634 25179
474 662 19313
208 545 26173
97 289 67067
132 341 31048
445 494 61188
173 486 20616
125 258 42426
184 282 18439
301 362 39051
193 684 11180
322 371 41110
292 399 23324
15 368 45651
116 223 65460
107 109 39812
97 338 22804
189 351 29428
170 459 24698
233 494 42190
247 476 44147
494 507 55946
71 299 119269
305 356 48836
468 651 66098
145 360 15264
358 546 47413
6 611 20000
160 271 37363
296 387 28320
125 368 48415
196 541 41976
31 224 49497
413 498 46648
4 539 45011
587 631 150904
308 508 27459
94 392 41881
387 652 36497
7 573 38601
21 576 64938
65 427 39459
627 667 57009
173 686 26401
429 617 30871
177 237 26907
334 541 22361
168 458 35128
211 612 68819
148 456 39825
8 646 42012
245 466 44944
18 606 66008
240 527 25020
334 481 28000
574 668 51865
215 439 57245
38 297 30414
493 521 26907
251 345 57280
62 398 20616
232 460 47760
171 703 29069
108 677 14318
528 610 13601
449 644 49769
14 121 33015
408 580 35341
517 686 65490
82 649 20616
112 351 65000
166 193 22361
62 190 54562
533 535 46011
57 210 10198
15 534 12369
92 384 12728
344 370 62801
549 637 24597
205 490 58421
466 503 40200
244 654 50990
70 354 74545
27 652 86977
497 539 62201
50 130 29967
144 560 38328
25 413 20000
29 211 58822
531 585 74202
442 695 26173
253 611 24739
70 561 46174
271 577 22361
1 134 37014
144 276 43046
632 706 61685
405 538 31953
398 409 25632
540 617 19647
198 716 43863
205 717 39408
242 254 30083
183 600 55000
306 402 18682
424 494 66851
107 709 60374
499 626 21471
377 427 26249
162 537 45343
373 381 33015
49 616 43417
14 139 57940
343 565 16643
287 609 20809
403 544 22825
267 708 47424
547 692 32202
108 252 29069
110 277 44944
316 715 34205
118 203 59405
85 394 44102
13 654 21260
372 455 22561
124 417 46615
13 242 16492
288 723 13038
98 649 35171
11 150 41617
44 694 17263
435 517 63127
47 633 12530
412 694 17720
167 296 34015
267 269 47170
43 178 28460
89 301 19723
287 591 12806
272 475 10440
414 607 46065
166 416 41000
294 368 53488
528 562 123483
123 700 29069
48 133 43012
127 190 48836
527 590 66400
414 592 11045
181 584 30676
206 402 34234
445 447 29069
27 697 38910
247 625 43267
177 624 52202
419 603 26926
36 556 48270
236 457 14142
55 621 54083
386 401 44385
331 574 23707
285 547 29069
31 599 35805
301 598 30806
274 438 38079
119 471 45607
153 314 27313
324 405 40050
205 652 55462
699 704 19647
28 100 33615
126 531 39000
489 620 55009
639 648 16031
104 384 25710
530 725 55543
115 513 55362
266 707 62225
479 480 63891
520 716 24083
316 444 47424
194 699 40460
44 451 12042
142 382 42802
7 16 37483
282 319 49244
143 537 62169
214 468 58249
5 223 65031
167 196 104695
219 490 53814
136 260 75073
240 642 12083
209 541 38079
142 366 29069
152 473 20125
440 551 11662
235 347 47265
62 127 33015
400 512 29275
389 433 52202
112 204 16553
30 254 55227
142 635 40497
390 639 22472
506 610 32016
74 674 47434
119 267 42379
233 303 17000
156 433 62008
113 203 28071
339 471 42755
63 617 19647
364 593 52345
348 588 31257
152 611 49497
117 236 25632
255 326 33377
504 529 53339
179 665 60828
277 698 19416
207 486 12649
92 686 15133
178 680 21633
408 490 29732
385 460 18248
285 678 12166
320 504 51624
285 719 13342
211 279 36620
79 180 31064
463 713 62650
327 464 29428
443 529 36770
464 508 25962
548 553 22361
17 491 10198
372 557 44385
101 197 49244
173 291 17117
191 520 16279
314 505 30000
223 416 39850
258 594 33377
323 597 27313
330 714 42048
215 616 74041
383 625 12530
127 539 11402
500 583 35511
527 642 36222
204 322 78645
11 493 39051
161 689 26306
337 388 17464
446 461 12042
214 337 42450
283 665 34655
433 538 33526
267 685 50249
270 660 31016
93 372 32016
230 591 20025
249 569 20809
484 695 12042
160 531 52038
199 349 30265
211 419 40012
130 711 27731
507 639 22472
243 643 51000
402 434 41485
343 497 41400
478 483 34176
281 721 23537
109 665 52154
135 346 27019
303 494 38949
38 97 30083
111 534 21471
76 330 50606
29 196 115261
186 592 34785
326 588 13342
322 569 31241
269 685 31623
575 693 53600
65 126 49396
159 499 54231
355 552 17263
194 262 49769
95 655 13153
672 679 19105
103 656 70406
185 574 60000
26 426 47854
133 425 32062
105 628 42379
239 437 21954
378 602 45618
325 660 17720
23 422 38013
392 396 19849
58 270 27295
15 23 59414
195 381 14036
118 261 17464
651 691 48600
201 460 18601
174 258 33615
183 457 25239
177 363 10198
256 606 26476
116 627 37802
269 708 26907
181 726 39115
650 666 43290
231 457 44654
29 391 54342
336 514 28636
28 492 43600
104 358 47518
336 676 54120
77 161 20248
3 238 28000
132 571 24083
56 498 29411
77 324 65742
35 361 17088
334 701 29017
602 705 53151
192 246 14422
238 457 22023
42 572 17117
345 650 38079
233 478 40497
17 337 87098
66 626 48083
381 619 26571
69 175 21471
237 252 14142
501 569 30083
683 702 31401
152 605 28425
14 358 47011
148 154 36674
540 638 31765
40 722 30594
33 555 44011
229 369 26926
609 703 69642
510 705 21095
500 570 25000
122 535 28000
245 456 33838
128 349 25298
635 659 11180
468 578 28792
24 523 16279
415 440 35355
256 563 43417
330 543 32016
316 428 30265
217 511 11402
106 647 36359
5 166 33615
135 281 18974
85 421 39115
507 526 45607
359 441 31113
234 699 39294
61 273 41773
260 538 29732
128 559 37336
214 578 38471
48 621 22023
524 684 21213
458 563 53160
281 346 28320
498 570 19647
230 597 28302
106 504 56143
55 243 17263
259 495 39850
234 469 17029
214 300 32558
317 633 14422
81 643 48104
18 458 30083
78 646 27731
388 542 62129
216 624 71169
74 230 29732
132 693 30265
151 465 39812
16 555 41881
384 674 52498
397 644 138636
295 436 29698
310 615 17000
547 611 31241
491 724 61400
27 717 44922
22 587 18358
101 586 33526
171 416 38013
122 681 21840
32 350 24352
74 597 35057
45 55 51264
266 365 25298
493 685 11662
143 162 49930
439 659 30414
131 632 35847
584 726 43738
229 465 28792
78 426 33422
150 521 55036
21 124 31401
468 562 24515
137 503 35511
220 330 36892
209 603 28443
69 140 31623
58 518 51088
208 397 12530
84 395 33838
115 582 27203
450 484 33734
91 450 28302
302 440 18868
56 257 10050
557 571 35847
315 692 21213
333 568 93472
300 506 78892
262 711 59464
488 675 38275
331 668 45651
348 634 115732
90 668 46519
157 257 25495
66 461 12083
137 434 27203
630 647 35114
102 411 46957
144 718 14142
386 410 29411
55 542 40497
171 589 38484
187 556 52887
170 608 36346
465 568 52402
83 630 34234
478 648 35355
187 245 53151
57 184 24739
213 703 24352
367 601 36235
123 145 67007
82 606 92022
178 221 16125
68 487 39013
81 542 51624
189 305 19105
152 655 18028
19 420 11402
248 637 62169
249 641 28320
6 529 16492
64 677 24042
151 489 17720
191 218 32062
519 550 33838
107 522 33136
226 290 16279
52 432 56648
369 713 33541
214 651 55082
246 663 46861
208 645 58241
339 385 53339
480 590 102616
298 438 56798
309 332 32757
411 640 32000
128 481 31305
357 557 17205
45 243 45011
311 461 13000
101 532 13342
424 716 36401
533 689 16971
322 474 29547
161 535 42579
138 623 42154
703 723 14866
94 601 29530
224 599 34409
180 536 32558
22 514 10198
452 482 26907
671 700 25632
46 290 34986
158 188 24042
476 619 37216
333 449 47518
71 329 24759
373 619 10198
89 362 34670
393 552 22000
8 595 56365
224 657 13000
502 682 39459
114 286 36056
462 489 26249
624 690 33526
167 488 14318
242 631 23707
87 403 13892
247 688 52631
29 612 58000
77 508 40311
261 608 20591
697 707 30017
73 477 21932
280 453 64560
223 323 43829
293 494 27803
47 188 21378
9 34 51923
442 492 31765
123 232 41761
289 581 17029
188 434 27659
20 324 30067
310 451 26571
264 267 43829
295 588 14866
67 418 12728
425 470 23324
226 357 69354
321 394 46174
549 650 20616
228 525 18385
3 457 22023
305 376 42485
528 566 35903
41 647 51010
96 653 29967
155 200 26627
339 360 30067
340 404 36497
530 596 34000
59 304 13038
1 572 35128
294 523 40447
80 661 29069
262 704 12649
352 672 11705
12 93 10296
94 567 58052
223 696 37736
417 636 37802
67 658 39000
241 374 18028
140 584 63008
121 258 55758
392 567 25060
216 565 23601
125 294 50448
251 666 62169
619 622 39013
155 620 17000
403 413 46519
68 543 37054
60 150 68542
257 570 24000
307 464 39000
271 585 27019
95 605 19647
318 379 25080
4 307 20248
132 342 52953
580 675 10440
156 225 34132
407 710 25962
290 553 33302
146 164 28844
169 657 14422
169 687 21471
93 382 27803
357 455 59034
182 697 43186
268 485 65765
391 711 39294
395 691 37696
405 602 69527
91 492 40497
114 710 65620
136 485 41593
39 351 87464
113 265 21213
83 179 26173
119 315 42202
77 464 44598
88 265 43417
485 676 50606
5 684 11180
105 629 14422
115 123 36688
164 607 47508
292 342 55227
656 657 26077
39 50 104043
91 695 12806
226 614 32650
537 545 81933
120 524 44598
567 637 39623
191 716 27659
276 581 24698
344 721 19235
86 519 36674
476 625 34713
266 532 49477
529 611 32985
114 499 60407
114 530 69354
33 220 42953
25 593 29017
225 433 68600
172 356 51420
349 675 25632
312 504 63246
193 441 38910
137 544 32558
491 572 40792
376 393 33615
477 556 11045
13 631 17720
25 299 47043
57 672 59808
77 689 43566
8 228 41000
305 662 45000
297 629 22472
61 407 22091
377 648 40522
473 655 25298
4 343 30150
59 479 44272
383 667 23409
591 615 26926
245 477 19235
326 362 32558
488 701 26683
56 87 23537
53 313 69203
470 643 10050
397 537 106532
146 175 28231
64 219 47096
145 312 61612
328 558 35228
15 347 22825
598 653 35384
525 709 25632
275 614 53759
74 622 13000
300 578 13416
567 658 21095
283 329 27659
221 227 15232
51 64 31064
358 384 44777
47 329 59076
12 372 28160
252 677 25495
311 542 52010
45 470 13038
2 303 13000
162 489 18385
486 581 34176
318 612 66068
341 571 26833
26 595 27203
103 224 65192
353 439 20518
61 725 18248
74 207 52240
19 570 33242
596 626 33106
210 282 25612
36 302 21932
90 331 42048
646 647 39205
259 406 37443
10 129 17000
12 682 20809
195 622 30676
284 352 57689
89 255 29120
363 390 32985
289 291 10198
44 412 23324
152 529 62241
435 511 43105
666 673 57140
117 344 19849
134 550 20248
84 515 12000
335 612 25060
249 441 34015
151 568 18248
53 550 22825
155 263 14318
183 236 13892
381 560 45255
96 598 39115
20 510 13342
432 714 26019
187 306 32894
250 632 74726
506 562 85147
234 259 24166
356 376 29732
472 722 40311
154 467 51420
601 623 31906
474 501 26907
278 369 17464
40 472 48795
379 577 18788
539 664 26019
420 570 30806
564 640 46648
377 483 12166
216 442 29833
365 464 55036
28 52 32650
491 673 49659
250 448 57983
112 430 36056
383 476 28284
232 700 28653
166 223 59540
59 309 50804
85 669 40050
659 667 18439
511 679 14318
99 621 41340
30 197 73007
512 708 22204
62 717 13601
259 670 54745
293 424 73756
369 628 35903
406 495 11402
175 592 14213
487 614 16155
307 308 50922
85 378 74632
104 435 28425
506 613 34713
225 260 49980
212 722 45222
433 604 41146
369 629 38275
139 694 48847
552 641 24515
251 273 25456
99 136 70725
9 73 37483
153 709 93606
152 153 34655
533 669 28018
469 699 37656
8 522 61911
2 577 21095
496 558 19209
1 613 25080
20 421 13601
147 277 42059
176 485 40311
53 138 58694
399 404 10050
567 583 43382
204 280 57559
253 605 24698
143 489 56754
10 77 50220
222 604 25060
71 593 71063
130 194 10770
353 635 28653
366 557 32202
24 282 121334
68 227 29614
1 42 35847
443 646 38601
26 83 60083
67 500 37000
89 634 45044
195 619 14866
97 291 69354
378 705 32894
302 415 17493
200 545 14318
168 454 31064
464 664 45453
64 398 55317
424 447 18000
330 401 62968
106 320 17000
186 726 46043
134 313 48703
38 338 26926
35 37 33121
447 716 35903
586 707 20248
332 479 17889
298 644 160103
400 638 51400
60 165 65299
154 456 12042
266 661 60166
245 306 49930
37 63 26401
181 656 42426
10 538 42953
182 652 107117
398 509 30000
209 419 50478
197 586 16401
203 723 45618
129 308 41110
7 401 22472
246 297 27857
359 599 57428
513 642 58181
100 178 50249
355 393 30232
165 715 28443
418 637 21260
118 563 32016
409 497 62936
238 346 36056
66 596 54406
319 702 29428
190 664 22672
207 276 46755
210 683 18788
229 463 60539
51 108 25807
6 678 13153
88 171 46690
359 371 49980
338 517 68680
582 590 105171
213 723 28425
320 647 39205
451 546 40025
314 473 20591
54 564 48270
21 410 11180
247 560 46390
71 283 52402
88 213 44407
73 482 22825
231 340 50249
275 487 50090
261 454 18028
135 721 21401
116 687 56727
435 534 19698
123 671 22091
446 626 45967
156 558 12530
58 520 19416
198 518 46615
296 408 21378
495 670 26401
262 612 37216
15 702 46573
463 620 49163
245 556 18111
172 189 13038
84 691 25179
484 561 49163
11 521 30414
345 418 30364
98 258 43174
354 526 38833
492 604 25962
223 589 41110
89 348 71589
94 367 50961
341 548 23087
98 174 29967
63 540 27785
364 544 15000
451 615 12042
218 424 26000
326 348 29411
282 284 83762
304 700 44045
88 113 42720
375 543 27785
273 467 59641
33 380 27459
139 170 32202
134 566 40361
368 422 20025
9 240 55000
288 459 37577
237 690 38949
163 402 58052
130 453 53488
449 568 77233
448 706 25080
497 624 52697
462 463 28284
217 679 13892
105 475 34176
532 661 51108
340 423 16279
212 318 22847
211 318 38328
99 268 46872
83 158 39825
239 688 36620
513 551 43966
379 585 32202
288 431 28601
181 502 12649
64 497 49396
653 712 31953
171 609 54452
235 683 30463
81 311 41231
287 696 11180
325 455 11045
389 432 71218
264 512 34828
402 415 45000
220 380 35171
125 523 20125
110 423 23195
366 693 52802
69 293 44294
102 370 55317
76 714 13153
183 448 34176
114 407 67231
670 722 44385
529 719 36125
46 548 33541
342 346 37108
410 496 49366
185 429 45277
308 565 28862
222 389 11402
454 563 50922
274 298 43681
176 268 67082
95 436 40025
241 388 34655
186 656 55660
393 662 49477
309 618 31890
395 468 105546
437 688 50010
120 599 53009
673 724 52612
413 583 34205
507 648 33287
579 694 36797
350 636 27295
126 128 22472
75 709 18682
201 638 71449
514 587 23601
169 224 26249
616 718 54037
199 701 19647
57 235 31321
204 430 27166
72 476 36497
177 536 31953
306 466 21095
121 422 27203
190 707 55145
1 519 29411
80 242 16763
35 628 22847
248 549 50990
244 321 46325
462 620 55218
196 279 83762
133 576 42755
335 704 34828
382 682 34670
35 272 40608
486 674 19925
331 361 52887
493 715 15033
137 157 30150
149 579 30364
60 521 70774
411 564 40792
72 627 15556
32 573 31385
409 539 20591
80 254 25298
158 163 10198
24 649 72835
327 535 33287
610 613 15811
48 470 25495
516 646 38275
436 505 52393
69 146 22136
292 554 39217
294 319 25612
102 117 24698
96 165 16279
22 244 58728
168 174 48765
41 630 21095
8 75 46615
1 566 28862
504 719 31623
202 591 22825
86 724 11045
427 536 33734
78 516 33734
37 49 30463
109 179 62769
382 557 36715
299 367 132439
184 284 65513
363 427 17464
318 585 29155
122 327 18000
396 567 25962
22 720 30806
347 672 56000
50 391 50210
87 157 30083
354 561 69462
36 513 38210
39 112 25000
390 624 53151
138 601 24597
505 655 30529
365 681 34785
273 725 29732
41 402 73000
23 111 47011
141 295 30364
185 708 43012
317 364 19235
431 579 46228
159 425 22361
75 522 26683
46 357 36014
141 692 39051
199 675 35000
99 328 31321
645 653 24759
32 636 39395
110 332 45607
255 348 47885
420 503 13892
206 503 42190
74 546 33302
201 618 82098
149 694 16125
555 640 49244
325 502 34176
129 433 33015
323 476 43738
214 241 31623
385 400 18868
17 542 50606
316 653 23707
38 278 21633
222 433 47170
360 547 54129
471 692 30083
421 669 20248
515 676 38210
32 250 62610
85 510 46098
394 654 52326
40 335 27893
426 516 22472
472 612 56045
247 373 23022
166 684 27659
600 706 22091
531 559 23707
170 594 39560
444 463 58898
124 576 62298
2 212 32573
370 553 33015
428 715 35805
204 453 80131
192 663 47539
54 573 21541
61 482 43174
202 310 20809
64 690 39812
34 632 61033
270 357 72007
67 467 66603
79 219 54037
611 678 10440
336 515 29069
406 469 37363
105 663 40706
192 289 47434
31 687 39217
147 540 36401
42 86 43000
85 321 12207
164 592 19416
103 414 30083
159 286 33015
18 82 26173
333 352 38833
248 673 37202
76 386 21541
219 509 15811
15 111 31113
428 493 28636
346 404 24083
375 680 14213
43 221 25962
114 131 68015
265 641 31113
178 375 29155
152 228 74726
90 713 26926
324 669 27731
16 54 16643
163 434 28160
32 417 39459
34 114 58052
277 618 39115
380 555 55471
3 346 44407
137 206 28018
131 250 55902
438 645 14422
65 79 59076
518 716 57489
317 434 37054
217 333 64008
30 101 26173
575 635 22091
253 547 26000
43 275 33941
119 264 32016
49 272 34234
535 681 30414
147 698 51088
116 524 50804
182 707 35609
328 496 38910
361 429 27514
479 600 89107
239 247 52431
353 554 17029
208 712 62241
142 575 26833
490 509 54129
439 554 25080
423 698 22561
371 607 36401
52 100 56569
215 437 58258
215 399 39623
304 480 25298
333 517 74243
74 202 23409
58 660 30806
582 671 24698
233 507 58189
431 459 18385
635 693 56754
200 620 38833
51 180 23195
583 658 28018
214 374 36674
231 479 44294
92 517 67365
160 483 49649
85 720 71169
130 280 53600
522 595 56036
227 680 11662
311 446 14560
405 705 42579
29 279 37000
387 490 37537
263 712 29428
8 525 47676
490 580 48301
71 633 60828
19 148 40792
120 193 25020
198 445 31145
259 371 74108
150 315 23259
172 256 49820
396 637 36056
475 718 52326
149 703 67067
286 350 33106
355 501 18028
9 452 29428
357 571 30610
72 116 38949
594 608 16125
526 624 64444
176 542 68884
278 338 35228
70 450 31765
358 412 26173
140 218 71568
452 710 37336
321 720 68425
312 551 27203
589 696 35805
351 430 40311
313 623 97739
559 603 45044
481 541 12806
443 504 55866
374 485 35440
98 125 48166
263 444 36797
141 150 36688
450 56
219 686
593 489
160 432
433 755
877 386
427 356
878 314
618 313
228 354
859 522
398 617
94 260
612 862
677 870
464 350
445 133
513 995
672 182
210 254
379 347
172 157
618 877
631 982
702 91
870 241
22 437
266 423
133 792
32 325
431 703
487 321
442 429
568 299
740 625
722 289
724 596
735 710
266 940
240 773
806 238
464 89
302 468
574 821
401 246
436 523
769 159
397 266
696 584
181 880
106 520
287 398
526 51
478 341
383 198
686 140
732 915
341 573
697 462
946 515
591 256
73 439
708 575
123 494
127 578
480 163
606 135
370 475
291 711
284 478
800 109
495 684
644 286
569 748
916 287
364 406
179 343
848 288
78 545
93 292
441 201
539 998
813 222
224 136
181 232
507 89
709 145
439 825
974 552
795 637
254 426
663 806
407 622
621 24
935 408
893 577
727 739
593 984
358 287
279 454
35 351
518 470
347 751
660 822
709 660
824 320
907 228
127 505
868 220
635 512
655 848
290 933
454 865
511 288
710 380
461 703
541 479
500 928
832 477
401 777
613 895
126 347
745 391
410 342
625 948
101 620
106 438
82 632
228 371
208 867
556 339
479 524
432 291
487 55
540 524
309 236
728 176
584 60
558 883
301 681
918 477
463 631
906 712
658 679
812 390
284 732
693 573
680 222
561 836
883 488
834 731
938 395
963 371
644 229
893 677
309 343
698 173
782 197
454 249
168 658
168 326
864 739
772 195
308 748
904 565
446 786
20 611
519 984
399 676
539 909
485 833
393 961
649 770
566 971
310 721
337 175
163 554
329 459
810 196
109 543
367 640
14 416
558 458
756 921
760 538
308 699
726 264
765 180
382 954
97 390
342 608
691 723
426 776
204 857
574 707
51 711
15 396
281 572
44 612
908 699
758 465
561 770
452 893
297 918
33 473
729 204
621 753
940 677
69 707
722 917
151 736
209 717
475 851
319 125
591 590
218 445
732 834
310 610
76 491
424 468
327 475
287 369
498 757
382 696
306 309
390 508
341 481
918 323
771 704
549 770
616 497
757 431
206 659
268 836
702 906
565 470
143 536
565 489
617 638
662 346
329 155
98 276
400 201
132 200
673 260
703 715
574 668
522 122
390 827
515 377
604 210
129 534
895 426
69 284
966 524
442 970
687 150
583 942
278 814
259 292
516 935
223 811
890 663
807 497
433 868
86 350
846 517
349 241
821 557
365 560
178 694
700 618
622 228
973 622
326 492
656 722
673 536
753 698
121 757
240 910
546 506
742 933
839 144
812 887
867 397
481 268
540 782
500 884
664 762
406 505
666 772
572 571
270 672
674 960
947 468
34 580
713 689
961 664
700 44
325 93
957 562
742 298
214 674
704 451
395 940
715 233
149 415
197 398
688 512
573 787
457 163
776 340
471 9
974 396
873 467
885 593
746 161
188 726
694 944
809 328
171 225
349 859
523 721
208 284
383 596
961 491
144 347
349 317
818 126
404 437
797 595
671 484
796 833
40 660
213 780
210 149
360 114
749 733
818 433
621 547
449 516
531 534
190 435
526 492
588 155
567 525
697 859
989 482
74 608
495 298
353 949
764 855
522 595
275 552
399 867
443 949
437 559
613 815
369 771
820 403
746 609
955 523
173 556
737 144
94 374
461 602
572 10
655 910
757 681
464 482
352 818
406 590
561 687
312 161
358 462
433 921
158 597
252 209
190 701
415 434
588 706
429 605
527 650
654 797
791 479
372 386
15 559
353 130
296 362
205 564
145 845
598 59
416 892
157 269
192 125
585 74
951 683
81 458
584 551
781 495
415 375
733 238
702 133
585 541
248 282
257 783
569 254
30 559
105 449
381 358
497 428
594 833
682 91
318 743
733 283
486 795
448 315
597 126
111 735
681 175
202 265
635 911
632 535
286 600
434 259
827 262
166 572
855 589
755 583
324 921
523 901
340 418
247 344
744 198
682 840
926 447
636 627
936 613
537 609
758 308
391 793
225 416
867 336
865 636
260 595
461 177
286 582
546 426
843 826
269 450
582 812
613 284
258 848
517 953
384 585
645 241
579 472
484 987
516 918
773 476
469 168
831 709
827 681
149 376
798 714
697 222
656 179
286 77
267 819
414 247
860 441
206 738
956 386
361 886
697 628
531 678
664 277
192 621
655 476
696 427
68 660
633 266
160 609
236 443
302 195
633 757
371 514
33 605
851 726
40 531
455 131
240 388
861 561
248 655
266 776
332 352
165 468
658 131
504 228
643 135
381 868
371 628
693 182
828 376
974 426
393 53
225 604
174 383
63 482
223 251
725 843
785 524
726 327
182 155
236 136
815 281
730 799
308 534
474 73
345 592
881 543
910 261
634 966
431 744
925 306
237 560
637 347
422 20
881 370
540 225
116 656
38 338
160 288
674 858
126 319
133 565
894 773
237 312
115 431
722 551
60 670
405 164
372 438
722 144
922 696
591 773
869 426
451 493
572 132
506 62
768 314
416 870
431 483
535 584
441 385
675 278
447 573
320 337
95 667
620 674
240 492
310 72
469 936
489 388
204 426
457 28
610 81
837 749
373 839
663 150
461 540
447 91
458 333
808 574
475 607
390 283
198 684
313 87
552 865
62 574
665 745
702 406
649 100
338 630
161 715
25 383
163 141
958 478
501 798
597 400
550 790
319 732
731 92
550 947
854 263
524 195
534 746
932 580
402 724
591 414
595 38
293 229
97 712
265 381
916 413
447 996
339 784
534 945
523 794
418 33
889 402
191 792
427 46
365 529
573 804
662 611
727 570
712 533
563 697
876 677
380 252
564 736
568 21
194 512
538 644
494 209
484 673
749 646
721 668
817 256
77 265
587 357
758 153
976 597
497 609
471 285
583 110
750 536
213 585
465 428
411 846
673 351
424 246
889 807
924 621
836 313
805 289
197 586
559 993
553 140
266 140
9 523
906 604
110 246
948 410
361 682
387 684
621 99
507 614
366 591
64 294
368 904
673 679
114 405
864 168
548 183
519 628
837 617
183 272
287 760
723 393
753 859
500 152
614 763
65 584
262 164
140 511
879 399
739 846
347 471
105 341
410 634
714 934
428 765
851 567
665 791
418 666
587 617
172 300
162 502
227 111
888 452
483 554
577 838
244 434
530 777
57 420
654 540
230 826
732 417
39 631
689 915
498 859
235 807
241 240
569 416
42 394
803 537
934 282
576 279
183 855
895 634
772 651
366 419
876 560
321 590
65 450
660 665
854 394
202 164
523 511
246 743
493 873
508 100
594 238
346 673
