743 1741 17 186
416 677 22023
339 597 30887
197 406 58523
317 700 22204
46 420 19105
249 600 16125
630 731 48836
73 187 63325
666 672 44944
299 714 23601
453 563 28231
172 296 34540
212 705 63348
163 682 38833
280 306 30083
22 129 41000
99 523 30364
418 646 46325
158 387 31953
153 446 27295
142 740 12207
180 207 27659
25 484 22472
171 263 22804
78 564 42059
230 406 53075
238 421 45000
574 627 15524
552 624 25495
527 698 20000
350 708 37577
554 671 54918
619 710 13416
381 688 41012
294 546 43863
148 351 25612
214 438 25179
77 567 46098
265 713 28284
254 370 28460
643 693 19925
287 340 22825
137 644 19416
215 296 18385
583 650 31780
412 429 38419
303 412 51894
140 427 19925
251 437 27019
15 278 42438
315 651 47170
102 109 45618
72 251 45880
631 743 11662
34 232 43139
308 581 41195
9 719 11402
56 92 38949
167 273 23601
86 521 30265
140 545 35384
509 625 44204
228 232 31828
74 468 26926
293 571 59405
491 607 32894
49 715 26683
596 623 24739
137 616 29698
170 714 31765
452 637 17804
212 362 57315
228 270 51662
71 543 22361
150 284 58034
68 316 13153
17 485 23409
260 613 21378
589 712 24597
710 721 58249
70 349 28071
122 742 27295
523 624 16279
254 486 40804
399 409 46755
346 525 29206
25 598 38833
32 489 26926
20 511 64622
124 379 74411
45 138 20518
459 691 23324
101 231 55570
140 322 50120
92 330 48765
179 211 42154
467 628 37216
28 518 56400
188 322 40608
291 308 40249
33 205 12530
311 343 83006
218 430 26907
18 541 51000
67 178 40224
268 530 99328
203 322 40224
449 455 29155
126 215 22804
347 648 20000
477 664 26000
320 628 12042
29 571 29120
122 689 18868
212 344 17889
8 580 17000
337 516 35609
69 308 41785
465 570 15652
97 98 24698
122 261 25554
380 505 84646
645 650 39598
48 70 22361
31 34 45354
6 587 42297
382 489 38275
121 479 11045
452 693 17029
97 431 39446
315 398 31048
301 490 61351
393 739 37855
108 536 72062
142 483 33422
416 479 20616
448 734 18974
647 706 54406
462 715 18439
289 609 18385
42 237 37947
194 492 19698
46 165 10770
58 312 43863
19 423 16553
2 457 11705
265 371 15652
75 411 31257
76 128 64195
28 731 46530
27 343 51865
406 642 50990
101 633 47381
164 243 20809
60 73 10630
396 603 56569
179 699 38275
122 307 54083
368 434 29206
365 595 55803
24 42 32573
278 685 136077
83 712 40200
198 694 45255
136 147 21213
147 496 35000
194 202 52345
14 535 29069
144 721 48104
129 378 43932
108 430 39115
451 486 19105
64 729 40200
518 736 24352
372 466 53600
295 639 70711
48 510 22023
163 638 26571
69 465 35511
272 421 56798
270 325 40224
78 469 44777
182 272 46872
516 687 51225
335 381 16125
227 446 70711
54 306 39925
533 589 61270
83 686 33287
419 580 45122
350 580 51478
321 326 209442
118 311 48826
79 649 30806
277 668 12806
113 294 48083
216 364 14213
9 355 33971
38 312 58258
544 574 41037
249 665 33106
37 417 26926
155 702 24698
160 188 23707
425 583 24083
225 546 21024
332 649 61522
238 505 44721
66 171 28636
33 179 41725
54 549 53759
359 648 41110
344 362 53712
87 94 18028
47 300 13601
686 742 46141
668 673 39812
454 501 35440
365 490 39825
34 439 54406
373 426 30529
522 632 17117
435 572 25298
662 738 15811
341 422 31241
477 535 36235
88 456 46043
74 507 72007
625 670 52631
23 521 38328
287 735 39850
470 726 12042
77 528 56321
628 743 39623
70 239 27203
460 667 61660
105 119 11180
378 393 15811
30 247 30414
1 718 57245
88 518 23431
555 600 45222
70 297 36620
27 728 21213
94 116 19105
5 678 28601
76 163 55543
75 294 41400
239 414 42012
52 721 131609
125 490 17205
240 295 30871
130 590 46325
171 252 30364
598 674 39623
142 608 23022
31 649 34482
117 303 27019
398 727 32985
279 333 51245
100 251 38949
158 303 41304
10 240 40792
101 413 66528
284 342 28636
106 258 20100
89 327 17720
325 468 37696
176 612 50990
167 547 39115
447 636 30017
578 635 16492
111 511 24759
345 713 19416
180 272 75060
413 690 37696
341 599 39395
166 372 46065
15 17 33061
393 533 49769
216 303 26249
178 403 41629
225 722 46519
529 535 25495
464 531 22091
186 701 41725
106 359 11662
231 324 37802
182 238 54626
84 471 45607
229 559 47170
27 713 25080
114 176 57871
373 575 41725
140 188 50448
207 226 20248
191 512 47202
139 232 37000
293 400 57280
223 458 17889
27 194 52355
142 275 18974
375 452 32757
333 505 55444
430 629 10817
291 436 47760
196 548 20881
336 425 24698
185 740 36688
98 431 47011
30 356 23259
335 597 31385
319 374 41881
127 719 24187
453 455 39812
250 486 33615
97 535 53852
577 731 53413
101 158 40447
63 570 11180
509 674 66483
561 562 33302
185 497 22023
406 450 11180
6 545 15811
418 530 14560
92 318 30414
250 676 48104
365 463 47381
298 684 25298
259 380 72533
377 708 57271
289 553 39925
523 709 11314
288 447 11662
145 349 34438
427 545 30806
651 673 27203
162 571 56045
472 606 19105
134 152 26683
525 692 13416
86 470 14142
542 602 27019
5 327 28160
76 638 58898
190 195 199251
227 506 60828
46 691 59414
323 459 19235
516 683 40025
24 279 25000
175 415 36497
93 617 59093
75 224 32016
394 444 12649
98 145 48010
162 648 25942
382 421 41617
326 709 85446
686 712 38833
77 302 15297
11 712 28018
178 669 28231
482 736 19849
69 581 50249
75 647 61522
81 603 72422
534 536 71063
78 623 59059
223 643 34000
329 678 32280
611 694 26077
311 334 32016
371 588 14318
68 294 36620
279 354 22561
115 728 55543
162 347 35228
567 670 25495
64 676 52000
414 727 51313
566 629 62129
238 380 58694
269 330 20591
192 214 42485
86 726 18028
271 274 11662
117 216 30083
180 193 48166
210 705 24331
352 597 12042
285 660 25318
710 732 40792
434 555 27586
114 480 11045
178 711 26401
462 561 35384
252 424 33526
188 290 37108
143 703 32985
282 396 26077
176 501 53852
584 590 60308
674 704 81394
146 663 59908
113 722 33015
278 528 21000
181 526 23431
407 465 44000
225 656 51352
98 408 15000
75 546 63388
58 733 46011
144 724 20591
634 695 40522
170 602 29275
581 610 52393
471 725 59841
281 688 44283
231 377 76844
275 608 19026
244 479 48260
330 544 25942
323 601 40817
1 255 35609
191 492 13000
96 560 64514
175 636 11000
310 366 36249
312 488 43417
269 417 45541
13 532 18974
17 81 39205
200 680 10296
438 613 52000
76 376 58241
120 617 62626
104 304 29206
358 391 26683
253 651 26401
433 534 29000
345 481 49031
155 353 29120
185 475 40050
200 493 41761
218 641 13038
202 556 46530
91 134 37014
31 607 46530
115 202 16125
161 659 30000
540 650 40025
268 340 30364
341 427 44283
110 715 38897
179 565 27295
227 592 23022
146 279 34482
35 573 17263
179 267 49679
442 476 65000
1 524 145880
137 270 57801
129 621 38013
350 367 37216
59 332 36014
348 376 45222
362 666 32573
566 650 50606
367 524 43000
235 574 36770
253 315 35355
451 593 38471
160 680 36878
252 384 29275
89 687 50249
41 285 60000
82 337 17493
8 664 39459
602 731 26019
213 612 44102
21 539 13000
91 387 43000
259 494 34015
300 541 25942
368 663 11402
378 589 41869
515 668 31064
430 433 43909
28 736 38601
37 627 19416
177 310 22627
87 405 45343
59 379 15620
497 683 21633
174 539 18868
445 550 26401
356 504 36770
368 555 42048
361 702 41231
181 718 58669
6 105 53852
361 678 36000
214 469 16125
58 658 38910
220 425 30083
304 563 29682
631 679 26000
123 446 18358
246 500 19209
132 377 37216
184 186 13454
355 429 15620
550 569 50488
92 276 48662
300 661 25179
582 735 79158
401 659 32757
558 560 51196
511 592 38910
30 522 32016
55 530 28636
443 739 40262
129 393 48374
11 531 35355
40 240 19799
199 548 32202
195 549 24042
16 224 38053
298 719 11705
152 158 29017
301 392 22361
200 522 12166
328 662 44294
210 666 30017
513 568 17464
35 472 21190
148 325 21932
53 268 20224
114 612 21190
119 629 53141
312 658 59481
389 487 16125
113 547 47096
409 532 49396
153 472 26249
27 481 69296
135 235 43012
291 670 53339
385 634 51196
532 588 25298
236 261 40311
4 724 47074
399 572 38949
151 307 40249
120 283 24698
653 725 30017
693 730 76243
280 717 16279
312 453 22023
72 639 46957
280 695 35384
423 666 24187
83 499 17464
119 449 25179
184 701 44721
210 212 41629
567 603 32985
125 365 45277
390 463 28284
335 688 45541
196 737 64777
356 522 14213
222 594 49366
77 586 37054
397 723 43081
261 499 29155
344 707 117953
26 486 42450
208 465 10296
318 437 35355
88 159 33601
239 297 13601
112 701 44272
412 671 35171
362 423 10198
307 575 39825
154 662 10296
94 363 19647
201 523 47381
522 680 20248
163 370 34015
357 724 50774
314 700 34205
449 563 40792
115 473 47434
218 615 26019
533 739 42048
41 144 36014
97 517 31780
12 655 49163
80 680 31765
459 514 35000
117 355 44283
454 483 40249
156 474 24739
46 96 67365
347 359 47011
373 564 47760
405 737 35114
29 203 24698
95 655 39560
39 437 45122
143 175 58310
161 514 29069
261 478 20248
13 713 15232
129 690 45177
79 654 37443
51 650 30083
94 637 33000
204 244 10198
221 645 56798
355 412 38471
126 699 43658
177 247 45891
141 519 33838
624 709 13601
130 596 29000
443 690 62169
56 318 31016
414 585 36139
76 676 32573
338 642 26833
156 469 15811
436 704 10630
351 654 30083
26 240 42450
207 714 62650
369 647 36674
51 645 20025
189 742 62201
260 555 90477
445 569 37014
118 481 49254
91 694 10198
139 228 36056
385 496 36359
626 673 31906
509 514 59076
91 152 39825
467 679 41725
467 703 31321
404 711 52326
81 396 34132
22 189 20224
675 710 30150
339 702 22204
162 293 20881
162 720 35609
601 688 45122
262 593 27019
586 685 48508
242 393 38328
431 618 40608
314 515 52469
123 360 51108
560 660 48703
620 651 20025
167 734 62290
183 584 43012
150 342 58138
22 621 26683
508 603 23770
12 456 23022
481 572 33015
476 544 54083
234 274 30265
149 593 35128
234 730 53759
204 309 43081
18 615 64008
114 676 14036
9 298 20224
188 680 39115
294 331 41037
293 658 65863
394 418 39000
20 390 45343
199 276 22136
66 424 33377
109 343 89269
132 286 22136
148 398 34000
110 457 24187
279 505 31305
60 679 26249
209 415 29967
207 494 36069
532 713 25298
245 450 12042
526 718 37643
540 566 40012
333 382 11000
99 201 42297
18 502 23345
134 611 14213
528 603 29069
10 149 12042
102 363 36359
316 706 36401
24 663 43186
217 399 48765
291 704 53759
232 439 50567
379 551 17804
206 357 31016
415 464 39357
131 434 34000
21 312 69871
165 560 28844
99 229 16763
141 417 36401
542 736 28636
75 706 25632
602 616 30887
35 446 45706
180 380 68600
607 718 45607
388 498 55462
297 315 53600
145 510 41437
15 485 45618
171 569 19313
32 296 40311
194 264 23707
443 694 10198
268 444 56436
71 471 11705
226 365 49518
321 647 29155
266 452 43267
75 656 36401
94 102 26833
96 385 54342
648 730 37000
263 569 28302
227 287 39661
604 704 46872
339 381 34132
417 519 11402
30 703 35847
386 633 18974
288 684 25495
662 725 33615
183 590 47170
26 64 45011
595 646 31575
302 528 64885
186 707 91005
571 720 34540
188 493 61057
499 689 13892
277 515 21840
85 236 15000
453 587 69289
439 654 13601
277 600 48415
189 307 48754
216 372 75166
381 702 32249
93 120 29155
229 371 21213
95 491 14422
479 486 31064
413 443 52326
39 100 53075
310 341 20025
628 631 38910
299 577 30414
119 540 47127
521 696 23022
235 627 26173
50 336 31241
311 539 38000
285 346 62032
238 382 51039
52 206 26627
229 461 24083
29 587 31064
182 380 15264
102 375 23431
292 395 18974
275 516 38079
342 477 59908
571 658 68593
343 492 37483
219 554 48374
211 565 23324
5 82 11402
533 671 41146
85 669 49031
13 345 17117
119 455 33106
246 289 58412
435 481 48021
104 645 57628
487 609 18248
410 582 53451
96 691 53666
504 703 54571
10 262 17000
169 437 40012
107 529 23324
308 436 33601
174 500 52010
11 66 24698
81 558 26476
289 399 49163
643 682 57271
141 269 15652
269 544 33541
189 284 62801
577 714 35128
441 442 18439
329 374 37855
237 555 47539
189 243 62201
271 471 53824
36 701 20224
9 429 36688
86 606 16553
243 621 39115
415 504 63198
41 660 46141
396 567 62482
25 361 41773
56 442 34000
7 433 36688
222 721 14318
138 300 29155
590 620 67676
309 548 10817
103 586 43863
503 560 27857
173 502 21840
32 475 19000
58 334 32000
270 351 18028
390 392 40311
209 531 13454
576 606 52038
326 553 50000
325 398 45000
36 707 41110
147 295 70838
452 730 72173
20 35 50249
432 541 43186
55 418 32985
246 572 44294
101 387 19723
307 742 58310
45 300 23431
365 511 69635
283 437 42720
104 488 19105
122 426 21024
242 739 13038
333 483 24698
249 515 34482
87 223 31145
71 234 28636
137 325 69029
41 346 73376
85 569 47424
169 537 11045
450 672 38328
228 616 61057
534 707 56798
281 352 30871
263 445 14036
2 110 18868
54 61 51662
116 375 30232
85 192 26926
338 487 20125
217 409 21633
370 682 21095
332 520 31780
461 728 45122
65 655 18868
316 321 62968
211 582 63640
238 272 65552
280 619 29206
241 716 32558
130 623 15524
469 613 55444
166 298 46098
354 454 38013
271 725 25807
39 276 36069
127 372 42154
257 416 18111
321 369 57628
42 507 64938
69 610 16125
419 524 34000
103 308 15000
457 729 22204
151 575 24042
380 652 71589
474 478 22000
54 710 39294
238 333 51788
480 676 19209
530 630 100499
514 625 22091
73 679 22672
186 212 218552
50 230 39000
515 620 42202
298 372 50606
434 663 31321
185 275 18028
260 388 13153
41 525 68768
323 691 12083
12 65 40804
203 587 26173
246 399 51662
176 213 14318
280 732 32388
347 720 19313
119 641 45486
366 541 60415
64 486 34000
205 211 39051
319 454 43863
453 488 40817
99 588 18439
234 648 59942
128 612 43863
31 79 55009
100 640 33526
159 232 36770
257 370 29069
37 202 25942
301 576 36249
131 376 75326
34 456 61351
509 670 32558
85 403 40249
464 589 46239
590 596 49769
581 704 23770
126 179 51078
717 732 31016
35 390 43829
617 695 37216
546 722 43012
16 473 32016
548 640 42154
516 598 32757
6 599 62642
120 169 33377
106 271 27803
248 622 32894
155 381 15811
88 542 36770
117 412 46872
12 518 62968
484 514 64195
115 235 14318
28 630 41231
384 424 14318
204 405 21024
591 655 29275
64 250 18385
90 155 37577
20 227 61188
415 554 45277
309 640 41400
287 506 29547
51 583 21000
397 657 33971
429 554 58215
129 242 39560
476 574 25942
103 670 70725
248 734 22825
396 401 17205
156 373 26926
419 664 33615
131 146 63388
394 646 26401
210 495 17029
143 628 29530
206 485 59908
93 622 15000
57 424 11045
237 681 44922
248 448 15652
251 283 35228
79 124 31048
150 477 41437
151 564 31016
105 455 34655
7 430 29967
187 402 94826
193 272 52402
206 660 44654
44 151 16643
33 581 52038
401 670 56586
638 676 55444
45 60 35228
497 604 11180
348 388 78390
383 571 34670
494 644 39812
224 235 55946
163 543 30000
363 512 37736
63 211 49396
197 672 70349
67 403 21932
24 505 21378
555 665 74947
442 448 25000
104 312 53814
348 434 38013
57 66 34525
125 301 58822
598 683 39408
657 723 19235
166 684 46615
149 262 24413
97 342 19647
517 551 35355
258 725 23345
579 639 35903
405 677 44643
20 463 38053
193 365 18028
149 295 29120
581 699 14142
43 524 25179
19 666 30414
340 735 58009
245 406 10198
698 717 22000
329 462 47539
438 738 45177
234 471 37855
245 672 34670
144 710 50090
253 590 58873
498 557 24515
177 188 59228
1 181 105475
247 493 15033
136 233 26077
263 712 25554
404 424 27019
15 52 96876
38 453 62266
665 700 26306
170 644 17889
4 144 45607
466 723 27459
201 229 48270
699 704 20616
189 431 59682
157 541 24839
395 593 58189
53 444 46690
76 131 76694
96 285 58694
403 669 30463
507 673 18248
411 706 14765
158 324 39560
16 135 17205
593 640 65000
473 559 28178
37 574 32802
80 669 63008
195 667 48094
498 725 22023
385 601 62201
289 487 32573
177 366 35355
250 254 11180
400 605 50249
187 723 55172
203 571 43012
123 741 51624
392 606 53235
202 728 49366
66 252 15033
79 439 28160
214 474 17029
109 733 22472
323 688 33971
267 410 19235
53 394 46519
58 605 45277
582 685 135591
357 660 26683
326 552 58464
352 562 34655
188 427 53009
284 431 23022
360 741 13601
249 277 44944
429 671 15524
274 648 49041
59 529 13454
282 420 27785
164 690 27803
150 243 64351
61 594 29155
201 369 19723
230 583 55073
136 496 43417
38 658 34409
350 377 86371
216 231 65765
95 591 36249
241 580 32202
67 569 19026
454 687 22023
45 112 32140
332 379 26401
328 440 56727
264 556 18788
531 589 41304
237 600 44553
90 484 41110
404 504 16643
253 297 56223
165 420 17464
359 440 26173
432 703 23087
552 588 38328
201 559 36674
235 473 51856
220 230 35014
410 741 21024
23 215 24597
446 506 22361
376 557 36892
176 374 36797
400 658 18788
107 520 51088
12 591 58600
629 641 32016
139 428 10296
151 183 24021
70 590 45122
413 633 55036
176 319 48662
47 536 63891
108 433 38910
48 408 38079
62 311 29833
1 607 50329
163 471 37643
248 537 25239
180 226 14036
306 695 34366
55 133 23601
32 168 19723
612 676 28320
41 527 64031
296 576 35355
282 503 24759
164 386 62968
404 632 38079
626 668 21471
237 663 23195
217 326 40804
121 405 47885
198 533 27659
55 595 46615
515 590 78390
210 362 51225
236 569 51108
240 457 37162
57 404 34409
398 585 48877
270 428 17464
230 338 31064
564 575 21260
286 386 26627
64 480 50210
334 733 31064
166 466 11180
63 208 21260
142 168 21095
70 510 29206
32 576 45044
482 731 39000
50 609 32894
52 485 55570
314 623 29069
520 526 44407
23 296 29614
87 737 18028
391 557 29682
236 550 33541
21 174 24597
426 478 28302
11 589 11662
254 676 45486
327 329 45177
72 283 26420
267 521 38118
121 416 18248
154 328 45607
170 616 11180
604 699 45277
180 652 30414
201 709 48877
159 602 48795
59 551 24021
254 638 24759
28 482 22091
207 365 60415
3 607 32802
468 651 60407
84 358 38471
190 667 151559
580 664 37443
394 511 23854
191 264 26173
8 150 37947
360 410 11180
522 711 40311
4 660 25495
504 632 26019
503 558 31890
55 646 33734
458 693 24839
267 696 21471
86 576 48104
515 665 49649
111 365 60745
195 594 24352
62 334 44102
8 477 41725
421 489 11180
347 635 59135
140 587 28160
407 586 38079
9 538 60671
634 698 46615
312 334 64031
196 199 35511
197 583 26926
46 659 24739
91 413 56089
634 692 51788
150 716 53740
125 390 33541
111 646 14318
236 478 44102
404 415 54745
651 668 35847
124 551 75591
7 362 28160
291 509 35847
187 372 135059
601 691 41231
331 460 53600
358 471 52839
558 660 74706
362 629 48166
146 501 36346
66 531 38210
470 472 26926
168 489 37363
406 583 63640
547 734 43105
14 664 26833
113 546 24083
51 256 30676
54 617 48600
17 278 65863
538 636 13454
138 679 14318
127 355 32016
44 564 26627
344 433 57983
224 476 47885
229 265 30083
456 518 49649
112 402 34015
3 332 19105
6 341 41617
127 298 31305
20 592 48021
467 661 11402
653 662 20616
143 467 31828
146 454 46872
495 672 26926
127 364 54745
50 220 16031
145 618 18601
27 202 58592
103 567 71805
130 314 26306
178 252 43417
118 572 57306
243 284 44643
133 630 89067
281 562 38210
9 554 61717
494 652 26401
417 544 52202
57 209 13153
69 407 51662
215 604 32558
34 655 40262
217 552 30806
302 685 53907
267 741 24166
152 387 35847
417 574 49769
82 516 41593
90 688 34000
352 462 32650
68 706 25060
18 366 50010
327 678 32573
314 665 23537
108 615 22561
356 703 44294
292 639 64622
261 550 14142
422 427 30610
523 552 35000
230 642 15652
543 643 65115
154 653 11705
358 557 21471
193 490 34015
55 299 62936
177 422 12369
89 319 35468
192 236 34059
471 543 24021
219 538 13038
155 361 54129
380 507 77162
168 740 16125
124 414 53740
26 451 30676
228 602 53235
69 586 57035
189 618 44911
95 607 39013
211 267 23087
79 585 51088
353 484 15811
123 506 19416
304 540 43012
194 556 14318
123 735 29120
262 451 25807
196 405 56859
549 667 25318
208 570 13000
42 681 38601
54 675 15264
689 742 14318
111 595 21633
514 659 37054
502 615 51264
527 692 19313
70 584 36346
2 729 14142
543 682 32985
227 614 19105
196 309 26173
56 441 18111
211 410 27731
158 231 34928
216 324 29120
134 412 12369
326 624 72719
129 686 42544
49 480 49980
223 257 44204
470 696 21024
69 103 40361
342 431 29155
605 733 13601
496 634 35511
45 47 19647
541 661 29069
53 614 10296
174 645 60877
109 375 46043
223 405 52173
674 683 66851
496 579 22847
136 385 57871
164 413 33615
91 611 30463
484 674 30480
48 98 33242
43 580 37121
273 617 63159
286 708 27659
256 500 32757
585 727 34713
38 587 45343
567 586 62482
230 425 52431
538 684 43382
264 519 18439
90 381 38288
101 132 32650
109 191 81884
276 330 15811
321 709 124197
49 329 49396
61 710 45000
193 226 39357
224 656 12166
152 303 46648
347 383 32280
151 584 48877
190 294 37855
3 520 38949
508 567 16643
53 592 23770
476 656 41485
165 282 28160
278 302 83934
317 623 57271
178 384 45277
16 647 44944
189 621 38949
40 295 30414
512 737 55606
30 432 26571
164 716 75895
54 195 48083
173 599 42190
305 414 47802
564 623 33242
280 675 32558
173 341 47707
118 500 56754
440 635 29698
398 651 60836
112 184 34059
273 667 25298
6 455 56080
242 443 38118
76 84 45277
198 739 33242
333 354 44553
187 743 53814
3 649 51478
301 390 52202
177 493 44407
76 697 52631
105 599 48083
90 459 32311
124 585 47096
102 116 10050
281 335 34655
458 643 22000
376 391 15811
328 738 45343
94 737 25495
110 561 16155
313 669 58694
157 432 26833
545 587 29275
36 47 62482
321 706 50695
149 395 54406
202 627 34234
347 440 45486
2 715 39560
268 418 84770
78 613 61294
19 566 19849
233 385 61131
516 608 32000
255 607 44283
389 642 44283
264 512 57871
37 556 37577
139 270 26019
507 626 21932
23 576 38897
223 677 24352
107 526 46325
125 463 11180
407 685 19209
136 281 58523
491 655 45044
384 404 24187
266 730 57140
279 663 53852
133 577 63977
568 657 23022
197 245 55543
166 568 47381
137 259 47885
49 374 35735
154 440 49010
221 312 59169
175 219 19235
151 618 54571
134 671 37443
472 741 45277
97 408 23770
40 562 20396
167 460 57801
358 725 38275
175 447 36770
278 603 45651
313 578 31048
157 467 19026
584 618 39560
320 743 41146
397 568 45122
480 729 40311
55 577 56586
23 126 25318
42 380 92612
223 416 38079
88 232 55543
118 343 86267
290 578 56080
205 208 21471
520 607 46098
683 704 54589
77 508 34176
107 419 35847
335 339 27074
9 127 31575
388 613 21024
167 667 39560
192 328 32249
40 147 69921
358 697 28844
74 380 70831
34 79 61522
46 560 28636
559 647 35847
619 675 25632
218 599 29155
375 605 31048
107 664 27074
184 402 16279
450 705 53852
451 479 37121
307 618 41881
30 200 35735
351 428 22804
152 412 29206
172 604 22023
160 290 25000
21 334 54424
392 573 51245
110 240 22804
296 475 29732
468 673 50210
27 345 39013
54 273 57245
109 512 58728
90 353 28636
103 291 45398
190 316 24187
256 336 10198
22 686 64413
44 183 12806
60 138 28320
465 685 57974
205 565 23601
9 684 35000
131 663 52431
680 711 36401
128 213 32202
80 711 37014
370 486 50289
128 131 29069
14 477 36056
270 616 68447
620 668 32558
49 729 47885
78 317 36878
141 264 44102
297 727 50090
84 697 18974
384 711 50010
498 738 44777
169 622 12530
513 743 47508
386 413 52924
437 537 42720
173 366 37483
135 473 40262
185 296 39699
304 650 56356
327 374 29155
207 652 42190
387 413 63632
153 741 41437
83 742 22561
258 271 19105
218 629 30414
521 726 22825
145 584 31828
95 255 18028
277 681 30017
579 634 21095
157 661 11662
438 469 26420
613 738 33601
304 645 58310
26 262 17804
63 205 24187
43 367 18248
21 221 26173
305 551 35000
244 640 67365
360 582 55946
547 722 25612
395 640 44283
538 554 50695
626 681 27785
373 474 36892
578 669 50448
566 666 42012
59 520 43186
247 541 54203
383 635 61033
289 389 47676
520 718 26926
72 634 20518
65 591 19105
508 528 44944
73 631 11402
113 331 44944
59 535 28792
130 515 65000
187 631 58310
17 603 80957
367 580 42720
273 549 26249
246 336 28425
195 222 72028
196 512 61774
369 559 25495
345 435 55946
98 510 22091
233 281 54745
322 571 49396
469 474 24207
511 646 24331
217 553 43829
108 218 31145
146 354 23409
82 89 26401
352 561 47011
466 568 45277
143 320 29206
265 461 41869
251 292 50160
401 625 30463
83 263 37483
208 610 22023
213 501 54120
50 338 41231
370 638 13454
21 62 14866
227 340 35468
301 421 39051
38 571 49406
382 483 23087
131 348 50329
179 521 35511
248 441 18111
644 714 44553
313 635 18439
116 452 34132
340 614 33601
326 389 99705
517 535 39115
343 481 66000
546 656 56824
294 411 29614
672 705 16401
349 510 23259
383 578 57245
116 637 24413
93 734 38833
241 350 45177
115 461 46530
329 597 37696
388 557 45000
206 724 72801
257 682 15811
608 687 32985
251 639 69080
209 464 32016
320 447 57385
172 185 13153
532 552 49769
135 224 25298
364 372 61221
90 514 55758
495 705 21401
390 573 31828
48 305 45188
359 653 27893
161 691 25020
527 717 29732
391 697 10198
180 182 64537
101 377 57697
266 605 53712
87 458 29833
288 636 32016
461 559 42012
397 513 48508
119 566 69656
57 531 23409
337 598 29275
676 32
567 633
638 105
723 884
701 590
199 508
65 532
495 71
227 178
531 679
316 273
783 88
243 805
558 89
862 833
332 891
829 831
112 411
79 577
894 409
223 651
423 212
838 527
671 440
748 644
530 660
280 789
871 168
272 505
204 371
680 120
781 492
911 601
724 131
899 459
63 387
355 804
271 537
463 794
585 685
694 884
661 409
506 19
514 286
106 328
756 787
111 347
565 208
611 596
121 722
133 659
793 901
958 378
607 927
921 292
465 850
273 290
274 600
583 108
102 293
645 962
237 656
946 598
529 615
744 76
307 296
323 321
372 967
902 629
561 230
445 529
571 803
110 286
729 301
369 921
539 536
902 723
479 345
681 175
275 402
805 800
712 593
384 270
500 513
374 355
871 507
400 644
808 149
691 577
713 696
335 139
446 816
524 864
382 645
697 78
689 794
528 164
541 185
253 861
502 758
345 79
358 633
872 656
198 622
153 536
403 464
561 79
89 480
317 653
577 649
901 331
74 325
448 932
563 568
334 832
368 632
247 111
226 691
148 546
539 839
457 632
419 289
960 476
651 167
845 409
834 552
221 147
600 516
383 203
546 313
598 487
374 64
940 278
298 140
346 881
626 749
787 258
121 314
742 197
238 475
391 756
762 523
178 308
695 920
502 213
661 494
605 752
703 240
530 691
483 107
500 277
304 114
917 471
424 440
697 662
447 350
155 350
305 85
788 176
271 415
738 745
354 512
485 549
421 141
766 791
161 172
534 932
764 502
506 844
819 239
335 302
796 553
135 448
212 673
208 258
620 558
192 438
300 354
881 572
800 329
571 22
758 378
524 278
40 327
783 551
31 337
87 227
250 426
443 215
394 983
329 734
384 380
832 365
326 764
593 973
411 726
98 636
301 181
417 761
238 382
258 903
332 816
259 484
453 683
922 595
771 886
821 311
932 614
271 277
22 592
920 556
5 554
614 545
422 361
816 538
239 82
185 817
112 501
225 249
120 706
204 633
665 971
423 623
370 889
433 893
814 330
954 397
776 185
269 856
85 707
297 51
754 162
652 747
419 517
347 838
386 346
625 421
736 428
587 238
571 671
477 75
346 189
438 153
463 681
47 658
159 720
183 393
481 866
585 376
516 602
528 787
306 311
626 295
511 592
698 60
143 688
458 596
423 462
764 300
494 402
406 311
516 671
357 296
347 753
261 827
335 574
913 534
978 381
405 763
741 223
425 481
797 404
553 946
415 487
768 541
438 768
623 352
886 798
678 464
621 882
643 693
794 788
548 816
481 165
730 836
395 57
976 430
188 222
123 766
286 435
827 662
532 737
348 532
402 946
558 699
809 521
591 251
207 175
861 273
124 343
811 457
917 720
264 90
175 604
584 167
592 890
464 259
863 644
437 723
176 454
266 663
234 582
368 406
550 339
643 264
370 980
507 369
476 821
668 550
160 285
311 958
282 451
708 735
267 74
718 256
146 829
674 582
412 396
653 622
423 773
432 974
619 107
727 479
274 632
668 669
141 698
727 602
83 738
666 642
987 410
175 474
509 159
297 740
13 538
241 788
672 814
350 477
560 454
533 228
456 35
723 224
630 665
725 670
683 486
252 155
225 361
740 887
482 479
393 458
934 520
720 613
62 560
377 664
230 93
850 364
161 421
488 16
621 435
275 913
484 583
254 841
182 131
454 324
645 585
343 615
523 480
370 27
354 236
595 118
745 370
684 671
738 479
319 468
277 315
636 806
410 79
335 96
492 415
76 758
860 439
508 485
831 467
341 227
938 336
514 743
808 766
111 229
673 256
172 770
308 573
794 756
43 311
338 337
253 318
434 674
49 668
937 667
550 173
203 805
932 531
373 952
286 137
390 128
613 205
244 264
460 614
362 778
953 300
547 46
770 774
772 455
195 450
64 570
274 301
128 677
438 298
219 469
737 206
262 167
92 519
494 184
179 362
54 497
598 453
190 765
843 617
507 804
425 386
708 183
375 439
463 868
449 880
343 151
950 332
371 297
944 467
182 232
474 880
151 571
38 666
501 650
371 598
217 568
700 520
178 560
782 111
556 637
407 615
725 726
484 961
293 854
609 640
856 411
279 246
937 623
150 174
156 331
704 291
438 363
885 505
456 525
892 479
307 871
423 344
781 511
393 847
524 101
423 322
468 633
564 579
231 740
849 170
736 502
740 665
821 853
499 631
92 756
196 603
774 466
831 399
689 90
334 746
198 394
795 286
35 603
605 787
800 565
468 465
391 286
171 705
666 530
129 427
776 805
239 327
692 436
964 457
672 345
870 735
809 693
543 207
918 349
357 696
159 236
760 726
602 346
749 574
559 157
826 134
359 767
612 76
875 537
236 370
224 870
531 16
649 832
586 40
644 844
886 777
573 99
949 286
281 268
249 823
295 208
75 477
556 118
92 408
495 845
218 238
228 663
134 591
136 366
822 183
455 549
411 796
212 499
432 914
495 929
431 732
570 966
392 313
584 132
203 842
160 781
267 225
579 433
339 770
492 460
800 826
294 896
750 815
583 664
605 689
191 579
499 308
908 576
94 590
856 726
155 219
342 320
944 609
300 497
198 741
882 462
381 824
483 294
826 490
882 251
338 414
584 796
503 56
859 603
983 547
112 659
525 235
648 214
904 686
241 503
241 847
322 263
571 274
730 63
935 384
495 688
616 965
883 319
525 293
639 657
756 606
139 490
593 390
673 756
823 210
864 758
810 570
313 623
878 492
658 79
749 542
110 753
910 615
307 151
570 548
473 406
967 383
111 475
808 237
578 888
487 224
639 905
627 312
417 186
512 855
531 317
208 867
782 728
652 354
366 820
152 294
98 528
897 200
117 277
238 353
392 73
586 817
354 418
208 247
382 612
494 574
592 761
470 748
123 508
71 714
407 593
803 247
153 658
914 325
308 929
366 489
663 150
125 630
647 311
779 307
420 451
712 196
734 92
382 887
136 206
291 565
762 763
734 861
149 340
433 435
628 444
534 77
555 362
52 591
545 970
633 344
326 365
833 715
277 171
28 629
669 327
763 645
615 914
549 567
446 631
684 613
127 301
247 387
638 378
463 581
788 583
199 199
952 679
366 242
717 534
683 712
403 279
404 163
713 746
637 826
388 599
333 149
597 856
894 524
506 495
624 844
849 593
529 366
60 367
688 639
186 340
836 609
18 616
360 945
50 426
422 51
216 878
645 917
276 365
344 274
257 799
847 254
605 622
445 69
624 866
622 51
218 171
332 484
678 965
475 913
127 189
713 930
446 466
886 517
641 248
283 810
569 619
366 526
849 209
653 877
305 634
492 886
988 468
834 157
401 662
446 426
333 190
772 516
923 512
406 265
123 267
