741 1512 24 117
212 358 33136
21 351 29069
260 661 42450
17 265 34059
386 617 54203
370 473 18385
622 640 50000
107 348 25962
590 736 19235
309 448 30480
623 661 22204
266 402 44911
576 616 30610
180 184 40262
481 533 31623
352 722 28844
438 504 41049
442 686 29428
35 704 33121
24 429 40200
543 741 38328
529 595 31890
137 339 52811
561 584 35847
249 583 51078
342 382 51039
320 405 43324
439 465 46530
31 170 18000
50 618 24739
273 366 21932
92 447 32016
119 356 17029
592 696 60959
463 628 32202
438 736 40311
29 322 25962
237 376 36715
156 331 67424
677 720 49204
190 622 30463
300 344 71868
637 721 46872
565 633 48662
115 177 52431
443 679 31113
594 676 41881
319 603 30265
41 269 26907
450 635 48508
55 303 72236
418 530 10050
318 457 10296
602 666 59414
249 593 11045
451 603 106892
40 103 33377
207 444 48662
306 441 45651
184 377 34132
139 231 26306
364 704 40311
218 288 49163
125 135 77782
15 412 31145
158 374 10630
477 526 55866
17 660 14036
61 413 22672
124 521 30887
229 292 41146
383 587 89889
231 275 41593
33 660 20125
93 518 49041
444 499 29155
481 564 26683
163 346 58523
518 673 45255
675 692 34928
203 616 44598
83 568 24839
187 205 30887
65 603 24352
146 298 34828
91 218 27313
34 596 25080
299 458 43174
498 589 14318
479 732 14142
110 667 32202
286 705 32016
592 648 35228
513 677 35440
63 87 45880
24 534 33541
107 668 26476
345 394 59093
398 725 29732
70 207 70576
497 570 36235
165 246 72180
480 652 35440
131 265 37216
585 604 32894
279 520 37014
250 453 16643
437 606 50990
219 460 63071
67 730 75802
254 591 40817
630 708 13000
333 499 10198
271 574 11662
2 472 22136
129 440 34015
132 668 38419
235 545 35384
611 641 14866
282 317 22023
234 543 33106
307 677 61400
237 344 60638
605 727 37696
182 651 57559
5 291 34670
36 460 54708
47 318 21095
447 668 69376
98 501 17692
710 721 58898
9 419 26926
142 641 31780
37 676 56851
102 603 123879
39 377 24698
370 495 62290
429 461 42202
62 548 29155
38 697 19698
349 579 19209
424 678 34713
63 104 53852
74 438 36674
627 633 24413
155 728 46400
299 353 19723
315 492 11180
127 192 32016
481 496 23022
139 738 11045
236 298 18028
140 321 33106
112 509 21260
351 607 21024
112 189 54231
691 696 74847
276 518 45651
10 348 43658
151 555 123458
66 615 30067
138 428 39205
21 148 24083
309 681 29069
541 705 30676
371 598 69080
237 711 63600
278 517 29155
98 661 53852
303 427 25000
243 647 38328
23 58 11662
138 596 35014
361 604 42521
138 582 58181
344 493 49396
458 544 46400
60 418 25000
106 210 39205
375 401 25080
93 673 38013
256 681 118461
612 660 17117
4 316 34015
38 497 41629
377 557 19849
8 296 21471
618 717 38897
124 494 29411
26 645 22204
467 693 42579
635 727 54378
680 737 34015
338 528 54231
44 83 25495
487 708 46840
83 457 48270
357 607 12083
77 573 26249
173 636 12042
544 555 103942
516 740 33015
17 33 10770
8 180 47043
191 402 43829
99 124 14866
104 271 59808
643 680 42638
553 691 29000
346 555 41037
145 227 38275
102 571 19925
536 740 30414
522 588 30067
357 465 35057
183 281 25179
238 552 29732
301 432 39013
93 272 41110
33 216 25000
675 722 55172
240 550 24698
423 544 34438
199 590 55227
10 236 23854
460 734 36401
76 615 55471
147 457 17493
38 718 89627
178 728 35468
664 710 22361
400 668 53367
375 542 45122
124 270 52839
47 297 57306
188 729 33838
242 263 44204
146 731 55317
104 528 13153
274 520 11402
2 270 37590
291 636 43012
235 517 35355
401 704 63253
664 696 60959
258 408 22204
71 491 23259
278 492 31780
489 610 13601
141 421 13928
582 596 52469
91 352 28071
672 734 56569
213 456 10198
590 669 46239
225 387 17804
3 654 14142
117 726 15264
476 622 46325
440 682 33061
166 489 39598
235 377 37336
502 587 51108
74 527 12806
452 712 64885
231 315 16279
271 649 57306
437 685 12369
261 334 12042
569 598 21095
92 400 47096
183 617 29833
109 514 44407
13 510 67683
136 472 40012
579 728 42048
71 699 22804
130 689 31145
288 577 30017
347 592 66030
191 389 70661
206 499 12042
211 693 26000
125 254 42720
430 677 64327
466 592 49477
274 632 46530
230 293 21840
9 388 56436
558 627 10050
449 660 70612
130 402 26420
375 471 20396
110 717 22204
525 607 18601
420 522 26420
339 459 27203
533 564 24000
581 593 12649
524 690 27019
62 653 16643
329 510 23707
201 517 55000
474 725 40792
24 108 20616
284 582 50210
251 359 46861
127 421 38949
39 184 36069
316 567 29155
238 371 61400
44 470 21633
336 523 15524
252 404 15000
518 595 18358
104 500 43841
353 692 35777
201 674 36497
127 569 35228
301 663 27514
197 636 37216
122 539 38471
177 287 46957
80 705 16553
521 620 18868
243 638 53235
81 203 63246
255 621 83241
222 446 15033
26 293 48508
18 303 19416
361 369 17464
14 665 39850
379 502 58310
173 277 30887
345 441 16643
365 689 27586
154 444 45607
143 692 26926
250 662 30414
87 641 41183
108 429 38484
301 386 53852
67 667 56921
386 501 41195
642 692 55444
212 624 51352
481 580 37855
92 675 38210
90 166 60141
31 650 49477
434 686 20125
700 716 24515
125 620 32558
80 256 55462
235 425 70456
454 730 46755
426 584 11180
350 733 26683
70 255 41110
406 472 43932
517 545 23707
164 537 34205
98 731 46174
303 683 41773
97 313 45122
184 231 24352
120 449 23087
77 232 37108
524 741 17029
65 319 13892
67 715 49649
116 687 24166
130 365 42012
161 312 27459
702 716 31385
157 622 28018
153 174 30265
240 519 15297
281 731 36249
127 398 64281
359 410 18248
486 576 58258
217 674 27731
472 550 49649
229 546 51088
251 386 48260
181 368 26077
295 458 36125
26 230 53759
30 554 47043
202 391 19209
90 479 29732
448 712 44272
310 664 49518
85 655 38419
122 401 34928
91 691 30414
220 487 29732
402 735 35114
287 329 36235
420 636 37590
414 547 65253
96 118 32016
120 672 23345
354 554 29069
166 219 66731
308 544 11180
485 660 80411
168 507 31385
431 633 31953
209 371 45277
20 64 31145
163 625 18358
179 263 24739
387 396 31048
52 679 85703
501 613 39459
110 724 13000
208 399 49254
241 394 65253
438 535 13892
417 623 34015
313 471 51865
90 137 34670
583 723 56036
283 559 17117
4 482 29614
67 245 58523
192 569 49518
3 267 14765
163 577 39051
463 550 42720
141 432 61465
491 703 27459
225 348 40447
466 542 26000
308 556 31623
115 242 54626
309 624 25239
283 645 28862
123 455 18028
145 592 43932
153 336 45706
15 169 25060
28 657 27459
118 327 28018
14 729 43681
344 612 49244
36 610 23345
51 197 20616
18 398 60374
128 441 21954
471 601 14213
196 391 64815
134 414 62682
183 731 37363
302 610 36125
281 359 21095
618 729 56080
248 530 29682
12 497 44385
161 380 40460
371 739 27295
493 703 17088
23 647 12369
85 195 22804
145 186 64413
459 732 42012
26 162 47043
401 480 36346
538 692 33287
246 285 66483
46 330 33121
416 636 21587
369 666 37216
244 607 44911
545 679 84853
264 373 40719
48 118 41677
207 255 70831
25 701 28601
271 415 26627
117 512 24839
543 634 19723
103 607 63151
653 681 45706
172 508 40000
620 727 67683
460 647 52811
561 663 14213
158 215 18248
310 669 42426
53 603 51430
229 572 49649
105 695 16492
669 736 36770
29 410 54745
342 570 31623
59 124 44553
363 729 29155
148 178 20396
62 712 21024
160 204 43658
320 403 28160
2 240 23854
103 244 77104
84 551 30806
323 709 38601
424 655 34785
384 434 48010
267 654 23195
182 190 29155
324 621 29411
641 720 35355
128 277 34986
114 222 23854
46 432 34482
602 658 12042
54 656 30414
100 106 24331
38 252 31000
35 648 64327
345 384 76694
193 196 38471
266 689 99745
469 477 27586
5 85 53535
538 642 42544
326 366 42190
106 215 35693
208 529 48104
94 424 46530
155 201 52154
401 652 15133
12 317 49092
8 701 39051
187 592 58600
40 93 19235
342 687 49649
178 220 28844
556 591 41881
547 706 19105
24 551 26000
241 686 26907
604 623 23345
83 297 29275
175 385 10630
97 601 14142
126 243 25080
430 611 13342
547 733 19235
322 475 46390
234 690 33242
305 709 20248
510 603 35384
70 312 26476
188 363 26401
68 167 66483
135 727 28443
467 579 44385
288 719 70711
194 572 56613
201 250 44000
442 554 39205
157 656 42202
425 614 11180
566 694 36878
79 272 29428
588 636 38949
129 140 33015
7 142 31000
324 676 32280
190 714 30017
58 647 22204
83 470 23537
369 585 36235
197 602 62434
532 687 53235
189 316 54037
139 315 37855
95 463 13000
476 717 60531
310 592 66843
373 633 10630
367 657 32202
25 224 48847
203 575 25000
210 247 34366
13 319 60407
278 315 39812
186 713 48826
8 563 24739
485 734 21587
158 452 54129
213 263 35847
191 525 67268
60 64 26907
74 736 52631
509 603 34059
519 550 18111
352 562 19925
142 358 29017
371 503 41340
73 517 11045
632 695 37014
86 474 34540
13 572 51788
389 439 13416
258 577 31257
444 549 35341
35 604 44721
135 447 36401
432 729 46530
11 572 55218
208 388 122201
30 165 70007
325 575 15811
42 540 35228
425 718 32249
531 633 25020
284 596 32249
84 532 57140
56 231 22804
53 112 21471
50 172 22672
353 719 29682
109 121 44283
462 573 13892
179 710 30000
364 542 16401
42 526 22091
574 580 28160
1 290 10198
528 730 56436
246 269 55036
400 447 64661
417 658 50090
74 546 45486
201 630 45651
238 393 20616
165 187 21000
66 321 12649
107 409 22472
122 225 24515
18 430 73980
593 723 54120
28 367 27295
55 338 35440
170 335 56294
18 427 26306
44 464 52773
594 715 37216
114 446 21095
50 290 10050
264 672 53254
173 713 24166
259 628 45607
299 423 58249
423 555 87693
164 226 40200
264 531 32202
451 695 35000
122 233 23601
221 511 10817
33 79 29000
39 180 37336
583 684 60638
144 700 31385
163 299 41012
498 674 26077
602 638 61400
494 628 45880
132 543 22361
32 404 44922
582 718 14318
134 587 88685
208 223 41437
633 740 36688
111 237 43012
2 519 16763
33 272 26249
43 102 32000
461 609 59414
428 468 23195
26 443 23022
153 224 47707
719 722 16401
205 310 39850
507 549 49041
215 374 12083
395 419 35511
76 149 21095
28 108 29682
282 442 20881
399 688 52924
355 477 36014
585 666 21587
488 608 13153
347 696 46519
350 625 52202
484 606 41146
331 464 15811
299 577 50448
391 716 46228
124 240 41785
88 567 41110
111 376 21954
101 739 32650
232 395 62394
247 392 22091
175 381 41976
75 424 39115
648 704 63032
512 726 27166
563 697 22847
255 380 24207
451 571 32202
114 242 58549
390 659 35609
504 680 40608
336 633 42485
36 616 31623
236 348 35000
15 703 21095
51 369 31906
88 316 70000
717 729 76026
111 459 53824
144 372 55036
72 649 23770
178 708 48765
125 295 36770
152 647 48260
354 609 19849
89 326 32311
219 485 48918
289 564 21213
230 682 64031
443 645 30480
619 707 43566
6 583 36346
576 647 64133
476 619 59464
341 556 35057
146 281 27166
523 633 34234
120 265 48042
222 502 47424
161 332 51039
262 390 33941
162 614 20248
41 578 23770
179 664 48826
56 118 13153
167 350 59203
461 657 20809
56 327 20591
155 488 23345
431 536 38833
233 539 27295
241 246 57871
181 428 48600
619 724 17029
599 671 42048
103 200 24207
667 717 27203
500 730 55172
470 568 25000
640 707 22804
520 695 20616
10 225 21024
294 554 42059
206 444 21840
5 195 39623
352 675 67676
96 153 34205
268 568 21024
585 623 37000
326 597 28792
373 558 17029
335 559 103942
460 485 50606
263 383 58034
31 349 70036
8 626 27019
74 253 62817
109 688 16401
552 598 28178
16 24 11662
214 654 34670
407 426 31048
506 605 18601
43 571 14318
159 699 37216
430 537 60828
612 629 19209
264 436 10050
156 530 23601
171 606 34655
353 458 32757
329 632 59034
523 740 15033
203 511 27459
293 433 26077
127 725 58310
119 674 31385
82 237 13342
448 653 16643
493 612 38013
71 176 19416
23 126 18248
54 450 53339
125 727 73980
296 626 11180
66 204 17088
340 710 60083
249 490 26000
128 345 28160
192 386 61855
57 500 11180
245 261 50448
32 311 38079
490 593 29155
304 403 13601
269 578 14866
58 152 37336
173 416 17692
245 273 31241
188 432 22804
339 392 49366
311 626 31401
49 355 24187
229 510 74953
209 393 63253
179 691 48270
277 713 25495
73 278 24331
103 525 51088
328 414 34205
262 280 29411
379 422 73824
304 320 23537
121 688 58941
264 413 56223
496 580 36125
98 260 32280
382 428 32757
152 734 17692
87 537 14318
419 445 18974
322 426 54037
82 512 49820
164 338 17889
560 656 14142
123 398 35511
662 708 35468
398 478 57280
291 602 55543
432 663 16401
154 207 37947
55 670 51400
18 478 18385
16 64 23087
390 398 78026
116 418 18385
371 552 55154
397 701 13038
119 650 50000
476 714 52086
32 384 55172
117 249 50931
5 228 61327
153 523 49497
44 64 61612
106 307 47885
229 535 37216
343 462 23259
49 264 44944
51 666 16401
399 631 11045
284 570 41677
483 507 44944
232 419 65803
182 690 21541
384 394 73171
368 468 28284
429 534 42202
464 470 48260
634 668 13454
174 523 50537
214 320 34713
260 658 49729
70 685 24597
95 136 127311
370 684 42544
212 323 23770
435 738 26683
551 687 56356
101 638 38079
5 224 61847
43 279 17029
71 272 30871
1 172 12369
76 156 39962
283 682 24698
44 147 49092
139 275 41593
191 266 33015
30 442 40224
281 410 14000
7 305 27203
36 302 44721
151 259 17029
343 344 49578
337 369 16643
200 673 34366
408 414 64846
250 630 45651
221 646 29069
226 537 29833
319 509 26306
101 658 41195
38 425 97247
248 368 47170
105 520 31385
280 390 15524
45 699 38288
75 436 31321
275 336 33242
136 411 23770
67 724 29155
141 301 60166
504 590 27857
650 674 43417
503 613 44407
378 521 25632
171 437 60638
35 337 37336
328 547 73756
45 505 35355
428 433 44385
317 532 42450
25 306 51088
431 740 30610
58 424 47424
583 705 45541
368 530 42450
382 570 32016
383 553 19209
275 565 21213
314 507 28231
144 212 57428
452 513 30887
197 666 26683
239 639 33136
120 413 10296
95 151 62626
555 556 114057
223 529 30083
47 482 46271
518 735 29120
341 591 35114
51 713 34482
65 509 14318
132 727 35228
419 581 39115
27 343 25495
488 650 13416
269 285 23087
247 473 34540
64 551 29411
312 380 31257
29 561 56356
30 294 13038
59 605 16279
194 482 51430
601 652 37121
140 433 28443
96 180 31623
415 574 24187
414 587 58412
202 681 132880
443 559 53151
142 305 26627
661 731 34525
198 274 44598
262 392 42059
254 521 10630
379 706 98311
46 729 47011
37 621 84717
354 534 28284
91 313 53712
599 619 27893
41 566 25000
308 341 40608
363 584 27659
97 562 52631
405 515 28443
94 243 17493
61 540 15264
184 315 23324
7 63 41400
455 725 17029
16 147 41000
161 406 22204
43 379 93941
180 697 52811
432 561 21378
199 680 57070
213 721 34986
727 741 62370
232 360 45310
207 499 49659
245 730 72780
517 644 26926
134 258 22561
425 557 68000
602 636 56080
80 541 22023
57 334 21541
259 556 31765
441 522 26306
32 626 24083
144 193 33615
202 702 37696
4 297 28844
20 60 26420
268 470 26926
210 473 18111
133 319 45651
268 567 13601
21 467 54918
212 372 50090
469 558 17804
156 586 27459
154 676 29206
293 582 51225
406 606 41231
202 372 64938
96 397 22091
307 430 51225
304 487 10630
614 718 22023
622 690 50695
417 585 13038
256 684 45618
52 559 83952
199 205 18111
20 586 17000
59 239 35847
134 408 15811
292 535 14000
214 477 51039
34 428 35805
76 331 76164
37 326 40000
183 251 49649
396 480 26173
271 372 87321
258 350 47539
427 683 28636
273 597 23195
289 366 12042
113 236 13601
78 683 32388
112 133 33287
225 400 26249
112 257 24042
191 673 56321
99 521 22023
335 356 43417
256 548 34713
165 285 26571
362 533 18385
24 147 33541
88 470 33136
10 298 19235
122 480 13153
94 228 36878
714 729 57280
485 629 78447
186 369 19416
63 709 22361
310 347 42379
27 169 24352
90 459 30676
22 566 48600
412 631 57271
314 333 37108
226 430 69642
167 706 85510
349 608 27857
20 331 66129
435 654 17493
361 585 39013
385 684 47802
527 721 37802
106 374 34986
218 722 42450
179 383 56462
192 421 20100
273 289 12806
1 730 31401
276 699 22804
203 646 11402
239 450 24187
122 387 15811
22 394 21190
39 557 26000
94 126 14866
416 713 10440
180 397 24331
708 728 37363
310 340 40719
49 413 34132
467 728 15033
320 453 30610
228 243 45541
185 444 39925
248 418 24739
292 546 15133
269 694 26249
377 492 10770
263 456 31257
105 571 19235
77 360 38079
21 220 54148
52 443 92849
388 688 97252
121 388 45651
483 640 32140
306 522 44181
420 588 13038
37 362 79076
456 721 32985
459 479 33242
471 652 29120
334 481 32527
251 663 38210
68 350 12042
116 551 45607
100 392 24083
31 356 19235
285 592 65000
700 702 11402
84 534 17205
430 659 41231
461 643 44553
63 372 75604
53 509 24187
59 506 14036
19 246 49092
99 494 29155
173 420 36797
22 277 20100
78 427 29000
220 244 53009
104 338 56569
201 644 51478
42 244 60133
185 599 32016
291 638 50249
150 358 18385
461 572 36878
128 173 33136
506 635 32249
581 723 53600
656 690 36770
401 539 60959
364 648 47518
199 669 24739
511 646 20396
176 272 17263
348 668 27586
267 469 29428
81 390 39459
83 147 46043
505 631 23537
219 629 68768
222 379 76922
108 147 22361
227 648 59363
273 326 40804
566 578 34000
32 563 30232
86 238 38013
75 734 53852
437 484 20224
451 632 50249
242 721 41773
150 624 44553
495 548 33015
403 662 11662
515 738 11000
277 394 34828
189 482 56939
195 655 31048
48 327 20100
85 174 31385
144 196 20248
3 565 23409
261 500 19647
155 349 32802
177 546 41110
207 324 31765
456 637 22023
406 484 28160
614 679 52010
186 694 73756
223 365 39357
157 168 44102
600 667 27857
143 447 39623
86 455 36235
130 266 70520
5 588 33061
89 676 38833
48 275 28601
373 531 20125
424 431 57219
245 715 28636
381 459 47413
118 180 43417
490 581 32527
503 658 43463
209 238 66573
282 554 37216
10 233 12649
81 123 78230
25 96 18439
159 491 33136
120 540 29206
280 307 13601
157 483 49396
160 331 81633
329 603 48765
169 344 48094
494 550 30083
360 514 25612
38 284 70576
98 613 31623
145 269 44385
92 396 41037
68 733 22023
186 337 20591
45 276 43566
204 440 75505
358 513 31385
234 634 27295
216 493 25060
353 538 34234
505 595 37216
339 381 34000
378 628 37643
192 301 67186
328 502 35014
364 401 44000
214 435 31305
37 89 36056
55 454 22361
434 442 23854
228 638 53740
572 643 24515
306 311 42720
219 489 61033
376 459 48877
180 701 28601
160 615 58873
150 452 28160
196 716 22361
287 632 30887
358 720 13038
278 377 33971
338 454 32311
530 586 29275
356 589 26000
215 513 30083
572 657 34655
446 587 18358
182 234 46487
86 598 35171
245 597 21213
667 730 49336
159 505 19105
241 384 15620
608 650 12207
236 409 28460
93 276 21932
81 137 21260
606 639 21932
351 357 14142
217 498 14866
346 625 52631
158 495 56089
57 104 51039
284 718 47413
393 486 60959
123 725 17464
435 515 26476
661 704 77878
275 435 27785
604 661 32802
300 711 41437
171 507 51478
38 39 71000
407 714 15264
234 524 24187
146 661 78715
252 497 18385
270 639 33615
113 475 30529
14 330 24021
314 685 13454
3 627 26683
6 175 30000
425 545 83187
495 684 55803
256 541 77026
6 249 76420
436 678 10770
11 69 32573
617 731 18385
148 467 38833
399 412 61465
196 681 50567
487 662 20591
253 721 53226
294 609 54037
398 430 80449
25 153 28320
461 737 68264
69 194 52773
75 672 37363
243 486 36359
6 381 40224
17 449 68007
86 569 35468
578 694 13416
100 210 40311
162 443 50567
10 539 20809
312 437 14318
27 573 10296
481 698 35384
554 609 20518
107 651 34540
332 411 67424
227 337 19698
575 616 38079
132 741 45967
6 117 91444
126 647 21213
378 591 35440
142 323 40112
410 475 42720
248 468 36125
510 546 68819
90 221 60208
111 117 32757
165 737 61814
330 670 14866
197 713 17029
600 717 40249
79 131 34928
40 673 25000
75 678 23854
92 601 64382
12 404 37108
191 200 70007
69 257 41000
255 332 21024
216 272 35777
52 217 60407
199 310 36497
455 474 41976
138 433 12207
219 300 26870
228 655 27295
11 13 23770
508 665 40162
273 564 25962
108 367 29017
539 704 89202
177 242 68007
32 296 23770
567 568 16401
115 198 46519
19 241 40311
714 717 82759
591 628 21095
325 455 28636
333 507 43012
479 711 25632
82 726 36056
170 579 102616
91 553 27857
220 351 61327
431 655 53852
398 659 61741
181 615 29069
73 405 40000
326 362 45398
18 226 37855
170 349 84054
21 439 61685
264 355 51971
286 583 46141
221 302 29017
472 606 39623
149 368 24021
558 633 21378
211 389 29732
191 465 52173
376 732 24000
611 677 60000
649 698 64078
147 318 15232
250 644 21213
72 415 19849
412 514 37947
146 539 34059
177 527 28862
167 555 27166
290 600 17088
253 669 16125
224 522 35777
340 664 53085
7 87 16279
579 693 68096
254 378 31016
58 126 28160
409 651 20881
182 407 36249
21 211 55973
42 131 44283
395 445 24021
431 436 42438
222 422 62968
90 339 41677
619 717 41183
605 635 44385
214 515 25942
84 687 60208
204 615 38626
616 646 45177
194 657 29833
149 530 32388
209 638 48877
513 720 40311
313 562 51400
206 549 26683
85 516 16031
242 527 58549
637 710 29017
113 651 21190
466 696 34928
217 545 64622
670 683 38013
33 612 21541
405 453 24166
312 484 20248
71 493 32573
9 445 20616
129 204 43012
119 589 24042
161 411 26173
19 41 25080
136 550 78892
34 570 30000
78 127 37363
671 707 20000
185 671 40162
594 599 26833
143 642 50804
288 587 96664
209 739 22472
54 560 20616
560 741 16492
583 593 55471
372 700 33287
67 594 26571
198 632 30529
286 541 10770
123 325 24597
630 662 28792
43 422 27731
115 274 17692
54 168 55036
315 377 20518
61 526 29428
218 719 54009
295 642 29155
394 566 33242
365 735 41231
93 176 29732
204 321 28071
516 536 15264
462 512 47539
618 665 33302
370 385 12042
418 687 30887
50 508 41785
4 189 43000
72 698 40311
133 257 25495
193 212 48703
127 478 52773
279 422 24515
158 513 36770
271 496 24166
445 169
755 143
329 720
816 839
451 605
123 339
304 214
500 752
18 419
629 365
826 765
590 785
832 742
459 255
113 556
697 812
187 598
361 284
609 648
693 865
211 782
569 602
339 544
707 806
447 710
485 938
93 511
752 785
565 319
673 687
301 940
541 733
177 602
554 854
607 500
309 463
487 1
511 785
440 785
145 677
632 638
230 675
977 610
740 870
90 645
464 272
764 805
389 708
280 660
448 189
561 545
376 972
899 799
673 212
399 201
397 746
386 93
329 550
739 209
670 852
247 648
132 206
329 181
690 834
899 761
589 978
491 105
956 403
816 796
648 76
141 614
308 42
370 823
833 633
310 596
640 922
71 522
408 308
198 622
57 294
250 379
122 475
763 859
663 781
406 634
371 406
316 225
761 915
485 37
207 414
784 449
722 353
142 658
371 552
841 170
435 724
725 427
497 434
797 207
210 313
452 509
977 642
178 682
357 135
952 620
214 289
637 299
727 801
28 559
502 145
134 435
880 789
612 332
909 559
901 589
653 842
102 428
410 744
319 932
257 622
33 515
655 388
328 373
783 202
794 277
357 547
398 344
519 618
562 985
60 698
190 656
693 280
852 771
909 434
717 288
749 82
236 395
551 914
365 772
563 952
437 312
273 214
769 329
214 133
641 577
583 384
737 821
229 798
642 901
227 206
890 209
294 537
426 691
546 63
273 863
661 888
626 199
189 251
87 601
646 969
701 76
483 891
882 370
357 207
699 622
251 455
964 337
650 162
101 534
301 958
685 154
433 172
522 585
422 661
147 321
152 630
871 632
249 802
800 526
453 750
604 922
597 255
531 384
414 760
537 84
584 547
699 601
512 275
859 839
586 228
109 746
430 345
201 164
764 787
412 612
195 126
545 558
881 631
732 626
159 697
325 867
258 71
302 415
605 984
714 628
595 105
582 51
18 597
408 500
175 293
169 819
247 180
838 565
320 759
207 254
153 595
356 915
809 438
229 518
265 778
266 426
922 539
24 638
466 665
650 364
353 247
620 545
395 580
825 710
538 947
391 768
80 486
641 369
641 270
404 829
616 345
135 478
372 444
721 178
768 163
593 685
851 567
380 537
234 735
442 73
650 675
170 327
622 853
67 391
325 823
508 340
542 785
772 618
806 236
651 35
81 244
857 796
904 412
879 222
506 465
393 85
232 316
824 532
318 636
209 624
82 765
316 727
781 896
652 620
737 176
336 79
169 627
422 49
914 601
372 731
133 638
549 600
394 819
960 609
260 325
556 387
634 730
475 988
536 851
674 613
47 321
892 674
858 434
412 41
447 179
470 576
843 673
532 926
684 694
828 291
519 742
792 855
610 362
841 369
210 499
495 328
265 455
372 268
292 808
288 192
486 677
256 312
854 280
175 160
726 590
522 700
674 81
735 471
649 107
402 780
817 873
617 744
743 807
892 749
297 785
577 982
590 312
270 174
554 36
317 395
455 25
387 728
977 495
909 706
435 256
716 927
672 34
613 98
394 73
356 970
381 699
602 537
365 191
186 378
763 607
829 248
590 804
116 500
149 537
522 646
931 338
740 550
644 324
253 889
948 394
209 753
782 421
824 359
673 763
292 681
318 949
195 755
244 213
538 376
38 503
595 512
410 19
528 254
663 466
59 656
413 29
728 772
618 900
588 528
140 302
431 461
269 135
335 673
196 259
686 432
153 446
417 794
807 205
996 518
670 50
156 362
592 855
822 474
581 695
139 314
481 380
664 375
11 475
141 809
256 340
246 86
192 329
359 460
576 622
22 463
694 383
457 726
334 338
67 592
675 356
663 422
73 721
305 812
554 776
338 799
719 89
564 240
922 425
625 318
556 373
727 73
90 535
262 631
944 486
321 57
534 572
543 510
646 859
41 433
495 610
432 325
965 585
874 321
349 593
462 869
556 270
387 288
575 883
711 766
288 272
354 650
494 289
558 924
620 723
348 745
319 626
671 95
817 666
153 803
531 999
508 637
640 710
462 937
574 99
23 439
907 538
730 322
155 183
255 599
700 166
957 652
200 198
316 809
395 179
343 383
828 563
752 812
831 327
178 404
292 515
745 741
95 490
829 165
731 922
160 757
686 500
221 836
598 880
311 698
758 882
706 428
748 122
157 295
384 374
596 358
559 175
291 717
374 297
187 436
668 386
371 50
810 810
600 157
691 92
261 555
399 506
285 800
277 886
279 483
67 417
120 604
407 790
131 583
800 178
134 240
358 69
549 802
345 925
603 96
388 104
485 421
942 496
453 496
783 689
73 614
725 210
638 133
409 204
896 775
898 727
275 420
83 444
215 225
54 523
343 771
405 650
369 834
93 660
771 148
923 608
798 229
482 633
377 684
644 246
175 733
252 677
843 625
370 137
53 630
647 869
344 655
606 785
397 32
677 791
829 673
392 642
330 228
820 325
617 382
234 640
43 311
676 476
671 284
859 290
380 855
858 671
961 423
107 221
589 131
789 150
681 806
392 422
810 459
671 734
961 310
864 250
430 809
322 684
458 990
665 231
515 293
776 440
524 758
397 56
351 728
608 631
792 888
782 875
394 379
572 830
971 623
781 733
88 502
342 69
326 408
354 469
873 408
638 615
238 877
334 42
44 394
500 886
87 344
546 275
556 511
676 865
898 522
484 603
342 939
773 663
841 215
674 548
56 390
500 80
77 651
552 879
445 52
405 397
512 104
463 185
715 417
492 525
922 753
567 480
736 225
709 129
190 744
279 899
686 748
292 479
285 259
169 582
479 460
472 874
591 948
335 445
524 413
472 195
519 131
788 245
571 12
598 200
544 476
196 174
898 379
517 731
323 694
843 194
184 570
285 845
78 591
907 647
343 680
654 294
693 214
513 577
811 549
433 542
724 145
568 160
280 245
799 288
776 709
346 820
482 960
295 424
342 532
670 513
286 51
289 892
605 312
678 420
141 192
339 730
382 604
651 233
757 758
493 513
278 312
186 584
547 454
295 818
504 302
760 554
447 217
551 532
473 159
663 304
756 620
430 242
550 122
274 606
125 692
331 903
760 357
523 45
225 259
323 616
440 915
743 682
149 147
498 997
413 276
101 285
659 98
611 705
631 832
18 572
39 675
617 247
789 479
792 343
179 843
632 603
936 624
720 508
503 767
345 26
119 620
241 117
470 727
244 106
115 577
623 471
72 301
980 421
562 138
272 845
307 185
782 550
196 460
141 225
544 575
556 227
468 61
217 122
499 167
494 873
808 384
255 220
820 595
798 397
31 342
502 132
344 366
110 441
722 260
236 835
501 243
426 144
541 420
177 446
942 420
282 550
85 688
782 646
709 683
354 771
427 488
378 669
661 247
