630 1147 14 148
58 576 38639
69 594 68308
423 431 28018
138 511 43932
91 323 31623
152 509 42426
407 562 57070
274 446 14560
356 574 74733
264 418 22000
62 419 52802
397 559 66528
382 492 36056
53 380 45486
215 486 38328
381 443 76538
77 379 39850
344 582 32280
404 414 64846
167 343 48270
233 571 11314
496 607 74632
441 535 71589
357 617 42297
53 66 38184
162 205 20100
104 387 18868
219 459 14142
427 603 10630
29 296 24042
387 558 35511
207 329 85843
213 261 63906
164 278 31828
335 531 15620
408 573 65008
293 628 23537
161 364 33000
65 92 34540
110 172 44598
472 518 15620
455 509 23087
428 599 37947
313 498 30529
82 118 48765
34 627 47424
131 609 53009
291 557 105650
95 182 40200
11 630 36000
132 307 27203
13 317 39661
514 589 85703
226 433 15297
24 202 24187
213 370 60926
21 358 25612
436 529 31906
44 263 63655
213 303 59548
566 599 62201
248 492 35057
44 363 41881
409 508 48083
312 470 41304
500 535 28302
230 552 40224
106 549 41773
432 485 34928
96 393 44272
76 344 44944
71 284 45398
10 116 16763
139 458 28460
390 605 26173
273 473 57271
39 303 41976
60 282 23854
5 622 27459
470 630 58523
115 619 70774
34 292 41012
530 573 71197
200 256 23707
353 440 29069
145 487 25239
119 126 36056
325 355 34713
452 531 39051
150 545 68949
22 614 39560
48 64 41761
75 305 18788
349 467 11402
140 300 77078
381 429 79931
279 447 19723
34 92 40025
96 459 21095
266 502 14560
169 395 38949
14 177 16125
27 400 19105
490 588 49980
341 561 14866
126 540 21932
457 612 39925
206 437 32757
71 227 31780
322 444 21378
393 553 48021
84 493 29530
68 187 35777
221 444 33971
229 260 29069
230 526 30364
50 626 29614
242 462 38601
554 624 28425
318 569 46239
27 462 36401
257 529 36249
87 176 46519
37 560 13038
182 309 31321
88 525 91439
428 461 53160
376 471 66121
44 54 58600
320 458 31953
79 545 54037
542 574 49366
391 500 71028
187 337 23345
80 144 17804
160 510 10770
174 238 22023
454 550 28844
38 528 64846
251 621 22204
430 533 72780
223 578 21213
98 418 14422
218 520 17029
146 324 19026
108 450 13601
76 381 15133
235 457 31305
127 485 38588
195 373 42059
257 489 48826
113 117 43681
258 528 26077
406 460 24187
308 343 44272
184 318 62201
270 423 42059
23 613 49163
196 413 73348
392 603 44385
383 586 46098
61 165 15000
109 248 24739
44 471 33526
394 473 47265
327 472 38328
487 567 70711
317 438 59076
456 532 58873
19 529 21401
200 423 38013
380 458 20248
105 142 30150
47 286 11180
43 291 50000
8 214 18439
178 538 67082
353 435 162274
211 400 24413
327 500 24042
19 591 30067
9 405 15524
28 559 20881
473 558 46840
456 464 33971
70 138 53009
220 426 54083
585 588 47011
580 615 86006
212 424 43046
15 397 17464
57 147 44777
59 235 29155
169 451 37443
200 270 36139
134 490 24042
72 563 28601
539 630 47434
165 245 26833
2 364 136781
125 599 45277
209 474 22472
443 534 43681
294 445 13892
150 304 21095
484 579 29833
53 417 25495
31 303 13416
195 520 26907
55 347 65856
565 620 12806
188 565 25080
44 218 22204
302 419 31780
143 393 44147
33 244 77987
188 240 35355
246 255 71281
75 323 37590
185 614 34000
339 525 39446
222 494 17804
12 457 27659
365 629 15264
99 356 20000
91 396 39459
161 216 20881
288 317 32558
518 602 44418
148 373 33136
24 465 35847
215 300 39560
143 217 19799
490 577 30017
196 315 52326
45 498 49820
36 609 28302
244 541 66287
214 233 35735
44 376 62610
225 515 14213
55 166 29428
246 536 139488
126 326 58822
19 215 36401
344 427 26683
95 453 12806
111 543 53666
470 539 36401
8 576 93231
329 489 93984
97 352 38079
348 515 49679
88 586 67941
194 346 66753
447 583 73007
251 392 39205
136 149 17205
133 508 76485
107 243 45177
280 339 35847
310 322 84202
9 555 30000
108 119 13601
51 153 42379
236 313 18682
392 398 16279
37 421 44553
274 352 30000
192 594 74330
230 269 39699
305 396 58421
49 275 37336
70 297 69029
352 420 48260
15 133 47127
12 235 49163
379 551 50249
120 259 19313
153 489 39812
275 371 26926
59 502 40249
13 68 19105
37 379 55027
109 598 14765
11 539 17493
50 505 41037
433 548 39962
137 622 147435
63 181 52773
2 174 36235
30 113 35511
415 460 24739
32 185 35440
58 335 34785
20 122 19313
146 269 43841
110 265 56886
169 333 50606
53 619 56009
336 454 21932
124 207 21378
440 523 55866
504 506 18868
78 237 31241
60 476 16125
420 605 26926
499 618 21932
102 121 39623
129 166 11662
164 560 39294
371 503 23601
93 597 46872
1 109 45453
1 601 58694
299 324 50249
286 304 38079
29 265 16125
191 608 30414
403 611 34525
291 432 101139
132 361 64195
331 382 69921
330 513 45651
250 285 34482
516 623 32311
151 432 34059
338 371 27295
112 140 90094
172 596 48466
415 427 43105
185 584 70576
430 479 17029
166 197 35384
203 343 46043
68 337 36674
254 356 66008
59 570 57245
460 589 115953
157 547 32016
253 355 80957
110 595 17804
112 615 31623
306 353 31064
23 623 25179
106 371 13342
416 583 73246
311 477 45607
348 448 33061
40 355 26077
385 510 20881
579 624 55866
452 563 18601
329 591 59000
269 324 32311
3 442 82462
320 380 37855
64 127 21095
583 606 16125
99 348 35440
309 545 53235
275 572 36125
14 559 17029
304 383 47676
156 425 26926
25 367 30806
95 201 29206
382 402 39408
171 232 38328
222 269 36056
356 374 67082
137 316 46228
155 181 46043
262 434 66272
97 537 20000
584 607 46872
315 341 42202
350 600 32280
5 225 27586
259 446 62370
397 573 16553
438 476 15811
50 62 95189
30 247 18028
355 479 142042
511 618 71568
111 426 58898
40 117 20396
173 274 33242
46 597 47297
24 449 33526
140 339 29069
90 473 37947
68 598 17263
448 517 21633
291 407 59203
505 626 36014
483 629 16031
34 512 39408
27 256 31064
71 549 13892
228 361 57385
409 570 27731
147 414 27659
82 591 54083
523 561 26173
12 89 53935
191 356 62129
145 593 66611
206 554 23259
47 507 40311
305 414 32016
11 105 52498
240 490 32249
12 544 42297
498 506 21213
75 396 55462
91 398 66310
159 419 51478
93 449 18028
239 356 56648
92 627 26926
71 435 35903
224 244 35609
254 330 22091
352 605 56356
38 258 63127
111 378 47434
6 176 14560
5 515 31953
582 599 62626
562 623 38184
165 462 42012
1 310 59775
100 464 26627
526 552 24739
100 454 42953
25 216 24352
70 194 36688
26 123 22204
478 582 26420
46 449 26173
61 126 62434
80 403 14866
86 465 43324
155 439 37336
11 108 24042
142 206 77820
175 401 47802
15 573 14866
300 319 23770
352 537 38601
387 527 33242
134 442 126846
522 546 27203
586 587 36688
342 348 42154
29 284 83863
101 610 14422
389 561 39205
265 267 27313
88 580 28284
87 447 62642
290 510 46271
342 517 12166
444 575 36674
131 208 45618
184 202 41049
441 500 62626
280 313 68505
333 395 21213
185 399 47508
20 237 13454
72 274 33541
247 410 33302
344 621 51430
110 192 36125
499 630 15232
249 583 88233
117 172 50537
4 28 32249
481 590 26627
31 370 15811
394 558 52498
357 506 25060
215 436 51078
425 557 33302
164 553 33734
6 447 38210
123 339 63159
78 243 12207
110 117 57974
22 32 50249
160 385 22627
285 298 30083
199 329 46390
160 313 50249
89 133 91924
188 577 10630
220 473 61400
121 363 51088
179 496 41629
51 176 18248
35 186 49820
19 610 19925
158 306 19849
272 362 24352
299 349 33015
283 478 49366
30 117 29206
147 305 18385
283 299 51400
234 314 40460
7 244 26476
578 624 39115
568 571 45695
123 280 50774
143 424 30414
83 451 28862
70 484 40025
12 177 34655
61 245 28302
123 564 24331
517 624 41437
170 275 37643
310 379 38833
198 598 18788
240 588 32894
38 226 36069
57 514 22136
204 413 46174
220 394 60166
119 450 19235
433 606 73682
134 577 42485
4 472 26870
45 318 59034
283 344 80056
450 539 22204
210 227 23087
394 426 53151
245 272 40608
104 167 15652
202 318 48166
448 579 44385
219 412 28636
466 591 64637
190 255 12369
271 316 36139
83 493 14422
7 253 20248
403 484 32249
56 165 34525
360 522 20125
391 472 71386
142 618 47434
578 579 43000
229 576 53339
35 178 40012
529 610 12530
126 245 68505
36 131 58421
250 367 20591
230 483 27203
264 312 18868
239 542 29069
50 159 81025
185 516 26476
221 601 22472
81 619 66189
340 430 38419
28 345 20000
554 578 28320
55 129 27459
508 550 43909
429 481 78058
103 330 33971
340 541 29614
102 135 27459
208 431 44922
136 315 41593
205 369 16031
287 358 27074
40 110 62682
346 364 97082
286 589 38471
136 524 35355
117 410 12042
13 198 21541
86 162 21213
80 285 25495
488 493 25554
22 407 68797
261 568 53907
481 525 25239
298 622 46000
332 439 34409
56 242 52431
332 475 45541
125 467 33956
77 366 46098
16 393 61188
467 478 12530
201 309 33377
1 402 22091
316 542 61814
406 590 20025
54 477 30806
281 301 70349
284 435 60415
152 455 44822
193 365 35903
3 620 62298
1 422 43658
144 298 43012
341 523 34928
272 519 17464
31 524 18439
33 541 22361
103 513 65008
94 278 32558
3 557 44283
159 268 65000
127 175 36892
278 553 19416
182 545 56223
168 180 12042
38 383 52326
20 97 16492
99 515 28071
388 540 47802
39 120 22204
402 492 35057
201 545 71610
223 484 12042
90 167 59414
183 412 12530
442 565 80156
208 604 70114
103 239 50774
266 441 65368
104 527 21378
303 524 25298
45 506 47539
391 612 42048
45 289 34000
376 472 27659
321 346 16643
48 401 87664
111 548 36069
332 624 49041
82 567 55866
4 12 51078
238 585 58052
94 480 55000
434 627 41049
458 533 24698
7 130 18028
37 366 51624
472 592 19105
332 517 38833
128 522 24352
350 382 59775
379 421 54231
238 618 65513
378 548 53600
234 312 21954
450 470 46755
368 394 25632
297 578 43382
110 267 47434
95 114 20396
125 428 45277
76 415 13928
587 589 48826
132 460 88091
180 393 41617
284 325 96607
314 557 54918
357 501 16125
421 441 57280
227 616 13000
96 451 36401
593 617 16279
160 236 38833
52 330 50010
275 296 48094
388 597 33615
217 219 13416
178 509 31385
148 311 26926
390 512 42048
240 585 46861
216 611 29120
155 332 33734
412 451 41037
49 338 36139
1 287 39446
291 395 21260
232 333 20224
528 543 48847
139 581 63285
510 604 39051
101 329 59228
52 131 27019
441 612 52393
265 325 23409
233 335 22091
51 187 62169
138 321 39812
128 595 57706
42 181 36235
398 411 58464
24 488 38053
142 326 60465
89 544 66242
301 513 58600
263 471 36770
34 331 67030
81 538 18601
63 431 24839
507 594 53226
361 603 17493
232 407 32249
389 524 21932
36 468 14866
281 294 66731
290 372 54589
84 169 33242
19 466 41881
41 479 16125
408 530 14866
289 318 38897
344 478 54148
376 518 24759
351 405 43863
3 386 45310
190 365 47011
480 613 30083
170 284 47170
59 457 21401
154 298 44407
302 512 25318
299 534 60299
88 606 24597
72 446 35228
23 480 64622
113 404 16125
154 225 57871
323 398 43000
199 334 11662
58 531 21024
267 572 15232
69 595 19209
57 594 21633
62 464 133959
411 566 33838
189 550 11402
16 567 37108
153 207 21932
252 314 67179
138 297 42012
334 560 32249
385 534 43105
267 275 43417
186 255 34132
429 443 20125
55 628 84723
367 622 63246
122 274 41773
262 556 60440
155 362 30414
16 553 41593
155 211 17088
405 485 27295
196 440 54589
88 587 89900
128 360 17720
308 377 27313
312 386 17464
289 569 19416
231 288 47011
204 295 42579
181 439 15556
295 571 40608
324 526 13928
315 413 26571
246 328 68118
437 519 24083
355 410 33061
293 354 33615
236 498 31064
345 408 59481
246 491 61814
92 292 10198
287 601 37643
255 491 72125
49 114 45343
359 501 33242
464 532 90554
22 405 24331
273 377 33136
477 520 40050
118 199 25962
151 156 26926
453 503 16125
575 625 22361
271 328 17088
250 622 45695
375 542 20224
58 452 47634
339 564 72918
249 257 34132
246 316 113217
16 180 42190
241 523 39459
356 515 43863
157 201 57489
130 541 34928
218 363 22561
348 579 63411
16 334 49477
144 484 27203
336 434 32894
181 270 58600
3 425 62290
11 618 43324
74 157 31241
406 587 85802
102 195 35057
149 295 47424
175 432 34928
66 619 38949
26 564 18028
106 275 22204
86 169 60926
98 386 41677
231 347 63600
322 570 28460
103 375 50990
34 600 60008
254 374 13000
81 152 23345
67 474 31575
21 625 13038
331 512 43012
73 120 41400
151 401 39812
35 193 18028
279 416 24083
252 369 19416
210 453 31016
523 527 15000
217 424 41000
78 248 14142
100 495 83738
55 276 53141
85 623 66483
41 130 26249
77 422 10050
9 64 15620
237 438 28284
124 521 19416
226 258 43909
370 568 49497
231 293 40719
212 487 27203
39 213 36056
324 552 34670
277 626 18028
502 551 52000
143 168 24166
107 382 42154
114 182 43267
101 257 36125
14 544 17029
224 247 14036
115 141 51624
150 528 35511
221 575 22204
436 615 22091
133 497 30017
341 440 54452
46 318 40817
83 84 34059
183 488 16401
284 355 124523
67 302 44147
124 366 51740
535 602 50210
70 364 41437
72 261 47043
270 431 26000
18 65 18385
67 512 41785
30 224 16492
303 343 43681
179 555 18028
228 398 32280
290 604 69814
158 241 44944
419 532 44147
266 612 39395
139 396 56036
418 499 41869
167 203 13038
110 572 48600
350 625 18028
384 501 29069
13 354 56648
150 543 40853
79 368 22091
97 243 30265
163 442 216453
116 260 16763
3 234 40050
74 435 12083
398 581 72173
200 462 32985
300 486 16000
186 190 22804
47 546 56143
184 593 54644
384 498 22561
482 605 63569
222 483 20000
516 562 15297
149 204 42190
121 480 53160
115 417 51088
372 498 42802
242 318 50606
268 626 15524
18 292 44822
231 628 26077
163 179 75690
112 436 24331
301 494 56080
351 496 17692
200 400 28636
158 353 19416
223 579 31765
255 629 42000
17 317 11180
54 520 34828
105 126 42485
455 461 26401
361 392 50040
109 198 23259
85 613 32202
96 171 33377
206 326 39395
507 522 50289
256 400 22672
197 433 29069
56 540 47707
465 488 39205
188 620 33956
13 17 36688
141 599 51923
116 452 16279
243 248 22472
69 192 30676
210 503 33615
255 294 29069
66 536 92650
87 293 62514
141 461 36688
48 163 98184
281 445 60959
311 607 35384
148 584 34059
268 277 19799
147 596 46098
271 375 73171
337 422 28018
115 566 25807
276 347 26019
47 594 68000
409 556 61984
60 73 36715
104 203 19313
389 523 31145
67 277 34525
168 424 24515
85 393 41110
283 349 32985
183 451 39812
122 476 15232
2 161 169434
90 377 19235
182 546 30017
69 360 46530
162 463 32802
77 521 20025
369 540 53160
27 245 37577
71 616 22472
247 253 21633
160 372 49244
262 336 60415
69 128 53075
100 497 78715
88 481 101074
243 420 41869
320 533 36235
8 335 35341
357 504 12649
79 394 40460
171 451 35735
241 306 39623
19 436 36770
135 185 78006
173 605 63127
230 469 40262
398 621 26401
115 411 13153
263 530 53852
87 354 34205
154 579 25612
321 511 42202
417 619 66310
580 606 31064
13 87 63348
42 609 15556
129 378 11705
264 630 42485
353 547 134618
288 354 19026
74 227 38897
137 608 113811
322 409 37162
67 209 27459
228 392 20224
282 317 61847
41 541 12369
209 390 40497
464 495 94430
42 131 52802
310 551 46400
39 343 21024
313 384 31575
34 419 35384
345 592 43463
10 482 17029
107 331 45607
43 314 80957
451 459 25298
197 606 62097
281 328 12042
471 592 58600
600 627 39825
170 296 40000
21 382 47518
215 359 22091
43 463 21932
357 359 36892
145 617 67779
319 486 10817
252 463 21213
215 466 24597
279 583 73246
381 590 46098
211 362 27659
32 399 21095
34 350 59169
186 193 47127
135 373 22672
147 307 14866
444 601 37216
404 596 50249
28 177 24042
358 575 27019
260 482 26000
52 146 52202
460 587 99905
25 611 25000
93 465 45277
348 356 50040
229 452 41049
156 432 36125
138 194 21633
193 469 48662
420 537 16279
189 497 29000
107 492 32450
65 336 47802
74 547 19416
18 456 24207
133 189 41037
191 574 53075
468 475 59169
72 173 39623
118 329 49820
17 237 38897
474 626 33015
33 340 12207
72 259 68066
94 553 40162
444 556 29833
327 602 43105
197 583 62000
515 608 44598
26 319 27803
103 301 54918
299 469 39925
166 416 27295
152 538 16279
504 593 35014
348 468 72732
212 488 32062
81 536 10296
332 437 35341
496 555 26907
18 336 53151
342 475 25495
366 521 50537
205 388 31305
273 276 36069
351 399 43909
206 624 32140
474 505 32757
314 470 50010
132 514 45277
368 545 41183
36 374 25000
191 515 53367
206 519 30806
181 468 57559
307 514 24042
445 494 59682
495 497 18974
204 214 43829
417 581 26077
549 616 31401
251 427 18000
273 308 35609
63 208 41869
174 346 22023
6 249 56080
516 614 26926
98 312 40200
73 282 52240
10 563 24698
569 593 33302
275 338 14142
178 491 77936
634 706
6 514
121 653
437 891
102 252
600 552
741 112
940 686
181 777
828 702
153 540
484 871
659 648
462 912
539 974
434 689
694 637
714 896
480 532
740 659
672 787
220 777
298 773
339 571
57 334
439 429
261 418
453 919
846 188
768 132
908 565
254 814
677 87
748 827
403 153
253 277
493 720
652 392
855 568
811 154
711 80
279 312
227 614
363 934
357 441
311 520
717 313
129 799
805 264
872 792
601 584
310 243
551 32
310 959
714 490
263 498
673 235
897 734
522 840
772 624
260 476
822 873
299 338
169 787
707 879
524 5
810 810
645 661
750 232
69 373
912 276
832 666
804 606
942 295
625 173
526 264
583 690
707 669
850 408
86 349
429 36
464 613
303 630
301 596
361 740
265 571
646 586
590 421
537 881
826 517
610 129
739 866
311 540
402 764
843 314
332 687
744 675
68 590
160 261
684 925
494 563
316 877
235 219
899 503
169 490
864 256
718 724
176 547
669 677
776 206
734 437
518 494
749 162
839 294
523 96
844 707
791 150
451 660
187 539
837 581
343 848
758 652
452 411
571 654
453 199
207 509
167 766
789 268
691 475
731 97
311 270
619 197
584 960
8 588
289 882
937 582
166 141
70 426
617 77
532 405
472 104
139 487
364 658
100 338
405 570
360 258
655 194
241 896
947 596
743 351
134 734
425 59
587 624
111 329
249 375
141 708
922 319
968 453
825 858
396 363
28 346
244 574
183 881
448 719
269 464
685 485
885 510
386 668
289 627
871 235
299 692
746 173
803 693
34 491
136 746
604 566
460 896
402 113
163 808
398 667
247 329
803 318
327 622
383 549
288 804
372 114
613 645
54 600
614 932
350 120
120 211
740 203
386 159
58 408
314 912
997 516
661 459
679 656
476 667
303 399
866 332
342 547
892 521
969 632
224 576
173 417
567 633
331 311
795 787
882 305
255 391
369 607
857 604
944 668
467 498
34 326
350 644
345 921
344 656
761 450
644 776
327 191
116 373
764 116
121 272
677 418
905 307
580 164
858 745
355 197
745 595
261 687
910 679
119 613
533 867
404 401
731 649
56 492
192 192
59 565
926 469
306 468
714 679
736 138
245 452
298 58
778 117
693 671
548 531
57 299
536 198
197 591
760 105
238 244
338 117
292 420
530 560
715 396
844 599
839 723
879 664
606 867
409 978
98 578
832 196
526 800
821 221
858 802
329 227
294 364
230 96
220 420
790 533
799 660
842 259
764 508
844 816
426 742
645 516
479 368
258 103
752 611
450 275
918 231
67 332
707 318
654 740
698 594
373 471
346 358
241 662
749 868
708 578
316 136
927 639
839 211
112 427
75 303
409 244
478 460
265 173
767 820
896 559
722 353
642 181
953 440
645 205
812 561
833 327
577 724
248 922
108 594
422 406
150 639
974 563
195 105
692 626
346 499
456 451
597 20
62 465
600 805
592 155
359 239
840 174
189 453
413 834
246 102
482 621
260 242
746 760
216 368
258 667
482 677
908 701
661 892
609 668
840 273
510 386
670 77
964 522
186 334
854 547
510 222
437 931
48 474
763 534
170 295
442 243
697 797
214 813
781 684
984 442
679 595
833 140
172 245
425 465
656 767
445 496
772 273
558 217
228 397
340 899
28 379
351 167
537 693
39 309
828 410
208 575
913 580
867 269
372 406
274 899
238 257
225 169
391 878
823 536
695 464
545 702
589 57
524 279
679 740
675 345
428 437
412 347
104 611
889 487
252 562
911 531
773 753
488 858
560 167
374 701
819 434
255 646
649 123
522 970
549 155
252 835
275 405
98 717
656 708
76 360
735 154
196 773
560 289
257 719
464 984
585 839
800 142
536 98
338 628
983 588
673 173
539 259
661 498
556 57
76 578
774 851
741 711
524 752
593 691
334 377
391 644
115 715
779 399
536 216
422 166
466 334
700 53
318 354
168 732
674 433
672 861
947 284
514 518
201 400
751 629
236 340
971 468
469 768
57 705
457 316
621 801
304 143
803 646
628 526
172 328
329 539
184 558
310 658
860 704
851 304
645 907
453 94
729 915
505 853
608 50
334 666
563 265
437 115
295 431
218 594
706 940
306 585
445 509
445 232
239 272
394 207
149 589
395 944
418 872
814 481
816 779
209 323
764 638
292 934
456 226
713 64
358 797
544 331
815 713
339 175
108 364
200 746
462 460
391 591
337 609
570 588
31 581
359 48
691 706
315 622
313 202
620 979
201 825
614 961
406 432
103 546
430 817
441 463
540 804
853 288
413 469
844 762
403 453
733 276
599 885
431 101
392 353
103 455
771 795
300 220
652 228
132 263
283 778
184 346
408 860
203 424
332 932
582 670
781 291
932 508
920 551
530 352
364 226
920 499
713 370
497 545
459 998
898 713
784 894
629 37
415 304
406 802
434 27
744 695
414 47
162 555
223 524
699 83
205 166
758 389
479 913
808 374
773 317
953 311
708 412
905 264
621 923
540 752
388 220
415 726
152 407
181 807
644 820
140 693
859 468
473 925
486 709
950 527
268 775
849 689
456 435
52 625
508 117
425 653
920 629
389 482
573 814
902 671
815 235
529 985
156 172
657 794
904 772
46 607
131 388
131 345
570 441
554 83
479 213
599 459
263 870
95 535
640 375
629 340
48 534
669 312
559 309
482 562
420 891
414 504
685 253
762 217
701 191
265 531
662 664
458 154
688 828
625 764
370 837
543 208
401 315
755 734
601 443
224 896
99 233
268 301
486 551
42 354
490 816
347 769
258 788
536 520
900 295
430 507
112 526
495 31
62 633
533 176
75 257
295 748
170 385
679 798
843 798
713 859
731 573
338 159
117 540
