890 1492 7 410
17 639 17000
67 183 60440
813 870 39000
218 333 39013
741 747 19416
820 836 42012
530 584 20616
61 354 23087
175 513 58830
438 474 19105
523 717 19026
141 291 31906
277 833 59135
295 583 50990
570 676 49031
819 847 16279
179 304 18439
23 603 10296
192 676 15033
609 779 10770
124 256 40311
181 716 25632
43 507 31257
520 622 15000
553 747 41037
536 866 32016
602 749 40792
262 612 44922
133 404 20125
73 105 14318
422 630 29732
437 773 17263
320 364 48010
239 671 31780
648 785 35468
248 265 44911
176 648 35014
72 574 34205
59 519 46487
546 694 21378
97 820 67268
102 421 53488
747 776 34670
227 614 22627
56 483 28443
378 691 21633
146 208 50010
137 168 51788
125 344 42450
396 594 36346
246 404 48508
487 520 57000
144 589 36139
42 856 34828
159 286 18385
554 738 47127
422 447 55317
162 530 18111
22 323 16553
12 264 53151
279 550 34525
111 155 74277
524 817 21095
101 120 37336
342 775 17029
78 356 38184
70 331 17464
553 869 51010
549 655 18028
205 340 10770
836 878 21024
188 647 43463
3 187 44181
64 217 17720
644 766 29547
104 730 14318
764 856 42544
337 531 24597
498 712 43290
200 848 28284
262 804 47202
457 682 39446
51 99 36249
249 677 31401
431 624 10198
483 844 18111
48 785 17088
675 732 36125
30 593 21095
663 770 23022
234 680 30150
583 811 61131
414 858 25000
320 635 22136
561 645 15811
99 742 14036
27 707 13454
226 458 13928
119 731 23087
338 890 10050
183 551 10770
50 216 21024
442 590 59363
289 801 24187
233 766 33526
526 860 44688
444 603 34655
177 560 15133
270 313 47265
476 733 18868
435 588 23195
524 590 38275
299 377 31145
202 521 46615
187 537 46325
333 585 59034
126 572 49659
217 774 35355
3 659 49336
85 524 26571
569 716 37054
463 770 26249
87 586 25554
88 192 34828
293 797 30017
21 757 43417
429 502 20809
40 192 35355
488 541 29069
146 370 13928
233 303 29120
284 438 32140
350 841 43909
91 234 21213
388 419 26249
132 716 36346
761 776 39115
228 868 10817
299 583 59414
92 366 25495
64 100 14036
80 740 53038
421 629 36715
63 257 55902
101 302 28844
416 761 41049
293 777 49193
50 464 14142
115 341 35511
21 62 62936
290 723 23707
400 702 36139
313 695 24739
137 423 11180
397 581 18788
65 419 26926
682 849 36139
41 561 15232
96 501 46530
213 625 27459
306 675 14866
243 557 35114
104 327 25710
133 401 41629
183 752 52345
64 399 13416
528 604 20616
223 455 16401
464 683 10198
218 733 23601
189 710 56080
169 813 11045
34 873 11314
372 684 16401
16 462 42297
34 700 35171
383 499 30676
152 443 17889
500 843 30017
392 407 16000
731 753 35735
238 360 25942
110 713 29275
58 318 46669
372 449 26907
324 611 34540
68 606 25612
140 398 20616
78 236 23022
57 256 27203
262 677 48549
296 632 29530
117 245 30480
156 791 46530
163 239 24042
125 164 33287
69 386 40853
377 812 31064
54 674 19000
160 500 40012
180 759 37363
389 772 68797
271 871 31575
348 355 35171
49 177 34928
320 388 63348
315 873 18974
76 562 24083
119 590 29833
502 783 40608
344 707 47170
109 774 24515
367 426 35777
880 885 76164
275 363 45804
110 696 20125
238 289 62482
775 841 20396
591 712 54231
11 768 31241
240 316 44283
63 617 32016
37 238 48508
29 214 41183
484 784 39115
26 612 32202
28 161 37054
28 267 34205
261 833 69584
94 539 37162
264 470 25495
194 341 31048
789 874 30265
244 825 13000
103 853 22804
17 341 24083
345 872 25612
322 324 35014
36 687 20224
536 678 24739
226 477 30414
410 751 28601
148 598 50961
11 636 19647
329 343 46573
542 712 35847
569 839 43139
387 558 38275
44 890 28320
371 609 17000
85 119 38013
413 701 29069
636 768 29017
369 460 36797
69 584 41593
314 702 16125
162 401 18358
47 107 21378
156 239 36056
564 781 24083
232 597 23601
137 771 50329
129 614 42190
269 722 36401
134 506 23537
485 802 22204
143 689 18974
122 237 12083
167 876 39459
435 458 10198
526 837 24083
412 477 60638
454 556 12207
94 578 20518
317 604 35228
320 534 69635
284 611 30017
342 350 48765
469 644 37736
242 591 26249
170 480 21024
11 415 27514
9 238 48754
525 577 43278
112 297 43932
192 447 35693
82 778 28018
182 510 12166
154 347 16125
531 688 16155
29 703 44553
185 836 16401
232 241 27659
226 588 33287
463 610 44385
541 846 33106
433 513 91082
719 802 53814
29 737 19000
578 657 15033
509 707 36892
282 403 37483
8 104 21401
39 61 18439
755 872 56080
69 565 39319
800 867 20100
151 185 25495
100 102 132925
46 770 19698
166 841 27203
173 379 27313
253 637 50804
51 742 43186
285 762 37802
175 433 36014
76 174 15556
100 399 23854
388 559 40224
341 561 32450
144 824 18788
667 861 28284
462 627 21633
410 439 36401
76 261 21213
358 433 37443
379 563 16492
72 567 10296
179 277 31385
61 480 21954
361 454 18248
84 424 30414
136 438 40262
22 657 30083
219 366 20616
659 666 23087
25 150 29206
830 855 16553
43 732 50249
605 609 15033
525 710 47676
518 522 49679
473 663 19235
482 511 50931
773 789 29833
145 558 114965
215 593 43186
802 824 37590
10 829 59405
665 888 34015
328 888 63820
260 860 39205
389 884 50249
301 478 123260
106 536 24042
549 693 39319
182 735 27295
20 755 12649
511 610 23345
331 343 29732
420 529 36401
170 608 36878
220 688 33106
340 479 48104
412 752 11180
272 700 10198
131 842 77524
662 693 11705
361 556 17029
200 350 20616
399 474 38471
136 322 46043
54 631 20591
146 820 59908
124 547 27731
426 752 11402
220 327 43012
359 619 32280
32 35 42426
452 685 34000
160 880 53712
355 425 44147
129 834 54203
147 513 50000
817 884 38949
104 853 46648
579 882 14765
81 689 23087
158 180 59775
255 487 31113
89 116 33302
1 863 12042
4 250 28284
805 829 12083
466 671 37855
210 312 29411
510 735 19209
209 554 42544
238 361 56089
149 229 35777
20 349 17263
621 648 31064
169 870 39560
393 460 44598
95 230 30676
82 106 30083
805 890 32450
642 808 21541
158 759 35000
27 724 42190
331 339 37202
59 310 11000
74 658 34059
310 557 18601
224 467 12207
356 665 50329
27 344 51245
190 298 38210
124 292 22361
218 722 20025
134 249 28284
550 765 21095
689 804 35355
565 758 22472
331 827 51108
452 736 29547
613 815 26926
488 692 42544
196 643 49769
550 739 10198
197 617 14318
242 712 52631
457 575 41110
59 354 42297
425 763 48166
514 827 45607
352 697 20518
369 665 41629
711 865 49041
9 822 42012
524 835 26833
761 826 29682
304 382 14318
202 664 14866
122 839 33302
555 695 15556
2 132 19105
817 835 23770
238 706 17804
206 357 48010
288 796 10630
253 491 31828
623 823 46174
236 351 29833
608 861 27459
493 525 26571
460 585 21378
134 397 30017
103 531 32249
545 631 23195
180 423 14142
627 701 35341
579 715 26249
744 754 18111
488 846 16031
541 726 48104
199 347 16279
587 771 24352
430 695 10630
3 537 39825
700 881 33377
448 824 37054
233 858 25807
496 712 47297
139 613 11662
494 592 22804
295 812 15264
340 751 24698
224 630 15297
287 387 15811
677 883 33541
625 681 25807
403 573 61327
83 628 22825
217 777 31305
787 865 69642
414 515 29732
162 411 23324
55 367 23431
729 825 40817
147 516 12166
179 382 11180
265 352 58052
384 529 19647
418 851 26077
539 578 36056
416 631 21401
290 749 58310
290 375 14560
470 859 14866
337 375 21095
391 863 31145
325 328 37443
24 555 15232
116 339 22204
605 732 25710
367 828 40162
761 803 26000
167 214 22672
274 548 26173
465 535 33734
400 849 12042
503 739 21024
141 374 30000
37 556 35228
133 426 33838
240 610 40804
154 199 13601
231 362 23087
89 348 40000
548 817 34132
425 709 39013
210 656 37202
109 686 57801
430 555 19416
815 833 30414
337 495 29000
392 643 40447
493 690 35000
73 427 12207
113 184 44407
134 883 30017
725 732 14318
634 672 31016
506 760 40012
50 619 14866
63 112 26401
178 792 24083
625 745 22847
685 875 50210
251 295 36235
8 635 24187
52 857 46573
140 321 46861
74 647 14866
175 516 13601
171 392 31016
12 470 49930
490 527 41785
121 168 27019
41 871 31906
332 436 59135
21 72 37336
274 442 39825
321 398 41629
163 678 32802
126 687 50010
258 404 48260
510 797 28653
730 862 43278
58 516 37947
376 803 32527
25 50 16279
88 123 36401
135 145 29967
453 780 52631
15 358 39825
273 534 32062
50 764 19105
218 393 48508
435 453 16279
159 571 15652
318 781 37162
359 856 16000
464 694 19105
622 876 27019
321 827 45177
555 718 34000
323 888 46011
123 642 31890
200 628 34655
306 725 53000
202 762 11000
215 368 37802
77 878 11402
440 809 34670
346 681 11662
26 81 44944
329 778 40262
520 889 25020
256 566 42438
78 293 35355
368 384 44181
533 867 23707
192 570 49254
397 705 42638
409 788 19849
292 547 16279
92 219 32016
201 479 17088
117 377 38210
105 427 10770
317 850 36222
275 405 32140
373 731 26627
100 777 61685
544 614 20224
647 658 27295
122 589 23087
503 788 56143
296 623 31385
246 744 27166
274 817 25807
79 493 29155
6 326 33615
747 882 16401
263 643 50606
374 874 11705
424 720 39395
101 601 10817
334 809 10817
221 755 17493
443 543 25080
363 451 23087
205 748 46648
244 417 10630
197 297 51157
521 767 12806
129 540 64031
477 538 20224
130 283 45222
53 298 18111
625 800 16125
240 308 33526
23 394 41049
229 376 21095
165 707 35000
130 205 35355
635 787 21095
75 247 24042
543 637 14036
269 396 20396
214 854 48166
40 489 23770
203 496 37443
373 540 115741
737 889 10050
308 383 30083
141 225 27019
48 621 10440
365 518 35228
277 622 67119
142 334 48549
529 729 12042
27 509 42450
417 660 34540
691 792 43105
495 806 36797
408 652 20025
153 475 22000
423 759 26000
428 613 14866
509 792 75166
230 517 28653
123 259 16492
260 526 25495
220 575 30017
249 506 10296
623 632 16401
339 717 19026
662 798 20616
621 785 20616
738 887 11402
130 568 30017
286 430 26926
839 851 32311
601 653 36620
153 280 31575
600 786 47170
309 633 42942
297 535 24083
307 714 21095
807 828 52802
481 661 42059
92 856 49000
214 713 23431
97 307 19698
456 840 32202
45 838 35777
267 832 16155
13 203 26926
142 146 33615
599 706 65069
721 829 14422
306 749 61000
256 473 39850
447 489 18358
612 804 15811
201 607 21095
315 767 20809
496 654 13454
176 886 31305
475 530 54562
299 683 13601
238 822 49659
380 546 26571
309 850 36139
176 186 31575
301 628 28601
70 778 51078
252 402 58078
311 469 25942
264 859 12042
94 888 59540
336 654 11180
330 539 18358
445 777 34928
25 619 23022
125 391 17117
681 867 29698
280 606 18868
33 641 14560
370 508 55570
478 540 69871
169 816 39623
84 786 32802
739 765 15264
29 792 46141
394 406 12042
312 656 54231
75 118 26476
428 486 20025
69 353 26926
73 481 56080
670 879 37947
552 637 53085
18 49 53488
467 474 34785
287 672 38275
208 592 75392
221 349 24739
642 877 16125
342 841 12728
300 803 30364
124 276 58412
33 238 63812
336 496 19647
127 459 14142
38 852 27019
86 215 44922
741 882 12728
263 719 46573
682 862 38184
70 329 31048
487 703 57271
226 435 15811
195 884 22000
564 880 63127
237 418 50090
258 386 18974
266 504 11705
101 875 52924
395 847 37537
567 617 13000
566 814 53160
807 830 56613
262 649 41049
87 286 23087
266 874 53759
135 710 28653
385 405 87818
13 668 33541
390 554 30414
173 594 21190
211 384 41012
768 852 16279
393 585 36056
107 476 25495
52 121 47011
729 818 44721
651 655 42579
107 733 17493
84 131 40262
294 662 34366
188 747 57009
580 724 30017
251 468 41195
352 484 35847
246 754 35805
61 649 26907
562 854 12042
85 835 39925
81 557 27803
244 660 40447
673 847 38118
65 275 10296
143 446 45541
679 783 28653
97 357 28636
194 639 43463
174 261 12806
87 159 10817
268 538 20000
429 883 55227
483 858 23770
136 630 45310
409 481 42450
289 641 18000
139 677 31145
5 149 36069
351 821 26476
471 746 48094
308 311 64281
302 366 46573
302 319 36222
527 605 65031
446 582 18601
652 810 20591
312 314 59237
88 780 53712
10 721 61717
333 780 33838
711 787 62169
65 320 44283
694 764 14142
102 629 18028
148 204 44283
472 798 33242
118 618 22847
557 793 54818
432 537 50636
415 660 34015
135 577 30083
165 509 20396
152 434 14036
675 725 43174
494 767 23345
728 870 54589
287 558 45000
299 812 20616
350 848 42720
49 655 39962
68 638 23770
115 271 36346
427 453 29411
278 565 21840
207 440 35384
495 652 12649
266 773 32802
597 705 37162
172 727 51478
216 299 28160
62 791 57585
438 467 32016
8 718 35228
544 771 20248
98 278 35735
478 848 81744
407 599 61294
444 701 22847
160 564 22804
193 255 25807
20 699 18000
813 816 31623
699 851 13342
667 679 25612
42 321 46530
248 492 18601
687 704 35228
336 668 20100
93 670 34438
303 311 17493
533 800 24698
414 595 11180
450 472 36249
176 772 43267
246 551 10630
289 454 14866
626 795 39051
403 535 26401
832 867 31257
43 675 16125
100 611 33615
41 325 53935
455 758 19235
411 530 34986
408 810 21471
840 858 17464
28 832 41677
282 471 86313
92 616 29069
236 821 30610
373 590 31623
581 705 42202
114 225 14142
692 726 29275
148 166 29155
746 805 17464
93 485 37537
269 477 46098
243 310 29206
218 268 39446
291 336 34176
62 253 40050
212 677 62650
715 776 17029
70 523 28018
437 789 40000
181 569 50990
126 519 18788
698 788 46098
475 584 62225
417 729 37577
569 868 11045
131 786 24839
213 322 19235
13 257 31016
487 620 24166
212 262 61612
406 869 34482
180 587 16763
247 615 37590
522 549 30676
582 766 13038
298 576 38949
4 623 37736
696 713 40497
639 735 21095
365 620 32140
45 734 23195
295 811 43417
577 634 28460
490 743 20616
718 740 62097
47 476 38949
279 470 29614
17 356 23770
205 568 42202
309 413 52010
666 823 47202
441 487 34482
363 534 25495
185 658 41437
144 802 30529
188 553 41012
126 243 46690
18 127 33956
128 379 20809
60 463 47074
251 270 11180
401 411 11705
7 207 32016
484 518 43566
546 683 22847
91 181 55145
280 381 18868
48 176 28636
182 194 24759
84 720 31321
191 315 11402
227 775 23770
381 757 35468
532 750 18385
607 697 46325
231 616 33971
258 353 54589
16 528 28178
480 519 23087
250 632 18682
285 624 35847
446 793 53038
71 396 31064
103 364 15297
24 286 30529
170 519 31828
711 769 25080
97 714 19000
206 345 48104
30 855 21213
300 387 21024
560 845 42720
769 865 28636
155 316 38118
35 568 38013
33 599 55543
111 573 36892
86 368 26249
206 317 21095
402 640 34059
60 690 45695
558 592 127311
152 210 22023
187 870 54332
92 198 47413
141 281 23000
782 799 33615
670 698 24187
474 774 41617
45 47 39205
378 784 38601
473 566 26926
547 728 27857
273 347 34540
154 743 28302
74 714 32573
15 146 49244
108 845 33242
71 173 28231
394 603 36674
542 789 43046
314 501 58078
332 507 22472
14 689 51313
151 658 24597
285 664 37108
305 442 60308
709 763 31145
457 748 44643
406 553 52010
600 769 29155
503 698 39962
90 150 47381
117 343 18358
118 248 14213
436 692 18868
796 859 14318
691 708 43863
432 823 28160
155 504 51546
139 486 31241
651 798 17263
58 235 37162
448 500 12042
108 177 47381
12 739 52000
105 481 54129
56 596 28018
36 608 63640
366 795 19647
38 211 14866
199 743 16492
254 390 23537
633 701 32527
79 672 16401
38 231 25080
20 851 24698
496 668 22672
149 881 34132
466 505 30265
183 412 56613
364 853 17263
304 486 15811
271 328 27019
822 885 84853
156 466 42485
55 807 38079
596 844 14000
63 197 31780
763 827 18439
746 844 26907
282 465 33615
257 584 26401
576 641 24698
230 572 23431
146 358 47885
117 468 23409
193 784 43105
69 864 54452
422 533 47760
233 595 29732
371 779 16401
293 445 17205
446 595 46174
586 656 43012
576 801 37643
209 738 35903
659 823 33541
494 873 16553
439 751 46573
164 863 15652
84 559 26401
240 770 39115
276 816 32558
498 542 17692
70 717 15524
349 418 16971
395 673 24166
80 887 33015
10 854 51624
120 598 30871
685 736 43417
551 661 21260
163 671 28844
283 479 28862
34 272 37216
250 296 47927
112 242 27203
234 669 38419
223 754 15652
106 152 34525
441 620 28160
46 383 15000
676 837 43829
44 338 23770
451 490 23195
151 664 10630
699 742 50329
14 804 24352
297 498 25807
3 95 29069
824 843 32016
465 574 46098
281 374 18028
32 165 55866
126 517 43012
245 727 22804
633 850 11402
111 471 48384
839 868 37216
56 111 73600
15 208 10198
28 489 32280
263 885 54562
108 651 54120
201 708 24839
385 451 25807
53 449 22023
153 830 41183
209 390 33242
267 867 27313
7 799 24739
395 750 33541
615 697 46000
330 415 36497
303 644 30083
178 691 28178
432 623 44418
39 519 20616
650 888 25298
23 504 24083
485 879 49649
371 605 32016
749 846 60877
545 690 34409
102 293 31623
562 876 33015
316 869 30871
538 722 22472
389 887 53759
511 579 51313
321 514 43463
31 37 80777
121 856 42154
114 462 26077
378 607 49578
2 879 55027
132 223 36797
400 748 29732
83 200 36222
252 294 16763
612 689 31623
276 766 35057
45 461 24759
750 819 15652
629 797 30067
84 388 54452
74 307 42755
85 753 17117
434 543 18385
63 381 33601
66 642 22804
57 814 12042
14 815 11705
83 301 38897
213 346 60000
4 690 65069
172 313 27731
759 857 52402
7 782 23537
448 843 28601
58 790 38833
335 720 47043
325 871 39812
450 845 26627
548 884 32985
665 686 35735
106 866 17000
207 235 47707
436 640 46519
512 588 39560
781 799 45177
161 422 55317
247 618 15000
138 608 19416
531 723 12806
335 405 14142
22 578 27295
532 819 14318
93 171 20591
420 593 43186
42 359 24597
26 59 44944
136 157 18385
53 259 29833
336 680 12728
369 650 28636
164 491 10296
75 618 14866
481 512 45222
55 828 23537
439 652 14213
235 809 35468
465 580 60926
772 886 22361
332 402 62936
327 862 34482
6 794 19849
241 560 24042
196 497 50488
638 791 43046
254 380 14142
303 469 22472
487 889 63159
240 463 41773
608 667 40224
6 338 42720
431 762 24413
138 480 18358
144 782 46011
365 459 30265
482 826 17464
265 726 36620
300 376 32558
85 857 27203
97 508 53907
195 305 43658
345 357 37162
566 663 11705
369 686 57706
581 673 35384
98 864 42720
171 407 29428
186 886 20224
301 421 10440
222 232 14142
221 508 16125
19 500 34176
434 443 18028
594 825 53009
167 737 30414
482 674 34670
1 32 55973
52 184 40817
532 831 62801
402 693 21541
181 646 38897
168 198 16492
145 189 59093
193 703 32280
137 180 22472
624 776 26077
66 808 33106
86 211 53600
292 728 16401
19 880 24698
347 723 24759
189 250 30610
161 447 26833
742 872 34986
515 840 18111
734 838 29833
452 598 37483
68 280 26306
60 566 30265
44 794 28425
296 666 59908
567 757 15264
627 633 39051
71 807 30480
318 880 80225
116 827 35228
602 743 28636
82 348 46098
636 875 51000
237 440 49041
334 790 36056
142 358 37643
353 404 37696
575 806 40050
279 765 25942
157 324 12806
369 860 24352
715 826 34132
31 346 30232
424 842 101045
372 470 23770
57 623 61131
25 90 33615
602 779 14213
228 879 36222
204 598 39699
298 449 15524
745 800 24042
80 811 66603
120 736 38639
278 455 38419
441 459 28000
40 190 32558
795 875 21401
528 742 54009
215 505 45793
1 391 33242
222 705 36497
225 281 17117
109 351 44283
172 571 40817
319 653 38601
767 878 43105
157 284 38288
680 864 37590
483 596 21633
216 377 13601
837 860 47760
695 740 56939
818 852 20396
849 862 36878
265 522 27659
98 716 44011
551 744 22825
66 73 43139
41 330 55362
90 514 13153
587 834 35777
114 291 21633
268 333 21587
67 412 20000
487 760 44102
21 638 37121
614 834 21213
16 669 23537
77 521 32249
320 419 55803
294 472 64413
259 877 36235
574 580 57385
616 626 23707
143 515 66219
272 558 57140
305 389 67742
44 110 21000
649 783 46615
291 654 34828
198 653 23431
36 704 32000
323 461 20809
219 626 26571
199 273 22627
398 827 22136
288 642 21024
243 793 31016
409 661 24021
196 360 47434
128 563 13601
191 767 20025
519 704 30871
553 741 33838
252 507 35511
463 674 56824
79 634 26401
379 420 33541
684 877 26926
552 866 52773
96 491 25080
604 633 34828
96 253 47539
256 814 33601
410 457 25942
684 796 20100
335 559 37000
646 851 37947
582 816 35000
89 523 15232
386 758 20100
128 807 13601
679 831 60308
416 545 17088
245 468 28018
492 810 16971
147 175 10050
193 484 37202
456 721 36222
5 431 18439
270 727 15264
380 554 23345
99 851 46239
319 366 18358
450 597 64140
650 665 25080
254 694 34886
382 486 12042
586 702 31016
413 444 30480
360 497 51430
549 640 13342
227 544 19416
224 260 12530
643 719 19647
437 573 10198
91 669 27166
355 505 54406
456 746 45000
255 365 33242
51 646 42379
77 836 14422
179 677 24083
362 626 32202
445 821 19416
174 515 22672
370 809 47854
85 184 43829
326 756 41400
384 818 46141
304 428 31385
5 191 46530
67 512 17804
288 808 24698
416 672 30887
362 636 32696
395 429 40311
492 615 47265
127 760 26000
222 397 40025
44 756 21954
201 340 39013
696 890 33015
186 600 25020
385 527 31145
28 190 20616
41 115 22804
348 678 40025
41 645 19647
195 389 52811
606 830 33422
150 321 56080
526 570 33242
505 855 20025
46 499 38053
166 601 36401
212 783 24698
253 552 29547
228 839 39294
9 885 43966
138 861 33242
19 885 54818
54 826 12649
35 130 31048
283 708 30232
753 759 30806
308 499 44294
461 734 20616
375 408 30480
30 563 32016
140 709 18358
589 802 39825
420 729 31623
502 831 21190
87 571 20100
229 881 34132
657 838 16155
326 794 30529
517 572 10770
516 790 10770
113 884 41485
39 354 28231
434 501 18028
497 706 55000
28 447 33302
785 842 21000
688 806 42953
95 687 82225
2 569 37537
18 241 34409
724 756 39925
113 389 18868
31 801 61294
213 745 39395
458 477 22023
178 784 16000
203 591 46690
24 730 34986
158 540 84404
204 645 14318
520 662
530 227
955 560
931 405
818 227
600 548
574 80
378 838
388 26
647 641
219 480
424 241
526 377
781 675
755 97
623 292
99 379
734 838
483 27
629 160
515 545
217 397
697 399
364 789
240 657
848 676
587 631
283 164
670 689
387 493
241 84
538 715
333 124
848 164
496 709
968 662
319 63
260 524
895 665
296 204
121 444
219 605
567 991
631 585
259 387
798 429
283 418
179 838
684 857
228 668
618 257
172 686
338 186
825 317
399 400
735 528
890 433
619 45
864 634
844 376
891 683
534 605
502 458
104 237
355 923
307 236
381 318
469 520
510 356
353 650
370 414
510 508
337 267
717 236
568 823
725 625
770 175
94 343
880 305
245 795
832 634
399 642
48 408
258 903
101 682
327 521
402 756
292 243
370 620
269 640
573 300
192 578
461 156
198 410
984 562
506 653
707 186
537 277
633 224
103 223
120 543
33 336
437 879
395 825
340 281
428 634
287 397
722 918
154 276
631 606
676 484
523 474
163 743
626 360
127 422
345 598
300 677
573 849
67 699
125 506
153 643
564 144
305 209
844 476
549 657
916 632
742 805
382 448
12 524
504 739
219 893
517 241
432 361
797 805
951 304
177 184
103 607
919 688
809 715
295 562
591 375
694 77
815 614
533 102
964 331
707 108
653 45
89 492
844 202
222 634
762 212
434 668
459 463
473 918
730 433
458 544
160 191
64 656
393 750
555 40
246 162
465 390
415 567
521 639
578 676
104 517
667 668
154 616
867 499
931 671
443 146
365 715
359 440
736 614
663 46
207 832
716 871
629 745
788 762
82 599
577 245
50 393
439 301
137 707
745 193
238 838
911 564
710 287
940 385
302 172
811 181
265 221
672 764
67 411
123 776
429 31
515 487
150 600
462 926
52 444
548 769
784 214
540 400
108 452
499 774
696 260
594 105
757 107
184 751
412 669
274 529
868 755
168 137
650 653
370 534
249 669
99 254
282 363
200 547
445 854
650 149
773 870
492 268
197 241
612 358
348 321
64 530
548 179
828 234
955 572
237 534
775 884
774 547
570 321
634 79
107 324
569 133
367 70
438 574
767 414
754 866
549 466
882 600
281 446
320 700
457 304
591 816
564 860
801 777
959 409
296 740
633 981
494 607
180 696
693 779
864 441
527 408
477 312
309 193
203 252
746 622
832 705
479 37
371 237
608 869
677 406
256 143
302 329
324 393
306 735
132 386
867 196
446 942
73 743
360 932
808 522
759 750
526 311
388 185
465 494
614 375
606 515
547 725
135 220
761 255
380 763
888 263
350 229
319 110
498 904
608 348
866 472
63 326
649 976
268 717
978 453
566 483
340 168
241 696
862 249
11 396
136 567
766 519
776 748
138 817
564 973
725 194
757 446
716 305
864 623
751 510
440 678
353 740
462 733
822 178
727 395
685 278
586 12
172 571
374 883
265 598
151 146
224 382
152 181
174 434
587 579
420 819
153 403
361 680
174 460
336 646
586 968
281 324
653 103
314 931
576 360
491 872
640 563
358 616
509 770
97 403
73 510
316 668
538 616
661 227
216 101
459 910
402 596
626 143
60 463
114 295
619 812
485 366
869 676
393 562
121 370
695 212
730 66
208 627
390 58
312 81
244 512
397 959
422 882
702 811
181 555
384 382
347 504
176 299
694 103
460 991
373 192
50 698
615 393
502 890
830 255
262 673
592 750
370 465
182 710
475 478
790 751
786 438
303 500
404 973
495 318
883 248
312 896
173 759
175 719
551 674
454 117
234 356
695 358
847 809
344 397
782 831
303 581
116 243
437 770
449 399
630 923
600 478
450 352
328 929
707 357
438 117
522 867
434 259
483 816
453 410
393 334
684 346
773 577
210 454
852 322
273 453
614 155
329 916
337 459
14 386
204 198
92 609
231 917
350 552
400 350
330 277
788 719
867 774
354 756
804 239
928 475
699 45
448 669
333 316
590 909
654 443
167 223
512 838
618 131
732 787
92 778
442 652
664 369
77 316
830 571
258 186
523 48
355 172
739 931
419 952
175 472
321 305
309 99
502 281
730 605
471 793
335 326
732 815
201 326
241 370
628 334
798 386
230 682
577 532
439 506
187 248
292 699
774 498
382 214
691 530
706 946
826 429
154 237
459 441
312 392
334 348
3 519
554 753
910 672
393 270
796 317
730 556
650 794
489 131
789 739
715 757
535 902
274 195
442 955
516 630
553 845
865 330
833 157
511 851
571 379
436 81
587 468
796 467
515 39
465 675
884 786
445 190
681 417
409 510
792 782
598 987
666 151
598 672
48 381
759 352
367 307
613 15
282 638
751 597
655 57
941 597
673 831
908 649
715 700
802 171
635 863
376 634
92 707
890 321
228 257
427 994
648 279
308 481
483 392
469 883
839 856
220 153
414 940
584 499
435 611
936 525
314 345
183 444
14 588
533 873
600 456
465 662
68 549
858 338
207 701
869 488
91 762
645 892
422 179
449 297
467 595
739 316
205 714
358 775
299 92
849 612
915 227
279 919
731 873
115 430
707 641
386 461
569 22
505 317
840 406
501 503
474 740
555 199
216 226
400 736
937 587
656 453
531 535
444 824
306 149
923 293
213 424
787 309
553 588
799 823
819 556
234 755
503 397
222 322
415 734
77 583
330 293
542 137
60 728
532 446
827 135
366 491
339 433
784 575
712 544
794 898
138 478
384 146
263 837
114 552
464 970
688 394
656 298
492 992
449 504
559 787
923 707
477 991
755 375
120 194
819 662
799 709
48 546
558 798
214 559
501 490
582 828
217 658
705 779
189 841
727 691
951 437
794 241
195 132
225 538
640 316
28 419
32 354
194 226
835 335
964 427
678 325
896 284
381 862
214 499
464 648
478 542
84 371
632 889
319 128
329 230
448 77
794 530
102 439
604 217
727 247
206 867
873 703
182 327
670 933
523 847
135 582
581 370
663 891
390 699
228 425
751 234
970 513
241 440
433 283
654 942
829 410
770 219
159 337
993 511
900 740
556 362
600 297
476 187
431 543
867 295
825 799
825 336
553 983
264 236
806 746
441 587
916 760
567 351
210 111
437 813
228 692
360 202
205 488
125 326
965 642
475 868
809 632
886 358
604 732
574 919
650 931
211 680
347 764
649 597
604 798
479 211
629 178
857 198
655 348
446 735
663 733
936 662
809 864
381 81
578 641
564 750
311 553
937 329
302 863
582 425
635 635
707 205
795 284
553 236
357 635
358 809
467 82
267 933
694 601
302 364
477 893
583 589
511 973
578 890
314 722
879 462
307 469
382 819
65 676
517 986
296 382
236 390
63 369
163 499
689 689
219 759
424 189
298 793
771 305
647 225
458 942
460 277
204 153
694 578
767 286
459 750
504 962
832 839
500 793
403 339
99 665
478 275
641 164
620 604
488 511
493 298
92 635
752 781
829 288
784 225
314 584
209 666
411 197
806 557
810 161
243 500
292 840
806 411
85 560
231 796
651 426
130 271
86 521
796 267
85 282
400 670
473 981
270 292
571 46
579 103
891 746
629 761
173 854
238 877
363 851
449 246
622 419
651 67
480 585
647 729
883 569
613 563
186 536
358 222
62 356
673 950
550 86
211 130
295 113
507 118
853 278
804 667
677 582
484 826
390 437
337 250
647 112
541 857
295 751
260 704
866 510
891 421
785 686
840 528
94 728
263 477
825 853
757 141
88 300
346 25
955 483
525 85
286 434
813 313
310 602
422 395
682 593
423 483
877 806
262 128
755 691
45 567
116 719
758 183
244 275
243 419
586 169
749 579
82 501
152 854
500 65
712 558
754 909
519 903
822 837
24 440
446 778
681 314
616 181
259 497
419 865
698 649
408 490
192 627
127 674
753 562
372 225
199 291
896 712
410 786
528 653
549 318
304 814
443 642
231 132
554 188
740 367
905 510
138 417
677 207
840 172
626 389
169 523
706 674
337 216
767 164
512 175
506 18
862 231
780 296
812 779
123 754
430 13
235 818
226 768
190 351
690 699
650 564
