671 1683 19 147
130 397 13416
43 654 34000
538 667 17464
18 190 34540
182 255 74324
344 633 24187
481 617 52479
369 597 25612
338 423 29732
528 659 20591
122 533 32202
54 370 28460
578 583 31890
311 474 17493
193 277 17804
470 639 193961
32 121 36497
396 408 51740
213 642 20000
19 661 51264
230 428 17117
115 300 21024
256 262 45607
156 607 44553
471 640 30610
89 501 41049
65 220 21401
275 452 61057
125 310 33287
361 508 30017
46 566 22204
188 651 48549
231 635 45222
135 141 56089
559 626 17464
167 578 50120
19 517 51264
428 475 30083
49 587 46487
291 318 45541
232 505 26571
380 426 34059
282 386 32573
113 436 15033
294 347 19235
24 124 46098
94 476 20025
303 666 24042
38 453 59203
33 218 27731
272 294 36892
164 210 72422
47 317 47518
152 640 21932
134 441 24413
156 390 90089
232 553 59942
9 62 41000
108 158 51662
319 336 19209
62 335 53000
179 657 21095
238 497 26926
376 663 35468
353 558 25807
143 333 83546
104 344 40608
66 512 27295
95 669 43267
308 387 50606
469 627 27459
53 607 14142
349 616 58523
55 214 21954
127 133 58138
210 346 187609
648 653 51971
25 379 38484
89 422 40249
255 479 18385
93 214 25495
295 521 61131
44 511 16492
376 636 20248
83 410 23324
590 643 10440
107 663 57871
214 527 27203
74 469 61984
16 436 21401
124 489 10770
426 527 29155
386 526 24759
299 611 16125
84 182 33302
273 527 59481
456 637 46065
229 378 24331
445 669 33971
383 550 23601
156 625 18385
166 540 57140
158 404 61327
129 471 23259
519 629 61000
89 440 87983
184 209 12728
17 253 40112
286 444 41037
234 389 32311
40 135 51010
372 663 45343
413 666 33956
98 432 13892
140 419 58830
64 553 69871
43 103 64900
71 481 22672
552 570 38328
405 610 21213
368 465 16125
280 520 15264
319 557 63063
65 513 29000
374 405 22361
109 448 63506
509 581 57140
414 605 73817
137 421 52202
102 223 50220
428 446 21095
391 433 33541
1 352 29000
297 338 67179
231 337 62650
352 542 46325
342 539 43046
40 75 42107
193 359 17029
385 608 27295
267 559 66483
1 250 65765
97 465 48374
119 504 17029
484 543 26926
592 662 59464
181 191 13000
297 395 15297
364 561 48662
178 330 31321
405 525 23601
400 645 69857
391 460 45000
145 536 29732
147 399 13601
68 637 39623
84 169 31048
292 570 48104
476 578 33242
365 641 54818
71 314 39699
364 618 35384
28 127 12083
265 502 18974
298 424 31765
223 593 27731
226 449 37363
184 409 36359
600 651 60166
215 619 15556
517 606 51624
70 609 44385
306 611 49477
21 162 29155
582 622 40608
108 580 34828
527 649 48270
18 533 47707
51 523 51196
470 583 127914
164 465 14318
239 320 33377
513 540 37336
339 669 19313
162 340 36235
147 537 55227
211 512 29547
340 587 59405
96 515 11045
415 460 30000
107 493 51245
29 657 59933
214 589 25942
306 650 67956
253 375 45222
434 588 45011
252 507 31780
322 423 63812
441 451 19647
59 437 37590
519 536 39205
115 501 19105
483 596 36715
407 496 45044
497 612 29069
52 585 28636
123 502 35355
68 186 63789
21 174 23537
280 661 34409
42 69 44721
59 349 35384
8 423 24042
216 360 60017
106 267 25495
178 208 31321
114 451 13153
547 569 25495
588 629 29530
128 137 25495
31 428 20248
127 147 43012
140 278 59169
301 455 42059
288 425 28653
90 364 68622
45 611 40804
285 410 45277
268 304 27459
304 662 69123
88 534 12042
524 551 55462
254 278 57775
420 574 27459
504 556 10050
106 595 25179
70 365 13038
131 630 57697
212 399 28302
324 380 50448
3 477 19647
82 88 39000
342 363 20248
354 625 29069
12 615 55471
8 429 50220
146 496 58258
75 358 64008
660 665 20616
350 612 59076
47 176 33121
88 155 19925
174 587 26420
147 168 39408
296 558 38897
390 466 81688
153 258 58052
394 668 24042
458 664 64846
207 408 23770
364 432 75584
91 602 13342
248 425 14765
59 644 11662
352 498 34713
389 509 35000
106 389 29000
155 632 37121
135 302 46325
319 415 52802
86 97 35228
236 241 31241
492 529 36878
103 148 50329
6 49 67365
265 331 29614
223 573 32249
211 458 19647
123 474 15133
50 544 17205
579 621 12042
333 585 28460
221 398 84723
201 295 56436
106 607 26627
31 418 56586
463 473 60877
72 307 22000
313 487 35847
350 529 69080
494 558 24207
166 392 11180
560 601 25000
2 624 53451
29 179 61522
95 620 20881
478 522 37590
414 576 50359
63 379 31385
66 204 39115
266 379 35693
64 107 54745
493 652 39319
573 593 17464
225 648 24187
406 583 70725
114 248 40311
49 233 34059
17 492 51108
227 244 33302
365 609 48374
45 440 38601
184 640 26000
233 603 40311
139 553 32450
121 325 47381
387 485 20616
85 401 44777
369 566 41773
319 543 53339
293 307 32388
10 360 51000
300 422 23195
608 649 24042
480 483 32388
99 472 45804
44 466 26000
223 508 37577
233 532 25632
50 127 34132
178 434 35511
114 264 31890
404 580 36014
118 524 28653
420 442 31780
176 177 25000
180 453 26000
162 200 58000
11 101 30463
154 588 23022
435 671 19209
23 628 21095
6 174 37643
199 647 36401
371 596 51430
87 330 32202
279 476 32016
545 575 109636
322 515 44553
45 547 32388
180 181 20248
63 447 32650
507 568 64008
346 473 40447
82 108 56515
467 668 33377
14 609 12042
233 523 63820
219 594 29698
260 310 36056
4 468 37855
56 559 51264
384 599 51614
429 500 58000
248 484 46400
136 350 42485
391 415 36125
133 544 21000
78 540 15000
535 602 35384
28 511 57315
133 156 13416
308 485 65391
379 447 22023
353 479 37202
294 670 34409
39 497 23707
408 565 29732
80 217 39395
253 366 14422
104 634 36125
75 276 43829
328 444 24021
171 352 19313
353 494 40000
308 523 69029
112 305 43932
34 541 14866
122 655 36235
399 641 36346
31 230 16155
37 591 51546
237 358 62650
229 408 33121
141 275 30529
191 530 35128
117 527 71169
103 602 33541
242 361 49649
349 358 21954
36 159 31765
255 528 22023
72 293 41869
197 550 26077
10 315 30871
109 362 59034
119 556 25239
563 659 32757
4 463 26173
241 254 14866
58 388 53367
482 660 53151
54 105 51078
113 170 56045
141 452 54589
55 482 49163
45 172 17205
80 149 26019
71 157 36359
495 574 25298
243 439 17804
22 553 52154
275 349 54589
393 507 50000
208 555 52924
25 266 33838
500 552 48083
60 351 41049
483 616 103730
389 631 24515
573 644 26019
347 592 27803
415 557 38949
27 281 27459
383 408 46141
70 199 46615
261 340 13601
121 169 46174
362 448 33615
17 470 56009
397 521 74813
189 630 60531
547 611 48332
238 492 27203
83 130 62936
255 461 12649
15 41 54489
157 549 29547
125 493 37443
147 212 35693
86 465 36235
229 346 44598
216 315 61400
140 335 57009
289 650 45343
123 294 35000
275 508 64351
210 477 62769
318 514 25060
4 473 41195
65 143 27295
34 472 30232
477 627 33541
397 429 86885
390 626 11180
30 142 57306
397 610 72180
236 278 40853
68 244 21024
126 650 56462
16 67 39962
29 108 59304
355 462 33242
3 384 61587
332 606 50160
380 482 29682
35 63 87132
286 320 38288
67 282 38013
10 656 63008
35 240 36000
291 514 36249
282 526 29967
372 419 26926
277 655 20000
37 165 26249
169 450 27313
436 577 40608
106 234 34482
12 418 39000
48 155 31113
410 414 85071
294 424 30529
12 621 55570
206 666 22804
9 374 37216
155 542 50567
6 200 59034
179 613 31321
19 206 45044
46 604 41881
272 502 38000
470 492 103581
473 565 34000
209 614 11045
157 284 24083
151 551 41593
377 645 133720
92 192 38897
310 373 19026
239 381 23195
16 351 42579
576 586 12042
318 417 39205
220 584 14318
532 600 40050
228 258 38601
140 184 42190
460 591 44922
200 261 89308
92 449 15000
536 648 43600
152 471 33015
347 424 20248
180 530 24597
129 419 21378
272 356 27459
22 246 76007
314 481 45891
144 656 48836
58 273 58310
73 142 19313
203 245 50289
149 217 18028
13 369 89499
467 587 29275
256 585 34438
285 624 47802
147 211 50990
170 414 69231
38 180 67476
351 577 19849
101 299 39812
5 340 58694
13 177 28844
305 574 18000
11 442 60902
31 621 52773
442 495 32000
377 463 78772
77 554 17029
317 398 20616
563 568 22825
442 531 66491
99 192 44045
76 425 22204
227 637 26173
153 387 37643
350 639 48083
321 356 61847
169 325 10050
177 221 138004
182 252 41037
459 460 56462
390 607 67742
87 382 48094
129 372 31016
127 511 62201
58 564 47634
487 496 30017
63 132 58249
242 275 62968
183 213 31575
102 648 21000
140 209 35468
73 111 25456
264 451 23409
308 620 41012
185 430 11705
549 669 59808
119 454 43841
120 145 40025
235 263 18974
376 561 39000
392 513 63906
25 447 34986
499 537 63127
314 617 18000
15 292 18868
404 493 47170
131 326 34234
457 474 52202
40 141 10770
32 182 34713
143 370 58310
170 201 72069
474 591 71400
495 650 51420
340 545 24042
77 327 46271
434 551 34000
254 260 34000
120 329 49578
219 305 39623
208 588 32650
104 200 54129
46 579 29017
346 565 43267
161 490 25080
134 451 19026
363 409 32388
114 134 20809
184 614 21541
457 522 24042
55 665 36346
9 525 15297
44 599 49244
508 593 23770
229 550 32016
242 452 27659
269 618 49163
321 424 49396
10 216 71281
23 153 43909
74 390 65924
356 502 42638
77 437 144087
418 548 43932
416 478 31016
264 441 29155
520 661 38588
111 166 58523
9 405 22023
91 637 38079
26 497 49193
79 376 63906
283 314 11000
355 448 27459
279 583 59908
205 232 24352
37 474 59540
457 591 58421
342 640 32757
85 274 51010
433 459 19026
148 243 66219
250 454 83774
78 143 35228
457 670 45398
491 521 76026
57 202 35355
360 581 28160
153 308 56089
25 353 31145
148 253 27514
156 466 77026
543 557 35128
318 330 11662
259 381 46239
2 364 82298
49 668 20248
604 621 39357
29 155 40853
134 322 54203
91 103 36674
214 380 35693
276 630 50160
105 139 20125
295 415 26833
598 665 25495
396 421 32650
221 464 60208
156 544 29547
64 376 36497
59 573 33242
89 115 60000
110 321 14036
485 634 28320
15 338 43186
449 534 28443
49 174 49041
452 584 32650
184 471 29000
177 369 118229
84 362 38897
400 489 13416
152 337 17263
124 645 45695
74 477 72780
85 357 24739
161 384 29833
6 21 29614
144 581 44011
76 288 38210
148 198 69656
82 92 41617
526 564 33526
61 287 35693
182 270 30017
566 597 37537
301 591 43566
245 636 18028
91 227 16279
387 486 20616
123 670 21190
80 220 54000
181 453 17720
237 483 78435
5 146 34015
2 90 51225
283 296 36056
213 298 43012
107 158 45804
478 592 59908
300 503 61984
601 651 67067
18 345 23195
390 421 66129
181 530 33541
285 539 44272
64 232 23345
90 231 44204
172 221 45044
121 359 47424
67 201 52154
169 362 36125
149 251 27295
125 652 27203
71 284 29428
186 661 19235
102 508 30887
185 468 47170
190 303 35014
425 455 16125
117 196 29155
154 434 50990
269 647 51078
249 641 20591
334 639 97324
239 286 25298
106 354 13892
193 236 20000
430 524 29155
481 628 92136
470 643 11402
1 454 44643
129 152 30480
121 373 40497
235 472 51420
417 468 45044
151 524 33615
177 398 55109
14 70 40311
307 596 49041
374 610 20248
9 614 26833
538 552 33838
203 561 66219
331 350 41000
274 418 47074
110 183 55973
38 586 32450
517 661 42426
158 263 38079
122 335 27203
35 81 38079
200 545 108559
319 521 14318
306 324 52498
41 395 42953
291 463 13416
136 265 34886
335 570 25710
492 518 77795
10 246 23409
62 140 48466
500 667 52555
250 575 78237
499 599 65000
457 478 26926
139 205 59775
194 344 12369
316 349 58052
94 243 17117
34 54 30232
100 581 34886
37 658 27659
48 449 31890
110 213 32894
460 557 19416
170 410 41110
410 624 18028
84 448 57871
539 624 43186
119 671 53824
241 310 44418
82 99 36125
49 634 79649
136 639 58592
225 536 40497
363 539 37216
187 653 25962
145 519 17804
37 301 13892
324 482 55444
339 568 29967
7 509 53235
32 601 62434
580 651 40025
42 665 36069
205 505 22023
27 452 45000
426 649 34928
56 100 70767
159 400 26306
370 381 49930
237 630 39560
476 488 21633
323 496 35355
199 571 17720
224 659 41000
13 176 31257
540 585 60133
398 431 57689
268 424 32016
59 593 39623
334 502 33377
114 288 55082
56 524 36688
474 670 10296
91 244 38601
367 537 37202
134 654 13000
171 542 32450
38 222 25495
63 240 119231
292 533 19235
71 283 33541
67 526 44283
244 488 24187
238 529 44045
2 539 52802
279 439 10198
60 605 27295
163 470 28636
231 561 34713
24 645 41869
121 601 47096
304 592 38601
557 591 50448
189 582 51478
100 267 51923
416 526 28284
261 545 19925
431 464 40311
257 311 32388
395 535 35228
130 170 74330
191 647 48703
78 333 80281
417 434 35228
419 471 27313
274 548 46239
302 427 17804
615 621 80081
130 201 51662
296 445 38897
45 221 32016
54 262 52631
144 509 48765
290 413 13928
172 431 37802
79 553 49336
287 390 61685
93 598 27659
141 358 58873
191 453 29000
523 603 43681
194 633 13416
84 450 19647
139 472 47434
279 578 49518
484 557 16279
422 531 75133
202 632 69318
197 346 57689
276 582 39623
257 265 15811
444 582 44147
20 197 20518
29 82 19416
381 444 24042
213 304 28844
258 510 16279
268 298 12806
273 388 65788
220 242 42190
267 595 17889
500 570 44102
155 534 18974
96 322 43186
281 452 26627
395 456 56436
222 247 17205
208 434 35384
167 583 49244
547 646 53254
567 656 59816
150 235 28601
221 440 31000
65 584 16279
132 606 11000
561 636 27803
220 513 17692
164 384 47011
89 569 74632
69 305 33956
131 556 57983
549 628 31906
202 542 43012
30 246 70007
430 551 53235
53 106 18788
270 393 41437
92 286 41976
203 618 48836
396 430 32016
19 402 12042
11 646 19209
233 668 29833
222 414 35440
522 670 25554
306 385 63246
398 464 28160
426 608 41110
407 532 14765
282 343 31385
31 475 41000
581 595 58009
463 514 27166
50 249 34015
367 458 22361
103 173 69642
18 292 43566
195 520 23409
135 259 53600
160 325 29120
75 237 56303
214 598 32388
625 631 53009
72 671 47170
60 414 65970
336 515 37537
87 514 10440
522 592 53759
337 640 31064
275 358 47011
51 507 15232
66 531 36770
213 321 40608
542 632 64133
366 590 42438
28 147 49031
343 433 10630
18 443 47011
24 330 61327
230 446 20881
248 455 17493
61 74 64815
383 469 48836
159 329 46000
27 135 61131
535 637 50596
483 516 20809
163 643 23022
281 584 15652
403 509 31241
189 226 60000
58 67 59548
57 556 34655
58 662 58549
72 435 35777
455 658 36892
121 310 35128
130 285 70036
199 365 37537
250 340 43417
42 126 34482
374 552 44643
56 128 16971
258 633 15000
120 159 34205
112 219 25612
342 409 24187
76 658 27459
160 362 22136
237 316 42154
336 521 26571
41 297 45793
146 467 29530
22 30 56356
248 264 49254
258 387 44822
403 631 20000
5 250 47011
85 385 18358
46 642 66242
264 543 10198
290 353 15133
56 137 35014
386 459 39408
539 635 46271
249 399 34713
265 334 29967
198 288 53226
270 507 49930
320 381 40249
256 333 25060
75 630 46098
204 458 27313
97 175 39825
93 589 23000
51 393 54000
394 467 15620
120 536 52555
200 633 46174
490 499 59682
372 652 68447
126 495 34059
408 572 44598
538 610 30463
11 569 48301
238 375 22804
161 164 20000
255 448 65924
230 604 16279
39 350 67742
41 116 45277
222 576 48826
618 656 28844
237 480 69260
258 485 40792
158 493 43681
365 571 31953
149 536 22472
393 601 51624
357 385 18028
202 556 21471
438 523 60216
90 539 54589
96 319 46065
109 655 36878
146 394 36056
423 515 48052
57 454 24413
9 409 19849
195 412 15620
217 519 53226
292 500 37108
1 57 43186
509 647 54120
155 323 61351
24 87 53254
110 369 153447
163 439 47170
544 571 66731
496 668 48083
269 530 63127
602 637 45651
38 69 83193
70 647 68029
102 361 31765
247 432 66370
96 441 23087
330 555 59841
124 159 30529
72 504 39294
86 499 12369
341 432 23601
240 583 89939
288 497 39013
103 243 37443
296 314 38275
178 417 27459
420 641 54231
79 203 59615
38 594 76577
109 533 15033
409 525 16000
320 541 15811
182 450 30150
61 312 16553
171 323 27459
298 304 24207
243 366 70328
398 401 61205
14 305 45177
176 317 29206
289 495 24083
211 367 17493
255 355 49396
2 341 18358
80 251 12166
355 443 16279
215 432 17464
31 274 29428
329 555 29069
92 320 41231
41 456 42379
242 584 33956
371 435 14213
530 647 66708
343 391 31113
160 193 29833
224 296 33838
95 568 36620
385 431 81253
236 310 45222
273 605 42638
446 604 18788
152 546 72801
384 490 32450
373 560 27731
19 666 43829
250 545 41195
322 441 49092
494 659 31385
160 169 34132
142 166 60133
41 345 56080
316 483 90934
14 112 30150
349 437 44911
253 590 45000
206 413 30414
262 333 33526
234 509 13000
378 550 16031
364 619 73593
54 381 39000
12 117 21633
581 656 58600
165 658 17205
575 671 36359
147 512 41629
193 325 27459
66 503 31064
195 623 22672
32 450 29833
376 553 79057
63 218 30150
251 361 37216
306 482 51478
173 198 23854
324 608 26926
26 375 33242
18 116 36674
6 162 47927
407 600 48270
571 631 13342
196 357 32202
392 629 37000
403 571 21401
22 203 65299
485 633 36892
24 555 57201
217 629 61221
422 501 16763
83 285 41400
285 405 64382
156 631 60000
118 396 18868
49 467 42379
337 635 42379
399 420 57983
567 581 15620
190 345 18358
372 546 57940
153 486 30364
118 128 37054
189 202 87464
210 627 69029
326 630 48836
125 373 29017
448 533 66129
175 458 44777
90 635 15264
6 104 10817
418 621 49244
14 574 40112
159 653 33136
155 313 64031
466 511 20881
118 562 26000
415 521 44822
322 654 54120
26 253 25495
100 151 74243
2 98 18248
389 403 28302
207 473 53339
17 375 36770
247 624 80100
484 591 52154
224 494 43267
191 594 55317
457 459 33838
23 549 38484
266 606 52240
129 546 65947
138 623 36249
435 596 64661
163 406 36770
226 286 31257
33 481 50160
206 517 16279
564 662 43417
607 625 28653
140 254 36235
335 552 46755
20 469 27074
107 505 36056
336 423 43909
350 518 49396
382 463 66708
266 413 19235
191 219 64761
510 633 29155
34 139 48826
262 553 60208
468 572 26173
600 601 69527
175 499 43174
549 620 63569
407 668 53824
180 215 43000
167 195 40224
101 289 46872
105 553 45891
461 479 17029
559 607 52469
35 623 47074
132 266 54406
503 531 20809
395 637 30871
188 580 34540
346 377 29000
403 647 44822
46 309 73246
178 555 64031
576 598 34986
650 660 45177
316 358 54918
552 667 21213
94 244 31016
46 597 39294
6 634 45100
480 516 22672
157 669 44407
203 364 60407
301 484 68308
607 626 60926
131 504 50448
219 647 77006
544 631 60671
247 341 61221
228 628 82006
55 598 20616
95 507 58138
286 449 38275
421 626 65115
589 605 19416
234 581 56303
62 614 26401
229 383 40522
459 478 47539
293 596 53254
93 605 33015
470 518 181320
375 497 33242
131 189 69462
158 580 58052
284 628 48384
303 462 32573
35 132 41049
290 666 38328
85 431 78262
406 439 27514
98 364 79762
39 529 36125
446 597 14866
259 328 36014
48 226 20518
437 644 39812
269 656 43278
69 219 35228
309 621 74632
298 321 37590
126 305 23409
282 295 50990
74 383 30083
176 475 50931
259 370 44011
323 542 42720
130 491 28792
16 58 61000
160 277 35114
83 170 31401
354 389 18385
404 560 28425
7 647 41869
224 563 14422
271 311 17117
223 554 36346
137 559 23022
478 662 53339
11 531 45607
46 183 57385
427 582 20809
11 547 55218
63 348 24187
337 539 55218
148 173 66370
215 364 75802
53 559 54231
328 622 15000
96 543 47424
300 664 66408
312 599 62266
437 616 41761
438 620 40311
39 612 29206
20 346 78006
375 492 41231
19 303 31385
254 419 64885
82 449 44643
431 611 45277
394 496 40025
433 460 51088
51 506 54203
72 131 42012
132 348 38419
187 554 34713
175 537 58009
189 276 18439
27 65 29530
263 505 50000
36 329 23431
222 586 44011
32 393 48466
42 586 67720
186 520 49204
488 578 25239
278 335 21932
328 381 17464
336 429 69426
54 320 33000
10 567 41231
110 566 113371
288 612 47634
469 477 37000
58 615 57201
198 654 14318
554 653 44777
80 242 28425
165 350 37855
22 256 43186
188 601 38949
204 503 38639
34 105 43046
411 563 23537
15 500 26926
409 640 29833
30 585 25000
130 610 68600
285 610 72615
26 288 46239
443 448 13892
43 322 39000
33 617 31401
235 505 42190
377 382 116297
47 274 43658
455 484 55362
25 296 46573
27 259 22627
307 371 21213
99 108 46400
353 666 44721
309 615 45398
90 561 58009
444 622 18601
123 265 37014
196 638 17692
24 382 50329
186 412 54672
43 173 21401
430 572 34655
111 216 33422
107 372 46141
125 260 17889
146 498 17720
462 479 23345
81 195 44721
153 228 42802
95 339 43417
100 595 51614
81 623 35468
183 566 59464
283 445 30083
482 650 37363
279 406 24021
44 499 58464
107 652 69656
207 572 28320
86 368 30806
122 278 37000
78 513 28862
27 143 16401
268 347 27659
401 431 60415
231 376 39294
506 603 31385
179 651 35735
7 144 12000
93 576 40804
341 624 52802
70 219 36249
119 575 63000
465 664 96881
146 352 30676
190 355 24698
325 359 28636
346 378 46872
177 317 38053
418 638 14213
303 402 30000
461 494 31016
215 247 66483
396 572 25298
308 634 79158
285 363 29206
156 511 63600
101 442 48877
260 652 19698
332 517 23087
214 426 23022
47 401 18028
138 280 13153
531 569 72918
586 665 40608
303 355 31113
57 352 50220
138 606 51264
218 447 18028
183 642 16155
19 186 51010
299 646 36878
228 510 28862
453 594 42579
576 665 41304
388 615 22804
204 211 31048
252 568 51624
212 531 51225
377 473 32202
15 116 17117
154 551 47539
513 629 73164
262 370 44272
64 663 19235
345 402 20224
277 278 22672
150 205 16763
272 321 52086
333 540 75644
3 210 53235
419 652 58052
332 661 28862
114 425 46530
113 577 46530
179 313 46065
52 166 62682
25 558 24083
98 341 12166
386 416 16401
516 596 20025
69 594 22023
615 662 44944
408 421 54231
203 656 50448
249 365 63127
190 443 24187
422 569 89944
118 430 26627
192 541 31765
285 525 51420
412 488 60902
179 487 40262
257 331 17804
459 591 44294
69 586 84959
252 270 29069
469 550 44045
33 240 169056
29 88 32249
42 650 44777
30 315 60415
73 216 44102
171 496 49031
322 535 39925
226 632 19416
110 356 75273
159 327 33615
84 255 71701
268 592 18868
68 488 38588
344 485 24042
376 546 25554
230 621 46390
327 400 21213
300 501 26173
440 569 35341
182 528 71589
245 376 36401
30 52 40706
104 194 47011
546 663 21932
185 434 52202
302 582 28071
326 480 23087
293 516 46098
56 562 25318
579 604 34525
117 273 86770
148 366 18248
123 311 11000
207 468 22561
182 411 63561
211 537 42544
613 651 31401
164 368 17692
413 517 38419
172 464 43290
411 568 19209
271 350 52802
368 490 38210
34 192 31623
199 403 18000
313 323 21541
120 648 47127
357 548 16125
42 660 18974
294 502 35847
32 270 24331
618 619 81609
101 306 72450
439 476 31953
17 590 41110
365 544 73539
178 318 30610
250 498 56859
43 535 30414
196 649 36674
487 613 21024
210 384 28018
239 444 20881
101 650 69462
62 552 41340
121 450 45453
446 475 47707
207 565 45880
55 660 46174
322 338 64281
338 500 36497
393 506 34785
168 249 22825
93 414 70235
411 659 22561
308 486 32802
8 338 13038
201 491 27313
142 315 41976
77 187 23770
186 637 56223
580 657 33526
117 638 18358
348 379 15811
612 658 35847
236 359 17720
150 505 19026
7 269 16553
136 331 10198
295 391 19209
16 273 42202
127 168 24597
312 477 32249
149 225 32202
23 228 65115
304 642 40200
144 269 24207
234 595 20616
152 231 69029
208 629 35014
461 528 11180
246 315 37108
53 267 25080
205 553 46861
271 474 31064
185 572 31305
479 666 43174
462 666 40162
440 547 27514
4 291 13892
437 573 65620
506 601 66851
185 551 51546
47 475 53339
293 326 16125
33 63 50478
189 444 70831
299 547 52345
9 184 35777
287 466 31401
620 669 42190
128 562 15264
51 438 46011
306 431 54203
175 664 49193
392 588 27514
139 235 66888
438 507 54120
154 166 23195
254 652 38053
651 657 37014
479 494 34986
23 620 77279
36 124 45354
24 329 39812
151 216 34986
236 254 40853
75 427 26077
490 599 24187
117 649 38275
309 642 51662
117 388 59237
291 468 44181
105 262 25239
192 472 11402
13 475 31575
416 564 14560
58 526 40311
532 603 36359
48 632 12083
40 302 28636
87 463 32696
138 332 14142
19 456 51000
414 577 40460
349 508 72062
143 259 29614
38 247 33136
28 537 19026
300 458 60141
100 360 13342
186 456 23770
62 374 31145
52 540 52802
3 312 22847
252 411 52802
18 41 47802
108 263 44011
609 641 14866
363 525 33838
159 489 25612
429 667 21024
212 420 52355
478 564 30887
118 421 39013
407 487 25495
82 192 52469
180 247 68710
198 754
570 460
893 726
751 860
156 723
95 665
667 569
364 304
443 411
618 653
886 400
715 214
866 172
796 494
321 326
609 282
323 57
268 335
217 320
878 807
101 694
520 644
20 514
659 922
107 363
345 102
483 801
869 567
325 686
546 694
795 175
234 489
34 358
422 707
108 242
638 923
476 106
667 410
400 59
425 868
281 289
750 402
332 197
879 620
913 323
743 125
841 219
332 746
162 658
824 565
162 534
565 730
757 640
439 732
730 340
730 708
230 783
620 222
449 972
650 301
857 710
403 402
62 316
457 571
509 815
884 478
575 261
233 207
742 446
761 514
29 421
244 855
614 715
817 761
383 871
426 115
560 985
531 787
515 625
526 882
127 209
344 682
541 371
236 441
799 255
948 610
703 892
329 718
990 421
530 492
271 197
368 716
696 332
245 157
116 494
390 229
977 590
588 463
368 655
682 656
858 388
524 928
278 161
89 656
459 685
749 623
403 562
331 627
309 376
658 50
632 733
766 497
581 298
391 174
990 481
304 328
727 232
744 757
241 828
590 942
270 495
334 380
537 83
649 967
333 516
767 432
858 562
742 720
437 493
496 327
286 856
110 283
814 600
374 186
424 817
505 30
765 709
169 265
450 667
385 447
435 872
596 722
496 791
667 581
599 903
190 724
859 519
311 123
552 881
416 615
688 730
460 473
42 552
623 779
310 724
802 606
48 452
366 589
623 951
284 420
952 664
76 709
261 86
968 652
459 86
600 782
148 184
836 551
266 449
566 352
237 727
899 313
345 180
124 689
946 565
870 203
890 188
675 836
281 643
659 477
678 484
211 463
700 87
427 443
718 783
218 269
583 979
296 568
346 821
236 348
683 496
396 689
303 443
52 627
171 217
756 235
864 822
365 167
734 552
36 667
531 289
265 788
570 602
917 499
432 610
172 318
765 818
645 827
418 434
946 721
909 529
866 484
669 81
719 321
616 477
658 712
562 866
59 346
746 481
526 828
944 315
644 399
513 977
114 436
533 907
346 761
259 208
8 578
817 828
789 160
503 527
440 587
188 636
719 606
393 632
319 455
352 918
375 57
401 765
108 206
343 475
504 864
247 140
234 186
522 587
596 645
634 413
420 146
825 531
133 764
528 894
181 491
320 97
357 470
181 395
524 687
521 51
31 609
467 785
341 500
86 741
480 699
375 626
415 195
536 46
126 335
732 642
618 92
652 562
210 493
509 81
592 52
650 272
800 204
451 898
358 835
317 432
334 417
226 124
171 252
498 824
553 230
59 406
24 450
508 396
377 757
864 675
388 119
819 414
140 345
739 867
311 342
276 882
572 83
503 240
95 408
305 250
626 82
866 349
969 480
469 118
399 856
201 347
645 97
775 454
826 323
244 877
97 541
672 143
305 498
526 83
872 717
260 684
59 395
605 681
368 957
888 226
694 860
431 250
406 732
644 49
347 233
252 704
786 289
276 448
290 890
606 980
431 784
623 905
684 866
507 40
171 279
512 709
549 19
350 402
419 265
477 470
353 297
110 451
99 737
586 451
479 436
537 203
64 624
245 332
832 870
591 86
86 313
425 946
467 49
616 324
219 734
138 360
756 611
223 369
587 25
775 261
414 927
302 460
669 653
496 913
263 413
490 419
577 542
762 527
308 105
918 544
955 640
797 115
466 741
223 880
426 522
304 517
424 379
357 71
493 565
811 890
841 824
91 328
754 328
424 768
706 940
828 789
945 693
790 271
563 199
66 581
672 210
749 594
806 696
515 225
598 793
216 534
188 688
290 247
754 773
490 315
901 242
851 508
627 977
840 237
225 329
734 570
310 564
444 389
227 100
225 634
788 812
458 424
553 391
149 449
183 227
145 332
634 365
479 228
576 189
698 821
754 214
416 497
820 459
783 758
972 457
381 287
598 67
413 133
732 302
385 845
806 158
405 333
722 772
869 290
600 470
530 195
669 801
212 871
596 299
416 990
116 535
236 126
944 346
388 206
833 430
239 372
407 785
67 435
795 140
77 345
246 384
356 725
241 460
393 187
483 846
683 467
210 797
429 131
241 275
550 148
928 524
531 176
479 198
169 399
191 378
733 879
904 270
971 638
869 644
176 698
743 823
876 780
267 58
427 472
405 682
792 864
535 98
835 166
225 156
888 745
575 158
168 382
283 912
14 404
779 344
278 944
448 183
71 601
71 561
242 653
213 174
639 971
927 666
506 300
367 31
354 547
138 400
801 430
227 679
389 80
185 741
936 607
347 333
988 462
554 52
910 461
254 817
415 596
205 567
168 520
497 943
714 594
15 606
863 624
897 502
538 815
706 882
391 240
266 927
169 302
441 7
610 889
179 239
444 256
557 125
151 584
719 743
458 408
580 217
703 299
164 409
403 23
648 499
898 444
212 627
308 361
328 730
310 218
571 893
888 566
413 356
522 438
543 778
411 717
264 745
425 197
814 579
92 760
480 543
918 355
783 247
36 479
842 808
669 767
381 367
468 640
549 972
625 876
255 807
460 194
123 381
778 690
292 542
529 550
734 733
126 444
590 185
808 834
756 107
656 637
137 464
929 378
344 377
751 557
746 797
481 981
793 454
178 828
684 371
603 339
192 160
744 154
309 600
666 625
397 828
168 139
512 831
539 718
685 383
147 702
624 802
696 309
284 70
492 155
608 108
488 965
725 460
724 626
246 926
781 135
714 353
903 663
214 587
267 542
284 194
193 596
778 148
677 305
121 283
771 638
763 275
804 503
441 368
874 335
418 82
251 634
419 423
666 188
376 978
59 377
603 566
627 488
96 500
743 166
422 796
154 232
554 409
785 613
795 694
903 775
9 496
610 828
338 881
754 570
327 757
40 621
92 620
517 484
512 572
262 234
743 223
453 3
451 453
815 513
685 93
274 67
455 982
691 949
874 385
699 542
545 928
740 268
789 380
270 609
359 508
590 954
362 181
317 412
619 590
299 632
449 100
154 427
744 384
199 272
628 164
460 552
990 543
725 376
178 340
396 352
181 665
92 458
544 103
197 859
