739 1458 10 266
446 514 63640
384 481 50596
336 543 29530
153 551 51865
307 440 83672
99 349 32140
31 119 36401
30 455 43186
308 466 17889
123 707 17493
291 460 59237
21 356 36069
216 726 63000
326 637 71470
20 167 48826
56 145 27857
185 303 29155
625 699 50000
368 518 62936
168 191 51478
202 542 36674
443 684 66603
1 259 17464
70 181 39825
48 147 91788
384 449 46390
326 648 15556
51 185 28636
157 341 40522
225 508 28653
643 655 39013
322 396 52498
420 532 44777
15 215 36125
29 397 26173
614 668 36688
203 629 24839
313 537 26077
492 639 10050
518 530 37121
124 324 24166
404 626 25239
187 671 13601
566 590 49497
241 413 17692
339 541 50961
32 87 31016
68 140 13892
95 443 17464
302 475 33734
123 718 47802
353 730 57009
25 435 32016
459 630 16492
84 507 30000
312 671 38833
565 623 32802
1 430 31305
321 593 17088
553 600 23537
421 505 25000
208 277 34828
62 150 29428
139 174 26926
7 683 35228
139 195 20881
106 528 15000
444 710 60075
622 651 34015
195 607 22472
115 312 32757
210 239 29155
281 613 17029
38 370 27295
30 281 41629
183 371 52811
436 653 11045
589 634 22136
538 716 20616
280 300 15652
362 365 11000
502 641 62610
38 535 39319
586 679 56223
236 441 35847
655 675 37121
285 450 13038
230 344 33971
594 602 47707
226 509 60877
142 376 17889
237 262 109293
433 620 12728
71 274 32202
274 489 68118
248 264 41146
244 257 12530
370 711 11402
253 535 10630
488 578 10050
107 559 41110
114 256 59237
220 422 34000
336 442 36249
301 357 50448
587 709 27659
7 692 11045
357 627 31765
424 555 76577
373 556 14000
14 25 39408
358 416 65123
44 469 18385
127 600 16492
471 646 43000
199 714 123309
374 404 29000
261 319 23324
37 419 45177
253 469 36878
14 592 41437
499 738 22023
158 484 17029
412 530 67417
9 196 33838
255 732 23022
279 369 41049
333 656 37054
608 659 43105
356 484 12649
113 733 45880
313 427 19416
117 394 23537
246 577 42720
473 634 28601
329 393 43139
270 666 57723
314 537 79699
418 608 34176
101 404 32016
432 438 13416
36 538 18358
4 362 48877
505 581 88057
452 663 49092
549 720 34234
125 714 26907
520 556 19416
153 602 57271
163 635 25179
36 112 27295
135 317 31623
58 595 11662
347 581 68264
78 731 14765
72 99 16492
134 310 61984
188 510 44204
60 117 56009
338 359 33302
143 654 24000
194 208 38053
66 641 56754
114 698 29833
459 587 25612
120 177 22472
75 337 23324
568 570 11662
18 619 42450
272 395 29155
122 669 10050
565 589 23345
2 122 24042
361 621 43463
323 550 51894
180 213 38588
543 621 29275
260 493 30806
57 118 46690
308 680 52240
210 709 31113
574 623 28160
38 548 53160
337 609 35114
377 471 13342
577 690 53310
432 698 22361
71 525 42426
175 730 41593
21 91 34205
281 397 46573
128 275 39623
416 617 24759
110 372 46690
494 534 35014
51 103 19235
292 409 30414
109 729 16125
374 386 57454
694 717 60374
411 703 10440
17 123 55731
508 561 17029
253 571 48010
470 670 50000
434 472 34482
226 298 48918
123 157 66611
258 357 36125
394 692 62241
105 710 46228
262 479 47265
23 510 36688
391 686 17029
538 650 43081
374 728 34409
398 495 38419
6 262 63953
2 463 57983
163 197 19723
94 167 15652
355 658 15620
16 165 55227
31 470 54818
170 460 43681
344 687 85709
196 214 25239
340 462 23537
91 382 38471
290 659 43829
299 489 64560
94 191 51313
142 723 41869
3 654 56719
75 214 17000
225 286 51546
249 656 80994
82 90 35000
171 568 37643
251 488 53151
193 569 38210
199 512 73539
148 652 23022
154 586 37855
649 683 25298
209 628 24352
301 467 20248
90 269 15297
209 536 25495
368 530 67476
95 396 66483
264 385 48754
528 682 40162
246 483 28071
172 281 32016
189 329 47707
63 715 44385
3 629 40817
155 696 32202
47 229 39446
16 642 48094
292 476 36125
535 711 27586
288 463 26926
101 160 20881
418 464 35777
51 190 24413
502 664 30529
49 545 22023
27 683 10770
121 284 46755
295 736 63600
244 346 36069
333 448 33838
165 281 71512
150 166 24042
199 217 33377
690 706 17804
332 679 45651
307 426 65000
413 471 17493
133 318 42107
109 138 28443
40 245 44911
556 601 11180
228 716 30083
188 407 27203
423 651 17000
550 559 70774
133 201 32802
370 548 38897
276 602 35777
30 511 39051
89 304 27074
534 634 50249
215 665 20100
359 477 111463
222 424 12083
306 474 17464
62 724 39623
93 422 41000
459 709 37054
56 480 40497
25 514 34059
312 436 27857
4 660 66000
87 619 40311
400 718 15264
120 451 30083
426 720 38053
146 736 13038
406 649 111893
267 669 46840
25 592 19235
40 631 29017
53 485 39051
345 439 32757
409 476 52631
162 403 88955
79 695 66851
171 736 56294
4 69 43186
560 708 20125
29 212 10198
519 536 34059
380 518 26401
405 429 40497
370 393 47413
46 66 34928
38 136 61400
561 592 41976
479 660 34438
293 421 42107
590 658 46861
33 151 37336
222 394 17889
27 218 23537
543 739 26683
299 329 52802
21 382 29155
417 444 59540
121 233 31385
133 373 55866
133 601 58669
63 363 11314
427 681 51000
156 307 42942
588 643 37483
42 617 51624
120 699 15133
428 621 51884
604 644 41012
246 706 29732
476 540 30067
61 557 39560
488 614 17000
212 566 33015
48 399 43417
340 580 11314
5 280 29732
414 534 34986
38 74 28636
132 417 10817
447 562 61351
331 431 21260
478 559 23345
183 622 24331
8 235 39661
65 479 34928
566 709 13038
332 401 13454
252 575 16279
318 487 20809
267 636 42544
17 719 59203
50 478 21095
67 728 22000
13 482 40361
145 593 29428
85 669 37483
90 699 32985
154 485 22000
271 511 14560
96 586 21024
194 357 39051
493 664 40706
519 628 29411
179 417 15811
41 530 33242
292 428 22023
525 552 38275
512 688 25020
271 657 21024
34 154 13000
171 308 29275
444 503 74953
254 627 49193
342 597 44944
71 620 15620
101 234 22204
10 341 33541
535 571 40447
216 274 58549
239 366 20248
2 636 59304
43 639 33121
88 469 59093
278 425 34438
26 725 51245
181 402 39051
14 435 49477
130 275 48466
273 652 23345
371 468 56400
344 637 48094
22 415 37014
133 268 56045
352 616 36401
231 640 48754
239 459 11180
257 346 34928
454 724 51010
13 517 15652
58 345 18682
154 238 23022
439 602 14866
588 682 24042
446 738 43863
27 649 20100
170 470 46043
577 640 30067
399 649 61327
124 449 38053
47 80 28862
413 598 11705
386 432 78924
299 354 54037
480 593 33615
249 648 16401
554 597 27514
89 261 37643
247 667 27203
619 721 20224
120 227 43829
284 484 33377
368 596 35511
161 604 62169
146 295 57697
277 496 47096
586 638 40224
354 552 39217
425 578 36674
13 295 21000
119 510 49578
485 653 35468
190 258 49980
575 639 45541
30 640 45541
31 624 43105
234 660 45804
26 541 28601
53 701 40311
116 300 26306
678 724 51662
461 672 25298
198 412 32016
243 332 23324
144 446 76217
421 518 44011
65 362 58215
449 547 23770
253 266 70328
102 441 24083
226 522 46615
78 359 132518
340 685 17804
115 674 62968
134 732 20025
198 201 13038
102 398 34670
477 539 24187
5 300 21378
119 188 10198
371 465 53712
366 633 26000
11 153 48094
571 678 62032
590 709 53852
207 468 16553
414 494 19647
284 667 33302
334 671 53009
253 711 28636
184 549 29155
108 720 48703
163 358 29833
291 527 47170
17 169 47170
154 674 41037
206 546 28302
180 326 12083
638 679 67030
458 470 56223
73 323 34205
20 94 49041
126 520 46228
335 402 16492
429 583 33242
393 584 39962
462 504 26627
233 484 14866
140 377 10770
86 695 81216
149 461 35609
59 175 54231
244 299 56886
466 706 26306
515 571 56648
141 705 53141
156 720 47760
347 368 47043
390 443 68007
117 424 24166
25 286 35777
24 383 38471
486 611 26000
55 717 58600
446 655 33242
309 563 16971
223 643 37643
432 554 34713
250 512 22561
294 559 56859
238 408 20396
411 559 38013
101 626 21401
587 630 12649
676 693 32016
200 392 18439
55 214 86209
73 550 26476
398 708 26077
86 676 26249
292 621 60407
220 290 59682
59 74 28460
505 596 31305
440 729 45880
287 519 42059
59 98 44654
54 301 39205
41 412 51478
414 416 40522
251 709 53935
21 158 38275
273 503 65069
264 627 53759
403 576 24042
156 673 43566
494 634 63253
271 663 46390
148 444 40311
19 612 17464
245 621 41437
60 482 39395
8 159 34234
137 332 45354
349 379 23022
174 632 40706
224 412 40522
247 284 17464
34 238 12530
473 700 20591
73 625 19235
225 677 33838
233 673 25495
43 648 20025
187 633 26306
152 308 29206
47 507 22472
64 449 11180
650 716 45177
182 442 17205
314 519 50990
46 49 45618
104 122 23022
393 469 33015
208 375 56080
79 401 61392
377 598 10630
99 200 46271
166 506 78390
305 456 36056
44 253 31145
178 603 49163
62 454 35609
163 486 26476
64 375 14866
500 621 34000
410 499 20000
126 288 34015
100 653 27659
214 304 51108
133 487 36056
713 722 29411
220 675 38588
453 572 22804
130 461 29069
354 489 17889
70 132 32573
342 554 29682
513 591 12369
229 353 58600
118 296 75007
538 600 27893
386 728 54231
437 621 80957
197 635 15264
110 501 20616
590 663 50695
219 407 18439
74 606 25000
24 629 15264
497 506 75213
610 702 18000
81 674 64257
643 704 62298
589 623 38328
621 739 37802
316 333 30000
319 344 143000
283 355 43081
18 87 20809
397 511 25080
121 646 20591
298 522 11662
106 446 34059
304 337 16031
372 415 35384
340 504 20025
93 560 25318
60 555 54708
97 437 25318
102 265 45310
93 263 26077
159 384 34205
290 608 23087
284 646 46840
431 583 41110
285 585 25000
423 622 30529
134 255 40804
581 619 45607
328 384 58310
56 467 34132
266 571 63348
688 702 32558
111 305 27659
331 429 22204
132 335 25495
126 133 80006
573 591 18439
139 632 15620
383 516 49396
249 326 21095
61 641 41593
273 737 30067
605 644 40706
23 473 41037
687 724 58052
333 639 51478
221 558 41012
434 708 34928
293 505 50478
482 681 36014
85 267 23601
339 529 11402
131 352 30017
163 611 40460
371 581 63159
327 572 11314
240 395 52154
127 553 21954
29 165 37014
30 168 43174
82 269 22204
151 653 38626
293 518 46043
107 703 22136
350 357 28425
153 242 40497
76 595 27459
132 343 38079
16 100 24739
585 587 31385
345 689 34828
90 625 43863
461 480 16155
296 663 41110
191 331 29069
41 330 30083
135 715 44777
409 428 15811
108 184 41400
263 712 18601
225 265 23854
526 668 60745
69 234 10630
186 609 17088
110 315 42048
658 663 21401
234 672 29732
548 563 31016
189 274 76158
227 451 25179
531 736 13000
441 738 31000
173 391 33015
2 669 19313
197 358 13153
367 702 36401
83 343 36401
181 564 31623
6 217 55902
347 553 17205
105 569 42202
32 144 32650
125 250 29732
549 662 35355
407 623 52240
185 496 25080
81 270 55036
427 517 35355
14 457 37643
103 185 29833
194 301 30000
48 221 44944
77 495 54083
162 617 15000
226 599 43566
212 713 14318
45 603 39000
341 351 31828
240 305 36222
514 647 46530
586 674 23770
278 582 57315
220 325 35847
338 533 59908
111 372 39294
296 533 53759
205 591 41869
130 660 47802
527 598 19209
689 717 79630
33 53 26173
188 565 48836
4 374 18682
152 466 40262
88 506 13601
276 594 24739
104 669 29206
371 583 47634
249 344 109636
54 339 37108
126 267 33242
395 662 50804
236 677 34785
590 668 93472
579 660 32249
98 734 33287
68 598 15811
10 282 33615
144 607 51546
105 193 20616
434 712 25060
211 542 26249
628 690 26306
55 196 76896
256 342 18788
283 735 50000
119 447 17205
128 389 26306
499 647 18385
267 369 54083
5 551 43417
493 627 58249
175 733 19799
406 558 21401
79 92 14866
250 688 37802
39 726 24331
296 297 56321
309 548 17029
87 721 32985
274 327 48662
70 402 17464
456 549 24187
251 585 28160
16 226 61814
84 280 11705
504 576 11662
168 455 21471
349 380 17263
167 615 61587
391 423 23770
476 635 63285
144 521 36770
524 675 17088
297 532 59808
62 497 41110
2 116 45177
179 723 54083
432 618 39623
76 155 16492
3 361 39825
65 262 24207
407 565 36069
276 693 14142
336 739 20000
162 494 42521
99 464 10817
247 557 12806
110 111 24739
131 247 19105
83 418 35847
129 496 63032
243 401 23259
144 514 73573
355 735 14000
260 311 18682
447 510 55946
362 660 58694
115 671 16155
11 206 37656
590 735 52498
106 682 34059
202 232 47265
567 717 54332
82 497 54083
114 237 64281
464 608 28000
48 218 47011
590 722 45255
52 448 15620
524 655 28601
16 599 40804
172 405 26077
164 352 33838
160 404 27731
236 738 18000
24 138 45541
98 606 38013
206 551 36674
42 558 19026
200 464 42379
265 545 36715
401 475 11402
436 671 51264
259 363 27514
322 400 16155
62 213 77253
343 433 18111
624 670 10050
674 679 49193
191 429 45188
446 528 34015
70 620 35114
396 692 65115
135 363 21932
370 469 43658
170 336 31016
531 719 62426
8 610 26907
118 452 58873
360 681 58241
223 505 17029
50 725 62008
513 573 27514
42 416 68731
491 686 30610
43 575 28018
305 395 32985
684 718 44553
262 365 77524
478 645 46228
32 491 22204
451 453 17464
274 564 24739
311 495 31385
35 37 42190
515 687 36222
28 737 11402
272 662 38013
455 640 29682
326 344 95525
67 374 20881
342 656 67535
248 258 21378
14 458 54424
366 459 24187
62 637 48877
367 415 17720
578 614 14142
223 619 70000
79 578 213063
409 635 46098
473 580 42720
261 515 28018
523 709 31064
181 710 44385
73 699 45277
228 599 72090
176 506 42720
435 514 23770
227 453 13454
550 644 32311
236 410 23601
53 369 53339
5 116 34482
119 219 19799
113 661 56321
146 513 64637
128 289 16643
315 372 37363
91 164 35228
165 523 14866
282 341 32016
75 734 40162
420 539 14318
69 660 44688
330 387 44385
526 578 110164
58 439 36797
386 618 72007
171 519 47043
55 603 45706
77 664 48877
283 731 33302
312 674 51923
375 467 24021
107 727 20248
22 240 26476
512 610 35468
148 737 45177
97 540 33121
340 403 16401
567 689 29682
15 563 15133
178 196 26627
85 279 26926
177 506 44418
698 728 45277
473 589 16492
320 697 55543
35 707 18682
378 618 57009
196 734 47424
356 667 17000
213 637 60902
45 55 11402
123 400 44654
115 187 18385
302 676 53038
52 605 63071
54 541 45651
169 341 11402
348 612 75293
64 384 44011
386 645 81633
509 716 64405
112 474 34366
186 606 37108
325 659 40719
231 511 30529
489 552 41012
137 204 33541
95 591 36674
422 723 29069
173 468 18682
22 688 43000
475 695 20000
234 461 39446
567 595 29411
173 651 20000
363 715 41400
470 508 52154
21 156 11662
445 491 31048
280 507 28862
237 365 36235
323 411 12369
222 692 58669
511 722 21213
306 487 12083
39 107 64281
32 521 41110
174 447 67882
355 663 27019
585 630 31257
1 353 20809
52 378 70520
232 562 39623
77 265 61612
144 491 43738
86 345 50636
72 379 15000
286 592 40224
486 574 42012
96 408 53600
373 520 11180
205 692 72028
523 642 17493
348 503 28018
385 502 37000
351 632 55227
388 440 35355
278 285 14318
410 514 35903
206 661 26173
10 491 36401
112 127 19235
81 666 37483
136 548 42942
473 494 68154
520 715 39825
210 633 46690
568 736 51400
435 607 57035
381 699 53000
141 203 43267
330 346 43278
484 667 22825
654 673 41485
294 478 66483
330 530 28601
334 653 20000
310 635 112009
376 503 19105
42 406 17088
439 693 38484
462 580 19849
13 498 24187
382 720 27514
132 444 55444
287 517 40000
82 506 41593
261 687 42438
315 496 26401
19 254 26173
511 657 27459
150 724 22000
314 697 39013
311 472 39825
47 353 56515
34 408 31064
236 499 14036
92 666 56223
427 537 23431
103 385 41437
248 627 21000
183 192 13928
699 703 42450
116 229 15264
89 319 17464
276 676 41049
296 452 72000
129 328 24759
5 153 61717
108 426 19698
267 279 28284
578 582 105394
390 719 65008
526 731 23195
164 667 27295
14 31 58000
37 542 30806
134 388 20616
250 714 40000
293 704 11662
3 471 51088
391 445 16155
254 357 59304
405 522 17000
141 437 63514
451 572 25080
320 537 36235
645 725 55758
107 726 67082
490 550 45343
277 303 13454
543 631 51662
130 547 28160
243 679 28071
521 619 50090
22 250 36056
390 531 39560
201 601 55009
527 545 39319
215 430 30364
87 391 30594
228 268 29000
452 511 34670
255 705 11662
483 640 16401
216 727 11705
465 583 56886
661 717 59933
626 645 54231
657 663 39217
360 537 25962
124 389 20616
165 566 34059
169 680 50922
84 206 34655
195 351 56303
36 474 28320
359 532 43139
510 565 33422
438 554 33838
458 561 34886
284 557 13892
92 679 45222
49 241 39319
282 615 40012
49 77 26249
332 638 61555
226 613 39000
566 713 40804
126 636 13153
46 471 38288
48 403 70178
329 430 51420
241 471 27295
162 558 41012
334 642 52802
324 547 42012
318 716 37014
258 385 45618
129 277 45000
113 694 50249
67 362 53814
95 364 17205
361 629 40000
198 601 51420
270 582 20000
83 392 33838
262 289 48508
288 715 34000
251 590 61327
615 680 40262
113 175 41725
364 591 26926
43 249 34785
360 477 18439
192 371 55145
516 729 19000
138 203 28425
463 636 26926
68 291 60033
145 480 26833
500 631 39925
299 430 45607
80 116 26870
176 584 37802
360 427 41485
446 647 25554
33 653 27019
245 486 47381
209 314 41012
521 682 45222
419 562 38484
211 322 25179
11 696 61847
158 673 16031
482 555 45354
224 317 48826
390 684 14866
123 684 47434
184 662 28284
227 381 16279
57 231 33941
456 720 46400
276 302 31401
311 493 36688
204 594 28018
379 552 19723
583 650 47707
19 28 20025
155 595 13038
254 339 13342
343 392 21213
275 479 17889
213 492 20881
98 113 53852
230 637 30480
212 397 27295
450 585 15652
604 639 58052
187 278 60083
96 638 24331
524 643 22627
316 604 21633
15 309 14318
462 576 29682
479 579 19849
659 704 29682
45 717 47707
224 601 42579
59 136 70880
97 476 30414
384 702 41881
131 616 21024
24 143 25060
445 686 19416
9 734 46000
53 238 46530
393 563 41437
178 694 51662
112 347 40497
217 289 56921
230 687 71694
149 321 13601
18 32 18028
9 113 53852
501 720 47000
188 219 12649
310 416 202714
35 211 20248
329 584 52154
186 571 40497
580 685 19925
71 433 19235
665 730 50249
465 650 22627
183 431 48000
166 497 17029
169 719 44385
29 566 32894
482 498 42426
144 528 56586
157 169 42190
76 153 24021
249 252 62626
481 702 41110
31 670 45880
297 338 26173
309 665 38079
136 665 28000
109 383 47170
419 632 69354
161 492 20248
137 594 24042
257 299 54231
269 699 35693
28 612 22627
6 289 28018
652 737 39962
8 512 51478
655 738 62426
170 631 50249
603 717 55902
219 624 30610
142 712 17117
101 691 30364
317 601 49041
509 599 63246
149 691 34015
440 516 44407
260 348 36401
461 593 35057
174 419 42012
50 645 34438
147 211 43566
52 597 40361
94 246 55714
420 697 45343
68 460 20616
205 573 45880
182 460 36878
100 334 18028
564 620 12042
252 333 17804
330 380 38484
165 642 26019
189 327 49396
159 235 38897
425 585 33971
230 724 55154
310 476 48836
46 241 25080
68 182 23345
534 611 17889
281 511 48765
277 328 31906
299 387 52631
170 543 45541
696 717 41231
60 513 33541
231 452 35128
258 350 42297
26 321 15033
359 533 72443
457 607 27019
190 303 17029
454 637 20224
494 685 61685
510 700 23195
251 587 36688
320 539 15232
237 362 42521
515 609 62298
507 730 29069
546 733 18028
272 305 11402
40 500 17889
472 708 18028
141 732 47265
76 696 39051
103 616 21024
42 162 46519
85 638 58421
223 682 48332
204 242 43186
200 525 36056
36 600 20125
588 655 27731
192 651 26249
46 61 30083
88 393 50774
12 294 29411
420 477 38471
177 269 20000
102 495 59211
678 687 34828
203 621 64031
126 701 75166
519 706 43932
244 259 43186
23 232 29967
200 433 34205
38 606 45222
544 683 32696
546 730 37483
536 628 13153
133 701 43463
20 183 32016
172 613 20616
242 602 40497
532 697 13892
293 464 43829
312 485 44000
91 352 53852
193 725 43566
382 501 46043
710 726 26249
268 701 34928
102 677 34828
490 605 24187
151 268 65924
645 691 44688
441 560 37483
624 631 29530
176 572 16763
80 300 16553
37 202 47011
217 512 60083
11 551 14036
171 570 42953
470 561 52631
211 707 34655
278 366 33615
223 581 84214
337 734 26926
39 50 47518
174 457 31906
298 429 40311
149 672 20100
272 456 34205
425 582 76217
23 580 22204
310 540 19313
85 104 49820
307 516 43186
499 514 44822
24 109 54231
12 490 27659
7 544 43174
298 509 27803
362 579 58694
550 625 33242
140 442 26683
196 603 66483
257 330 47170
574 634 41231
287 570 35000
179 220 68250
254 529 10770
388 729 44777
180 492 29069
129 481 21932
483 577 20809
207 391 38275
94 152 35171
376 472 35014
230 454 20000
117 222 18601
468 721 34540
705 732 13342
367 688 28160
2 5 24698
221 399 23431
565 700 23087
472 495 47043
427 482 47539
256 438 36346
157 632 60208
7 424 62177
316 448 10630
63 259 24759
3 442 27785
263 560 28231
662 714 90907
208 350 26926
325 675 23022
143 673 42059
535 606 45486
313 517 31890
147 544 68600
78 578 120880
57 577 23431
569 710 28636
4 160 40311
72 552 10198
218 399 30871
171 466 38897
421 596 14318
125 395 47676
381 727 16401
364 443 17117
498 513 25000
366 450 28862
161 639 16031
19 529 23770
44 266 70456
185 352 50010
414 611 47074
198 487 21024
235 384 42154
49 66 35171
306 318 22023
282 391 29155
335 710 26926
354 387 15297
324 389 16643
353 715 46271
12 378 14866
87 207 34482
247 489
171 372
832 616
434 909
162 395
599 982
874 212
643 929
61 537
627 348
110 415
349 838
724 140
720 455
235 544
353 231
671 308
587 407
524 744
536 283
831 749
736 897
818 394
859 650
697 487
474 812
904 237
525 724
411 161
487 192
760 497
604 401
303 258
248 266
759 321
391 374
781 357
153 563
414 713
846 525
357 462
962 331
196 857
179 630
11 469
756 648
180 459
900 307
715 628
407 760
690 741
277 874
300 284
531 811
2 476
560 832
512 154
54 341
116 530
767 146
745 676
168 737
247 467
585 852
517 956
724 662
423 911
775 584
466 880
424 636
381 612
398 532
293 760
125 557
23 570
83 366
698 648
441 6
145 154
173 431
248 164
235 695
453 607
141 427
190 327
57 273
575 390
246 641
36 633
256 723
798 740
155 165
588 571
550 236
771 215
207 265
953 567
79 555
414 536
329 225
460 854
642 571
709 738
141 336
459 708
574 476
350 719
871 816
909 671
765 816
771 840
404 398
107 509
363 973
268 178
192 412
823 147
546 122
770 462
286 700
799 672
154 355
726 317
578 900
738 907
232 365
413 381
574 945
665 832
529 871
751 738
455 626
312 364
970 660
271 444
184 510
152 268
904 643
682 397
782 596
922 645
557 617
847 672
625 426
534 822
699 213
809 295
474 706
485 824
163 708
338 245
584 227
107 367
253 254
67 362
841 755
660 326
818 713
647 895
454 874
213 812
942 373
949 487
763 736
382 184
170 685
564 243
497 234
624 304
812 576
631 200
469 234
548 361
708 404
137 480
283 642
265 692
51 533
474 608
176 842
389 655
798 588
535 315
846 849
702 767
74 586
275 161
780 464
289 593
676 761
522 279
540 328
446 724
600 807
662 391
29 548
966 477
333 403
642 974
409 582
332 390
810 320
886 621
158 301
791 211
117 452
545 373
638 809
582 136
347 165
766 302
413 151
196 809
8 562
232 508
347 689
637 941
899 260
784 476
517 555
942 291
834 162
504 474
325 422
697 568
414 241
322 675
348 330
200 425
120 759
488 178
805 367
811 701
473 872
610 907
636 538
427 979
254 277
322 150
741 871
754 623
129 333
153 204
307 489
890 516
570 184
764 724
608 740
163 868
716 927
359 90
222 889
156 609
543 762
982 621
308 951
318 495
629 744
264 485
613 662
60 662
536 971
566 585
626 703
684 588
121 670
209 341
327 310
253 708
225 114
458 148
788 870
516 697
355 631
547 916
111 279
665 787
294 104
213 313
152 423
449 209
596 335
479 35
768 707
307 98
681 519
670 133
246 396
583 959
458 564
715 586
944 550
459 517
340 810
724 161
491 71
547 77
446 278
297 545
166 416
570 807
130 254
675 778
34 606
777 867
353 389
879 735
602 204
221 547
989 601
631 657
275 210
689 109
611 107
723 814
257 857
297 462
354 367
40 650
664 55
489 811
769 277
320 739
556 910
531 522
165 847
307 639
648 814
249 567
365 491
503 301
141 224
233 875
314 215
444 649
841 587
35 590
550 51
540 775
844 373
621 315
291 943
418 617
95 782
49 323
332 463
442 384
579 675
417 504
624 786
643 338
752 768
235 472
351 547
463 75
805 724
602 768
968 464
572 26
694 58
867 597
459 951
255 459
757 205
459 962
311 133
690 869
440 431
254 311
177 576
485 332
733 850
272 403
429 891
590 838
565 633
778 606
344 852
398 517
400 507
333 687
816 774
865 688
626 868
670 724
380 861
348 532
950 665
570 919
700 262
581 360
421 596
219 598
818 170
785 899
819 261
437 164
623 600
927 273
763 292
132 214
428 653
854 360
429 862
467 260
956 315
802 480
250 297
939 520
655 524
332 736
364 411
766 610
933 410
707 874
972 399
461 617
439 574
741 378
644 38
462 475
547 571
575 337
845 157
309 73
863 798
705 98
930 533
481 298
261 517
487 315
350 934
400 615
567 622
672 467
301 220
957 592
344 946
81 316
955 700
618 569
808 602
755 222
490 669
587 375
600 498
756 452
265 864
580 862
318 105
297 672
491 143
313 665
140 759
516 224
797 837
691 431
739 506
332 145
770 564
507 852
821 368
220 403
423 542
438 358
594 188
589 814
530 366
192 617
774 550
781 619
600 632
848 422
370 393
123 221
980 553
682 44
386 762
531 924
522 846
674 852
751 110
542 186
801 712
275 254
923 482
342 384
324 50
359 563
328 820
617 383
202 829
620 692
914 405
647 630
712 790
181 698
745 152
635 524
854 541
778 800
682 689
563 652
843 353
487 475
242 654
159 451
722 554
429 300
807 429
462 162
694 922
752 176
663 489
88 661
911 706
710 133
421 491
633 153
261 401
591 440
452 268
371 174
544 519
375 570
431 10
755 611
586 467
533 766
388 474
686 225
603 56
500 18
915 440
148 602
607 131
687 83
382 358
658 41
982 583
491 789
774 327
855 561
864 254
716 606
141 467
557 868
204 548
821 834
298 786
124 416
388 534
432 370
316 927
795 99
272 417
756 714
943 332
363 758
592 596
723 537
776 394
233 559
379 625
828 455
380 150
43 375
655 171
418 698
649 161
108 608
299 647
778 167
881 483
219 873
837 343
530 169
325 40
516 937
836 381
510 390
237 98
448 302
253 619
332 98
216 246
348 125
555 477
844 438
415 115
764 179
714 496
505 817
135 285
60 351
459 461
307 901
770 599
377 264
409 365
283 415
95 311
47 484
269 839
304 817
110 577
674 410
451 542
68 602
661 909
923 456
541 740
450 226
339 42
597 295
730 739
954 382
323 905
546 418
391 624
884 557
559 311
854 475
803 500
274 763
443 841
587 740
605 144
867 637
336 129
817 526
672 385
301 157
865 445
974 490
230 378
143 779
183 269
212 828
532 199
738 717
356 183
528 503
268 798
422 791
781 662
622 511
176 858
902 217
422 342
560 345
493 693
302 231
823 672
567 502
231 912
477 139
451 85
494 539
500 909
91 455
826 869
464 102
656 673
212 510
211 170
790 732
374 31
164 354
804 510
283 172
483 844
834 712
225 224
550 535
77 256
669 549
106 670
181 202
607 256
750 74
548 454
894 241
711 272
855 387
598 359
84 697
693 897
27 350
579 148
451 825
863 213
97 281
64 483
107 209
53 391
610 68
370 944
288 715
830 432
295 324
661 891
329 726
469 523
972 627
590 162
741 326
601 614
369 143
430 672
168 583
555 600
419 138
756 927
230 426
377 338
37 429
755 279
635 261
825 800
543 398
447 147
525 590
141 708
469 761
410 689
343 700
401 911
911 687
178 473
454 13
969 640
123 466
61 583
449 75
686 212
514 727
618 538
861 587
