716 1241 20 124
407 685 40311
372 576 70349
14 160 75664
201 434 21633
59 156 24839
296 507 47096
137 235 31780
45 189 25080
462 597 34986
118 642 56886
216 298 32062
198 660 53085
203 332 60959
220 301 26683
64 445 61400
74 119 29206
337 683 34000
1 181 23707
182 473 28160
168 433 76485
9 344 102825
130 235 30232
572 575 41629
259 290 42048
166 624 77801
447 491 38275
282 535 49930
231 630 17000
170 502 34409
557 693 39294
235 648 13454
187 528 25807
370 604 11402
505 683 27459
234 357 43932
239 546 48260
482 555 41485
200 451 35114
139 708 22091
15 232 19105
295 574 33601
387 540 41000
32 666 53712
58 591 11662
490 694 13454
580 692 46043
444 477 26401
266 321 12083
133 359 75186
151 683 31828
543 670 49729
224 668 33838
3 48 31048
602 610 24413
58 510 21190
277 691 39217
585 602 53814
496 603 42720
136 401 29614
300 422 32558
335 470 12530
433 491 62129
380 516 49163
230 701 49163
447 496 44011
8 467 21095
259 383 32558
153 383 44147
327 467 55082
95 599 51196
387 680 14213
326 329 18028
500 686 54083
379 658 28601
521 555 57315
585 702 35014
93 361 60828
431 502 36715
76 89 43841
272 644 16279
253 396 35805
116 550 46043
101 650 44407
208 523 49930
148 532 66731
55 615 43324
571 644 14036
62 332 44922
21 678 30480
594 677 49041
317 330 49244
157 172 46271
52 570 39925
105 204 66611
241 561 27313
668 693 44283
272 313 48332
668 710 28018
218 560 26077
614 651 37121
79 395 51157
206 448 75802
408 605 57454
130 415 42297
407 436 12042
439 708 25632
42 114 68797
173 611 64351
213 403 41677
24 676 31321
180 463 44922
93 160 53254
231 650 32894
328 504 17117
416 616 56515
206 219 14142
49 316 35355
316 353 15297
91 268 43600
482 695 32757
403 514 23000
341 435 70000
231 529 41785
123 524 48662
128 316 17029
342 417 44385
364 654 38328
3 670 56859
129 415 48270
184 391 14318
63 295 26627
324 371 22136
24 122 51971
358 569 18000
608 646 35847
170 191 60415
324 706 23195
28 473 50606
22 192 10296
368 589 50567
107 675 36056
60 696 46615
519 604 41761
88 343 40497
577 602 39051
72 114 16279
60 544 51662
402 679 15524
488 694 22627
221 331 30610
61 682 11045
58 205 64008
445 453 11314
341 712 31906
276 355 22825
381 485 22672
217 279 36346
404 513 20000
111 487 45880
45 456 52631
396 708 37483
234 524 22804
464 537 45222
391 703 34059
264 685 48166
630 650 24839
287 355 37656
444 470 40025
75 140 23087
41 238 24515
337 647 56436
192 247 48332
334 690 43290
81 652 22023
51 228 31906
101 231 37336
444 495 39051
32 49 23259
264 678 39850
135 169 39051
522 585 32696
323 554 88685
209 351 26249
269 425 41773
530 586 51245
101 345 25239
68 131 23707
229 269 31145
467 511 59169
298 582 28443
540 680 36892
104 225 14422
297 430 21932
137 534 31305
240 478 25060
123 448 69778
236 239 21541
193 492 75591
340 442 35693
342 348 17029
23 90 15297
133 562 17493
87 114 21213
24 229 54745
314 470 34986
349 674 22472
4 476 69584
92 679 45044
420 711 48754
54 183 21024
247 687 52469
95 584 38833
99 376 57974
262 533 28460
1 611 56436
636 681 27459
283 673 14318
165 174 31305
292 655 32558
18 338 46872
179 507 37947
81 482 21401
97 488 104005
77 448 26926
332 390 49396
176 451 31765
42 191 72863
622 687 53367
31 344 22825
429 672 24187
40 349 50922
99 541 17205
365 556 45122
200 311 51740
74 343 38626
304 498 21932
294 363 63159
472 513 21587
265 530 42107
472 616 26926
71 289 115004
144 686 35000
97 688 32016
341 506 53000
420 656 18601
240 711 40497
249 561 36235
53 207 28302
459 709 58138
359 566 17117
127 179 43105
34 404 12042
192 526 19209
240 242 20518
280 426 64070
336 385 40050
232 487 20809
147 285 53488
158 587 17029
55 152 32450
123 323 74411
416 601 57775
496 583 46141
295 575 21190
615 705 37643
120 168 75293
60 70 48332
621 711 48270
22 423 32757
290 310 68884
133 166 66400
581 588 51546
296 451 36878
186 419 16971
500 591 31016
49 150 21024
13 145 34986
134 238 11045
114 458 49930
34 222 28302
271 361 48662
221 659 31828
132 619 51313
226 498 15133
367 498 17692
462 510 27203
194 309 29120
243 502 47011
102 396 37336
17 459 99765
248 666 54083
130 617 17692
412 438 39217
440 643 25612
338 501 23345
74 533 21095
242 478 26926
95 117 40025
219 689 34928
84 479 24083
248 309 24042
169 427 19235
434 715 32757
237 515 20616
292 597 28302
386 694 10817
103 475 37855
151 707 10050
207 260 16125
77 520 37363
355 568 60539
289 537 148499
600 658 28302
133 711 56727
308 633 28160
370 466 44598
663 667 47011
58 296 46043
87 458 31890
90 561 56321
102 588 61847
372 436 56851
60 196 32802
474 671 22361
374 688 24759
143 669 39446
201 225 28320
323 667 37162
36 241 35735
59 395 49729
208 268 31780
330 704 56569
131 530 15033
324 421 21190
626 692 20248
464 699 32558
631 634 19235
455 581 31016
116 496 50329
101 254 51971
52 483 21378
141 557 43186
56 542 23770
552 607 35384
181 515 24698
109 391 62008
5 399 23770
579 589 36401
183 406 21471
72 170 26926
491 671 45695
526 709 40817
582 716 39560
403 661 33838
698 713 58873
310 659 61612
364 671 13928
153 218 49396
16 255 24042
379 677 32249
348 413 30529
55 674 41437
109 210 32388
378 673 24413
540 682 21378
160 546 64031
22 638 35805
14 195 48260
354 394 25239
547 691 16125
657 667 31064
328 559 58138
186 536 77279
564 649 61741
131 593 59464
305 322 52000
343 533 38639
194 666 33838
166 226 54037
162 568 53814
451 462 20025
527 654 29155
313 323 43186
96 330 42720
364 440 44598
190 307 37202
100 471 22204
105 188 52811
572 574 41629
40 674 56143
325 372 72450
179 598 74967
147 601 21213
244 629 44654
144 457 33838
79 229 34540
197 612 10770
117 144 21932
653 690 82638
83 684 28018
126 356 30806
59 94 58078
196 350 17205
236 635 66098
467 469 37162
211 714 86833
244 315 37363
608 692 16279
140 363 19313
253 603 33838
413 509 30414
551 598 79120
297 700 16125
284 310 84095
320 706 34785
399 413 21190
477 495 24413
37 46 22361
72 431 21095
394 700 36797
417 596 52202
209 555 17000
199 496 40012
177 636 27166
19 376 61098
167 539 24166
389 609 43681
39 680 46648
107 479 24698
104 204 23195
208 415 44102
283 492 80411
28 311 26926
247 709 14318
382 550 15524
260 456 18248
342 596 33242
344 432 47802
138 299 44721
267 478 31305
246 632 18682
121 443 23854
440 584 19105
54 664 35777
39 304 24083
407 513 25000
194 622 52240
331 659 47096
69 384 41773
340 584 30265
200 334 36497
148 577 20100
344 662 21024
305 639 51088
436 513 15033
446 503 13000
198 579 11402
412 557 48010
334 669 59808
88 410 61855
142 592 10817
16 471 18028
396 455 10198
202 648 21932
142 360 31953
493 518 18028
219 525 13416
464 634 10050
486 696 28653
78 480 19723
149 345 22472
187 416 13038
516 565 18111
330 505 48374
199 253 39661
64 264 13416
371 538 43417
40 164 32016
11 705 11180
120 327 12042
556 696 44283
257 303 27313
140 613 24166
346 357 75604
73 321 50249
162 318 12083
247 558 48662
119 378 49659
163 376 51788
17 666 90028
475 642 17000
549 647 35341
368 576 57489
312 649 43932
198 368 34928
158 715 39319
510 597 49193
365 606 69721
11 426 40804
33 184 29275
11 280 53814
176 311 40804
268 461 63127
36 249 19026
472 479 26249
104 152 24042
484 525 35171
54 406 22825
284 501 30017
455 583 11180
400 712 67882
35 225 37590
54 122 32696
29 678 62682
148 371 49477
424 625 52887
362 497 20100
80 254 28443
330 484 15133
168 499 82976
43 539 34409
273 370 37216
314 477 10440
517 543 19105
43 167 18111
169 400 51196
2 676 22204
60 449 75186
373 658 23601
80 345 37483
510 516 46690
415 508 44045
228 367 13601
116 382 45310
240 618 16279
165 513 37000
488 604 71197
50 286 39319
177 599 43566
125 527 48104
438 641 32985
163 325 14036
17 353 11705
9 432 56939
250 640 43829
13 419 45343
52 606 57983
508 617 22361
492 673 76007
257 293 27893
171 206 39812
397 580 20000
638 645 41000
280 362 73410
154 270 31385
252 428 21541
212 570 27074
524 663 38910
182 507 51856
259 688 39051
66 484 39825
438 573 17029
74 411 36056
5 480 43174
297 334 23431
459 622 36878
276 372 32202
290 377 66189
521 684 34059
44 283 82280
317 660 53235
12 18 39205
203 390 28636
317 579 19235
108 645 25632
351 509 41049
494 640 34205
393 605 37216
347 458 38471
176 182 30529
240 267 26683
98 421 30232
322 602 31048
449 509 35468
65 678 47011
159 451 31780
256 659 74027
164 560 14866
497 535 46228
118 623 48104
36 363 42107
48 670 39051
500 503 25000
93 271 36497
463 476 14866
441 483 22804
574 575 34000
154 376 52924
307 585 33601
44 385 38013
360 380 13153
7 628 38419
311 473 37014
483 570 48836
146 387 25000
172 452 43105
51 562 54148
626 646 25495
258 687 29428
188 640 14036
171 428 45100
343 366 40460
424 713 79850
31 662 31953
591 686 53600
457 686 55660
128 672 16279
566 632 23345
62 653 70576
98 263 40817
50 157 37537
61 304 17205
175 197 70711
266 653 32140
377 664 31906
141 693 53413
148 185 67007
114 121 69642
20 291 16155
118 262 39459
8 37 18248
550 651 24166
272 554 34670
26 197 21213
33 172 64444
449 544 42942
551 612 35228
252 520 35014
108 388 95635
30 586 37696
181 422 13601
205 702 29155
71 616 39051
263 463 30083
190 195 20591
246 356 37014
241 363 16125
150 666 66528
258 578 11045
244 560 44294
107 678 56613
90 149 45222
268 339 19416
142 554 38210
172 213 44045
203 600 63906
266 328 35355
205 585 42521
26 217 47011
285 601 53038
367 540 19105
292 402 22804
414 605 39051
454 523 25298
534 648 19723
177 681 37202
243 497 19416
79 426 50804
41 570 39013
30 85 34132
28 559 29017
333 544 36139
514 548 16763
526 638 46098
535 587 47508
351 521 68622
121 656 53852
27 443 31385
87 347 40262
553 620 42942
71 528 35511
445 668 40804
272 493 37696
245 352 31890
136 239 50804
544 556 45044
453 549 20224
557 634 36249
282 609 28425
214 429 48508
29 289 61033
159 292 26000
276 625 64031
240 621 35468
269 426 44272
55 425 27659
54 563 16125
481 565 12649
548 661 17464
26 279 24021
21 178 22472
451 597 31064
61 680 28636
218 383 16031
69 312 23431
125 496 40012
206 346 104809
41 627 13601
517 611 53151
236 489 52202
102 586 36715
397 536 25080
352 545 33971
198 317 28636
19 590 29275
412 707 19235
62 171 10050
403 499 43046
164 418 16125
400 427 53600
189 637 63514
135 506 17804
148 281 33422
92 402 44385
212 486 38601
481 591 35114
216 515 67179
326 646 42059
384 437 28018
388 397 16155
486 627 12649
430 700 30806
103 623 48662
386 488 23087
253 583 33000
71 84 32202
127 205 35847
119 478 40000
14 180 20224
179 190 49477
49 248 35847
261 698 72111
39 226 34986
135 712 56586
136 489 22136
370 519 39115
75 90 53814
12 338 15811
354 653 51856
110 127 17000
146 540 60299
353 672 30414
270 275 16553
573 689 44944
115 670 57428
263 476 23195
356 632 45310
315 595 20396
263 291 26833
157 286 22825
220 698 33377
465 591 49041
452 456 23601
43 305 39446
401 612 37736
262 392 27659
92 360 52469
84 472 33061
173 251 58694
258 684 41437
573 697 32311
300 515 20809
212 365 13038
98 463 25000
408 651 40608
15 50 15000
148 706 34986
288 548 18601
94 156 47413
427 630 32696
181 300 28231
59 665 47518
151 549 27074
47 565 50040
8 405 18601
273 519 17464
137 319 26833
115 517 36249
358 460 37054
112 575 33015
150 353 28320
70 350 27203
145 223 16401
196 558 27295
172 210 52010
31 189 122931
10 537 49041
223 369 41629
31 53 41437
193 378 28018
2 24 12649
265 596 14318
279 401 32757
470 633 43932
38 245 33377
379 398 25710
333 417 13601
138 559 15556
112 415 44598
243 362 37108
64 485 31780
592 599 63032
388 692 51078
49 353 28071
587 715 39850
313 667 21024
447 474 12530
12 16 24083
40 153 55082
315 543 51865
267 303 35128
252 690 52393
56 230 49031
348 399 19416
211 594 53263
137 564 14866
85 511 13454
393 667 44418
255 652 34525
481 516 24166
465 565 18439
96 505 12042
47 117 36000
246 308 13000
7 255 25179
70 687 24331
268 523 35228
74 494 55109
409 699 30463
2 425 24166
37 593 42450
8 511 53759
177 571 12649
25 547 34176
287 568 45398
599 643 23195
75 111 12806
539 639 29155
56 124 22204
23 25 17464
4 546 68184
217 635 29682
572 657 31385
77 531 44688
178 224 59481
251 649 63151
197 217 60465
221 256 99925
156 331 32573
109 405 32311
57 67 14142
274 450 31401
281 538 14213
166 566 42059
184 703 21932
282 389 26000
233 335 41110
309 578 19105
38 73 37736
288 613 68949
222 372 47011
157 662 50478
18 471 27459
89 352 35440
293 620 26571
441 608 55145
86 449 71868
46 223 66068
143 334 46530
126 233 35468
9 400 29732
412 641 53535
165 675 11402
113 157 45100
199 603 11045
202 617 39459
41 134 25710
177 592 40012
346 524 61660
5 582 13892
274 290 76164
431 535 41231
208 508 13454
567 619 17464
600 641 42638
32 248 24042
147 404 13601
540 713 71868
57 695 48826
215 628 50961
285 416 25000
493 636 16401
265 716 38288
299 598 83241
201 204 30265
128 501 45967
214 278 52000
375 554 75027
441 606 60539
283 607 58592
359 443 31000
277 529 23324
21 64 25942
106 606 50000
446 610 27659
35 201 38897
34 372 58215
112 460 18028
390 697 31305
273 383 41000
139 298 31016
19 704 32311
299 507 83863
222 287 19849
518 667 34059
552 618 21000
106 593 48083
209 480 10440
157 547 32062
380 655 48765
105 434 51624
38 504 39925
88 392 42426
7 57 68000
375 531 48042
110 507 29206
284 429 35384
25 277 67186
174 513 16643
86 687 31401
53 637 22204
227 528 68425
599 681 19849
102 139 17804
329 593 23770
292 669 39825
211 468 48836
204 349 31257
454 461 63702
433 701 43267
47 465 50160
6 483 46098
363 542 24515
556 606 68096
160 598 11314
45 419 26907
158 553 46690
542 613 13928
51 166 64846
426 615 68066
15 213 34366
100 684 19723
393 518 46573
27 711 24021
381 685 25298
411 640 52393
293 420 30150
408 550 22204
277 432 40706
619 651 42953
224 710 12649
522 602 50010
552 711 25179
124 294 14213
505 525 49477
237 384 15033
126 161 44654
122 665 29682
500 512 77492
238 423 32000
302 433 28653
398 658 11180
181 437 13416
91 193 50695
124 230 46573
1 384 24021
322 532 51088
253 614 40112
398 677 12207
67 78 65460
175 504 45000
458 620 40497
6 608 37736
446 539 40311
424 562 19105
117 465 48703
198 589 33838
396 439 35128
389 705 53141
80 101 27459
595 629 27893
291 306 48104
13 45 50000
141 445 32573
596 716 25942
340 701 45541
66 590 36249
285 318 22561
63 132 11180
496 527 32388
336 607 42426
194 578 31953
103 268 25000
220 318 19105
243 495 19235
29 479 36797
76 155 17464
91 461 35609
23 232 38601
422 490 27295
185 435 37014
242 618 12166
156 450 47802
250 411 41110
118 392 30000
501 628 46957
326 593 33941
73 379 52154
554 644 34482
319 564 14036
315 466 59414
460 657 42485
254 532 70178
10 178 79228
4 180 23259
279 489 19026
406 563 19925
227 261 62968
237 439 63411
105 244 52469
89 545 34205
283 336 59908
35 715 38210
45 391 53814
395 665 20025
414 654 46573
207 637 12166
329 606 14866
460 667 49659
414 493 36715
67 482 55543
62 428 44553
104 674 20100
683 707 38833
396 581 31016
410 595 21541
187 227 47074
99 154 35693
58 500 38601
85 327 35693
90 111 53254
373 594 59481
271 598 22627
208 339 21932
307 702 30017
161 624 24021
10 693 36674
474 654 30414
215 310 63789
489 635 23707
233 633 18788
332 689 64777
414 643 50448
394 653 63891
13 536 83451
94 221 18385
109 469 14142
328 354 20000
174 472 15652
178 710 49659
600 631 26173
475 617 20616
5 78 41869
265 298 61984
232 286 35777
512 539 38601
83 248 33242
108 134 52355
33 703 25612
369 593 25495
86 684 57245
311 430 14866
585 610 53852
125 382 35228
69 614 19105
409 631 22023
275 385 56294
88 366 53600
214 256 29000
120 499 16125
90 232 47707
234 663 21024
44 82 13342
132 319 20616
383 466 36401
306 435 36401
65 675 18028
53 113 45188
155 714 17205
195 320 50596
522 577 21954
278 659 28231
303 621 17889
245 468 23345
485 647 31016
301 713 52154
260 452 17029
366 410 43046
563 664 24083
155 175 29411
261 540 74465
42 72 73389
531 679 35355
280 609 23000
60 627 20248
6 108 65069
288 487 31113
13 580 82492
205 503 58138
379 594 52202
339 475 24839
57 386 16401
374 488 92114
31 113 33601
504 545 34713
680 682 27019
278 310 50448
448 520 39661
138 197 52498
97 374 54589
60 350 36497
162 220 26249
272 571 12166
488 490 25710
191 308 16125
143 159 18601
349 418 42521
173 649 35903
25 691 41037
216 708 25020
373 699 36056
82 541 25942
337 660 53038
347 535 42202
423 645 33136
129 358 16643
145 391 42755
302 661 100170
68 530 32802
163 270 24331
294 442 12806
453 647 35355
301 568 55326
357 569 39459
192 558 12649
376 704 45706
652 695 23537
514 661 14213
167 639 35693
257 494 17889
376 589 43417
312 567 17720
568 625 49010
54 676 55471
275 325 41485
82 154 29069
95 457 36139
3 88 33526
228 713 70178
13 186 49396
516 655 19925
20 538 40361
454 590 87281
188 553 13000
96 337 25942
81 471 25495
361 551 32311
274 310 57689
377 450 12649
381 576 39357
89 468 48415
110 179 39357
302 613 73790
20 306 51039
83 100 33015
314 335 30610
48 115 49366
59 183 44385
326 369 43566
400 529 39051
149 249 42755
46 405 23770
30 511 33015
333 449 29155
320 421 11180
65 165 18028
146 161 130863
251 534 35847
66 330 47381
223 626 16553
460 569 40311
97 215 49092
63 235 46325
281 435 23345
15 172 29614
409 658 26926
250 629 25020
43 512 12728
321 653 22472
613 661 76007
1 437 15033
129 208 61294
69 567 34540
314 495 34482
76 714 21840
77 375 37216
193 623 39013
202 642 37483
210 469 26627
168 588 19723
360 554 17000
492 541 15264
105 418 68411
27 656 36056
356 624 11314
438 697 31401
185 506 24839
230 442 54378
152 674 24698
65 685 42450
68 106 13038
355 616
94 476
335 463
992 547
372 728
452 943
216 698
533 827
823 853
704 63
78 392
188 748
565 938
979 548
668 825
212 746
129 818
212 779
578 311
953 657
633 90
302 935
724 812
82 480
728 829
916 369
263 259
835 400
558 35
505 747
725 931
171 830
619 902
486 101
130 381
742 719
515 824
825 259
255 93
142 502
335 896
224 231
752 659
440 254
613 952
525 844
675 528
327 493
161 809
680 834
329 148
411 912
686 945
86 538
99 460
667 689
276 666
780 540
24 556
310 874
283 95
723 310
423 506
610 102
573 99
589 307
278 680
445 810
420 607
266 854
501 17
155 256
805 227
289 361
691 757
906 271
671 399
340 701
15 457
778 735
252 751
443 267
225 811
515 46
534 765
267 839
169 289
325 431
875 240
727 797
422 352
672 462
969 465
21 614
666 603
634 232
175 630
945 618
465 304
224 778
793 758
452 701
424 380
140 426
229 432
452 821
556 53
387 946
578 850
830 523
683 767
498 485
705 904
166 268
321 542
462 604
675 564
343 407
307 338
560 764
231 243
56 525
622 406
664 667
508 582
171 131
822 538
117 781
502 424
423 450
466 799
428 516
324 217
341 921
860 754
952 390
385 496
845 382
441 715
693 734
678 141
654 544
742 446
690 580
535 920
321 40
494 87
886 654
753 760
152 828
663 181
117 433
139 557
472 269
913 287
43 572
708 859
173 338
753 461
925 495
208 106
444 101
512 238
173 494
555 100
271 177
770 661
522 699
862 793
145 231
713 309
662 854
334 555
527 86
885 296
797 446
623 549
625 69
865 541
982 568
344 637
813 472
65 539
590 906
887 721
583 984
451 32
212 382
611 977
913 553
174 178
293 930
375 333
225 858
931 543
284 894
895 366
570 236
469 623
770 441
167 393
372 443
782 227
163 423
836 571
674 301
662 930
441 418
320 715
610 855
885 201
376 870
634 820
87 724
178 679
414 694
945 332
181 531
664 291
436 76
34 627
462 116
522 910
682 86
148 414
273 123
405 42
312 121
28 489
619 679
798 795
687 823
144 154
556 428
398 467
990 411
380 630
330 920
982 431
309 294
708 730
324 280
78 258
222 484
820 226
200 175
249 910
194 823
761 718
246 422
357 501
708 374
436 645
783 707
219 723
58 724
243 334
247 829
158 569
664 914
343 31
337 368
980 639
598 108
423 787
821 282
303 320
448 387
31 458
488 242
933 471
621 525
222 556
84 616
473 235
467 188
793 846
67 676
940 368
42 352
912 675
83 330
363 283
120 748
444 68
719 839
449 131
648 789
616 16
160 611
968 663
727 461
236 307
675 658
445 491
806 502
779 387
412 726
865 422
355 663
410 82
605 691
268 323
273 109
772 693
951 708
891 583
188 170
217 830
116 664
809 407
402 592
577 505
98 209
258 494
130 792
598 230
449 90
409 508
915 591
810 277
820 673
573 462
927 621
513 224
462 879
569 772
838 313
463 861
622 273
53 603
736 267
357 804
764 405
117 185
378 225
611 220
173 753
432 398
658 615
916 768
379 769
303 397
745 920
772 772
583 353
159 328
362 770
159 454
274 880
328 740
841 250
133 807
822 325
456 168
201 138
523 399
511 438
251 199
665 514
925 423
87 294
700 716
576 639
383 881
272 423
301 113
538 222
505 872
259 552
934 642
481 159
798 133
201 582
652 431
521 289
101 581
352 317
801 175
678 516
586 148
479 562
182 547
379 615
418 223
286 653
306 60
476 981
107 340
754 221
577 912
319 389
535 534
808 346
11 508
465 666
482 996
795 150
366 751
851 843
923 396
713 479
598 799
498 100
548 838
75 558
525 124
467 536
774 127
274 466
277 395
682 165
346 744
554 557
465 455
444 43
368 812
187 486
595 972
266 304
920 601
331 641
330 952
352 200
72 466
45 416
843 790
716 354
94 772
799 396
157 277
774 882
591 666
185 405
916 698
517 115
356 631
695 202
430 669
609 609
429 927
665 650
251 230
119 230
647 151
796 602
550 638
685 376
328 801
89 585
782 474
665 897
639 159
491 367
467 656
646 911
701 612
193 310
202 886
513 475
444 324
781 494
969 611
764 123
721 548
217 537
554 825
837 210
588 840
128 191
227 756
513 79
810 444
561 632
416 417
983 616
95 219
331 306
533 62
330 718
737 534
265 734
407 933
624 288
603 133
339 881
670 811
279 631
959 369
304 637
529 670
442 298
586 539
235 350
81 239
509 622
89 274
288 125
576 762
769 577
150 749
125 259
784 597
840 296
646 231
871 740
853 505
431 427
351 774
773 520
524 774
743 650
518 100
621 799
367 646
727 512
288 557
580 522
226 573
707 409
263 762
877 633
483 391
574 414
658 279
281 945
541 617
466 11
813 834
465 784
700 433
853 712
310 359
371 468
125 303
507 998
750 80
923 684
780 639
315 100
455 290
676 711
275 543
348 839
866 273
987 479
740 861
637 804
636 179
464 558
895 411
312 257
207 370
650 506
305 723
393 837
721 137
297 918
834 371
183 505
733 741
333 202
94 552
395 507
725 530
234 197
407 575
404 137
529 438
374 897
619 537
503 501
696 219
465 518
465 484
551 166
866 652
236 828
581 239
494 980
496 667
384 721
469 645
628 611
864 603
470 733
156 339
512 716
559 268
574 340
770 546
663 550
486 855
851 160
254 474
410 781
751 476
917 487
616 592
760 167
497 66
828 643
468 634
266 561
516 566
452 871
336 231
484 923
65 352
814 623
299 609
891 376
671 724
439 605
113 419
499 56
411 437
312 278
400 559
227 332
276 307
230 910
376 372
209 130
403 186
507 917
327 885
192 728
247 447
813 803
757 141
218 180
161 162
754 122
970 348
596 552
664 942
323 964
805 654
226 383
727 194
399 417
593 589
633 536
363 955
502 892
604 164
388 458
369 563
829 784
442 568
253 729
789 285
566 602
721 493
251 293
532 513
784 152
56 650
573 183
630 788
736 901
557 449
118 554
31 509
197 877
558 496
671 118
708 426
288 495
571 652
106 793
366 297
138 446
558 89
112 489
805 143
610 70
717 464
295 69
601 579
294 96
641 204
241 788
562 140
718 559
242 858
183 599
672 257
759 362
756 859
496 934
711 99
295 647
248 706
353 856
726 207
403 71
786 99
781 371
615 630
865 568
599 886
566 281
89 390
904 624
673 182
439 693
246 924
670 90
287 260
899 795
382 126
927 277
168 377
398 758
