966 1660 9 220
613 623 25298
310 394 46669
158 845 28460
292 922 34986
502 870 41629
536 785 20125
125 894 14765
527 716 45793
603 609 25060
315 642 30265
61 110 18439
140 832 37363
248 836 19416
475 631 11180
327 965 29614
421 611 29833
171 355 13153
479 541 31385
294 673 37216
523 817 63655
680 880 24839
751 923 18385
323 784 24083
883 886 21401
593 744 17029
822 892 30887
104 835 36056
79 720 25632
416 630 11402
91 785 37855
379 534 42012
289 751 29275
267 449 15264
305 439 38910
453 692 44272
85 715 30806
222 694 58421
36 761 48332
287 864 31401
56 612 16279
502 652 29206
717 798 31241
17 352 51740
894 944 37336
259 638 23324
122 381 20591
108 337 37336
575 746 29411
538 898 20100
38 663 17464
135 535 30017
162 901 16492
113 339 32650
166 792 11662
644 836 36235
335 516 61033
116 517 39623
499 545 19723
379 779 28425
251 866 10296
713 806 41881
589 727 21587
907 961 10440
208 375 28160
723 867 63695
244 696 21932
413 585 29206
277 726 12530
194 357 41593
256 915 40447
412 862 161719
553 655 61847
398 834 29614
113 872 53151
327 600 37947
400 927 45706
723 956 46011
493 516 52839
109 155 63569
384 821 13000
293 496 25318
49 503 25179
237 299 43382
34 693 39623
255 370 47676
191 786 27459
129 702 26173
235 795 25807
294 759 32062
601 656 30610
145 445 14213
394 697 20616
104 865 37336
241 286 29732
94 630 30067
463 736 19235
169 775 18439
253 801 15297
348 650 47043
336 494 51865
80 205 94921
298 778 21378
488 767 20125
227 832 21401
84 180 31048
416 669 50289
153 853 52811
739 779 18028
112 526 64382
189 426 25080
338 871 50329
193 737 22136
629 808 35693
404 552 43966
177 766 38897
297 787 15297
385 389 33242
754 938 13038
422 910 19105
372 873 45793
199 889 33541
37 557 13601
80 129 29547
93 586 34015
226 764 41400
556 816 21213
38 185 43186
128 400 22561
374 771 10770
384 888 36401
328 534 20125
391 574 45222
211 644 43417
263 493 10770
289 930 15524
10 101 49739
635 681 33242
20 319 74095
361 710 39294
192 775 30265
278 912 43863
276 278 32985
485 557 57271
132 759 50090
450 729 36014
193 423 28231
498 624 14422
277 665 10630
97 322 10770
479 955 50249
55 946 42720
234 725 40311
118 483 30887
59 132 57315
211 587 21024
312 689 12806
615 622 45967
160 418 42297
386 688 15264
264 340 16763
108 718 43186
542 552 55973
410 888 50606
107 268 32450
650 843 55073
54 356 36056
39 254 23601
246 520 41110
319 514 21095
509 923 19647
305 501 26077
356 512 42485
320 848 17000
37 85 53151
491 744 35057
829 882 20224
157 682 39812
874 953 102528
121 158 61400
190 332 35609
599 714 38210
506 508 11180
4 346 23259
181 808 31016
11 188 38210
768 869 24739
31 886 33377
69 201 16401
55 333 16763
261 837 23259
568 933 48795
180 879 42802
571 920 17088
52 412 32388
341 833 20396
116 960 34015
303 866 22847
291 403 21633
21 558 45277
615 937 31401
799 814 32573
881 950 16763
76 189 13892
361 887 42154
161 813 24042
283 336 17205
14 772 23345
574 728 46011
763 807 41037
357 803 11180
644 961 13038
22 716 15811
265 436 11314
78 369 13892
471 909 15232
282 604 15000
682 883 20616
66 891 16553
81 134 66038
238 520 63071
509 876 38833
419 601 40050
307 573 27586
319 798 28460
245 871 35014
124 808 32249
632 957 36222
205 559 69721
237 427 56613
765 796 17720
564 756 23431
17 117 26907
17 343 32016
400 490 29732
232 935 27203
120 141 29732
559 909 32696
547 810 14765
145 832 35341
107 955 33242
65 760 18439
472 531 11662
30 860 18358
318 917 30414
573 938 18028
288 864 33015
47 616 68066
298 925 20025
107 541 37537
449 727 28653
292 295 19105
225 430 31064
191 630 35355
86 895 30364
109 340 34828
174 474 37162
359 762 12166
489 490 38949
255 573 43932
288 571 35609
142 797 15652
43 956 29732
212 457 22804
479 839 64140
637 783 31016
814 943 34059
264 502 27295
55 448 32558
237 876 47011
165 812 19235
393 951 46690
323 802 12806
1 731 56604
176 705 49679
412 549 12530
392 872 27731
627 817 36056
583 841 30414
92 835 26401
677 848 37590
388 570 51313
50 565 45122
131 520 44283
824 869 25000
445 682 44045
154 587 38588
184 612 37656
59 673 35847
673 725 32757
148 620 18248
214 449 46872
458 522 13601
848 852 26249
773 913 26476
284 756 30265
229 887 28018
741 840 17464
36 188 45695
579 666 32558
742 867 21932
363 707 23345
116 757 22804
112 738 53235
167 336 55073
157 227 24083
274 324 39217
229 781 50220
293 730 16031
467 529 39962
306 511 53600
60 64 41677
2 885 41231
620 898 24331
34 640 29530
793 955 13038
456 683 31016
290 586 48466
5 530 64444
607 850 26571
372 710 43186
56 807 20616
10 826 35355
435 460 37577
138 187 22472
632 737 49406
75 824 26173
119 472 38897
225 466 19105
39 168 11180
8 621 34928
809 957 32202
472 562 22672
626 809 16031
166 875 35468
492 625 86683
143 844 26926
548 839 62936
397 491 72732
338 468 46000
215 534 33615
271 462 40200
303 811 15620
257 953 22804
406 621 29833
287 581 16125
330 958 17029
490 846 52773
91 120 27893
297 755 35341
447 892 26401
15 805 20881
233 887 33015
573 583 17493
504 690 120967
255 799 23022
144 815 14036
153 526 28443
358 444 12728
4 519 28636
338 917 22091
435 649 57070
471 652 24083
24 71 41869
269 890 33242
199 963 70682
372 784 54083
56 953 35468
7 260 19647
19 766 45453
19 684 14213
210 691 36359
220 237 17263
444 781 31401
643 944 70007
748 943 35735
669 932 24698
208 835 26306
376 584 35057
690 895 31765
427 711 47043
588 752 28460
343 947 25060
529 921 34059
420 889 49041
172 417 31780
228 558 41304
19 290 36235
511 518 14318
101 521 26926
417 534 12806
134 212 18601
32 858 17029
250 422 14318
94 191 15033
97 806 20025
351 813 46487
90 557 42426
23 507 13342
3 846 30083
515 516 27295
487 878 32016
159 745 46573
207 556 32000
635 934 38949
470 762 21024
111 868 22847
186 246 32249
604 791 69778
336 339 40311
249 540 25495
509 774 32016
690 781 38288
404 542 24000
324 386 16279
686 776 44283
637 876 38013
120 536 21024
630 932 38013
281 526 30414
135 898 15000
187 885 45793
214 844 31765
351 805 16279
46 581 34713
269 578 25612
334 704 35440
3 96 66189
238 478 38949
564 584 48104
149 934 12369
340 926 12369
195 218 31241
101 309 43012
179 835 29732
156 946 37000
229 358 29155
202 576 30067
195 457 40447
561 610 17029
118 839 30806
115 903 30806
677 851 29833
195 657 18028
178 931 36235
451 852 25298
397 632 32280
409 590 32450
253 594 36056
218 663 29833
659 842 47011
409 701 40719
314 697 24759
663 913 39205
125 438 37216
318 877 19105
47 476 59034
401 808 27019
327 355 59908
88 936 31064
475 709 52038
854 953 37802
438 944 23087
515 708 47424
308 840 21587
414 942 34234
605 686 21378
674 698 20616
137 411 15297
71 286 18682
159 487 40719
453 795 71021
64 283 18385
484 569 54918
187 291 61392
423 810 24698
309 408 12806
430 466 33615
528 620 52202
271 543 43105
53 144 45453
346 426 37014
172 538 32558
578 890 13892
90 200 31016
91 536 38210
181 458 22472
184 874 56436
482 836 14765
136 752 47170
302 850 15811
78 741 28636
28 849 16401
518 814 57315
117 447 34986
640 958 12166
35 607 23770
43 862 48466
284 834 34540
482 827 57940
301 453 46098
310 494 14422
9 470 68066
457 908 21190
672 892 30871
633 722 33000
691 935 23087
3 325 25060
505 660 30529
22 537 25710
105 816 64288
5 879 54120
194 812 18111
581 692 12166
441 553 48508
495 720 16763
798 948 48166
163 881 20518
39 465 49244
771 866 36056
214 399 35384
37 188 51088
900 930 12530
489 749 44553
141 239 22204
411 777 13892
328 379 50120
304 893 24042
653 954 25612
42 824 28844
51 840 49041
152 270 37363
261 762 13153
173 959 24698
721 960 34828
359 470 13038
171 230 45651
321 787 54818
50 245 43267
877 945 18111
704 869 17493
205 767 56604
339 394 39357
376 436 22361
476 530 58052
105 265 16125
292 329 45343
16 317 29967
227 441 23409
239 389 34015
350 755 66212
272 566 23022
328 417 18788
424 556 21954
432 506 20616
435 616 19026
139 313 21095
164 874 26249
432 483 35609
473 810 28071
58 929 45880
513 928 28302
232 656 26077
2 300 58898
48 438 23409
421 650 43738
566 667 25000
121 949 21213
304 789 38419
248 890 13601
31 940 43932
348 919 17493
533 805 21633
407 920 12649
426 695 37696
86 654 42450
588 802 34234
617 882 24083
857 947 43658
136 525 32016
81 243 75802
347 370 57706
262 878 19647
579 654 17493
244 596 20396
703 811 36249
532 830 31385
263 515 39051
250 376 19416
307 938 35440
286 311 22023
715 770 11180
507 872 24515
106 147 35384
197 925 31113
261 540 28792
407 724 10630
598 838 39217
464 916 92590
415 574 50804
727 962 24207
6 675 23022
797 830 12207
44 118 23537
191 486 41437
636 639 29732
176 538 31401
103 889 45310
247 313 11662
342 433 44777
234 549 49204
391 750 25239
91 141 49336
179 565 18028
282 791 55154
289 509 18248
98 475 27586
567 949 43417
300 885 48260
299 456 27166
704 857 36056
260 439 23000
233 361 16155
217 775 12369
374 615 12369
406 409 41000
498 545 36235
349 405 47265
544 580 11662
772 877 32802
3 891 18788
97 889 61847
625 897 60745
74 179 12083
59 300 61327
172 215 35440
131 804 26077
202 334 44598
95 518 49041
183 323 39661
112 677 32202
462 665 19698
249 918 30887
448 510 18974
240 780 30414
238 804 24187
75 768 19647
231 641 12806
106 915 12000
96 706 70605
156 347 17889
714 741 19416
478 714 10198
180 365 43863
281 794 19698
224 609 19647
554 638 15652
366 580 10630
505 679 19235
369 889 27166
270 539 47927
519 614 32016
122 785 34713
345 571 47381
172 705 56798
360 807 26173
138 477 29155
304 577 26926
460 666 16125
508 699 17464
205 909 39115
547 658 14318
5 642 36878
27 145 31575
223 572 25239
146 800 16125
358 523 22000
34 881 30265
30 769 48384
158 643 16125
511 814 57585
224 806 37443
891 901 37000
52 517 42544
24 235 22023
710 873 56886
437 850 36056
123 334 19105
138 164 27166
662 681 30232
127 421 17000
308 745 34438
119 731 15811
86 569 42720
190 433 40025
587 825 30529
230 965 33242
182 333 21954
484 962 24083
404 834 11662
5 476 39560
296 889 12530
20 572 79076
28 482 26077
167 648 25632
390 665 25807
497 592 13601
398 428 17889
679 897 70831
45 196 15556
193 685 28636
166 868 30067
133 865 26173
414 634 20616
80 674 52202
25 184 45880
265 455 31321
13 155 21190
272 828 27295
81 209 26627
383 520 35128
66 325 26627
861 914 12728
569 895 24187
831 931 15133
40 71 23707
494 906 45891
225 439 28018
342 815 40012
528 728 26019
69 75 23087
550 622 19313
884 957 14213
463 676 40311
12 525 25179
541 907 53852
296 369 18358
209 266 18974
371 655 45486
755 901 40162
591 614 18248
856 901 41773
8 418 44102
210 232 37216
397 737 67535
87 92 35014
471 747 60638
397 734 49679
594 645 39000
147 838 38013
396 820 11402
568 962 22023
389 939 26571
441 842 17464
421 918 32311
57 855 54406
653 718 14866
537 560 18974
243 929 45651
728 904 44643
264 471 52498
306 347 33242
9 222 35355
48 158 49010
606 706 27459
112 555 44385
519 591 29732
28 827 52240
381 939 40719
661 763 33838
506 567 36235
297 331 34409
188 678 25962
52 707 27459
32 743 23770
165 357 19698
295 620 33601
419 521 21932
792 942 38013
171 236 32202
383 539 38118
220 299 36056
256 932 40012
827 924 29275
348 764 31953
159 262 25942
728 823 25060
257 661 10296
563 796 36715
440 732 21024
697 760 39205
400 826 24597
390 779 22804
633 945 14142
137 777 23770
563 671 37000
72 220 37443
54 399 45177
651 955 19416
221 467 23195
389 860 11402
74 316 26476
388 562 32696
35 850 15133
192 660 32696
98 228 24042
13 447 40497
570 580 32016
567 867 37483
267 933 44721
199 369 12369
90 554 15620
46 692 37216
617 736 70612
331 755 53600
447 672 20248
136 282 32388
27 221 52802
348 861 50249
236 327 33242
598 915 26401
481 825 26000
34 330 27019
18 366 17029
274 367 32249
352 863 42720
445 886 50210
133 682 20025
51 746 11705
128 740 37000
212 243 23259
896 915 18000
223 795 30463
301 700 32202
163 716 32757
667 956 34540
646 728 16125
219 410 11402
139 543 25318
437 602 39000
180 735 20248
629 820 16279
9 336 60308
354 415 23022
541 766 39446
234 363 29732
111 875 16125
41 856 16643
729 828 17205
221 928 36770
373 469 21587
468 608 53339
546 859 18028
7 475 19925
280 834 20000
213 505 43829
21 744 46174
130 495 44911
100 142 41231
500 512 30364
711 948 47854
331 350 52773
287 878 31780
202 857 55326
58 114 41000
337 948 50990
6 634 11402
259 485 37483
175 305 21633
177 541 27803
159 619 12000
289 900 10770
509 729 53535
470 610 64885
615 771 10630
371 441 48877
492 583 51420
709 905 18868
17 863 19026
842 905 30414
154 393 66731
26 182 22804
671 899 18385
185 893 50990
43 450 17205
111 166 28320
714 941 29069
377 800 50695
450 828 23770
173 197 17000
272 729 25080
146 769 64560
532 834 31828
224 296 15264
618 732 15524
29 620 23431
36 200 15652
50 856 37483
11 384 28284
11 110 32202
443 805 31385
446 678 24042
112 451 12369
164 641 18601
258 964 12530
170 873 28018
146 788 48877
328 758 15133
864 878 32249
504 588 23259
93 211 28862
326 963 13892
184 854 11662
183 802 37802
391 608 17117
464 594 30083
294 595 31064
177 421 44822
49 397 39205
409 694 43139
98 469 26870
82 247 53235
366 951 45706
670 680 37000
659 703 17000
304 563 31016
89 385 34828
83 539 19313
226 959 18028
590 796 25000
33 203 38210
126 546 16155
198 268 13000
312 407 12806
674 758 54818
8 906 51420
459 494 30887
519 719 23022
62 731 49244
329 705 34928
623 761 34366
280 284 29682
104 886 38013
326 896 10198
31 513 40608
175 342 34409
154 481 10817
619 700 49041
106 326 16125
86 962 49406
130 618 37537
729 923 50990
191 612 32985
320 677 41400
835 865 43566
212 908 20518
259 554 19925
89 860 28601
668 822 24083
599 753 28460
602 693 34670
797 879 19647
316 545 22136
165 294 35777
67 405 25080
469 855 47802
410 821 17464
664 760 48021
210 242 21401
658 675 24166
705 722 10817
172 758 48703
763 838 47381
317 773 27019
721 774 29069
432 508 17263
16 780 12083
228 475 26173
76 426 35128
104 940 34713
57 293 21633
398 532 17088
360 786 23601
169 196 34438
380 858 17029
551 747 31953
322 844 26173
140 875 37483
162 529 35511
215 429 23022
315 387 39357
32 226 12083
20 934 39205
100 564 43681
60 392 18868
84 735 21024
745 941 14036
491 734 63135
419 656 30414
70 455 17493
659 709 61555
178 244 22091
151 480 23707
709 875 27074
344 352 49336
274 455 24739
94 786 17889
607 677 22804
93 561 20809
122 731 46872
10 151 14318
187 477 17000
258 279 46755
518 818 24698
325 454 47676
103 493 31401
521 826 23000
669 819 34176
444 690 34525
424 912 26571
535 698 25495
696 931 64078
51 308 32202
9 610 61717
302 437 29155
392 782 34438
725 960 30676
317 780 32062
381 580 38013
805 813 47011
216 395 19235
99 507 37947
21 373 38079
270 880 27857
570 701 20881
25 231 45793
407 689 18111
206 746 27586
160 899 34000
126 629 39357
528 904 46174
26 367 31906
61 384 20616
24 286 34928
541 548 24083
219 821 15652
544 570 30017
514 770 24698
121 252 22472
765 899 16155
96 368 70605
136 841 39395
109 926 29155
626 884 22804
47 428 34132
829 889 74041
149 662 18788
182 936 26870
764 919 39205
178 813 23770
173 717 20396
269 587 24597
273 337 25000
129 535 24187
102 181 24083
124 585 39205
332 647 19925
43 566 42544
63 311 18028
530 797 19799
89 578 39446
320 851 32249
242 378 26627
545 917 20224
456 699 35228
782 837 30083
234 524 38184
147 326 27857
123 408 26420
337 427 30480
574 608 41110
314 664 31780
203 876 48260
57 452 34059
555 592 23022
423 737 18682
414 921 40162
77 222 25495
487 753 32016
79 732 12530
15 533 25298
130 585 43966
465 649 61098
23 782 38471
52 363 29206
212 929 30017
714 753 35014
667 723 45277
501 815 20025
29 295 12166
383 616 21471
57 285 20224
222 481 17464
413 495 30871
402 759 42720
643 845 35355
156 306 20809
428 880 26926
422 584 26249
73 868 31064
537 950 14765
348 611 58138
89 769 22804
484 690 71694
354 870 14213
201 704 22804
127 918 22204
314 760 48374
356 713 22804
452 855 35440
77 366 49820
95 584 29682
74 565 13000
133 371 21840
444 523 15811
733 755 15033
380 743 13892
27 140 25612
659 811 21932
774 900 22804
416 932 34655
165 194 33015
188 200 49163
448 946 38013
582 592 47434
103 420 14560
84 943 16553
405 625 38601
2 874 65215
58 150 36235
137 801 53712
85 778 17263
636 702 34655
20 954 34176
37 298 36878
245 350 52697
473 685 33000
503 884 28792
1 266 18028
374 937 20616
402 812 14318
160 442 25962
608 750 23195
317 562 28425
367 936 24083
254 654 24083
275 666 12042
294 653 27459
499 833 27019
162 928 39925
65 397 28636
466 550 32016
14 853 28320
170 627 44643
739 853 40608
87 833 47000
611 914 23087
939 951 38118
772 945 24083
73 744 32140
463 844 35511
255 784 81043
175 452 19799
396 628 45188
480 668 23022
276 688 27459
664 872 56303
378 626 41183
597 882 12166
457 657 41049
132 291 81541
364 582 12728
270 428 24187
488 639 28636
23 837 43417
647 730 66068
375 545 31401
205 847 44721
502 823 32573
232 691 16155
60 113 37014
316 624 19105
205 652 45804
160 789 17804
219 446 22847
82 916 51662
206 966 35609
70 324 39598
5 361 50596
14 739 35000
368 787 15297
8 648 30463
264 926 14765
66 162 40162
4 189 22847
130 413 36359
372 748 11180
736 844 40162
2 187 34015
144 720 30083
30 239 38210
454 473 21000
40 301 39205
44 72 37947
165 759 37577
497 519 33242
749 809 49163
526 794 25554
21 790 32757
67 679 28000
92 964 20518
132 402 34986
86 568 52839
125 362 43382
30 474 17889
599 628 43012
130 622 47170
520 804 54083
503 632 30806
524 707 27295
613 761 38949
321 415 35805
497 645 46174
72 483 26306
311 635 15620
240 317 22825
60 283 41049
547 675 18358
90 485 22804
192 217 33956
369 603 17720
847 904 25710
285 433 32558
6 454 15811
717 959 17029
576 822 13601
440 618 23345
388 712 47127
147 708 34828
588 791 24083
406 694 40025
313 738 38013
467 921 23000
41 50 23195
685 809 16000
606 901 35805
896 963 19723
26 455 35355
514 798 21932
216 496 35128
861 919 42202
285 452 35847
53 102 38897
345 629 17205
68 278 19925
266 731 50448
198 827 28178
542 937 17029
211 961 41049
333 818 24042
152 246 45607
577 789 20025
32 197 37121
612 854 29967
82 353 32450
180 748 34132
198 849 29833
784 799 76851
100 365 37054
70 912 50160
766 907 26683
259 734 53535
344 863 30806
44 237 26077
396 864 20248
751 930 34785
453 888 34828
418 621 24352
14 341 28160
307 370 24083
271 794 39560
131 628 50359
210 310 39357
418 935 22561
241 600 34886
425 522 28320
292 608 34713
13 321 16492
436 542 40460
290 610 62073
312 724 18028
387 616 31401
124 401 23707
522 920 40262
115 551 26306
12 492 52498
329 922 16000
403 431 28601
267 589 22804
17 947 30480
771 816 68884
486 630 32016
109 870 22361
102 458 37216
251 430 42048
361 642 44721
238 382 59506
121 362 25000
593 792 30000
281 738 12166
46 864 39408
87 208 27074
64 470 11045
440 550 29530
287 700 16125
590 712 14036
699 911 16279
377 924 17464
639 847 18682
46 724 28636
712 796 19026
45 775 36770
906 935 32280
604 625 160440
65 259 35468
411 426 52631
207 424 17029
644 849 42048
572 795 35847
443 533 39051
680 952 26420
232 242 31890
517 900 25000
783 902 28018
123 151 38275
657 913 36359
669 966 23022
385 393 15232
128 668 51546
61 425 24331
803 954 34482
53 425 41437
174 800 89443
525 604 27659
493 515 42012
254 579 33734
224 500 18028
16 531 37736
240 773 13892
723 911 59228
633 772 25060
468 750 49163
684 766 47539
126 820 38053
711 861 46957
147 263 21378
408 893 36497
475 558 53824
185 408 44045
153 279 10630
752 791 11402
257 882 140357
203 729 38013
373 790 18358
377 894 26249
742 949 48384
143 713 12042
184 231 12083
41 513 31385
703 866 58822
528 636 50220
519 645 21932
575 745 44011
83 152 41012
29 148 18000
560 848 34132
756 830 32696
90 638 19416
279 964 44102
275 382 22023
207 553 28320
241 301 35355
10 740 25554
288 345 42202
387 435 33106
92 437 26683
351 596 30529
108 902 12728
62 91 23195
134 243 11180
318 722 24083
131 186 56859
275 605 23770
33 667 32696
559 747 54203
469 790 24187
380 650 34059
129 135 28425
15 344 35355
213 897 65803
831 903 42953
382 776 31048
115 161 43738
565 624 17464
540 843 26077
68 276 37483
468 871 33956
572 770 18439
551 831 55660
651 793 13892
725 757 23022
597 676 23770
235 572 31385
514 778 14765
54 143 32757
40 453 30887
158 742 43000
524 757 16643
336 459 58034
53 720 46011
333 910 27459
159 941 46043
488 702 16279
25 641 46011
322 676 34828
585 670 16279
59 549 62097
716 950 17117
12 841 30083
117 343 22472
112 852 33601
605 933 13153
297 733 31000
729 862 41037
63 600 40804
159 575 11045
49 394 16279
818 910 38471
127 684 14318
683 911 22804
489 846 54203
335 882 84291
163 527 31780
839 914 24207
186 859 51624
157 832 33377
48 362 30480
662 803 33136
245 498 16279
379 390 16492
249 843 25020
68 640 40608
317 796 45607
73 593 23259
671 765 13153
149 681 26249
512 609 34655
121 793 20809
461 672 22847
658 744 38471
42 596 27203
356 500 29411
576 947 38328
209 243 102416
349 411 21190
139 726 75743
115 340 53339
504 817 32450
88 204 31890
359 837 25807
80 702 11402
201 768 16553
37 925 24352
35 258 16279
595 653 32573
80 698 37014
355 431 10050
262 287 40000
634 675 16125
368 706 38000
341 877 41110
95 814 41231
360 598 37336
310 503 47297
583 938 25710
222 648 53600
114 150 11314
719 801 27785
277 758 100439
354 646 15033
105 771 33377
34 958 21260
217 346 28460
480 740 13038
79 501 19026
637 721 30414
221 942 12083
431 486 19416
375 499 35057
290 561 62586
18 222 52555
142 365 28443
18 77 38210
353 582 26077
709 868 34482
273 783 19026
588 627 19235
89 248 32280
446 795 32558
433 434 15811
168 649 23345
7 631 14213
461 687 44102
33 683 19416
168 233 60415
617 676 16401
190 613 29155
108 783 20616
800 924 53151
176 922 30067
364 555 31780
252 268 30232
597 829 23431
63 327 36125
148 292 21932
395 491 27295
99 872 47508
119 388 14000
335 708 38013
478 603 22804
104 883 39962
3 606 28601
259 730 59439
800 894 76922
356 776 43105
477 874 46011
451 677 29833
395 744 15556
260 866 41000
250 455 41110
460 465 15033
303 631 17464
401 546 24698
223 715 15033
251 550 39408
646 823 24331
97 676 39408
68 688 31000
400 601 15652
687 846 26249
602 655 37537
80 767 41110
474 788 14142
216 491 11180
310 336 48270
462 543 59816
54 686 22023
76 719 38275
583 754 32202
425 689 38013
420 493 29428
687 927 12042
349 695 29967
660 695 51971
541 955 49254
718 902 45618
25 403 28792
88 196 46011
38 69 20125
108 273 22825
58 218 20396
39 86 46872
122 544 23087
332 434 18111
213 754 54083
110 623 21213
32 99 34000
267 399 26420
114 243 98031
22 614 40361
461 927 47434
580 701 26476
34 851 26926
670 859 43829
83 520 36770
442 577 26000
136 784 19925
735 943 26683
727 736 86406
253 464 28018
23 743 45177
204 386 29000
313 916 19313
230 236 26926
170 183 27203
247 364 63506
586 766 13038
565 940 37443
706 733 13000
169 510 44643
81 531 50448
560 591 30414
57 496 39560
150 696 29833
429 779 30806
206 256 22472
55 518 39560
661 953 27166
786 807 33015
130 952 27659
434 730 55227
301 819 52631
353 594 21401
42 351 11662
635 965 53488
161 903 30232
78 478 27659
227 905 23324
130 552 42012
204 330 47011
9 825 41773
262 619 33242
462 726 25807
45 527 35847
429 633 15620
479 548 14866
81 908 57706
777 801 40000
670 952 41340
309 442 30414
280 564 31145
88 510 42802
351 443 21954
101 160 39051
36 647 37577
174 788 36014
348 858 45967
167 459 30676
1 62 41146
117 155 37108
723 845 15000
170 361 50249
819 966 28178
252 651 16279
378 749 34176
595 725 21095
589 962 10198
233 315 42297
302 693 57559
67 625 15000
85 678 38897
865 167
780 904
474 276
80 439
224 743
503 358
392 521
717 309
733 370
604 227
585 621
48 687
459 168
215 207
576 78
767 152
533 132
777 296
806 500
737 693
462 463
132 449
709 496
657 702
658 905
241 544
389 381
887 407
349 125
909 315
364 334
724 559
922 619
185 408
205 330
595 553
646 556
681 153
262 841
604 718
367 297
622 87
974 647
836 622
145 476
544 713
298 711
984 485
601 414
344 294
537 856
869 793
487 615
358 892
192 552
618 945
485 497
686 97
793 803
674 457
552 625
883 204
664 751
710 436
564 466
464 283
16 542
236 454
663 144
267 524
625 729
872 610
434 414
288 279
665 121
64 448
781 334
461 864
432 590
304 47
831 133
55 323
350 757
197 687
657 608
253 887
238 286
202 488
876 347
608 515
886 227
237 321
814 423
611 909
216 620
504 217
412 951
405 522
708 529
225 640
647 252
459 642
493 920
297 312
293 555
558 898
894 457
796 698
458 101
556 607
396 431
142 335
637 458
677 57
531 52
859 725
515 152
841 599
820 210
879 254
946 485
826 261
623 178
444 685
980 426
448 742
811 522
582 251
292 74
392 639
404 772
754 845
303 365
775 98
310 96
93 715
5 447
734 922
97 248
409 397
901 274
251 672
375 920
452 586
358 375
956 343
532 922
331 125
718 714
669 65
610 214
349 716
177 276
780 361
479 161
115 537
340 402
983 534
525 810
685 243
574 44
426 296
169 427
707 925
742 784
415 410
714 361
257 831
125 502
158 786
665 847
258 115
691 559
932 265
473 545
315 128
847 502
620 43
283 290
205 717
477 658
219 538
132 778
671 949
638 157
381 720
746 903
613 595
71 460
520 571
626 910
107 520
560 371
715 803
714 137
156 487
691 542
926 427
466 873
609 546
653 131
591 192
894 645
223 464
393 14
560 825
307 440
265 284
853 148
632 343
821 395
760 109
81 572
361 958
248 149
496 425
99 487
690 117
592 634
841 631
437 359
758 345
649 637
432 900
419 568
719 570
356 420
412 499
192 823
705 825
682 944
636 306
202 806
823 780
658 680
679 818
838 648
421 818
883 287
734 168
615 744
615 330
770 88
642 45
320 258
377 752
80 276
867 378
774 498
263 578
351 549
938 464
24 383
276 860
134 643
552 846
609 984
216 318
577 499
397 540
753 448
513 787
528 943
480 63
285 569
847 166
314 919
921 439
822 383
313 706
165 247
918 639
785 678
252 533
345 844
263 480
154 181
255 448
185 283
298 625
119 276
61 720
697 423
282 650
505 500
643 734
537 755
531 709
896 725
783 472
686 890
347 140
503 485
774 768
361 127
445 892
424 210
670 584
877 629
818 859
580 749
216 358
365 519
695 202
455 557
132 549
110 614
511 837
646 209
650 378
665 733
539 667
86 266
626 448
244 801
283 253
754 179
258 190
698 630
143 387
455 152
408 961
110 745
239 496
486 298
542 896
667 787
210 114
317 174
186 435
396 190
542 543
208 557
621 159
553 987
687 409
761 685
281 190
652 429
485 79
218 235
493 573
534 164
541 83
497 734
90 460
99 545
774 592
13 470
349 214
612 81
494 98
37 350
427 108
652 845
394 894
734 766
181 850
728 448
584 939
208 791
961 465
851 770
72 339
223 677
790 285
224 517
436 198
454 876
126 596
309 386
166 724
429 482
322 570
257 257
267 597
985 394
600 308
186 158
742 543
836 279
367 843
329 788
565 641
849 325
223 493
279 783
806 210
882 321
182 174
390 165
684 473
843 339
617 411
477 428
495 747
570 438
308 666
337 932
577 273
455 706
736 815
668 878
308 627
18 517
726 296
531 677
636 201
735 256
595 645
20 450
864 825
423 658
476 374
426 131
616 870
227 122
680 285
631 282
489 934
819 537
249 575
534 360
296 453
528 621
61 483
784 665
316 682
229 162
393 551
651 855
896 562
511 532
524 541
309 797
277 577
243 347
976 463
420 540
400 595
334 428
660 236
623 100
190 859
367 364
613 643
497 182
186 520
322 932
964 661
139 347
487 531
577 703
494 345
276 539
880 602
754 131
496 646
685 351
325 831
517 220
169 207
395 978
25 355
310 830
406 582
440 336
327 190
424 503
721 437
446 23
793 182
515 345
917 299
386 502
261 757
761 911
455 837
881 514
589 203
774 352
885 381
868 584
258 929
614 493
640 871
488 793
327 53
536 327
555 293
501 415
32 637
518 939
658 366
436 630
499 460
98 388
304 255
259 222
422 885
433 571
453 59
604 389
108 810
61 533
915 554
696 493
913 565
899 707
168 514
164 592
413 856
396 309
687 612
519 981
492 985
886 754
178 589
74 411
364 791
622 262
509 642
181 872
850 753
73 690
149 271
176 458
384 92
461 302
272 700
799 172
292 660
584 102
219 132
280 95
858 253
126 424
290 109
332 750
763 475
869 485
308 603
122 244
804 268
276 232
442 727
506 386
867 509
853 819
374 581
535 26
350 640
286 421
596 505
101 352
307 472
638 545
417 458
462 4
132 406
797 411
776 197
724 191
267 628
300 284
937 626
898 522
299 913
212 899
778 253
503 687
670 651
91 634
376 122
524 821
561 190
670 212
842 367
309 867
798 278
551 747
63 348
82 649
232 595
405 681
828 454
800 394
98 789
292 925
762 238
102 401
102 375
455 404
54 363
800 751
638 65
457 992
579 902
429 801
631 775
591 280
243 386
449 859
52 708
336 866
451 259
182 336
373 163
437 881
780 410
826 566
634 942
549 568
105 419
334 567
310 778
445 996
417 611
537 810
334 107
703 277
367 599
541 592
296 267
7 554
580 344
115 798
454 766
483 724
609 879
381 512
579 407
241 172
492 361
677 743
335 81
833 668
589 519
355 59
211 422
692 936
248 771
997 526
855 422
54 402
426 93
561 537
705 337
253 808
776 545
922 461
430 41
769 741
294 876
271 361
610 304
720 154
500 399
339 492
77 507
604 975
735 722
697 146
619 479
161 189
333 845
952 606
566 202
601 822
393 692
712 226
508 199
811 772
255 65
490 377
435 983
168 354
620 620
44 542
358 680
710 739
323 366
911 603
817 509
548 345
357 870
520 264
236 485
529 659
196 893
651 312
563 745
224 415
765 287
26 497
662 36
609 430
275 70
909 582
551 763
772 273
311 56
322 492
631 125
283 166
436 236
874 766
554 949
384 450
198 753
782 618
761 224
376 908
457 827
664 638
137 434
687 579
764 727
51 412
441 614
855 689
274 172
983 573
538 685
818 740
148 192
297 946
410 91
928 662
519 486
835 215
421 596
424 241
532 470
188 706
376 981
539 378
117 288
187 186
582 214
473 838
940 534
730 536
466 417
480 822
541 845
505 37
171 714
568 296
376 186
925 729
89 762
456 792
63 623
409 242
252 646
841 739
212 99
776 800
578 454
575 597
740 446
572 986
744 603
725 228
835 465
345 44
646 116
894 361
674 633
326 560
219 184
727 180
868 715
111 490
397 851
27 438
674 605
204 180
756 147
221 864
715 458
804 679
112 721
849 235
603 925
421 195
931 301
671 232
445 491
82 771
425 404
929 473
127 258
637 665
742 223
258 686
707 603
153 656
972 345
27 398
102 755
732 755
418 794
596 84
411 931
602 958
476 689
564 345
513 373
355 507
733 801
597 37
184 646
453 572
310 493
135 828
201 580
613 790
486 740
578 641
548 186
422 69
646 103
774 378
599 262
939 402
942 652
472 974
265 676
588 9
373 407
238 239
314 637
261 310
878 394
743 469
566 939
848 569
490 842
77 679
338 445
749 497
389 943
992 561
503 284
373 54
135 372
897 420
207 345
175 383
115 355
194 226
661 955
453 541
381 288
597 137
741 560
432 712
893 324
824 597
956 692
534 113
512 736
284 347
356 540
924 549
417 440
622 110
436 97
319 223
672 498
142 763
727 942
382 423
867 685
245 204
508 768
239 691
339 696
155 412
469 994
318 346
594 362
770 864
331 329
169 807
555 676
451 903
854 374
457 268
521 171
672 195
993 419
224 878
540 886
28 611
310 111
719 243
886 729
422 280
805 707
549 27
398 48
368 440
667 321
841 439
774 124
432 17
235 562
925 585
287 478
701 185
833 588
558 886
68 273
279 212
789 525
783 607
519 681
463 336
317 158
918 712
968 398
669 564
473 76
532 265
411 333
730 110
892 740
603 11
592 845
334 879
706 717
658 290
200 519
309 586
76 624
873 296
331 305
479 808
442 370
182 680
998 456
243 186
152 537
556 152
739 639
925 488
139 417
835 293
371 657
631 978
749 725
918 480
984 619
583 371
199 424
704 580
828 711
844 429
282 927
530 903
222 307
696 793
588 803
