750 2122 17 180
501 633 51614
122 569 27803
402 660 39051
485 696 10817
321 421 59397
201 394 38275
126 468 11045
175 693 27166
336 649 24187
157 416 37121
408 721 32558
363 658 57567
226 434 56798
354 594 47424
68 173 53460
179 471 13928
404 630 34059
1 348 73756
490 556 19235
210 368 51865
220 414 27659
154 220 31145
124 487 50000
42 644 43600
112 358 25298
192 587 28443
41 643 45100
347 359 26627
148 309 38601
178 430 22847
206 383 63325
427 709 31780
364 433 57801
399 482 40311
223 263 45967
115 285 12530
215 725 44822
471 527 31048
353 686 31385
563 710 29428
142 322 14560
625 706 14036
106 196 72918
215 216 59933
500 567 18111
37 661 36235
171 712 34828
105 394 21471
306 621 39459
240 292 33242
146 397 46011
176 258 45967
124 513 51478
83 742 62626
261 604 42297
542 670 30265
311 332 35355
75 238 79120
17 308 53935
534 632 20000
22 57 38328
462 724 19235
120 363 50537
75 540 49092
93 599 52202
116 406 32062
567 627 16401
391 523 29155
251 283 30067
79 729 23022
553 561 57983
605 699 30480
48 315 63253
172 563 42802
303 533 24042
621 701 27659
18 742 25710
347 470 17692
92 313 33106
29 603 20100
298 606 29833
83 441 45891
552 749 28844
162 600 30887
290 501 37121
16 374 32388
47 369 43863
111 688 35847
52 570 21260
95 386 47127
330 614 47297
437 633 46141
437 726 30000
296 586 34928
25 166 20591
138 316 28302
161 349 50160
8 746 39294
602 679 41000
84 448 28160
108 681 18028
514 520 47413
105 359 19416
338 552 47802
8 383 58412
127 248 48877
245 370 36878
61 345 82292
379 673 33941
133 500 40000
39 199 30806
261 648 22472
239 566 38275
405 499 35228
385 561 37121
188 302 27295
165 740 12166
216 401 48826
112 236 47202
14 688 41881
83 506 44553
177 713 77666
122 346 44407
221 723 13601
388 449 11402
90 672 43658
510 687 43566
252 368 41000
46 187 30083
453 566 33000
172 536 56586
87 146 59816
222 487 48662
439 618 52469
75 642 42048
244 447 14765
568 745 85726
399 664 42720
284 439 17804
2 392 37162
87 325 63789
349 679 24352
418 642 25456
333 541 36222
370 457 40361
575 729 28284
235 556 161533
249 342 31623
387 438 72367
227 344 25179
304 565 64938
290 341 16492
31 426 23431
106 596 50606
256 568 12806
225 282 73007
97 184 11662
294 599 58830
79 710 29698
497 703 33601
309 528 55326
275 644 16492
443 672 33956
413 539 10630
213 402 76485
39 346 21260
518 580 26833
428 635 40311
297 324 72062
43 578 27000
466 542 30000
166 727 16031
564 580 44911
530 709 34482
21 122 22361
422 697 62936
336 620 47424
136 214 39825
59 491 61612
105 347 33015
140 279 22672
137 302 21633
348 724 59076
260 704 34205
158 543 38013
308 741 46615
131 611 52631
28 247 46840
111 149 27459
177 256 39205
35 602 25060
450 698 17720
42 74 35228
574 735 14422
307 490 39051
295 407 19209
342 678 41785
210 252 18788
255 258 54009
327 696 16553
87 448 63159
100 529 26077
59 184 22472
292 712 31064
10 667 26833
163 689 60083
460 679 29428
233 672 55145
54 230 15297
340 640 29411
635 653 53852
110 488 19799
69 746 33838
96 390 34928
154 304 23707
395 682 50160
213 372 12530
305 441 34670
553 724 61351
514 601 51039
257 332 31401
597 701 31906
152 280 42107
465 625 31064
464 502 37336
529 711 50160
466 670 55570
64 604 53451
119 634 55543
287 611 38184
268 708 60638
366 488 15232
117 366 21095
73 77 22023
470 629 24042
151 331 19209
469 573 31385
422 693 16000
406 654 37855
300 432 29547
115 560 12000
355 550 37656
102 337 12000
565 694 45177
335 700 30806
377 420 63063
286 483 30610
402 489 71589
199 721 23431
15 423 74947
279 402 39661
588 628 11402
185 521 44294
173 473 37577
468 658 56886
144 607 46819
263 328 44011
349 636 23022
156 471 31828
288 629 61294
434 729 63953
124 750 11662
55 646 59481
55 508 45222
55 113 31780
35 460 29411
336 416 27203
630 723 26476
214 371 93000
491 655 61741
31 301 71113
9 690 52479
104 379 29206
702 743 35468
1 284 45891
66 467 36401
11 649 17263
661 707 55803
297 619 74330
169 459 19416
199 583 13038
589 735 71840
331 589 77827
386 726 18028
343 631 14560
379 598 23770
429 696 63789
171 292 20396
118 272 18601
294 409 17029
72 173 52345
249 678 32650
634 738 58592
511 551 13000
359 629 12083
195 269 18788
484 750 58189
79 575 12728
678 719 19000
219 315 31016
55 672 51740
700 748 34482
339 690 57489
168 506 50695
167 733 13153
136 371 66851
614 619 55227
480 656 16000
134 282 22672
87 554 44283
50 471 39408
136 410 42426
59 317 31321
382 523 23707
347 547 25942
148 178 40447
332 340 10050
38 501 37947
432 491 37483
150 702 54918
331 558 44822
342 719 39205
5 111 22136
301 366 39661
20 392 14866
80 713 56613
544 572 46400
43 565 38471
341 633 11402
440 511 28160
482 493 43046
201 579 59682
505 730 21401
68 72 48104
102 106 39812
380 748 40817
240 583 20616
496 668 16763
579 692 37590
224 331 72801
18 57 39395
22 328 23707
52 370 33287
40 747 39115
253 549 44011
73 721 24759
351 407 40497
486 635 38184
198 350 11045
75 187 32573
274 650 61400
7 125 21401
137 705 39051
179 527 21401
84 707 50010
438 550 61400
477 510 42190
229 564 41677
149 620 56569
498 731 57140
60 262 26019
702 747 41485
8 500 49031
247 327 38013
385 503 33242
227 503 44944
321 636 57280
539 579 43081
389 461 37656
48 662 43829
135 201 62514
117 651 24597
43 498 60374
373 418 32450
605 663 22627
406 664 31953
463 701 57974
418 586 52038
326 706 38210
330 426 52431
301 702 54626
440 551 22361
318 568 78492
171 607 24839
195 497 23537
467 536 62968
504 505 53852
68 306 42154
413 741 22561
458 690 26000
354 606 15000
25 381 42544
417 438 52402
432 542 48765
89 409 26401
152 459 101020
97 716 50359
415 583 28018
432 577 12649
354 557 24083
456 552 49578
74 80 50990
162 308 50961
177 393 76164
512 718 25298
91 360 48918
148 659 40361
38 337 38118
257 481 35341
198 540 24207
309 499 44283
529 588 20100
582 689 39319
98 541 33302
409 746 32388
106 362 77666
133 396 62610
95 654 23345
62 158 31828
57 96 37656
248 528 34713
696 725 48021
355 555 30000
338 632 42942
558 704 38053
404 553 44777
474 481 31401
430 659 37162
55 193 44721
197 574 39051
99 206 14318
23 318 40262
255 544 47000
293 608 51971
106 337 36346
193 721 17889
44 85 43417
465 493 48836
182 213 27019
215 546 56089
541 562 33615
155 616 43841
195 264 10198
270 368 41725
274 442 25000
19 417 33541
364 379 75802
364 673 43658
300 521 49163
117 352 29833
512 662 12042
13 211 21541
323 651 24759
643 713 29275
176 255 37443
467 492 30610
326 604 49031
319 456 21840
656 665 64777
94 695 30000
21 519 20616
513 646 24083
61 236 31321
430 476 10440
233 271 36688
39 193 43932
62 543 12083
232 451 32016
59 655 12649
114 509 53759
336 671 13601
146 561 49396
685 722 38626
89 578 22091
347 725 37363
10 707 39051
1 478 46615
289 360 36797
555 700 16553
109 332 47539
226 267 28160
35 648 34132
124 444 44011
85 537 39051
650 683 13601
162 653 52010
272 645 34785
17 162 24331
186 326 48918
476 666 35000
385 462 33136
192 441 18439
111 229 26833
347 629 22825
288 362 47011
45 715 12369
489 628 57009
203 740 70456
236 371 25632
470 546 43658
418 515 43417
121 550 30000
320 411 12000
98 645 48600
119 518 14422
536 623 23770
210 682 54120
136 345 66098
477 687 16553
502 699 26173
116 386 50606
43 230 49244
78 256 24021
381 554 44147
302 515 35468
194 440 21095
273 639 19105
150 496 24597
394 547 31145
403 622 23770
401 687 62434
462 503 28792
186 625 38079
79 172 16000
200 375 54918
441 506 25554
28 49 37590
305 742 52402
479 743 22136
321 741 52498
50 524 22627
248 704 49820
12 466 89051
87 272 60877
6 51 15264
164 711 48765
279 569 48662
174 526 29206
90 443 37590
9 377 33121
286 378 10440
143 427 23259
4 54 29547
613 650 39294
47 455 42202
208 599 40162
41 42 41437
460 475 23770
321 579 11402
491 716 51546
202 663 12083
260 499 21840
188 464 26249
249 274 39661
573 588 67000
202 677 30017
94 493 30887
222 750 42755
105 547 30414
421 714 59203
215 591 58694
270 494 22847
145 511 41976
405 723 41110
5 229 19235
473 551 60465
676 747 13601
129 612 56321
428 609 21024
156 482 37947
174 211 53759
7 488 22204
66 318 29833
71 76 21378
179 600 17804
564 688 54203
108 713 14142
262 704 18439
94 399 53852
604 674 46325
310 318 52154
276 300 20396
435 624 12042
77 638 37736
42 523 47381
288 591 38471
71 272 41677
305 587 45880
130 403 38210
264 269 23431
431 543 31780
441 742 58310
186 566 47127
105 692 35228
73 113 19416
123 283 31623
36 110 40817
141 231 37162
120 374 43174
84 205 50010
243 703 53235
13 607 57559
12 259 51662
143 709 35000
380 555 16279
440 737 38079
400 535 27459
357 489 20809
716 728 10630
233 519 33422
139 374 21190
632 708 63891
612 656 42953
87 101 65856
59 742 47424
309 405 22361
216 591 12369
356 472 15524
438 710 70803
41 244 14213
312 397 26476
15 381 38949
369 455 37802
132 560 32650
13 119 57940
121 183 25807
194 737 43046
262 322 14866
160 593 13454
298 569 33734
186 239 30000
370 723 27019
147 504 38079
119 738 49010
84 325 39408
224 329 15000
225 745 52345
219 452 33242
148 658 55227
361 580 21260
538 661 41000
215 701 66483
354 434 56886
88 495 17000
583 712 34015
141 536 39357
431 740 48332
231 447 26249
13 638 58009
561 724 27019
248 363 41183
50 527 25000
11 361 11402
228 319 25179
609 635 25239
172 467 54231
47 533 25554
133 544 34366
265 551 66068
169 204 18868
104 598 27019
340 455 32802
352 366 30806
207 459 139431
17 161 51971
182 402 70257
16 250 56303
684 738 102108
660 711 44407
68 429 10440
86 592 29155
163 431 85288
44 469 33121
121 417 37736
156 493 10050
97 305 72801
44 268 34059
417 449 21587
85 588 59059
536 729 71470
33 554 36235
167 189 19799
268 534 43417
205 637 50000
273 474 29614
284 477 49820
104 296 15264
455 640 18788
430 445 27857
6 191 31828
168 571 39812
165 225 23022
147 313 41000
127 528 32985
172 710 21587
297 613 32249
266 517 34713
19 449 31765
643 647 30414
431 577 40200
146 553 59211
19 339 38079
65 734 33242
9 388 43681
37 538 19235
243 377 20616
307 556 57315
75 104 50210
78 177 48826
117 259 52839
50 595 29155
419 466 109225
57 83 44777
553 630 45880
107 611 28284
148 669 47170
368 401 68118
68 389 33000
51 736 29069
518 738 42450
189 610 44283
241 341 13416
362 629 57871
43 409 44922
315 452 14318
3 30 33015
80 275 48374
406 652 36014
491 542 47508
13 174 67543
601 626 14866
130 633 40804
314 687 53339
126 309 38601
132 453 65192
137 544 42802
241 524 38079
302 544 46690
85 720 43600
386 595 40000
413 454 53009
111 620 46840
96 163 21190
124 661 45541
216 463 28018
161 475 52479
383 599 66212
41 647 39205
434 594 46957
335 387 41231
657 682 38639
205 325 21401
313 337 19799
343 396 60877
134 740 64514
562 603 13342
567 631 25020
221 630 31048
187 642 30871
412 676 20000
204 688 79850
232 531 27295
139 363 53000
283 391 51624
214 238 178138
465 686 33838
60 322 20000
277 291 11180
28 461 73376
82 552 32016
152 207 38471
57 328 31385
121 355 25495
164 356 43081
533 685 48836
142 558 23770
30 616 38275
405 717 21633
297 383 43046
36 376 18601
230 294 26401
691 746 34059
439 617 39205
27 706 21024
480 665 64281
166 226 35511
420 423 57009
109 313 37537
433 498 44011
66 310 37014
276 577 11705
309 666 29732
650 678 53000
236 665 51000
416 671 26173
445 750 50249
375 604 32573
118 645 18000
215 463 62008
399 654 51039
55 444 44598
194 734 20000
272 333 49163
159 238 24083
307 498 38419
349 741 34366
212 267 38601
174 545 16279
369 639 32202
246 267 32696
154 565 53935
240 415 18439
601 669 43738
652 663 28636
215 306 43382
510 617 32650
349 475 31401
575 710 32311
662 718 21932
157 336 42544
177 576 73756
283 537 34928
466 728 16643
61 656 63561
204 459 35228
597 617 46690
527 600 27659
459 688 94005
450 452 28018
97 587 118680
151 616 40200
107 624 22136
648 714 75584
46 418 18974
132 410 13601
90 233 23601
676 702 44045
680 702 54083
86 514 14560
533 722 67624
226 593 36674
518 671 45607
438 703 51478
386 685 41110
279 660 13928
14 549 52498
49 696 17263
150 668 27459
445 626 35228
90 661 78160
435 650 55317
496 509 46174
325 448 35355
279 354 33838
214 522 43417
86 581 25080
264 703 15133
243 388 46325
622 732 12166
210 401 35355
398 446 27659
253 573 25495
113 638 34205
251 537 12166
656 699 43382
319 708 61612
694 731 16279
320 584 20125
487 513 39115
18 185 34132
516 682 45891
31 232 55009
183 614 62370
66 492 31016
405 535 48662
9 56 41049
173 621 40050
188 544 46098
92 102 32000
511 739 50090
502 610 16643
225 740 32650
504 730 60017
186 299 36249
476 484 34928
360 535 16401
316 464 37014
183 237 45354
400 630 30414
110 259 17000
240 346 49031
397 457 31048
444 661 51039
342 392 25710
152 534 17088
655 716 46141
569 615 94048
11 564 38275
513 592 35693
25 727 19925
69 255 29614
114 556 122197
597 709 21840
260 535 27893
8 442 53852
359 692 24207
62 740 20396
92 147 25080
22 83 17029
74 644 30000
21 271 16492
280 534 27514
45 60 30676
401 516 66189
74 643 29833
22 168 13153
378 483 22847
134 203 15811
98 562 42579
517 638 64125
559 731 26833
231 434 47434
339 449 43046
311 639 13000
494 504 33615
132 299 64327
388 417 30067
175 422 33015
271 346 37736
395 478 13928
253 620 44922
138 373 21378
239 674 49649
145 739 10817
394 485 35128
677 685 70349
127 704 17804
144 712 41400
311 369 25495
164 231 37483
56 377 39825
360 400 24759
402 628 55902
481 507 29530
422 637 36674
33 87 24083
50 437 27295
48 718 55227
365 662 31906
428 653 33541
25 26 39623
323 479 27203
167 722 59059
515 705 43186
422 667 33136
618 734 38910
3 532 35384
112 214 122066
607 671 37014
680 743 53000
227 682 53852
83 168 19209
140 557 17117
346 615 52802
189 396 30414
413 653 43012
367 571 51624
184 317 20591
546 629 50990
115 345 11662
9 243 37121
564 738 67476
565 578 35171
344 348 36346
88 694 35341
512 638 70007
155 248 25495
96 185 13601
526 634 41195
182 489 21000
332 730 47011
259 419 51662
576 681 22472
310 483 13416
91 289 62201
145 224 17464
177 689 28844
170 407 77492
460 604 33734
277 364 37014
13 77 27074
100 217 11705
17 600 24698
52 484 29206
26 212 26833
529 628 12083
70 411 18111
89 691 16125
48 63 108600
296 304 72125
241 486 33422
547 696 42485
299 695 40200
272 541 66400
266 512 14422
34 129 27000
180 586 14866
140 354 30017
13 144 27295
503 682 33106
88 364 21000
199 712 35847
460 648 31906
363 468 27019
114 496 31780
222 520 19849
237 339 47074
23 66 38588
304 495 77201
308 653 15297
39 271 46174
153 543 23537
72 461 54231
602 714 50695
387 550 24759
251 720 39925
278 368 24597
384 702 37537
164 557 58249
519 667 30887
517 646 15297
533 611 55444
619 676 50931
4 736 38275
451 531 38210
109 730 65924
367 552 41629
314 398 13038
247 424 18974
293 358 22561
15 584 60415
294 746 45398
181 729 24515
132 285 32573
339 388 45880
101 693 33541
45 91 28636
465 706 25179
374 532 143892
219 514 33734
209 469 41869
532 675 48836
1 477 40447
15 645 40608
427 621 23195
240 615 35777
181 269 32558
128 202 20616
108 643 23601
78 483 24739
323 351 36125
318 748 34000
74 713 11000
254 343 38118
39 672 43046
434 557 55785
164 244 16971
106 454 42059
20 167 51196
166 267 43909
350 540 20396
137 304 31890
101 325 43382
16 363 60075
316 373 19235
653 741 40112
2 131 40224
48 545 67268
487 592 14142
49 485 12042
23 467 45541
35 679 22472
207 632 38210
41 447 22361
442 627 13601
155 363 43382
50 654 44294
301 352 15297
87 561 65620
109 340 45706
469 588 62177
289 348 10817
123 228 20125
215 470 29530
365 517 29732
254 392 20248
417 550 14560
565 731 33941
209 268 26000
30 155 18682
72 265 54745
376 670 29732
712 721 36715
47 590 23087
410 560 30083
344 724 44102
29 682 13928
257 639 31064
134 256 19000
84 637 63253
435 690 48384
196 539 42579
33 71 20616
356 523 38053
602 636 49659
43 736 61814
242 601 56613
333 503 22136
250 658 40804
69 414 17493
61 665 36497
423 507 43909
130 622 32388
424 429 44045
258 500 22472
182 372 16763
36 531 33242
192 305 18601
745 748 15297
221 245 28018
86 487 32894
171 416 18974
398 510 13454
4 6 19925
518 607 38079
480 699 39115
127 499 28071
402 615 88091
63 219 27295
26 423 70228
247 461 26571
292 415 20616
403 633 50249
16 658 20616
569 697 38275
28 714 127640
243 438 31048
284 617 33287
393 681 36249
159 198 26683
186 674 49041
541 603 25612
291 559 17493
275 391 17889
7 531 18974
298 697 14036
521 742 56143
291 498 50567
314 446 28862
273 481 13601
122 697 49010
18 96 35805
384 747 22672
191 736 35228
455 732 32388
603 657 23345
254 342 14318
282 740 59666
254 396 48094
217 356 29411
162 635 29614
361 564 39051
20 131 24739
446 701 10296
545 718 21095
475 604 42154
134 582 24331
189 572 45618
425 427 30414
312 707 32450
172 729 34670
54 294 21378
244 523 65299
183 297 42438
148 666 43932
333 385 17117
228 456 30610
65 618 21095
389 424 44721
188 515 27000
370 484 42202
400 553 51865
250 669 24000
274 613 59008
547 725 25554
28 135 35000
249 631 12166
92 504 45706
77 144 15297
12 670 40025
287 458 28425
588 720 26926
296 598 16643
509 702 47424
100 720 27659
235 509 55036
160 727 53235
163 521 43932
91 348 68118
153 451 24187
150 384 43600
53 335 33838
377 423 53451
147 730 63655
128 189 25080
452 581 29833
314 510 20224
140 164 62177
61 136 68447
366 436 41881
278 401 77698
125 436 16643
395 516 11045
444 508 23022
82 367 18974
206 297 64475
80 689 62968
17 353 48847
525 613 39446
382 391 11314
49 135 39319
78 568 18358
80 263 21401
113 721 21024
491 521 44777
64 686 14000
117 323 28284
301 330 93941
153 577 36056
495 565 57035
494 562 24698
163 185 12649
23 563 49041
414 578 20025
278 288 60531
204 209 51430
211 634 25495
8 599 30000
486 501 22561
311 455 47170
161 353 10817
406 663 41725
152 632 22361
44 209 16125
15 507 66310
256 582 28302
345 664 60407
103 170 10050
203 431 72139
269 420 42638
424 461 16553
538 570 21541
390 585 10440
89 746 30529
351 651 44407
249 627 33000
358 608 40200
572 610 29732
234 650 57628
355 387 30610
429 725 45177
211 526 40361
581 592 27586
328 585 40447
99 412 30414
24 268 18248
254 641 20616
277 559 20025
143 473 32016
596 609 24839
265 473 34886
262 558 37577
475 686 36139
73 638 31064
1 334 47707
218 369 24000
205 422 23345
63 374 136499
494 657 20616
46 350 23707
487 520 41881
103 351 46861
31 225 43863
259 488 34015
364 559 25632
320 507 22136
128 167 19416
264 420 44598
2 611 20591
277 433 20809
286 393 22000
549 573 26401
554 727 28178
663 677 19416
268 632 55902
248 558 41593
161 686 37363
171 671 29000
140 660 12166
237 683 18028
278 362 80660
212 246 19313
195 729 39623
287 533 34409
266 638 68505
231 729 73756
69 220 20125
439 715 37577
345 410 39357
55 58 41761
438 497 65031
640 732 26833
60 260 50210
50 482 38471
69 691 13153
365 450 48374
282 568 11180
86 219 29833
618 709 46098
513 517 24698
203 582 22672
183 355 38210
217 711 43417
306 725 47170
490 498 17000
141 729 75822
175 697 50329
69 258 55570
187 540 22204
58 444 19313
109 640 57585
388 438 34205
207 587 180278
483 568 40112
249 442 39217
148 468 21024
241 290 10770
234 719 18788
487 750 52498
241 635 53339
344 478 39294
230 409 37000
53 387 22472
533 590 15033
34 406 24166
106 278 42544
322 574 31623
101 160 49659
5 11 39115
198 608 46530
351 680 46239
99 208 13038
54 93 18028
63 281 21932
187 350 23087
133 258 47424
507 584 39051
307 736 18385
96 689 50010
64 465 32140
334 477 32000
299 453 33106
328 548 20248
524 527 12042
403 640 39408
272 561 70711
38 640 60166
186 695 44654
292 615 51078
516 687 40162
130 685 58694
471 482 17804
61 612 42059
157 372 37656
99 676 38328
24 204 53141
316 502 36770
224 589 33302
133 176 17029
437 524 30083
624 690 44944
625 695 24166
638 646 61984
76 381 12649
536 647 39699
39 240 42802
424 696 51313
46 138 29155
265 461 108904
3 120 68242
21 233 39319
9 339 43186
67 421 57070
589 734 18868
404 457 21633
257 411 22204
303 590 16125
130 732 34713
10 84 64405
520 601 21932
499 535 35000
130 726 40792
586 642 39446
256 282 15133
498 556 32450
26 420 62626
457 570 31385
206 208 13892
246 269 44553
144 408 12083
316 665 64661
190 367 35847
426 745 76007
223 275 33422
91 715 33242
108 576 18111
128 605 13601
598 673 15133
497 710 40792
190 223 54424
176 544 26401
217 523 41725
100 523 48021
281 374 114634
150 509 33302
345 612 61131
20 641 17205
102 278 57385
137 154 35000
445 484 27659
334 687 29155
250 601 45880
286 492 33302
143 530 12083
689 713 82462
143 425 24739
634 684 50448
376 432 55803
149 253 53085
131 167 57489
454 609 38949
506 552 99020
331 675 55036
160 298 51430
55 638 28284
518 649 41231
198 293 42942
202 605 21587
437 595 15000
328 571 35777
180 296 21378
107 234 42638
188 572 22804
427 701 34482
538 707 33242
580 738 28601
362 692 41773
380 614 24597
396 544 51352
80 585 61717
76 554 39051
98 505 46098
290 633 25179
17 179 37054
401 463 56223
432 670 46239
65 735 51478
622 640 26000
149 688 40162
201 421 48332
376 451 54083
452 592 50448
38 313 26401
138 608 52431
272 385 48765
26 381 14142
285 399 34366
15 118 32757
181 267 53009
196 579 42012
386 677 57385
10 637 16279
378 492 29155
49 201 64885
238 379 133454
344 462 37696
348 553 38288
39 583 29614
19 121 40162
84 397 24187
458 624 48000
468 528 30871
160 697 47854
60 197 54562
183 613 32016
324 619 10198
659 669 28601
131 722 15524
33 76 30529
242 281 27459
23 387 41773
40 54 35000
84 312 29833
330 619 31321
64 475 41881
415 712 18601
120 139 27803
283 708 62008
652 699 33956
291 433 22091
53 555 32311
632 749 60108
4 668 26401
157 357 40608
189 699 32696
430 666 30000
266 365 18028
56 273 37336
1 344 56648
70 730 12369
317 742 41304
190 571 22361
257 311 29530
200 674 36125
414 691 13601
215 347 38013
423 474 23537
34 656 45607
649 671 22361
40 93 22361
339 435 29732
337 501 42012
223 228 43829
10 233 34655
412 599 45453
60 91 39812
234 624 54589
505 645 48094
301 436 57871
206 324 26420
197 715 49000
218 273 48374
301 743 23022
259 651 57140
81 714 54083
40 599 53151
49 327 15620
324 676 45804
316 608 60828
130 386 48549
299 566 35511
97 317 31241
31 436 41593
393 483 47508
17 156 42942
47 458 30480
734 735 68007
90 707 60208
107 287 23022
42 643 12530
127 260 31828
548 571 21024
48 684 87092
170 351 53151
452 513 63032
261 375 41231
337 596 50220
562 657 12207
167 641 47170
234 611 29017
576 713 29120
231 557 49820
181 434 52240
141 447 24698
24 459 55758
397 448 32650
321 539 37336
339 683 48260
342 343 35777
141 647 44283
48 698 18248
158 225 18028
469 549 35468
28 81 73600
480 502 29000
56 218 48765
643 681 20100
650 719 56303
430 626 30150
129 406 11180
3 374 109567
365 452 58009
2 20 39013
94 285 47127
77 408 12806
213 615 23022
100 382 54918
402 529 56754
12 376 21954
223 283 41881
117 479 29732
24 280 14318
94 132 57009
586 705 39925
95 595 16401
265 511 78409
214 410 55009
45 197 47539
64 326 26173
630 744 17804
12 36 34000
5 620 52612
405 744 36715
492 623 36401
493 695 45891
75 159 58856
296 495 47011
70 320 20591
191 496 37336
352 743 24413
603 682 18601
38 109 36222
202 722 55009
159 293 28636
290 486 24597
261 714 80722
91 535 52479
173 425 14866
56 474 39205
1 395 49041
40 668 57140
225 426 48508
298 594 43681
40 150 53151
352 479 14765
110 531 28231
15 76 35847
232 543 35468
537 720 35128
526 545 26077
526 684 11314
197 439 47381
197 735 34015
291 731 30887
24 169 44045
451 577 23770
532 616 39051
281 514 42190
62 165 23409
82 168 66287
428 454 36401
375 674 49366
132 214 60208
629 692 29530
53 700 37121
623 647 39205
264 497 25495
509 680 21260
142 262 25710
126 528 37643
552 587 115521
593 594 28178
709 737 41110
174 638 80654
677 722 63063
19 237 21024
310 492 34000
194 589 22000
53 355 12000
26 246 42297
4 230 24187
160 175 25632
617 709 40162
297 614 60605
400 744 28178
343 567 24698
357 372 27731
125 531 23537
27 326 23022
541 645 64382
633 726 44011
104 180 14422
734 737 49366
200 239 31401
180 642 46098
542 728 35341
441 587 27295
11 229 42190
67 135 36069
177 582 18601
383 525 16401
334 395 15000
279 606 41231
5 649 30265
124 646 51865
662 698 42048
157 292 47096
584 645 38949
389 429 37363
92 368 43681
159 540 11402
295 680 45398
546 591 25080
25 267 48166
345 560 11662
54 668 48166
233 667 36014
329 532 80777
151 675 46239
50 95 35057
191 307 29547
7 110 18788
201 321 62032
132 522 61400
346 569 67119
229 688 27514
103 259 72450
287 624 37202
267 269 38601
463 687 62394
51 191 32280
396 641 43081
440 473 55317
436 488 35805
168 367 66648
224 675 42107
223 391 43966
268 280 22672
28 327 35000
401 591 54489
160 166 48836
146 448 30414
285 560 12530
393 623 37336
181 195 32388
105 201 46390
174 512 34059
88 673 25000
542 716 40792
57 585 25554
420 703 40000
32 403 24331
133 567 30594
353 465 41231
539 741 29155
146 404 54562
611 722 61717
297 525 32311
252 270 32311
500 627 13601
283 382 48260
40 412 43463
81 135 41231
248 616 51923
114 307 68505
190 228 31064
610 699 33526
266 662 21000
361 518 27203
406 677 34785
209 549 40012
67 81 16401
475 679 36235
123 708 59540
184 655 17464
193 672 32573
385 724 31241
596 635 33377
98 494 44598
207 338 24000
153 232 28284
136 236 53009
396 733 28071
641 733 43681
2 342 48826
329 739 19416
284 510 53085
306 429 44407
282 745 84581
312 538 34438
16 139 29155
123 319 26401
370 717 50160
243 420 63514
237 613 41183
18 521 54231
70 584 19000
42 244 48094
218 690 27295
119 607 29155
545 684 20591
217 529 30806
100 251 44643
98 504 47170
246 420 31064
717 723 35805
73 408 17804
479 680 52469
453 522 20591
377 474 56436
25 554 31575
338 749 22561
459 564 143753
138 198 37121
595 726 33541
1 91 63246
194 511 39294
242 514 31401
60 574 38053
235 407 28018
425 621 31321
168 328 33242
260 262 38079
356 711 29833
308 349 50596
220 255 11402
145 589 30364
252 494 22847
222 445 26476
75 180 55073
48 450 30480
723 744 17493
173 306 59034
484 661 45651
341 524 41110
33 272 51400
218 458 26249
284 715 45044
464 572 34015
129 664 25020
482 654 58464
647 681 17464
654 664 20248
464 610 26926
8 258 36401
206 599 45011
15 71 29833
253 357 34670
612 664 67007
173 265 50329
530 737 23770
422 519 53666
263 585 55902
245 457 23770
393 647 40460
485 547 42521
36 259 35228
357 620 34928
1 715 56080
196 362 18028
93 294 21954
309 717 22091
652 656 49041
288 401 76400
170 419 79404
49 394 44283
101 175 36620
210 657 26077
96 585 37643
227 478 18385
499 528 49518
112 238 56080
555 614 36797
288 546 21932
425 473 34713
162 241 58600
157 615 51624
32 640 54708
296 673 29833
92 278 53935
32 633 57245
235 680 50249
193 199 26019
472 711 17804
71 118 43829
636 741 31890
370 666 59059
43 731 58310
411 507 28320
594 606 38910
183 555 50990
123 223 45541
174 718 14142
497 575 10770
124 508 35847
140 711 45695
427 597 16401
276 432 17464
102 313 14142
16 281 95603
626 659 34438
142 574 25060
398 597 43000
189 733 12042
341 437 45967
154 414 34655
181 226 62169
13 634 43105
23 335 13892
156 465 52555
182 357 19235
58 443 14765
207 552 68447
5 336 33601
400 405 47011
454 596 45541
151 558 48765
158 165 14036
312 570 25495
43 89 36401
163 582 65146
421 602 36401
464 515 18385
226 594 46872
407 556 186987
27 64 20616
47 218 40447
289 553 38484
190 263 54083
263 548 28792
164 472 36014
421 636 59439
364 694 32558
311 340 40361
99 324 17000
286 623 36139
258 746 42154
6 496 23431
230 736 49578
178 659 27295
396 572 36770
326 674 17493
2 234 26870
120 155 42426
47 287 41049
112 293 46098
608 665 13601
92 270 42720
363 528 32202
314 463 38601
327 424 44822
125 232 18028
523 644 46065
305 317 44407
590 732 44011
85 708 43174
31 543 52802
473 530 29547
604 648 37577
273 369 42000
12 419 25060
34 612 55109
121 237 43186
130 303 51865
318 483 60166
435 683 50010
238 293 11662
495 673 32311
113 193 19849
14 253 56436
219 581 18028
32 501 33242
227 462 33838
103 419 80050
529 720 30871
224 739 14765
70 505 16763
292 416 19799
65 439 55785
391 644 26833
315 450 33615
65 197 29000
301 426 69296
300 431 48260
365 513 42450
29 541 18439
312 457 39357
330 676 71868
271 672 58796
58 661 58600
137 255 39962
302 705 31385
160 594 35228
501 596 40311
221 370 15264
411 730 23259
411 481 35693
10 90 38471
345 399 37577
67 201 48836
205 693 16031
418 705 53759
25 212 31906
505 584 21260
522 566 51971
558 616 50774
276 431 36674
433 556 24042
370 476 54562
138 418 31145
31 158 33242
27 465 22627
3 616 22023
186 706 36014
454 539 53075
235 295 32894
367 456 20616
46 198 31113
163 300 74653
241 527 44553
112 665 52469
314 701 36674
21 697 50537
245 404 13454
122 271 28636
85 469 35468
519 697 46228
358 665 47170
252 657 22561
331 735 31241
101 554 39319
249 567 26420
456 749 50695
473 737 40817
116 654 42438
383 442 35777
116 677 13038
75 379 54571
47 732 50990
222 626 24739
274 678 37216
97 655 19723
304 586 56089
59 521 41677
29 503 25020
408 712 40497
306 701 49659
304 705 31623
14 149 10440
67 714 61351
103 651 36878
569 606 45651
503 541 33615
91 260 52000
361 649 26833
78 393 59405
708 749 84291
201 692 58694
151 532 46011
4 51 13038
387 563 66000
493 625 46755
617 618 57689
335 748 48662
601 659 32016
289 400 45706
445 476 20616
132 695 64885
41 141 23022
508 646 34015
86 520 46690
63 514 42059
537 708 58249
72 389 20809
101 727 32802
37 52 13928
370 570 42048
157 213 43186
637 667 13000
413 428 41773
605 652 15620
280 459 66603
319 749 54818
661 750 39115
241 600 53852
489 588 55317
402 711 47424
478 682 52631
253 489 39812
393 576 21378
599 746 57723
234 435 59775
614 748 57871
443 661 66212
2 719 37643
390 689 23431
467 563 16763
244 356 52154
109 147 24207
303 685 32016
329 675 32311
166 593 43382
36 451 46228
387 710 76694
323 680 47927
145 194 42450
613 683 42107
559 694 17000
402 569 74330
666 717 24083
196 454 46390
432 451 32450
52 538 22361
37 484 25080
392 641 15000
300 491 20591
330 745 74041
178 666 15297
31 125 50488
520 626 21024
497 729 32558
55 443 47011
455 792
693 432
292 940
752 170
66 434
746 151
547 96
712 273
557 450
268 593
45 467
520 24
75 568
75 376
473 581
199 859
798 660
338 113
580 384
732 431
249 529
284 144
498 315
88 275
407 534
446 541
871 705
721 948
501 695
273 913
541 163
672 615
424 593
829 488
824 803
520 58
257 682
660 626
187 529
705 197
339 346
325 307
798 218
132 300
407 838
918 369
646 510
43 698
703 915
790 586
759 159
270 687
538 327
740 197
150 606
559 491
322 149
190 618
367 56
378 848
923 486
488 152
108 785
858 721
439 905
465 295
767 894
614 930
782 274
551 594
444 588
597 975
124 571
329 272
956 327
440 567
102 570
424 236
434 396
307 226
780 904
206 155
283 127
320 631
175 306
141 751
406 609
904 230
776 247
230 587
395 812
619 664
725 207
873 626
788 551
359 142
361 27
527 652
643 235
237 338
362 560
651 664
620 30
920 292
688 852
668 700
647 446
350 282
624 622
555 79
73 413
981 457
143 575
738 102
881 570
787 512
601 88
480 613
54 514
236 901
567 346
245 507
217 235
182 680
534 113
259 818
320 834
798 453
829 515
702 563
726 455
918 591
754 345
423 193
742 920
952 548
822 324
903 394
214 884
287 422
358 359
358 874
526 921
99 555
424 983
369 656
609 641
251 810
78 386
709 144
349 930
94 219
488 118
822 289
278 895
836 640
125 444
510 175
966 385
341 515
808 711
774 664
379 135
316 367
496 174
389 524
782 442
271 142
60 309
621 20
102 495
434 380
561 937
46 629
332 539
767 334
384 208
245 770
800 623
908 300
410 433
167 421
588 331
355 37
367 131
916 687
946 358
830 369
796 428
243 191
768 128
278 64
158 562
455 954
442 438
699 766
419 884
940 391
157 536
935 736
734 858
785 469
414 180
70 325
330 582
649 248
112 185
656 236
116 302
558 723
55 576
434 517
168 448
977 579
617 852
591 798
248 342
606 504
112 758
791 292
301 723
200 728
262 242
408 976
509 193
383 489
460 736
226 217
49 425
755 194
343 393
516 114
244 568
674 413
710 69
953 495
599 375
984 401
940 705
153 503
739 617
150 796
520 447
328 355
324 707
441 499
676 961
295 876
711 362
180 806
225 295
566 706
131 383
734 398
788 303
423 212
575 573
734 302
555 62
343 812
879 814
352 849
294 209
452 440
543 984
84 659
411 486
106 278
434 455
578 676
233 533
465 624
564 528
678 340
283 268
457 92
881 180
629 717
270 437
91 261
123 801
438 210
227 265
464 837
887 581
411 284
648 469
637 777
390 750
729 621
871 185
122 491
978 411
744 218
679 58
912 279
623 307
295 492
931 654
437 88
605 132
834 342
685 514
843 300
293 53
598 891
795 140
788 713
282 787
436 272
589 547
297 650
649 650
537 837
83 747
879 409
337 47
488 276
201 214
541 576
736 796
362 860
629 84
626 235
343 599
884 724
693 927
295 165
396 985
586 224
364 918
606 578
469 673
495 766
510 308
86 461
663 664
136 185
589 421
616 577
733 605
721 392
737 360
435 739
887 560
201 513
655 851
399 744
804 761
939 380
656 60
608 117
817 705
302 448
550 327
276 351
150 412
973 433
677 836
363 775
38 476
684 776
259 856
904 209
90 676
583 99
212 173
607 706
606 528
288 715
977 486
162 437
882 390
194 891
905 782
509 43
528 466
421 281
943 274
553 281
444 555
267 292
666 309
683 179
452 671
743 537
526 346
545 408
614 963
345 174
275 284
727 417
389 284
698 871
486 754
782 401
323 655
526 844
853 576
345 758
563 758
237 415
676 591
333 697
302 777
819 510
694 46
110 560
755 231
922 578
553 576
665 214
748 751
797 265
135 507
108 477
547 378
900 363
542 12
467 482
778 838
313 566
512 517
658 955
550 927
556 181
536 900
740 710
624 927
236 749
464 128
464 76
869 163
358 438
617 431
548 122
766 573
512 417
453 851
473 965
274 82
698 325
197 605
183 636
226 723
544 865
335 368
348 634
552 399
66 718
491 94
89 734
961 640
705 720
636 551
207 193
315 685
626 487
41 305
841 779
651 970
449 704
568 814
850 386
855 689
433 5
455 330
260 829
148 329
643 838
813 618
280 366
527 953
535 522
835 756
239 739
495 798
473 749
621 110
865 444
560 541
824 604
430 260
247 705
695 906
718 643
152 720
569 93
167 400
833 149
427 70
436 306
846 641
557 685
889 238
731 133
447 415
825 164
322 806
722 321
696 638
845 423
476 694
574 656
546 610
252 95
534 555
164 649
687 119
517 834
465 992
72 651
131 687
145 765
857 369
497 753
118 666
46 502
265 542
187 743
388 92
971 622
278 313
774 602
653 319
28 606
783 610
288 842
223 360
515 926
529 90
318 964
668 497
100 235
350 785
393 341
213 297
266 665
741 759
959 376
505 677
451 29
493 141
788 350
30 632
628 797
667 874
284 182
115 342
543 364
477 987
174 156
374 715
401 565
550 297
852 146
304 424
336 883
880 200
893 570
415 674
534 694
460 346
13 446
832 236
961 673
724 339
433 220
262 485
286 673
263 181
816 387
136 358
380 886
443 405
368 280
468 88
798 245
725 799
22 490
118 741
399 197
158 523
532 594
335 171
898 311
250 69
203 358
433 954
669 512
603 795
138 722
350 505
337 480
775 561
712 675
526 887
921 265
694 249
789 637
196 763
812 825
521 697
874 772
806 464
302 463
83 511
933 437
731 691
836 409
675 442
883 499
619 339
575 270
169 471
309 926
492 855
460 903
616 233
118 426
559 897
670 568
402 319
626 439
881 672
206 752
711 329
212 365
666 831
331 731
723 364
116 223
726 596
32 565
745 670
791 780
280 582
122 602
577 542
644 568
742 417
918 345
336 301
299 272
498 613
133 663
363 315
858 806
62 464
629 377
612 66
818 474
773 716
811 547
371 44
865 460
544 701
204 839
221 783
275 424
225 665
63 659
790 480
830 540
929 450
260 767
280 569
736 149
204 806
481 33
82 474
189 572
919 250
899 733
366 973
653 198
786 499
682 377
812 784
673 103
356 299
506 708
616 381
20 614
716 506
844 721
510 791
40 399
360 192
602 477
784 261
692 817
329 566
872 215
891 650
686 912
294 506
61 701
826 441
535 290
553 870
655 154
467 442
334 845
861 326
880 686
270 632
165 264
505 893
455 375
269 380
124 522
340 272
825 874
419 835
411 21
284 765
48 643
682 396
210 332
142 554
730 470
305 736
432 695
645 887
742 555
388 540
419 14
415 409
563 597
856 212
668 556
784 429
443 938
388 898
788 157
492 932
5 513
415 989
484 172
770 756
332 88
628 131
320 745
515 245
750 263
666 194
518 260
158 180
192 686
