914 2061 8 353
145 188 37696
455 797 35057
567 733 38833
264 551 29069
169 723 18682
537 767 54424
743 807 20881
628 759 18028
59 606 42544
232 600 26683
326 708 29428
246 486 46755
352 506 36401
744 793 34409
76 396 11180
613 854 35735
19 366 14422
109 614 40311
618 689 32757
581 719 31113
4 655 23000
730 775 66611
186 700 28018
281 516 14142
86 87 34928
65 675 10050
145 585 34409
565 669 20881
447 666 45880
190 499 17720
134 785 12530
48 832 21633
486 675 16279
380 895 21401
477 555 29206
523 659 39357
250 574 28844
14 547 52773
92 560 61774
485 811 106066
726 829 38910
205 487 34828
638 719 16401
170 460 36688
34 179 63789
257 380 22672
170 625 48374
698 773 42802
482 827 36235
34 225 24413
119 288 23000
64 195 42190
547 843 42154
436 534 34132
333 696 48270
115 698 54918
345 834 15652
155 198 33541
346 442 39115
8 296 40025
286 482 33242
473 600 11000
378 887 11045
365 893 23770
69 497 40162
249 842 32696
155 348 35114
209 408 14422
312 770 45011
10 806 25000
519 873 29120
287 500 46690
224 414 38328
751 878 43566
446 743 49659
194 273 13000
146 859 29069
170 277 43681
138 796 16125
272 307 39000
114 200 21932
145 843 38601
538 881 12083
494 507 17464
341 672 25318
23 755 47854
411 771 42202
150 612 21260
377 910 51740
24 422 31048
97 341 57871
206 637 25554
410 592 35609
10 729 31241
157 862 16492
5 685 39115
158 391 51624
82 769 23022
612 838 45541
718 863 20591
63 520 25495
306 627 22672
527 829 55973
598 891 41146
296 403 26833
617 765 27659
658 818 37014
466 645 29155
722 840 33941
45 53 17493
511 767 53451
269 586 32280
104 419 14765
331 559 32388
760 805 20125
362 382 20396
231 769 28601
647 870 31145
26 501 15556
84 487 31765
523 831 44944
517 868 15556
611 626 44181
568 813 31385
662 865 35228
441 824 75133
169 522 41773
235 882 35171
222 804 45177
405 608 23707
351 530 41881
110 205 45255
90 802 49980
22 213 33377
123 300 25710
107 231 37336
409 901 15232
255 763 33242
111 316 17029
66 754 55973
580 619 29069
206 743 35228
353 547 30067
375 518 18974
337 867 28018
213 216 57245
54 650 30610
301 552 53535
404 714 41881
528 905 15297
173 809 24839
312 417 40608
83 745 13153
62 351 68096
394 872 62968
336 443 32016
98 854 26833
231 405 63561
138 795 42638
650 895 47170
674 882 29698
350 804 31623
663 692 28160
281 750 18439
255 781 46530
180 680 25000
427 486 19849
205 267 30529
477 661 71449
259 483 58600
443 717 38910
211 431 18358
552 879 28160
66 848 20396
168 676 25942
273 524 11662
18 528 35805
130 674 32573
794 878 22472
3 21 15524
188 217 39319
452 528 25962
378 582 20396
165 794 32558
7 541 49254
451 752 15811
747 856 35355
581 914 36125
78 778 22672
85 613 60308
11 836 41725
651 880 31385
126 471 28601
833 872 59093
90 779 72450
288 710 26173
102 263 19235
38 346 29428
238 574 29069
39 675 44407
315 320 30083
654 860 29833
215 662 92130
255 735 12369
318 409 22361
223 845 27166
113 274 27459
637 746 34785
681 908 37855
836 851 21190
684 736 60902
375 718 22847
432 749 19209
234 562 36401
362 455 46872
360 732 26401
341 910 67052
454 727 38013
445 860 38000
181 546 46228
454 835 27785
181 810 37643
52 512 19647
29 705 30480
340 739 31321
390 526 37643
509 890 48508
259 592 40311
64 905 25060
604 651 17692
282 909 29155
130 882 14866
28 620 23000
86 518 55000
712 874 19313
721 853 31401
189 761 19416
143 740 41437
689 716 22627
153 156 22472
261 733 20616
117 410 43417
563 609 18868
57 93 36359
363 551 27857
443 698 35847
755 880 11314
256 359 20248
492 720 36249
664 694 25080
55 351 28000
245 340 19313
642 859 64637
114 193 31953
148 440 13000
670 843 37855
297 408 29732
103 176 25807
220 431 12083
374 432 26401
55 571 15811
45 707 23087
185 626 37537
596 625 29682
71 83 42048
364 737 32249
550 601 10050
160 668 20248
17 656 63561
847 874 38013
273 462 39925
195 455 13038
355 818 11180
111 514 55362
422 428 36056
391 639 84119
252 322 61392
101 420 13601
170 210 44643
4 433 16155
709 768 43566
92 514 46840
58 768 39812
509 812 10296
347 526 24187
319 685 26249
139 408 24083
213 811 51000
67 155 30887
565 796 28425
244 536 36715
248 352 42544
151 577 16492
61 248 28018
379 857 28018
544 554 37483
291 754 40361
235 808 42579
441 869 21633
563 881 28460
81 876 43417
81 225 24698
744 891 45343
449 492 29155
139 858 33302
618 790 42426
109 387 36222
27 612 44721
160 378 20248
48 664 26926
202 345 29069
691 756 33615
686 720 21541
193 674 18868
177 362 38471
549 765 33541
335 397 25962
833 840 32650
435 753 23601
373 572 10296
332 554 10770
480 679 30463
864 878 37577
237 480 29833
423 506 21024
402 656 39000
301 441 66068
199 536 31257
240 626 10770
709 783 25632
133 353 16401
465 652 25710
322 759 28071
176 645 32249
325 558 34409
218 297 14213
38 325 25495
419 878 33377
256 656 35511
7 43 15133
182 224 26627
5 330 16492
214 471 43932
511 527 69203
165 761 22804
258 491 27514
369 439 15000
500 870 56045
117 140 27659
169 370 31890
533 850 25298
174 741 54083
60 110 73430
149 260 29120
367 716 35000
404 911 49336
745 875 15232
127 802 26306
17 825 33015
459 875 13928
138 300 42012
444 505 29017
370 522 33615
134 648 21000
133 784 30000
488 763 11180
177 531 28018
484 661 55227
119 663 13038
372 795 27785
591 903 31623
242 532 26173
640 896 38210
191 569 59540
18 82 49396
123 229 13416
302 398 31064
602 828 23770
63 97 22672
107 820 11045
69 713 58600
144 791 27459
304 846 26019
47 672 53460
49 220 19235
578 871 47634
64 769 39115
742 863 13928
245 634 41340
17 570 31575
744 767 48374
372 897 24331
6 334 24352
173 648 26870
188 371 37483
6 17 41761
481 644 15620
432 902 42297
170 291 35847
526 584 12369
496 739 37947
300 877 46098
121 639 70214
263 812 23087
627 840 28071
44 365 16031
35 740 18028
62 631 28460
707 814 32016
125 609 35341
593 636 38639
500 853 39051
855 892 12042
449 500 21095
217 548 23345
255 882 40447
59 510 49041
493 666 35805
828 903 36014
695 743 26683
195 452 16125
317 841 28160
64 528 33015
285 491 12530
25 483 33015
478 785 96177
48 304 87000
667 879 26870
165 864 13601
513 724 18028
188 299 31064
366 547 43081
82 528 42544
310 539 10296
385 717 51865
779 811 88459
473 690 24083
124 260 25495
178 637 27019
453 557 33136
200 668 14422
350 831 63561
632 815 35171
198 798 14422
349 719 54000
228 423 25080
12 723 18248
351 502 54037
406 736 79120
61 352 21095
147 400 50329
702 778 30000
26 324 15652
66 291 54589
59 772 39623
595 682 44000
61 246 17029
158 894 23770
639 859 37696
571 800 15297
383 733 36401
489 567 37443
30 532 20616
406 597 85276
324 501 18248
312 531 38833
569 876 21401
182 504 28601
424 654 30083
360 570 59034
690 782 68118
304 911 42202
309 426 30529
175 801 25612
226 257 43681
204 550 22825
217 356 21213
457 653 25495
437 722 43738
198 337 20100
286 422 38328
142 442 36056
110 267 17088
467 741 20616
282 823 38275
294 875 13601
171 837 42059
56 607 23770
101 326 39051
663 701 32062
274 835 22804
400 864 28844
248 707 38419
421 728 36014
200 582 26907
324 507 15811
395 533 26401
150 568 19698
728 762 57428
5 904 10630
575 673 22472
120 548 33377
44 782 14318
10 765 43186
306 437 29275
407 682 26077
401 676 23345
196 265 11180
374 521 52240
107 608 36056
661 799 78772
20 707 22472
417 912 24166
671 859 52000
783 804 41231
157 614 11662
78 690 29732
54 435 23345
295 910 56515
485 586 19235
297 703 19105
4 817 160050
429 695 50000
591 607 11180
76 838 45706
462 472 14318
68 87 21587
754 845 53075
427 506 29120
39 246 52697
243 740 65513
304 307 28653
137 426 43566
384 714 19105
705 713 22825
331 467 22023
353 712 25080
122 793 19313
328 400 17263
47 766 60299
520 803 15232
509 886 35511
657 814 43105
106 489 24207
18 583 53712
64 82 22361
469 786 41304
610 730 67000
108 792 14000
43 512 48508
241 838 11314
308 721 12649
88 431 40497
79 516 39623
125 902 18111
16 493 29155
562 843 47011
99 268 37202
269 779 25318
37 894 16763
524 790 31145
135 552 23087
702 914 34482
886 912 26077
147 872 57489
228 657 25710
93 116 44204
619 649 19026
115 661 68505
278 666 41231
618 754 15297
68 674 15652
502 856 41773
33 531 36715
154 869 37336
52 428 17720
453 585 39825
260 877 20881
330 385 52202
11 817 24021
397 828 23345
581 678 29155
422 490 14213
589 802 44283
638 778 20125
126 693 13000
162 491 33242
530 856 23345
36 489 32016
84 305 39850
494 898 23022
187 483 29428
238 894 53740
622 733 27166
616 899 30000
42 652 23259
147 361 49010
81 824 50210
528 729 44407
136 655 16125
505 617 31765
153 662 16125
231 820 36056
833 871 38626
60 411 48918
325 795 41437
447 826 40792
477 633 37483
293 561 36069
695 807 34928
358 769 20396
30 695 73539
221 715 14142
21 910 16971
283 414 22847
398 719 35355
109 677 10296
381 800 29000
606 706 14866
548 909 28302
749 782 46271
239 461 16031
324 838 28018
574 831 43829
627 887 16125
337 484 43681
410 589 48104
543 646 43324
40 179 31385
64 455 49497
236 425 28231
536 821 55036
26 291 40853
696 886 54708
363 611 35341
38 558 23537
162 321 30871
212 898 31401
154 576 29275
327 455 52773
308 853 27893
342 718 41869
31 889 54148
161 318 34366
688 858 65605
203 853 27459
4 134 92892
533 813 34785
60 305 55227
479 646 20591
394 722 26401
355 658 40262
87 863 35847
226 252 81633
279 777 25632
94 392 27203
471 513 38897
266 389 26000
478 758 53759
504 645 49041
252 801 36401
441 879 40447
323 635 14560
452 905 23409
458 730 39825
65 486 21401
662 899 31145
316 903 34409
642 783 25318
741 816 27203
691 788 21260
536 792 30887
127 220 44385
365 836 21095
185 605 28231
302 695 67742
125 475 13342
426 556 51352
118 629 27857
237 575 38910
142 665 30806
243 508 33956
439 771 30676
274 903 13892
182 466 17464
218 703 10630
218 688 24597
226 380 36797
333 557 26870
832 866 21213
436 550 18358
164 262 26173
40 348 29833
11 684 40311
476 851 33302
323 612 72139
559 884 26173
273 821 33422
611 842 55009
328 864 14765
538 678 38833
202 433 60440
82 583 39205
112 829 31575
62 69 81043
65 247 49244
183 413 26077
191 461 36674
619 696 59942
75 144 11180
33 171 34713
28 92 35014
170 716 18028
43 517 34409
51 360 176664
656 820 19209
77 442 22472
458 610 52202
264 704 57489
149 631 45177
399 457 22204
447 529 39051
442 665 48260
111 407 39051
164 774 11662
474 618 23770
179 661 22472
23 40 13454
611 760 40497
166 787 41146
341 520 60836
516 658 44204
590 783 14318
232 544 34366
51 409 64900
95 230 51400
120 708 13038
563 678 31113
436 587 50478
287 492 17000
666 873 16000
199 566 17692
502 530 48270
332 486 26173
25 558 23259
137 556 15264
361 872 15652
435 777 37947
597 688 77666
202 817 89051
95 407 40311
226 344 23707
345 851 26420
36 733 22472
333 503 14422
20 45 36359
662 780 54120
227 860 17464
337 348 30232
150 189 32202
271 472 13153
465 893 27586
14 453 69354
677 862 23854
181 216 18385
470 553 26833
498 692 35511
816 884 12083
436 657 49010
266 913 41437
339 359 23409
342 375 53226
112 598 14318
275 595 33541
48 334 53488
136 609 41110
57 713 14213
231 656 49729
370 387 19209
71 659 51039
74 152 13416
204 436 29428
806 866 26907
618 821 50010
351 381 15264
147 761 32000
558 897 25239
432 521 44407
107 405 45891
571 844 12000
51 901 50000
291 630 44688
424 856 12530
306 840 19849
523 743 50804
359 656 32696
352 814 30806
430 579 21541
761 864 32573
346 677 38897
215 784 34482
14 156 17029
515 639 74330
603 615 34234
204 746 40497
501 630 15297
362 641 38949
206 746 11180
354 616 47802
329 651 60208
151 703 32985
114 871 27586
311 885 54037
99 837 37590
28 560 55227
94 223 13038
609 678 39850
247 858 24515
139 620 18439
72 211 25710
312 852 46098
1 813 26077
298 540 38949
48 50 57140
433 817 145014
224 466 18111
457 634 19647
147 395 19698
19 153 33734
211 372 75954
417 812 35171
432 819 13892
293 573 22023
386 406 29155
361 857 16279
526 699 13601
333 772 35847
38 677 36235
766 791 29833
793 907 11180
434 914 39013
233 465 41869
204 221 37577
242 349 35777
167 659 43417
715 748 35440
553 846 43932
233 597 51546
328 857 27203
298 576 37537
285 373 14213
14 19 13601
172 764 22672
396 768 21213
242 493 18028
376 450 14036
89 393 50448
366 784 12042
91 457 28000
37 436 32311
624 837 45044
225 301 19209
245 636 41049
334 553 28302
71 549 47707
30 349 39925
192 205 32757
6 470 47707
357 711 19849
307 529 17464
283 586 24413
475 914 45541
56 602 36770
286 776 18601
409 644 49518
290 556 43966
668 721 40804
184 325 30594
39 595 73000
67 513 36125
100 441 49649
2 354 31016
725 727 42953
391 515 39661
142 164 16643
128 328 36770
180 479 45177
694 866 24083
66 845 27019
291 460 26249
251 573 31113
216 811 43932
780 784 13342
94 474 40224
497 535 18385
640 889 31623
648 809 38118
439 645 18028
787 838 53666
156 865 34928
4 785 102421
42 684 14318
198 348 27166
288 375 24413
18 729 21213
714 832 16553
122 726 31016
160 683 19105
248 632 35805
260 468 26420
19 547 48166
100 357 30463
602 680 14560
159 510 51225
639 671 51662
494 501 14422
56 828 26249
644 708 22825
372 877 33526
201 697 17117
539 659 28071
698 889 15264
158 534 43417
305 411 10440
3 910 28160
636 845 13416
330 633 13454
423 427 33015
300 669 28160
328 822 45255
471 693 24597
131 143 43600
43 424 39825
186 763 14765
640 653 43738
259 431 66483
311 679 35468
510 606 32016
593 861 28636
13 221 19313
77 677 26306
339 360 43417
140 283 14318
83 549 28071
51 562 47508
22 216 50961
115 388 43417
6 50 28018
410 504 35735
446 746 34000
183 826 24698
298 869 46043
128 129 24739
360 644 71176
80 134 20000
368 810 25807
51 762 102240
44 836 10198
489 615 21378
258 285 20100
726 744 39205
37 550 25239
770 813 16492
48 714 33377
634 653 22000
391 841 37577
152 642 30150
315 458 29428
379 764 34438
257 309 58249
52 526 17000
395 852 21633
9 495 33015
210 566 44418
58 396 39205
598 726 34409
431 592 36401
302 719 35847
27 568 17205
51 234 19647
15 249 45967
176 466 20248
44 851 22204
537 598 51971
388 443 11402
748 894 19313
663 710 13038
311 849 85147
145 580 17720
37 601 20396
249 363 27019
702 719 13928
278 532 33971
332 427 19416
389 913 28302
497 773 41437
446 523 30414
43 347 43417
338 721 55154
379 578 19849
276 576 109659
352 707 45541
116 631 36688
71 523 22627
889 896 38210
309 672 34015
633 799 33838
547 874 30000
57 705 29000
12 522 30871
389 438 28231
363 739 29967
84 267 18601
129 764 22023
814 906 32802
162 214 29682
12 725 15620
184 796 10440
371 420 25962
108 123 18385
392 845 23409
491 588 22361
258 844 47011
126 724 27166
84 205 37014
102 509 22472
163 348 22672
395 872 64195
74 894 53310
367 599 32757
7 424 31385
242 278 26019
128 857 19698
572 588 12369
73 886 39812
392 457 41617
160 888 26401
684 893 23022
465 554 61847
857 872 26306
121 515 10050
59 870 11402
15 119 55362
180 369 22472
419 593 21000
739 751 52010
344 801 42202
130 735 33377
400 857 13928
7 860 43841
174 290 12083
563 648 46098
27 268 37577
336 717 18248
387 442 21378
356 548 14866
417 886 12649
175 759 25179
338 686 38079
9 807 32249
723 774 25710
203 338 52555
259 646 50010
394 840 35000
425 760 21541
100 296 27459
734 737 19416
672 908 50537
582 627 23707
826 855 20881
227 260 29530
398 638 30806
184 244 27000
117 586 24042
67 198 46573
199 614 26683
119 710 18439
91 399 38013
264 605 40719
319 904 27893
534 906 25080
91 392 24739
468 877 19235
578 863 45044
163 880 38897
159 606 48010
25 292 45277
499 613 75432
222 323 65924
161 409 34655
431 483 81006
190 789 34000
288 342 62073
627 683 28443
80 758 53226
165 878 30150
424 445 25000
189 568 21378
68 253 19799
13 574 42059
248 682 67476
367 689 24839
415 717 23537
749 834 38079
21 839 22361
166 642 70434
152 859 46141
207 468 20100
32 177 29155
48 553 55444
296 775 17088
494 848 23431
99 444 24042
302 429 28443
542 688 29833
100 869 45222
261 576 37162
157 244 19925
403 711 18439
604 755 28844
809 881 11045
616 865 12042
87 578 39623
682 815 55317
163 755 40706
9 594 34000
152 250 16763
585 619 12530
9 30 60166
84 110 31401
97 520 36056
23 456 43600
597 684 47802
531 912 28160
56 84 48270
230 407 26019
81 239 24083
113 727 29000
566 614 22204
173 758 25298
18 694 37483
189 533 22000
76 612 53038
401 515 13601
726 891 39051
270 540 23707
679 703 40224
41 480 22204
374 433 51624
10 289 43932
167 745 27586
208 516 37014
319 623 21954
265 721 36688
208 517 27803
551 605 15133
450 789 43966
203 686 43863
498 766 55227
355 572 31780
638 702 15000
849 885 137644
407 560 47434
237 577 40000
254 280 29530
240 760 24413
189 794 42059
66 630 20616
819 834 36000
23 191 52393
180 602 19925
159 865 36056
303 554 26926
329 876 96840
327 900 46487
263 437 14422
190 529 26000
469 658 43909
870 890 34525
304 553 56223
742 764 49406
130 255 34482
386 542 24739
435 781 25000
270 298 46141
320 775 56886
314 661 12806
292 483 32062
545 765 22091
127 416 52498
204 601 29698
353 421 28320
610 626 26306
464 581 27514
308 738 21541
848 861 21471
1 33 48600
530 747 29069
265 735 30529
175 322 41110
182 414 35468
570 732 52802
210 596 36878
345 476 48836
194 705 58215
489 803 32573
443 889 38601
649 900 47381
228 544 41146
87 674 29411
300 795 35341
55 844 24698
467 808 36770
561 573 27166
564 591 26077
128 379 24515
141 159 48754
4 136 34015
685 879 19416
689 821 54203
102 647 17493
346 665 38897
470 825 47011
252 527 110802
108 462 28284
621 693 93723
327 641 60141
376 789 41012
284 482 20224
59 890 40719
338 763 46390
146 166 28284
406 542 49820
146 170 23770
71 167 43267
85 854 30463
32 452 39962
72 390 38639
737 781 50000
238 748 49244
325 372 45486
717 904 56143
101 356 35777
90 216 10198
289 752 14866
230 682 13601
355 588 23345
93 271 51971
289 729 34670
551 611 24597
292 448 21541
615 839 35341
630 848 25942
659 807 11402
338 700 37802
100 667 56365
782 834 27295
100 879 53600
474 790 25000
736 817 37643
172 822 45793
402 644 32757
212 629 11662
424 747 34015
49 211 25942
161 909 18028
475 609 35057
275 407 28862
277 639 16763
34 135 24331
207 211 62968
32 171 17029
322 527 60415
303 473 31016
187 897 14560
287 510 29155
12 169 24698
460 787 43382
52 584 18439
360 409 112721
27 150 28636
621 788 37000
547 712 13892
376 613 65192
178 206 25239
78 600 22204
557 619 40112
72 368 22204
160 887 18000
60 414 63032
25 38 20616
76 768 20616
101 608 22825
271 877 54037
11 851 37363
533 568 27659
63 567 31385
367 821 54562
701 805 23324
88 410 49366
274 397 40262
233 332 52326
750 788 26077
318 548 33838
103 411 20224
88 592 35000
89 701 10630
295 440 13928
81 456 41012
105 728 21190
109 676 47434
174 650 38626
394 833 35228
192 389 16763
696 890 56436
598 720 37736
277 625 34986
519 666 29120
149 271 42379
731 804 14036
388 717 42755
245 496 30463
338 735 40497
192 266 17000
292 346 43829
71 350 71694
96 582 20396
10 745 40311
15 172 35228
122 527 23770
29 573 41110
364 759 15000
557 585 34928
343 621 162339
598 829 37656
397 903 38833
384 875 21095
435 808 16492
552 555 14318
317 391 43417
288 518 26306
162 588 38949
387 676 43932
49 368 11180
413 855 17029
726 907 21024
574 715 39925
260 271 50000
307 789 15524
270 824 46840
354 899 30083
850 852 19313
368 390 43658
647 890 44654
544 600 41773
465 782 27459
134 609 57009
700 734 31016
405 797 46098
22 181 56080
366 780 13000
68 193 17117
636 751 49254
154 298 21024
78 638 26173
35 522 15133
86 718 41437
426 672 48508
41 849 73926
795 877 22804
572 786 31953
761 794 36497
229 472 27295
299 843 25807
25 346 15264
86 375 52202
582 887 20248
595 620 42953
53 508 38910
581 702 19235
213 343 48836
42 597 38079
349 581 38833
129 172 31064
535 773 33838
48 583 48270
687 712 19235
485 779 18028
745 806 22361
464 538 49649
201 232 28443
419 898 21000
661 867 40853
278 307 48010
47 144 36715
607 828 34438
681 741 25632
234 901 36688
13 715 28160
364 781 44045
382 531 35847
393 766 15811
49 416 22627
678 914 38118
262 448 32696
114 197 35228
92 577 13342
153 780 39812
552 685 14422
197 668 44045
174 556 47043
263 888 36770
471 724 27857
36 132 12530
276 603 51884
451 528 58523
129 328 41231
39 247 28000
541 860 31623
582 833 20100
31 336 26019
757 892 25000
426 895 48466
406 688 39294
130 196 23770
505 635 30000
623 730 20100
399 640 44944
356 708 27659
636 861 22472
429 637 40497
184 677 36125
15 342 37108
186 737 29967
523 807 45354
75 97 48052
521 902 21840
120 644 19105
79 321 24207
302 697 28425
196 197 15811
391 671 83193
122 907 14422
32 528 53339
313 724 21932
30 594 40792
235 255 41773
93 472 49092
211 220 14866
413 826 11402
664 832 17804
729 752 34132
46 344 35355
578 742 42720
348 867 16279
231 358 19235
246 248 43463
488 737 36235
10 18 36139
254 564 32202
3 489 39661
95 725 16031
212 241 20248
294 866 21840
168 463 48374
747 868 31064
390 546 37336
336 704 17000
99 635 18000
333 412 29428
133 215 13892
47 498 52326
753 777 23087
497 800 27459
341 377 35511
303 690 38288
834 851 30017
53 841 26926
50 231 49518
113 335 37855
514 564 40262
555 633 45100
316 454 21378
626 760 20591
394 852 25495
370 442 14213
148 295 18788
54 174 19723
602 771 29967
16 519 38419
327 649 21213
680 828 15264
604 880 28844
629 794 17205
315 805 25962
447 478 48754
272 278 18439
17 231 74330
434 749 43863
88 220 41400
222 612 43658
215 780 40361
243 317 26019
562 728 46065
657 906 32527
97 766 55082
131 230 36249
430 825 19925
51 728 45000
69 381 48374
484 773 31321
3 615 37014
50 358 36249
403 733 32558
90 269 64000
11 476 16279
123 669 14142
97 393 62032
475 678 46141
41 237 10050
361 400 17117
209 620 17889
118 898 27019
752 837 20616
826 892 17804
67 258 29069
14 70 59414
31 704 14213
349 464 14318
188 580 43139
91 293 16643
77 387 17493
112 686 23431
56 280 23345
228 587 47424
130 265 27019
251 524 23087
180 646 37696
576 603 62201
450 825 37014
184 862 28601
54 753 18439
498 884 52038
144 672 32650
670 909 41761
178 429 41110
257 895 32249
529 789 21541
295 377 26401
155 724 45541
641 696 14213
902 914 58000
577 703 36878
140 182 33541
583 769 38897
24 750 74216
423 554 39459
256 570 26077
60 224 25179
37 534 39661
167 310 30150
456 461 33838
98 570 25080
123 792 18385
549 745 33541
124 149 26571
104 494 27659
344 830 12806
26 460 40817
214 513 23431
290 895 20224
245 264 32573
412 557 26000
251 561 19647
8 567 35355
208 469 50912
434 778 29682
628 829 62769
537 616 68622
233 554 57428
35 370 23601
164 169 24083
2 215 154379
22 490 31305
251 790 13454
339 481 18028
55 381 17000
214 756 39115
667 730 22804
342 764 29120
270 876 70725
387 740 29069
326 608 39623
670 823 20616
512 699 22136
244 862 25080
79 281 33615
768 787 18868
105 843 45880
461 569 27203
94 293 13000
36 603 18974
39 858 33242
322 628 15264
265 338 50160
525 651 30414
57 69 65970
185 610 21095
542 703 37363
33 177 32573
85 98 41761
307 666 54452
363 496 27459
118 878 15000
621 750 62650
73 912 21471
533 761 32202
219 575 29967
2 662 71589
530 786 27659
312 812 55946
185 415 26571
12 727 38275
579 883 29000
33 624 12042
329 755 49092
219 254 37202
68 114 32558
350 783 36056
601 748 14765
15 822 59211
643 825 33541
65 233 27659
417 531 30806
383 869 21401
32 451 26077
601 715 35468
576 622 39446
129 822 23409
57 62 40497
70 159 40497
383 622 19105
312 722 34928
425 701 23770
343 490 37537
221 601 39217
722 852 22023
252 344 62626
606 772 16971
640 705 44204
63 106 30083
586 779 31385
519 809 24187
728 847 29732
315 701 18385
546 584 16492
250 642 16125
365 465 10198
86 559 41773
445 502 41146
322 829 66910
289 617 41593
479 504 42579
320 458 29206
172 342 13038
421 687 24352
503 696 51865
140 504 40162
525 880 12806
205 438 22825
298 824 57385
93 194 59481
660 898 24187
713 896 26249
419 751 15620
33 312 50990
132 489 27857
70 453 45607
46 830 30887
478 732 206475
119 701 40025
87 253 20248
225 456 52498
95 131 46690
279 650 31953
335 543 33121
280 607 25495
450 579 37162
401 463 23022
23 179 37656
621 756 21471
518 884 43417
803 910 37643
7 654 24083
22 428 17493
28 209 34886
284 286 21213
239 569 23000
321 658 19026
208 827 10050
404 594 24698
58 709 12207
276 615 23324
16 873 16125
62 93 25495
240 458 28018
80 478 85422
219 237 49031
69 800 31765
257 426 43324
453 547 56009
78 398 21024
296 711 26000
480 577 31145
164 723 24839
3 839 14866
445 856 26306
578 872 42107
111 454 17000
24 482 23022
410 479 51400
470 846 28320
182 645 38275
89 692 35468
471 756 50000
193 197 20591
402 481 29069
319 667 21587
301 824 37014
124 860 17692
76 787 32140
673 849 31257
470 643 22023
445 631 42190
327 696 59908
168 740 10296
50 583 48549
279 364 28284
188 909 41110
169 442 35341
512 776 15524
164 448 29967
246 675 40853
203 720 32802
40 867 20224
299 670 25554
185 704 47011
566 599 38013
64 797 63032
179 314 11000
647 738 49092
310 404 32650
212 660 22561
597 858 33941
24 281 58310
415 704 33287
72 207 55027
471 621 70007
418 440 65521
526 546 20616
652 893 25495
180 439 31145
179 225 59405
452 455 27459
287 537 29833
369 771 20100
374 819 14560
126 313 22472
62 502 32388
77 109 24698
655 902 18682
32 362 41881
121 596 49092
8 775 41400
105 874 35609
516 827 29069
518 559 52612
505 731 43290
137 908 19723
495 539 21541
447 519 52393
174 808 29428
380 650 46011
246 427 50990
823 909 35903
121 401 20591
114 253 26907
160 738 39560
8 63 13601
163 525 39357
508 815 19647
16 809 42107
133 762 15620
167 459 21190
484 535 21954
228 506 26401
95 143 33601
139 209 15620
140 414 13892
117 283 15811
545 617 16031
6 825 44294
90 811 45188
451 729 38328
261 603 29732
132 603 13892
413 478 40311
335 646 29155
257 418 40050
284 517 35128
64 405 52038
138 565 34928
679 885 20248
235 331 26683
252 511 180000
503 890 25554
384 866 18358
72 541 59540
798 844 31048
450 643 15652
420 900 31305
84 411 41340
96 871 12649
5 319 23601
492 537 20518
127 181 59093
223 474 37202
149 445 55902
706 772 17117
614 862 26077
316 591 39294
393 775 67801
603 733 30017
96 114 17464
317 508 38471
444 617 32202
54 808 22472
275 682 20518
113 262 19416
227 468 39217
111 564 31780
223 754 42953
188 420 43139
191 755 43139
183 447 39623
822 864 51478
77 346 35847
266 487 21190
152 671 25942
74 238 20248
141 287 23345
200 378 16125
71 545 66731
428 776 21190
482 516 45891
101 900 36125
219 913 37336
89 315 21840
187 558 19313
336 415 29069
291 716 39115
338 853 44721
421 762 21840
146 460 42012
5 633 15652
23 348 33242
92 151 21024
16 881 41773
188 670 17493
16 538 40706
43 868 40025
483 558 31828
104 593 19105
55 373 44385
235 781 42048
371 580 36497
734 829 39962
19 156 24187
323 505 28284
315 393 54203
272 911 27586
236 842 17117
357 869 25080
11 736 37336
278 911 34713
138 184 21095
394 395 31016
499 789 41400
254 514 41183
587 657 29833
326 820 43863
292 543 32650
566 596 14866
813 850 28178
508 632 40262
89 663 24515
49 127 46690
208 284 30806
117 504 51225
60 103 33615
700 763 33121
414 485 54626
406 885 60415
498 710 30887
1 268 33302
75 791 23854
148 418 74324
141 510 22472
199 599 27313
433 521 14560
83 167 22804
104 898 10630
492 500 38639
430 883 29000
497 798 31113
52 699 12166
350 590 44598
108 273 38910
384 459 23087
241 612 39925
298 441 57723
770 852 39000
494 660 16763
139 595 46872
268 624 45695
69 896 53413
262 774 21190
29 640 52202
121 614 50220
282 901 31016
313 525 19723
226 830 29017
424 868 42379
20 906 27785
453 843 56569
236 611 55362
432 914 67624
507 838 17000
599 821 56569
303 600 32573
475 902 21213
46 801 20025
110 438 67476
144 341 25000
496 551 25179
343 811 94202
392 636 17205
500 510 56727
158 671 61270
31 443 41110
80 173 40012
683 888 19235
10 549 44045
210 716 35609
362 452 44011
148 910 63127
321 691 16971
85 570 46098
180 397 32388
288 498 33956
610 623 68007
495 659 40249
201 228 49041
232 302 31048
385 799 21378
687 874 30017
166 460 37054
88 589 50448
350 731 31257
103 771 45122
843 874 18358
16 242 37216
221 446 42048
10 694 40311
376 579 45453
229 462 22847
272 304 24166
286 512 11705
194 524 12207
835 903 25080
249 739 31305
24 343 33121
162 818 32573
141 537 46872
574 590 11402
590 642 25495
511 744 10440
34 477 32757
538 563 21260
671 894 49163
613 732 70725
191 329 33838
84 771 32558
559 816 15652
727 774 31953
320 730 49041
67 491 34409
421 847 13601
407 454 33615
166 709 69462
2 511 65000
73 696 31048
73 382 15652
337 661 56727
190 757 16031
41 673 49578
309 440 46690
293 474 39560
116 149 18028
562 823 11045
276 540 152555
416 810 15524
135 301 42720
447 757 29967
197 265 25000
570 656 52240
5 555 41629
122 829 38626
575 913 12806
26 630 14560
186 488 15524
689 754 41340
412 453 35468
614 676 43046
71 831 54589
522 740 30232
239 456 31401
316 835 18248
7 347 50912
40 314 27459
45 841 34366
104 848 22847
412 706 26077
436 906 35384
47 681 47802
854 883 12000
8 393 69260
294 384 15811
414 586 41304
106 567 43081
632 707 10296
233 247 49092
16 349 41677
115 773 36878
244 565 32558
203 449 14142
340 751 51865
153 865 38588
800 844 21213
39 65 43186
463 515 22472
739 822 51039
48 911 87235
8 97 19416
337 535 32527
386 688 13928
637 697 44011
380 830 26077
46 650 11180
12 143 31016
502 631 14866
654 514
965 669
560 977
560 10
406 810
779 256
159 607
531 899
607 248
680 360
399 38
263 328
530 340
928 554
555 715
650 134
819 244
715 369
941 550
419 254
575 981
59 569
250 836
46 638
236 427
482 531
613 526
269 160
346 618
629 192
405 702
717 436
683 475
349 858
293 356
495 954
455 324
249 443
356 154
260 827
198 138
391 92
144 609
438 70
400 285
778 859
625 848
706 283
118 493
763 279
985 398
91 583
385 294
749 830
225 714
155 263
297 641
533 431
816 587
41 311
384 215
259 627
535 912
771 371
399 150
470 564
193 765
693 700
281 705
869 547
596 336
135 506
762 486
471 389
597 885
532 480
277 400
524 139
85 721
670 33
314 891
761 351
638 334
108 252
880 215
664 739
672 705
94 451
540 784
43 510
421 613
234 161
278 610
419 599
274 300
692 652
550 895
840 227
651 462
465 885
864 373
759 578
70 294
511 577
965 450
546 940
832 328
314 535
290 421
77 247
240 258
850 716
211 328
699 668
333 765
243 583
57 408
539 586
571 768
915 329
356 396
892 761
297 528
203 564
573 53
162 834
86 459
606 658
582 664
731 724
320 292
501 965
980 510
650 33
373 854
574 41
672 846
273 480
310 156
51 381
882 613
235 361
294 327
607 880
884 452
435 463
627 580
650 973
228 573
585 532
253 152
477 401
948 583
423 948
208 792
929 571
317 443
427 334
903 569
733 625
924 368
132 749
226 821
226 347
581 598
463 459
632 312
317 371
250 349
426 485
706 449
584 695
669 73
732 840
814 840
55 315
714 465
550 253
287 843
135 316
62 513
66 351
752 87
284 462
457 732
805 760
208 455
898 417
599 561
751 145
238 887
141 222
710 698
331 583
767 413
737 701
728 688
238 777
333 463
714 652
507 206
487 33
817 658
496 299
109 215
536 274
187 524
107 659
300 144
383 473
141 481
543 550
26 574
148 774
992 517
45 520
893 378
269 113
207 196
127 476
512 333
554 477
426 588
44 336
335 878
762 915
194 559
460 220
285 534
305 259
797 315
512 178
405 123
966 393
730 769
534 729
197 148
488 378
290 893
489 767
532 533
646 171
342 310
311 462
461 638
385 198
356 126
368 238
523 682
493 396
363 583
832 873
679 686
185 226
761 741
864 272
720 903
191 736
150 401
220 545
461 962
200 344
740 575
451 669
748 703
156 230
93 241
629 492
43 446
362 972
268 559
684 186
331 570
206 301
286 232
535 996
414 443
672 172
798 843
159 240
68 692
954 389
48 395
89 634
171 734
92 613
866 630
594 768
671 403
727 851
444 516
205 394
407 604
670 322
642 956
492 890
280 122
402 949
900 448
272 522
350 890
542 186
475 142
706 196
70 264
724 596
720 171
763 656
663 915
635 282
201 120
693 525
181 822
287 832
519 790
227 269
368 311
929 334
420 829
508 818
104 736
845 813
619 466
496 524
254 468
873 335
825 444
592 624
210 906
402 794
704 775
442 160
829 525
756 264
174 336
406 728
258 779
798 707
897 281
479 645
607 905
591 706
17 622
773 894
458 35
244 414
123 571
241 804
614 155
568 402
225 686
405 217
967 500
936 658
144 707
896 357
453 913
778 312
875 289
908 239
626 629
752 459
496 681
802 815
439 86
953 542
376 495
113 503
116 304
274 370
861 411
216 493
182 725
497 35
614 754
776 174
626 935
716 636
630 663
737 888
233 699
748 479
445 924
675 307
360 763
275 78
286 385
367 738
146 206
128 544
379 353
445 607
552 833
674 583
645 572
537 470
167 311
525 160
399 644
609 627
346 378
881 317
480 914
650 253
823 373
290 53
279 260
308 132
949 344
100 402
73 274
858 530
774 101
39 374
432 741
102 509
733 518
718 943
518 590
868 386
986 479
54 608
458 195
175 634
523 755
679 889
431 176
74 578
537 214
819 223
132 465
513 56
545 16
516 108
753 807
467 294
728 567
120 195
104 313
655 961
416 893
265 381
374 729
644 439
190 614
550 315
725 116
213 374
831 656
777 188
695 422
751 415
881 503
248 273
778 420
285 862
421 641
490 795
652 305
461 496
274 894
294 555
365 365
608 142
437 96
62 334
703 797
207 522
143 695
753 216
139 817
281 561
506 141
396 566
570 66
410 26
366 830
746 72
131 361
216 125
903 298
69 637
203 426
300 767
17 424
416 163
136 237
790 764
527 955
45 597
165 745
858 645
661 161
505 550
634 267
473 666
268 743
602 801
768 150
820 638
493 542
227 632
821 537
89 368
615 438
439 204
509 533
350 277
751 557
863 601
940 729
96 602
166 789
221 206
357 386
78 682
124 637
620 772
674 104
552 931
549 30
291 341
580 320
341 576
191 839
99 568
898 784
744 390
727 155
190 663
715 493
649 197
621 561
433 291
281 756
329 494
873 659
631 98
626 287
383 983
164 558
251 84
190 365
478 183
629 394
91 549
937 502
910 362
636 362
476 310
470 691
395 861
741 240
452 156
389 848
685 838
848 506
226 448
672 780
264 215
382 578
944 422
615 84
211 245
305 494
345 450
506 924
603 540
290 916
850 250
238 723
173 720
385 605
517 380
180 183
427 977
237 148
643 678
811 203
867 447
582 133
696 632
737 320
87 565
856 472
34 415
495 252
161 723
55 419
526 387
189 259
122 430
497 590
637 232
301 202
359 445
356 107
863 710
344 488
506 152
475 320
141 297
489 972
183 873
468 706
855 570
178 257
844 362
605 68
459 753
481 713
569 518
841 169
327 437
523 976
923 612
630 410
402 543
845 466
292 160
90 767
447 943
439 818
671 474
384 461
485 757
707 611
832 805
549 560
478 545
232 618
389 267
392 803
426 660
633 462
459 597
523 252
550 142
419 427
361 668
781 485
507 404
770 202
913 310
87 319
149 351
774 587
650 54
846 447
768 854
170 861
412 102
404 660
183 605
560 33
845 302
466 245
105 717
598 285
521 545
295 822
950 599
564 779
699 309
217 386
682 132
441 834
726 644
299 514
913 426
454 389
632 901
161 171
700 714
400 160
329 394
281 426
593 106
228 97
155 301
663 819
301 246
735 606
394 78
403 849
835 698
963 487
280 91
395 511
504 117
92 748
567 807
150 839
709 332
577 244
792 494
524 208
343 711
103 581
821 737
532 777
565 142
261 120
414 713
326 641
860 556
398 262
902 330
523 424
575 786
468 900
944 490
306 652
673 288
502 343
411 495
409 746
623 733
560 155
843 678
759 668
685 559
245 331
165 807
273 316
891 730
231 307
985 443
700 384
459 820
572 433
892 218
474 946
822 768
764 729
364 25
818 787
771 636
509 654
308 366
687 810
628 718
571 270
930 726
651 332
534 285
161 665
468 333
498 68
64 710
508 602
682 413
767 826
417 546
207 857
109 777
752 129
693 81
817 815
503 747
595 580
992 500
792 753
599 678
651 392
565 842
924 678
516 467
774 332
648 524
114 284
843 558
309 737
220 337
498 874
81 598
789 819
541 124
18 442
965 547
768 787
452 73
532 400
962 534
661 27
184 690
500 477
78 732
735 175
372 573
584 865
314 521
910 754
559 574
240 507
287 472
813 418
246 765
364 784
253 720
798 860
60 463
558 945
558 432
512 765
673 336
591 276
737 811
653 92
98 524
2 529
742 552
632 528
423 242
355 258
665 794
400 14
142 718
501 49
833 317
352 544
560 656
933 421
349 927
800 217
765 108
97 660
163 288
856 747
763 886
542 344
688 295
694 612
465 49
224 287
428 68
669 429
524 525
555 991
709 583
395 319
536 712
921 463
238 735
453 585
732 197
975 471
490 568
130 167
645 553
435 48
663 560
790 663
852 203
785 114
186 640
614 640
332 131
454 441
190 576
471 578
301 439
641 723
585 611
915 603
691 316
257 807
135 648
428 911
805 584
680 648
640 636
666 132
937 472
657 318
303 933
226 525
551 595
422 853
199 849
642 93
721 735
840 203
654 799
235 78
745 522
715 625
754 609
351 698
799 550
900 692
776 122
417 77
450 340
724 871
323 672
212 469
518 569
947 630
840 400
955 358
555 51
199 289
413 802
759 393
443 268
900 749
655 856
925 386
587 969
665 206
743 496
170 191
555 109
