542 1133 10 188
22 129 35228
393 528 29155
278 507 22825
175 413 15033
169 282 21024
116 377 30480
24 541 61717
445 464 67897
119 412 62097
416 425 60638
252 405 93231
240 279 27893
13 445 46648
340 418 117414
237 310 29155
325 450 26907
110 267 41629
348 494 23022
113 338 69642
72 187 21260
226 447 34205
65 527 22361
412 524 27019
129 413 59933
78 533 43046
413 424 32696
243 291 46573
437 505 30463
110 530 13601
325 502 45222
441 503 45277
283 421 10198
90 507 36401
161 400 20396
163 351 63561
295 347 49244
354 471 35000
262 303 26401
50 52 13153
165 239 54129
247 327 52839
332 368 20248
156 439 42802
275 371 44418
137 367 37656
302 341 59641
348 420 38484
70 383 47539
390 435 10817
306 423 20100
11 202 32140
51 336 44385
47 107 150333
228 383 47170
6 484 43046
427 470 60440
25 249 47854
321 530 71063
159 324 46957
199 389 36401
14 269 25612
166 431 46098
142 531 92779
310 387 60308
145 517 13342
113 505 54203
38 355 24187
59 253 43081
48 387 52773
461 468 30871
33 330 42012
83 504 42802
244 300 67007
119 238 138159
29 82 114018
523 529 14036
255 262 33015
52 542 62370
109 480 36139
58 292 60075
117 174 32311
130 439 60440
351 518 36674
124 180 59641
197 252 76217
87 531 62008
133 533 23087
247 344 43324
10 536 38833
353 378 139646
439 484 57385
301 499 41400
6 289 28320
26 383 58000
242 348 87864
226 454 53000
375 407 11180
286 534 43081
329 413 36125
354 489 44045
28 381 38210
38 161 63600
39 482 55036
272 535 40000
274 364 59439
23 306 32558
115 297 51624
121 165 51624
19 38 65069
44 473 79850
186 386 45651
20 312 47096
211 492 12806
143 230 22023
117 446 44045
25 271 38013
146 537 51196
110 427 70342
5 361 42579
57 364 66611
146 350 17493
178 323 28844
244 309 21587
22 233 79480
273 301 55902
76 339 15232
222 224 44181
120 396 55317
163 475 63159
218 511 53712
115 155 40050
120 343 49649
13 140 41400
161 175 38626
71 429 28018
96 214 54231
284 473 19209
271 474 17464
73 82 59540
260 474 45891
67 140 36014
267 321 69354
54 493 17493
93 224 92087
287 380 28844
172 326 78339
243 515 21190
319 392 33242
201 270 32558
147 329 19416
69 469 55317
78 232 29967
269 321 63632
283 327 30610
171 384 22804
301 523 30414
252 335 93005
22 246 81123
78 399 43417
154 495 33526
7 50 81394
499 509 93536
224 499 74431
134 468 39115
146 277 17804
329 456 12166
145 297 56009
229 458 62817
359 441 47011
90 294 43278
29 258 90697
141 522 61294
263 301 25495
43 133 88023
252 403 28460
181 477 82377
218 467 34525
314 398 51000
320 416 14036
35 93 25632
12 13 28862
243 305 37577
8 331 18028
43 49 89872
90 103 47707
199 465 26077
181 528 122801
454 488 40311
3 295 65552
113 184 40200
56 471 12166
164 422 30871
40 348 16125
122 375 10198
184 338 86313
113 482 48270
123 128 34713
85 154 27166
99 532 18028
139 162 64070
37 320 34000
296 344 21378
156 420 66400
71 74 50289
11 382 31828
328 373 24698
42 542 24187
148 330 77389
196 218 44944
158 489 60729
57 162 46615
153 195 17117
97 170 66212
93 118 14000
167 319 82389
323 443 16279
71 433 39459
150 465 38639
158 237 15620
378 521 47707
91 145 48466
4 274 41231
171 452 47518
412 428 20000
64 472 22561
278 295 46690
186 383 33601
14 67 45277
57 125 49679
34 516 18111
274 471 25020
113 437 47434
143 199 46690
235 396 39560
168 243 42297
233 459 39000
151 159 69405
227 467 41110
53 382 31321
227 511 53151
122 407 17692
17 31 29614
101 470 68593
70 186 51000
173 459 28160
2 455 56586
73 199 38897
251 335 80957
77 358 63325
33 346 49010
75 373 43278
147 516 12207
234 352 11705
235 479 11180
223 339 40311
196 467 30265
14 445 47508
192 325 46000
46 304 39294
126 339 39000
437 473 58189
196 436 29530
311 346 23087
30 141 23537
223 427 65734
127 507 18439
164 451 24042
436 532 47854
73 389 57219
86 327 46000
243 406 32802
81 520 36797
277 388 101548
157 422 16643
170 270 34132
34 456 21401
241 434 70264
125 364 36235
381 497 27857
299 526 33302
253 397 34234
404 541 11402
80 440 11180
208 257 70093
153 200 10296
508 519 29069
69 288 27019
192 343 23022
212 408 46271
343 438 70007
89 269 37643
253 462 48010
28 497 38000
316 335 39825
21 213 12649
129 459 46098
2 381 22204
133 167 122654
442 455 16279
25 125 45880
36 265 13454
13 464 29967
119 261 59414
190 221 12369
141 527 39699
206 500 59237
52 241 43046
304 324 34000
267 427 46098
218 441 29967
29 520 51788
129 329 34132
327 421 36401
61 248 70064
430 518 20125
164 170 63891
144 521 69311
265 357 95005
61 122 40706
142 513 31145
194 195 29732
178 443 30871
7 252 54918
307 386 38013
69 315 32249
167 388 33838
293 330 63506
252 279 25298
180 286 33242
180 478 55462
306 513 38833
361 370 13416
156 225 21213
89 445 19698
211 219 43174
6 345 25080
44 296 67067
264 506 51856
419 487 20591
167 399 100703
396 440 23854
38 438 21541
214 355 33734
39 191 55543
197 240 48836
415 468 55579
28 480 25554
247 397 45310
282 287 52240
374 512 21840
95 313 39205
193 346 31241
173 479 17804
400 413 35355
167 352 21401
1 288 54129
55 310 36125
436 441 27313
137 182 48104
115 337 35609
62 148 47927
181 259 42202
47 268 16125
469 500 67268
275 401 53759
275 395 14866
104 377 155003
12 215 34540
367 384 90211
177 453 74525
259 522 52010
178 251 34670
184 242 17692
322 506 37590
423 513 30067
58 462 58310
172 399 40249
27 291 86977
62 448 23345
17 301 68447
260 271 52469
485 525 38601
12 205 14560
212 402 21024
312 394 30463
495 514 27019
87 284 22561
98 364 88752
177 214 25000
161 424 57385
181 220 50010
352 388 28302
180 497 11314
115 221 29000
111 326 83385
323 405 16553
171 182 70725
148 376 55579
166 347 33615
92 297 32311
476 480 25000
188 425 74953
107 305 15524
272 328 31113
94 190 17889
110 128 32202
85 495 38910
119 488 91439
5 370 40706
239 300 56859
162 426 21095
317 375 16000
353 466 43909
201 290 38588
20 88 52393
126 334 33061
438 487 38601
197 316 37483
23 248 54672
261 532 168003
83 362 38471
213 344 86093
360 428 31623
136 314 34205
226 238 65734
398 457 30610
13 215 20396
97 496 22136
245 256 29000
132 539 31401
130 188 18028
367 536 20881
139 495 47202
80 244 43932
127 432 53141
372 470 37483
107 231 17117
171 358 29411
23 61 42521
126 321 54203
94 115 35468
413 456 37162
34 181 202805
19 120 21541
195 210 25060
72 353 37643
154 514 10296
140 205 39812
97 239 48415
156 245 32650
228 498 67082
148 217 71120
87 142 81468
103 166 44102
7 336 70214
294 506 49041
247 308 18111
52 434 86371
9 447 38275
379 467 42426
29 229 28443
176 522 47074
79 204 13416
230 512 17889
75 213 25710
204 542 56754
22 312 108724
344 494 43012
64 294 30083
112 468 13038
148 210 46819
158 433 36222
101 170 20125
170 470 64885
435 495 23345
248 415 64885
382 535 34886
32 217 46043
130 490 51420
121 189 23707
378 466 96462
138 258 44922
255 385 30083
340 449 21633
37 368 61587
4 146 52393
291 305 11705
93 216 62290
19 400 23345
478 539 10440
274 489 28653
48 325 25962
328 379 24166
183 522 74465
282 380 46228
290 318 109225
31 43 16125
107 313 89090
85 492 23259
129 235 59464
34 147 26249
155 228 25000
362 417 28601
44 242 80654
330 448 75769
201 501 27459
235 459 31953
240 537 45011
82 533 70007
273 499 52811
177 419 68118
220 522 71868
265 532 33377
341 509 66851
15 150 20224
9 153 32696
312 361 160627
4 74 20125
297 446 40112
229 331 38288
106 399 14000
27 345 47297
107 243 27586
209 405 28320
186 307 44011
177 355 31064
6 280 20881
93 342 34366
341 377 40804
1 265 28792
42 536 18358
202 535 39459
135 451 31016
61 317 36401
206 469 36688
224 430 92087
122 304 69376
27 515 84504
217 226 68593
288 503 29069
23 105 54148
160 260 31401
251 338 76420
14 89 45880
51 77 40311
200 409 28284
160 426 24021
222 390 53151
173 457 35847
185 276 64000
386 498 29155
168 231 45880
202 266 27459
45 241 64031
429 433 27203
113 191 74000
307 372 18868
90 431 42190
87 500 79605
184 437 19647
81 356 36497
125 474 19925
285 442 15000
213 328 35805
134 330 60033
187 466 32696
192 254 53075
30 527 31780
300 309 65788
406 515 19000
18 365 22136
59 397 13416
10 367 42521
174 452 22361
40 494 19849
45 71 34482
134 293 24597
120 244 56569
63 154 44385
94 221 13601
30 65 34205
124 497 58694
44 202 57079
26 517 53535
18 45 31623
294 486 45541
46 159 62169
256 420 49031
122 317 17205
319 388 74947
285 381 33121
480 508 49092
245 286 50090
144 187 32894
84 153 30676
99 359 33242
118 234 38275
503 511 18248
149 319 38601
131 444 46239
288 359 27659
58 59 42202
363 376 24698
95 258 38118
111 316 56321
68 217 34540
289 463 63135
111 335 61855
152 387 30017
18 380 28284
193 330 48508
27 109 54562
188 460 83487
204 282 52393
391 540 26926
236 326 62801
328 535 47074
253 421 38910
11 535 11402
111 350 79202
162 522 75664
270 501 17263
273 449 96664
150 255 47434
163 518 59237
493 522 82662
291 455 180854
185 521 51400
128 190 21378
159 304 57245
67 445 15264
150 326 53151
172 236 32202
76 334 28601
289 414 59816
110 123 21587
10 281 29682
80 398 54342
136 496 42720
31 49 89961
189 450 42202
118 518 33061
277 319 79429
92 115 37643
31 529 14560
88 135 23770
7 51 40000
311 541 29833
104 220 24187
362 490 23770
144 466 26173
176 371 35228
395 477 53226
106 319 48094
80 314 36878
371 401 41725
131 275 48021
191 482 48270
94 155 44204
20 157 41012
69 382 61774
492 518 29069
352 475 21095
44 348 85586
418 449 95802
476 508 62169
308 327 44721
382 511 43174
61 415 36401
81 331 30806
157 398 54406
41 402 38184
177 271 85440
345 515 67720
207 409 38910
254 343 60836
310 433 32650
9 195 17029
188 262 47297
114 407 42059
120 413 66611
63 163 13153
231 313 72250
46 151 48332
222 435 46239
14 526 60033
56 274 25495
237 249 28601
234 342 32062
101 501 22361
393 477 33526
238 488 59540
390 495 24042
52 204 27659
439 534 101178
48 55 30083
32 134 18788
249 453 34540
28 109 25554
35 263 43829
86 421 27803
225 439 45188
334 339 17263
262 460 62394
49 185 53413
82 481 130062
66 356 46043
351 352 19235
30 162 72346
346 404 26173
262 385 11180
183 540 33971
84 207 55543
36 99 10296
68 454 72945
372 386 24597
188 374 32527
50 336 38275
66 83 48765
201 370 44922
324 407 72069
335 349 60008
78 133 32650
36 359 28443
289 345 29069
208 467 37643
16 431 57559
61 105 44407
51 264 47011
402 510 66708
393 444 12728
286 439 91548
342 523 88600
252 316 81437
235 413 88769
216 224 65054
217 293 37336
76 318 68884
74 274 24352
186 410 67357
263 499 38000
12 60 33615
5 201 32757
1 69 66030
536 542 12649
214 401 21095
318 334 53000
408 452 34540
133 342 126400
128 526 46098
90 127 32016
134 217 46872
387 502 20100
102 233 23345
96 177 63891
416 460 13892
48 450 44922
303 368 49406
289 504 15232
201 339 67007
320 348 91662
53 202 29682
192 502 14318
280 289 15033
216 263 34986
2 462 86649
285 519 24021
143 417 11314
264 431 35511
98 277 33615
80 300 71610
29 72 61774
112 461 21095
193 311 13153
442 519 18601
258 268 19723
1 108 53151
87 473 39446
226 250 18439
281 410 60407
133 399 67742
63 492 41773
182 367 55714
136 398 48466
123 269 49739
21 483 14000
414 504 54203
389 465 20224
83 366 20025
63 518 53759
25 354 37202
366 484 25495
86 397 36401
271 453 63071
69 151 55902
29 138 88363
169 369 11180
450 485 46957
219 222 33015
362 374 40522
164 496 72993
17 491 15264
331 458 33526
297 404 33106
168 406 29682
60 215 21932
439 538 96135
137 281 27586
90 472 44777
44 206 91837
45 365 43382
238 447 60108
151 469 68447
292 455 88391
112 330 72801
91 297 59666
95 414 62201
47 138 54781
62 363 24739
81 362 76538
483 535 51245
348 416 90050
282 365 34540
157 457 54781
121 186 76844
10 525 36770
255 349 65552
116 390 68593
347 510 69354
245 439 63953
112 402 64537
427 498 55902
17 276 50804
432 531 28862
26 228 57035
19 161 21378
179 378 38949
15 385 19849
534 538 41629
380 433 26000
86 247 50160
23 423 50120
179 340 69354
198 228 27659
86 253 18682
484 490 33526
54 104 67030
193 448 47011
69 511 45607
135 164 22804
120 235 78186
124 283 15000
187 521 88102
43 342 99725
100 296 58822
329 516 14213
423 531 90874
266 296 56586
159 315 74967
234 351 13153
26 174 52326
106 167 93941
357 532 128062
72 481 34234
181 395 46098
251 332 35384
65 116 52498
407 454 62169
44 494 72560
284 531 56321
41 347 12728
288 511 23537
74 489 34205
152 310 43081
41 408 51856
102 459 28601
156 256 50249
117 212 46043
302 509 36878
367 542 12806
152 453 24759
27 480 41485
207 363 29155
172 232 44688
111 349 55902
165 307 40361
81 83 64140
297 346 35114
167 342 28231
411 522 35468
280 484 43046
119 524 61984
248 461 15556
402 446 60415
101 270 32650
7 52 82873
24 526 61074
3 23 60407
279 403 24207
175 424 29069
103 295 34205
108 315 62394
224 302 21932
131 477 16125
221 337 28862
187 481 25456
227 382 52202
64 90 36222
369 525 31257
115 145 21541
363 409 39850
58 75 56886
143 512 20518
16 358 39000
209 251 31016
149 277 57280
43 523 19105
127 505 38079
75 208 62177
27 534 49406
108 360 58523
24 448 42190
198 427 59816
114 524 53759
298 469 37736
362 458 73980
225 425 12083
155 198 28636
219 495 40608
111 172 72801
129 233 66528
191 443 15133
110 198 72014
100 202 30594
24 140 48754
57 163 63695
459 479 23022
432 505 63514
91 517 52202
77 264 19723
398 440 52802
85 219 47885
20 394 46755
31 491 42048
42 204 43566
255 303 35511
366 504 33541
21 328 30232
152 419 23087
179 185 56080
209 335 72111
220 259 38079
252 322 68250
189 410 45343
430 492 13038
116 391 45880
79 241 16492
205 448 53310
37 303 24042
132 203 34234
246 312 28284
44 266 49396
299 337 17000
192 309 22023
417 512 23087
161 355 64281
76 201 62817
197 350 42048
406 463 25060
254 438 24739
52 79 33541
371 411 39459
476 519 88600
108 159 68680
395 411 39051
357 360 52010
229 520 26926
58 253 52202
410 450 55000
252 434 24166
116 540 34205
194 376 21190
264 486 24698
45 403 93408
45 429 15232
68 407 42544
270 451 41049
96 271 65924
20 135 58052
119 428 57689
316 350 64630
96 162 42059
149 392 47676
342 352 30871
2 421 53488
77 384 63063
425 460 58138
246 394 32985
142 423 26571
95 463 61911
418 499 69836
3 531 74007
194 210 35777
223 501 56719
16 166 18601
286 539 41037
204 369 53814
202 298 36688
183 493 45651
272 379 12000
441 532 29732
60 464 25632
248 468 39051
210 217 79762
8 229 26401
330 346 39408
197 333 31401
35 342 31401
76 290 44777
9 210 24698
46 500 45651
33 297 48918
100 483 39051
65 495 44777
221 299 21541
241 403 59841
294 482 28460
419 453 12083
138 268 53151
188 439 68600
49 491 80156
232 399 17464
433 489 56921
34 528 80062
55 485 66603
146 333 39598
481 521 99247
356 414 54589
88 164 20616
217 250 72201
1 359 49649
124 478 29682
162 176 51078
203 308 44721
416 420 80623
257 292 199249
40 203 47043
32 415 35384
199 230 34482
2 124 39115
4 98 39395
38 177 29833
444 477 41012
41 212 28636
125 160 20224
177 487 59666
377 391 66121
34 424 60033
171 408 51740
8 520 25020
26 70 24331
20 457 53712
111 392 71021
66 81 33526
53 298 23601
455 462 81302
308 344 43186
105 304 30463
99 265 18682
21 296 78160
84 200 24021
295 531 79649
250 447 35468
54 377 88051
260 426 24515
20 422 47424
85 211 13000
173 398 34205
214 371 51264
276 340 26173
123 530 14318
236 389 56223
12 140 40112
205 363 44911
163 388 79404
55 287 28862
15 188 48270
74 537 37216
114 454 37363
181 393 97005
39 322 15133
345 538 38897
303 460 42048
169 287 59034
304 513 41037
295 510 71028
56 354 31321
326 349 55027
277 350 20025
388 475 22804
373 379 32280
43 529 12000
208 373 27295
113 472 45277
12 363 46141
324 412 20616
102 457 24083
139 154 18974
105 122 55902
196 257 16125
440 479 37537
70 137 31623
420 425 65795
207 464 41881
4 537 23022
486 506 54342
374 490 46573
132 308 54589
219 435 26000
114 488 19313
118 430 44944
240 333 36235
152 487 33838
92 541 25495
332 349 50010
85 514 19698
26 155 56356
106 392 31241
15 230 46141
235 440 31906
103 278 34670
261 357 40311
218 436 39850
526 964
851 753
387 721
494 338
8 441
860 591
465 503
874 451
176 842
284 442
604 845
110 722
82 715
94 644
714 511
379 625
798 190
385 392
257 197
72 297
676 837
136 160
380 781
151 703
445 264
265 531
894 647
892 709
890 399
499 100
769 196
290 770
269 677
163 131
675 191
562 964
671 576
322 194
510 539
680 705
354 640
338 441
755 204
604 756
411 374
434 853
998 458
309 330
806 278
385 488
441 535
387 475
591 838
477 12
337 341
445 295
490 182
769 857
744 823
93 751
348 809
157 756
551 193
514 609
526 79
884 509
71 683
296 821
528 898
269 507
428 344
944 369
772 428
476 329
713 847
25 509
425 572
742 321
393 442
198 282
874 477
780 369
841 532
117 819
561 155
779 789
510 760
84 348
50 657
478 613
278 607
202 633
651 182
180 584
968 488
412 168
158 401
530 322
571 969
637 807
89 447
123 251
438 639
410 10
384 835
685 327
988 608
473 960
870 696
122 582
623 407
313 730
564 626
297 895
213 597
542 29
300 608
637 182
359 973
249 217
221 389
329 845
117 603
812 750
458 220
75 530
486 644
151 596
156 189
763 549
297 117
761 703
757 292
273 762
61 354
163 339
279 477
978 407
516 158
107 682
476 95
449 814
776 489
939 324
233 589
545 350
155 156
201 775
614 355
711 491
478 873
348 277
146 829
534 152
215 557
754 641
101 326
385 302
422 914
455 200
261 176
452 155
549 206
79 368
177 416
394 636
645 242
973 547
339 401
98 429
355 561
681 363
154 261
288 578
225 162
405 135
351 187
594 550
900 224
846 701
340 32
296 522
484 61
568 666
848 245
245 462
928 355
745 548
232 368
172 600
564 552
284 277
196 698
153 803
163 831
659 956
542 397
187 551
744 455
141 820
40 448
607 813
727 707
381 448
124 718
529 809
104 765
684 902
592 530
185 819
574 155
326 646
688 841
358 163
78 735
693 136
264 808
621 932
584 113
389 22
184 597
603 86
76 499
647 90
739 626
216 857
624 899
208 533
885 427
754 488
986 591
715 334
107 234
624 218
176 245
710 377
375 290
231 921
188 363
494 406
409 438
580 679
968 589
241 273
769 670
95 230
733 769
345 739
398 273
202 845
623 531
495 457
784 807
320 238
672 518
749 691
667 970
965 450
374 57
430 181
418 980
699 537
711 166
442 582
553 974
630 798
105 544
982 460
74 628
64 426
423 233
637 884
761 111
468 306
338 92
848 181
559 339
457 668
487 433
866 571
259 458
360 400
803 762
515 738
880 764
814 692
365 348
549 915
881 572
7 468
980 634
829 854
251 773
506 580
411 660
671 759
232 645
572 824
176 617
240 340
736 161
638 70
678 553
396 863
984 623
404 803
204 446
735 751
262 278
364 317
198 685
75 250
992 519
190 318
496 902
569 423
319 831
14 577
637 324
655 606
42 573
508 524
578 526
380 893
284 323
700 439
779 743
659 862
174 160
243 710
856 452
649 507
517 378
42 532
588 458
398 524
191 625
631 607
39 515
867 163
604 21
656 216
265 264
692 755
883 601
220 678
363 649
666 697
648 457
560 359
611 220
628 229
980 380
415 286
325 170
910 471
458 975
364 589
567 936
417 943
15 399
807 514
133 762
481 248
392 413
842 552
316 470
638 524
341 412
27 405
376 115
194 462
680 875
768 525
319 847
146 783
565 9
929 250
649 884
389 364
864 735
582 868
225 489
369 543
701 526
205 484
318 278
613 253
715 433
551 97
499 13
661 347
263 91
103 262
343 78
213 259
750 811
145 294
699 327
241 180
347 145
327 667
468 448
202 659
571 511
948 563
317 858
321 600
121 800
266 398
382 76
375 913
210 163
918 525
314 796
669 607
784 497
772 94
355 255
701 681
801 772
92 340
424 805
223 133
728 621
454 176
140 514
391 925
405 360
595 166
436 617
468 694
389 338
473 467
560 103
633 970
549 671
314 214
780 607
193 272
608 959
889 776
566 537
254 100
58 675
272 642
189 878
173 739
849 151
266 343
62 385
308 568
366 260
261 885
892 792
176 148
121 275
824 442
146 234
676 595
334 728
823 835
936 541
69 742
718 453
958 342
655 926
306 741
540 844
157 456
443 307
519 631
530 726
439 226
607 231
929 680
295 101
796 725
165 247
905 687
910 373
533 589
662 837
823 569
287 385
463 595
337 245
290 913
443 320
813 537
811 198
582 165
462 21
667 720
544 120
151 380
854 709
178 473
711 128
474 831
67 443
298 280
575 928
875 558
521 659
475 542
468 648
902 736
666 46
370 718
572 910
762 504
426 835
543 147
948 582
165 149
236 576
604 184
904 765
899 450
889 276
415 89
741 191
348 912
310 416
154 642
506 69
234 94
755 192
111 590
461 722
586 979
779 299
854 676
613 852
322 450
495 361
871 638
786 722
509 38
191 656
326 462
