756 1832 25 94
489 733 13416
277 363 27295
514 659 15033
411 524 45277
16 418 25318
292 347 36674
101 506 49396
362 753 11000
189 405 51039
563 587 36715
62 209 69857
298 669 56036
358 675 42544
221 349 26000
215 665 64846
29 131 26833
434 750 46648
33 530 69527
196 549 24839
369 491 55027
139 624 63812
42 138 57009
93 461 84054
52 466 80709
268 672 42048
185 492 14866
704 731 39446
572 604 56080
274 554 25942
35 707 15133
331 552 36878
186 622 56798
470 548 56365
466 577 51420
83 673 65460
187 257 42379
302 350 40522
292 433 53712
219 438 35000
132 485 23087
505 720 21932
172 560 34482
474 481 31401
287 724 17720
301 494 62434
231 254 16763
87 241 35384
219 221 56586
181 714 43566
59 83 40025
9 142 42579
173 476 43105
189 709 86354
285 594 39560
726 743 22804
470 529 14318
121 467 49659
186 484 45541
696 756 38275
425 630 28231
600 649 26683
663 696 25000
22 327 24187
27 187 34059
99 223 41593
320 710 18000
307 697 19026
59 171 13601
224 481 51624
251 397 36715
192 300 55471
503 698 71554
300 629 25710
51 308 56080
251 739 84723
229 574 37643
252 313 21024
276 502 28460
241 364 13342
211 693 29530
52 400 21378
82 561 15620
97 480 52393
368 412 27803
45 723 64405
110 500 38471
302 616 69260
58 106 24839
75 209 31780
189 635 74545
399 515 18385
596 642 24083
568 733 35228
402 493 38328
134 209 58009
74 360 31016
221 438 71309
454 670 42755
137 297 19105
173 479 60000
419 708 55109
141 245 25000
198 442 42202
206 701 51245
632 673 13454
5 558 18028
416 663 37336
261 305 22136
87 571 31780
653 744 25612
199 348 55009
215 598 77466
440 452 23409
291 482 42190
10 684 28018
149 262 55444
20 263 32985
36 48 41761
43 145 39408
180 541 38833
283 329 27659
283 743 25807
308 459 31623
419 513 18358
262 541 29120
438 628 16643
6 295 33242
616 689 67082
190 246 22847
257 560 27295
79 581 34525
153 323 41881
611 651 69771
299 520 51788
173 291 59666
349 450 24331
666 750 84024
75 273 50804
456 749 41231
231 656 41677
701 730 47885
298 554 34015
145 220 32650
380 620 40447
33 717 67082
192 322 35114
571 575 33015
345 479 30232
540 718 49649
290 535 41146
517 540 45177
120 731 56080
298 386 56859
26 728 27586
152 543 41437
228 523 35468
164 525 59203
58 119 27514
166 716 38639
153 480 22672
752 755 29614
29 704 11402
216 251 55027
413 754 53339
35 385 35355
95 519 19026
58 288 27459
14 623 59034
472 633 58822
105 590 30871
78 709 31241
98 608 56080
154 604 47885
89 326 15000
600 751 18682
7 696 30083
44 199 61131
105 120 32450
16 629 47043
424 448 27074
20 365 26249
176 199 59076
148 753 31064
220 581 47202
502 520 24021
394 654 14036
570 711 12806
147 215 93941
149 169 22472
552 562 27074
61 74 44643
41 315 46174
368 746 49578
199 430 29614
549 610 52154
291 411 63253
359 724 46098
229 303 82801
277 651 76538
212 346 73000
107 623 26249
213 407 64327
392 649 42544
129 227 47096
406 592 29967
246 752 15620
162 570 29967
129 442 45695
118 610 46390
111 534 37336
38 258 28844
17 402 54203
66 145 23345
110 231 28425
379 558 30000
98 291 39217
331 535 39051
85 592 24698
134 144 48010
308 596 43566
46 571 44922
22 541 31145
1 336 48466
304 678 49092
356 486 36674
269 619 18111
34 153 48508
594 623 44407
504 604 58249
398 669 51662
303 549 76217
129 357 47539
77 368 48042
584 692 24839
66 365 59666
131 437 24759
257 703 28302
529 587 26683
459 728 28000
388 437 29120
337 748 39623
12 410 45541
82 509 15297
2 480 65215
90 639 78892
94 289 52631
446 580 29069
723 728 45880
218 425 62000
403 748 17205
106 288 13601
31 570 23345
88 96 25000
46 309 41231
179 395 49041
96 724 32757
474 740 26077
524 627 17263
666 735 93744
89 649 11402
529 688 26907
524 573 18974
518 588 35609
432 720 29732
273 580 46519
54 651 51196
266 674 57271
217 585 64031
300 658 15556
316 434 21471
69 230 40804
46 79 48083
61 94 21471
261 487 25495
118 475 42953
224 432 48010
104 459 42107
182 719 50448
213 289 57271
29 731 43841
137 341 19698
126 230 34655
51 582 14036
14 680 33136
1 70 31401
334 719 22361
226 668 66068
56 205 21954
282 376 49820
124 187 43105
138 609 48795
272 332 32558
175 449 27586
276 343 22204
40 640 19235
374 469 37121
185 229 30083
251 565 65795
307 567 32558
378 522 34482
649 751 33242
305 361 20591
42 632 43909
705 731 28284
333 468 53488
405 636 35355
178 729 22825
299 668 39825
121 619 24413
32 149 19105
340 480 11180
203 406 25179
251 464 86579
75 259 35228
180 682 12806
243 591 17464
423 627 51430
204 494 22136
120 398 31890
292 321 60208
79 127 30806
577 625 13153
255 637 171843
465 634 14213
312 672 27586
295 534 13601
108 536 31145
389 667 62241
32 615 47434
390 614 39699
48 121 23000
58 566 75293
1 395 70093
299 756 39459
328 707 46011
718 745 47518
310 589 17692
472 737 41773
43 201 27459
333 453 10050
65 385 47424
62 167 61717
347 433 31780
56 263 20616
39 517 55785
172 429 44654
148 219 31016
95 466 31765
228 312 20025
516 693 37537
72 681 44283
175 489 31765
293 490 33061
194 521 33956
32 382 58009
148 275 23770
503 565 48042
297 691 16279
290 739 29120
215 700 14422
489 568 30083
369 550 43081
557 671 41231
154 579 52202
391 741 28844
552 599 39925
179 603 84380
67 137 18028
214 272 19647
70 752 48374
25 207 20616
580 712 47413
15 69 31575
441 622 44294
65 231 27203
20 702 70007
498 653 39459
384 648 42202
436 747 14142
391 657 28443
136 181 49244
413 499 16553
150 649 41677
159 255 50000
371 580 46174
189 483 17493
196 567 41110
271 718 24021
373 739 59908
377 461 26683
291 546 39623
79 727 29120
235 304 14560
177 693 41617
209 687 32650
121 550 34928
44 293 20000
504 726 36125
206 730 38639
335 528 18868
279 657 38079
470 688 25000
170 697 14213
275 285 23087
588 648 21932
148 606 33541
197 428 64140
36 439 16125
312 385 38275
382 548 43841
612 705 31890
105 538 14318
104 700 70767
485 577 15811
374 655 37577
242 476 32573
241 348 19849
65 110 38210
531 586 28018
173 482 34234
159 409 50120
699 721 51088
66 329 47170
221 496 53075
46 87 34000
94 602 14036
314 710 15000
483 527 25710
234 535 41000
207 333 32757
11 431 30150
328 385 41231
43 522 12649
408 711 42012
414 579 44598
455 566 18028
22 458 57079
481 740 42450
103 545 23087
95 286 45222
247 750 74095
118 403 45222
237 434 25632
440 586 16763
90 230 42190
482 663 17117
265 276 22204
51 104 61351
166 343 16125
162 312 35777
224 273 48847
356 569 29682
266 718 44553
32 481 24839
200 567 28425
176 435 35228
466 644 27731
352 632 16553
206 370 17804
341 725 24166
326 357 47170
462 494 73062
35 312 46530
330 423 53151
187 660 23854
71 364 22023
88 422 25298
178 179 34015
240 549 67543
301 386 38000
128 437 41110
234 639 22023
590 632 47170
499 754 54342
284 427 61188
178 387 46390
85 203 36249
404 416 37736
125 604 52697
477 495 75690
537 603 13928
78 334 12806
517 665 44598
12 28 42048
140 301 62290
55 488 17205
324 325 25554
49 529 54120
372 714 45343
201 581 23854
208 467 36878
201 378 34713
111 605 41773
152 686 19235
17 57 15033
304 655 25179
8 458 116017
594 627 64008
100 616 30529
237 247 54009
486 612 47170
287 422 20396
247 738 38897
171 297 29967
2 443 27731
551 585 15232
90 521 58000
359 436 108894
91 635 27166
27 560 20616
108 568 38419
189 527 18028
432 471 23259
248 581 39319
127 572 30414
535 552 46011
549 593 36222
22 346 50990
203 727 21932
73 223 56400
589 734 24515
149 615 37855
367 425 13000
110 286 21471
36 386 51245
175 568 23022
435 639 44181
273 505 41110
201 248 26173
350 616 28792
319 421 14866
468 504 40522
1 603 198162
69 421 24413
112 580 36069
143 447 16763
84 361 21213
50 209 34409
432 505 43417
49 515 23431
264 495 48104
240 567 45177
631 690 20100
398 705 29732
221 450 39446
132 484 19235
161 493 13000
147 676 59481
151 189 89443
419 653 42544
298 439 12042
357 685 40311
270 737 47434
100 473 22204
502 737 15033
354 593 50488
365 613 56321
381 608 12728
178 395 48104
250 330 10817
523 633 28018
95 618 46228
179 742 53085
545 552 37216
174 425 38949
133 265 45277
577 644 34655
168 240 32202
220 604 60539
190 395 59169
188 447 16125
355 746 18385
467 554 61327
357 526 29155
49 548 16643
617 675 42720
18 729 44553
408 746 20518
113 590 50774
17 475 22672
383 591 31401
366 532 15652
546 716 20616
80 557 20025
166 663 45793
194 238 62801
103 464 41110
651 681 55109
98 546 18868
167 391 46573
206 281 31401
112 294 26173
279 675 30364
139 533 101833
91 258 25495
326 600 26173
135 645 19723
66 306 62266
565 698 34000
141 674 51662
95 644 18868
262 740 39623
211 533 76026
379 722 39051
158 460 34713
267 454 39459
314 382 44385
99 641 49578
24 337 16763
517 674 51000
76 164 14142
18 578 42450
717 755 32650
445 718 20881
539 682 18788
9 587 38897
418 717 46000
95 253 39962
212 342 38471
308 642 35014
283 504 48260
123 179 55444
351 746 52355
6 195 55154
651 738 62626
158 316 29155
279 391 24515
500 721 59059
320 382 28018
239 421 27659
236 388 19209
45 544 47381
496 748 37656
40 365 22023
160 379 34176
217 454 43046
76 567 31623
202 561 33287
65 328 48094
141 517 59414
82 412 17029
471 740 23770
431 708 43863
472 495 65000
113 120 25060
185 574 18439
2 532 15264
194 592 40804
211 516 39051
462 741 39850
426 598 38471
26 308 35057
571 727 23022
87 575 12649
173 345 49739
156 261 28160
224 474 34540
327 458 48466
136 252 36222
15 384 18439
238 732 43658
122 213 59816
42 352 31780
108 562 68154
83 367 29411
169 682 44553
76 593 35057
157 352 25239
386 669 21378
613 640 26926
21 431 51624
330 573 26907
384 421 35114
80 671 31575
316 744 33526
312 638 72236
318 708 37802
441 477 38833
186 537 17493
279 617 32757
387 501 15000
345 476 49396
373 463 39051
90 435 72111
110 254 38013
212 400 24331
168 428 53141
122 456 55082
296 707 44102
163 336 23087
150 357 46615
560 670 23854
307 417 22204
72 683 17493
81 432 46519
544 723 65552
223 249 28636
586 647 24352
74 325 32016
510 667 44777
265 502 16643
429 559 61033
136 553 38601
256 711 37577
61 165 29428
101 736 27586
96 714 26019
235 536 34409
262 327 10630
179 387 60208
109 148 33106
431 513 46840
90 508 41110
77 536 47381
533 745 15232
176 430 43186
53 373 26926
518 531 35468
329 365 42953
611 613 64846
260 578 41485
68 379 29155
666 686 42426
86 390 12042
25 191 26926
125 504 21954
370 701 43600
187 456 37363
530 664 62266
176 490 25060
318 595 38471
321 433 18439
8 597 56727
331 545 11705
346 458 41593
185 728 33242
217 670 35228
12 732 46065
84 715 14142
77 561 25710
394 707 15232
232 706 37162
261 361 15556
413 547 22847
311 602 29155
431 671 27803
102 583 21260
234 508 59203
600 685 33541
295 451 18439
326 685 12649
391 462 42190
28 410 33971
395 729 37537
50 112 36222
125 329 57306
411 573 41110
528 664 26249
94 401 48795
401 478 29698
115 221 73007
144 269 75584
14 292 63348
222 380 15811
457 641 62362
84 305 23707
230 410 18028
633 638 52326
34 349 40497
49 399 11180
409 686 69527
203 581 31321
492 574 22204
208 369 56727
181 600 48703
96 359 14142
423 594 36249
386 662 26173
284 653 44944
393 499 16763
116 183 45541
55 437 70937
507 566 60440
389 712 16643
296 682 52154
252 553 29967
342 699 30232
165 377 12649
310 416 35903
204 332 38626
446 505 62682
2 558 14142
365 375 18385
212 699 17029
205 511 31016
19 430 17464
12 694 25080
77 713 43417
412 586 36249
171 673 113464
6 429 58138
400 500 52802
177 697 24187
213 448 25060
26 492 20125
247 666 79057
106 119 14142
363 453 58523
124 456 46669
183 227 13038
518 561 29000
289 401 49649
197 700 32573
564 683 11402
197 540 39217
506 568 55172
6 436 107564
445 745 49092
386 439 54129
398 731 36715
383 662 17029
31 228 11402
662 669 14142
60 442 66708
121 491 50040
457 737 34205
115 438 35057
488 512 49041
10 21 53367
541 721 39812
117 290 52000
579 631 32573
464 565 66851
423 573 46011
43 306 39812
101 381 26833
268 477 36014
317 456 25962
177 745 60465
412 440 41773
41 188 18028
23 255 96462
278 368 45486
47 247 44272
309 690 26907
56 306 31321
25 333 29833
135 668 33838
324 525 67535
350 415 34409
379 463 29155
142 563 25060
351 368 17692
334 514 50000
139 674 10050
287 695 32757
242 524 28460
405 719 42426
30 463 46530
172 187 28284
85 406 37363
527 701 23022
318 393 34655
107 649 41617
298 612 15232
528 652 25554
42 280 30414
55 609 33615
208 694 38910
263 375 33601
54 247 58138
324 417 34132
246 668 39623
167 279 53814
82 531 23000
264 634 19647
715 748 15811
280 620 15000
362 454 41629
357 442 41037
181 685 34886
91 306 54918
191 614 20224
477 578 56859
87 348 38601
529 542 35847
624 745 33971
353 407 12083
405 569 47413
79 309 44407
559 605 32558
44 348 57628
54 158 20518
98 698 70214
419 498 15133
104 308 21932
457 583 53712
339 423 51662
239 694 39115
41 455 28302
367 673 45100
319 384 38210
498 513 15232
339 650 63530
42 512 176799
427 595 87316
198 476 42544
473 689 35847
191 215 83630
453 543 61270
10 683 47413
23 147 87207
357 422 52555
86 604 14318
424 454 32202
323 340 39205
218 725 19235
389 580 57489
159 543 43186
81 646 24083
310 734 21633
157 193 30414
107 594 53339
372 376 30150
217 556 39205
26 596 37000
526 714 47202
60 107 49497
13 249 37014
156 305 23854
134 184 36359
362 556 26401
290 639 23854
359 376 30463
325 516 28018
427 653 25060
599 655 38419
151 511 31401
123 603 32650
44 160 22204
162 256 37121
35 162 26926
348 722 22204
415 621 29000
385 656 14422
240 574 46239
289 407 15556
389 510 37696
444 484 12166
9 563 27586
140 591 60803
152 738 23770
200 643 39000
527 635 64281
11 21 41110
151 702 50160
5 532 12649
196 593 26249
579 598 48415
344 406 63953
331 464 46755
136 282 43863
477 638 43863
584 601 22136
190 465 44911
249 608 54708
132 577 10630
23 338 61270
4 285 12166
200 428 30067
567 643 24759
311 402 23770
220 572 10296
36 332 41012
253 519 26627
54 237 25080
547 576 43863
10 11 56939
143 648 22627
1 752 67186
342 346 50010
583 641 49679
636 730 22204
216 443 33242
270 276 32650
163 322 30265
329 640 32558
119 259 31385
176 293 31890
150 392 38118
433 553 34132
70 163 24207
412 509 16492
68 544 52887
281 569 23409
98 249 26907
184 566 36401
262 646 48083
118 715 44418
236 704 33015
181 372 38079
258 701 72567
277 611 56089
126 410 25962
416 652 46872
559 560 34205
5 30 26870
274 356 16492
147 338 77466
41 288 58728
429 436 165148
59 233 13342
334 709 34000
138 380 44204
415 446 28653
579 690 30676
153 261 39623
533 624 41593
154 309 34205
625 644 25495
57 118 42953
390 604 22804
165 478 20248
35 328 38079
252 282 36497
116 695 44011
140 462 50596
195 436 64498
150 442 16401
300 322 37656
515 542 21471
523 570 17117
93 516 48270
318 431 42202
104 579 55036
294 389 33242
190 226 63600
370 706 37121
245 674 37336
131 388 14866
7 166 16279
3 376 19209
127 154 15133
198 335 10630
369 455 24413
374 552 10296
8 302 44147
279 510 47518
16 717 55902
213 703 55073
397 661 18248
23 245 148408
443 532 23324
455 550 36056
707 710 21213
314 320 29547
80 499 23087
103 736 36674
266 517 45967
86 426 22561
245 533 143934
203 575 46098
663 716 48083
17 289 65192
167 741 31385
631 723 32558
565 736 38910
67 657 51088
134 507 11314
439 554 30067
217 605 28601
229 549 75240
149 740 50160
23 39 116043
58 687 34015
39 141 21587
473 617 48508
146 460 10817
309 579 29411
10 702 44598
144 741 39115
54 681 22361
366 397 24042
189 719 72007
129 528 27203
193 352 22627
523 583 29614
57 161 18868
398 538 46098
198 652 16125
72 564 12166
238 521 42297
273 371 16492
216 397 36770
240 596 13601
38 732 66483
138 280 32016
62 144 24166
552 655 39623
328 539 28302
101 733 47676
508 678 40311
349 443 54562
248 378 18601
289 402 43909
282 372 36014
167 389 21840
60 476 44553
489 641 44944
223 270 12369
133 756 34540
166 696 39013
334 659 56939
27 257 17088
637 666 104785
35 394 24187
350 621 20025
183 629 44385
92 512 69971
98 381 54452
260 537 54406
338 453 51088
46 241 40200
73 99 41195
152 277 22825
404 530 17205
666 738 53600
538 630 43658
76 196 21213
441 618 33541
355 408 22204
327 646 44777
222 731 62610
350 497 34015
196 240 65795
69 678 46690
157 632 36674
344 732 59506
128 659 13000
46 364 43932
19 592 13153
497 616 11402
432 474 41593
9 288 14142
195 553 31401
417 693 37014
170 200 18111
4 423 21190
47 750 49092
120 538 37443
50 294 29206
408 641 43417
114 689 129557
53 251 44721
61 401 47434
283 611 11180
601 692 13000
562 568 59908
180 500 51662
1 742 61074
3 714 14422
268 618 31401
303 323 38210
211 745 71805
37 145 24083
498 744 29069
468 726 43829
486 731 34928
441 484 46325
225 548 32249
290 464 43658
24 424 40447
469 536 22627
224 259 75007
411 503 59405
457 472 32202
488 754 11045
15 588 51088
161 402 47413
303 305 48021
157 620 41773
93 211 33061
656 672 10296
92 547 61221
180 721 15652
117 739 56569
16 163 28636
519 644 17493
273 446 55326
541 682 37202
93 377 92892
65 656 47424
657 675 28284
446 621 29155
74 311 20809
560 605 45277
480 544 23195
219 275 13454
1 190 77897
67 140 29411
599 678 50990
556 585 45354
428 445 32140
103 565 53451
265 299 44944
168 642 34525
363 743 50990
315 447 27074
268 441 34015
416 589 31145
531 688 26173
208 421 43463
10 78 21024
414 728 22023
292 600 41677
64 183 17117
115 628 22136
114 358 85288
509 561 10296
536 713 24698
174 590 11045
277 743 50249
191 468 35355
317 401 65000
654 710 10050
24 115 46390
370 467 61741
318 671 40000
637 735 11662
116 629 32062
183 210 40162
130 658 48166
250 411 21932
109 623 48466
469 655 13342
554 612 37537
14 109 39825
103 331 18439
190 752 33015
18 178 30000
45 229 13892
18 495 56886
148 438 22204
34 443 63032
454 556 37121
140 657 48877
28 732 39115
128 557 34015
3 96 21095
259 587 24187
256 570 33941
495 677 44688
101 698 38639
31 162 10440
213 475 30463
578 622 40804
361 487 15232
613 681 54037
23 141 128062
413 576 33015
555 559 16279
97 379 28636
133 166 24739
163 418 16031
483 636 24839
122 749 52402
317 353 41400
216 650 69311
170 428 35777
315 518 23259
313 553 13416
452 647 15811
46 723 44272
511 635 43139
523 711 12207
351 452 51000
124 478 144087
173 663 34540
482 716 44102
483 730 17088
227 422 62801
365 640 38588
16 322 16492
13 343 15811
283 640 43417
443 661 20000
443 450 43463
358 617 20518
432 597 46669
215 517 63135
304 536 32558
152 409 76026
128 514 16401
311 525 28636
325 525 58138
107 627 65788
181 526 34438
274 281 27586
414 723 43932
301 662 27586
16 210 39699
244 426 29614
154 572 20881
70 336 26926
580 667 53824
42 673 57140
545 736 46043
34 261 27586
84 487 29155
340 544 25239
252 747 20881
472 638 28178
284 637 13000
525 593 36878
330 339 24083
259 542 28601
647 679 27166
401 407 45000
260 622 27203
282 747 20000
319 648 53600
311 493 45277
370 554 51000
243 538 42485
260 501 31016
586 679 11705
51 642 35903
395 742 15652
111 292 63514
101 545 49769
292 680 68007
278 449 21932
174 538 36249
39 665 30610
591 662 32311
58 209 29069
84 748 19235
28 126 18111
472 677 60465
148 551 37736
645 668 38053
118 305 50289
134 269 60745
258 706 78772
124 436 219313
164 324 47096
584 609 25000
240 643 31305
97 558 12649
12 232 24698
549 574 49396
256 314 18028
19 85 21378
37 125 29155
324 693 20616
296 320 34132
684 702 34059
424 703 41012
256 351 57000
37 66 20616
140 725 24083
221 285 50478
218 341 21024
256 394 30529
60 627 31780
311 325 46819
6 451 19105
256 746 56036
363 726 52000
294 712 22091
606 753 25612
28 238 18111
85 430 12083
130 359 116499
43 66 41785
133 343 27857
337 448 49980
322 336 29206
419 427 49010
229 728 38833
210 629 35000
270 502 39850
139 245 42720
461 516 54708
506 562 13892
440 647 14765
530 734 32388
607 750 38275
125 145 45453
88 526 55785
508 639 71007
11 671 21541
164 307 34000
390 468 41773
1 192 56080
193 620 33015
102 523 15264
484 622 32558
534 555 24042
382 615 33838
155 234 30414
319 369 40050
68 71 24515
306 378 43174
428 540 49396
486 705 42942
215 244 78294
75 371 39560
138 692 44777
69 239 32016
5 463 46530
360 461 48010
197 582 22136
337 424 46098
701 706 23087
400 699 15811
626 649 28636
139 266 59237
258 732 67676
608 733 55902
293 463 45222
734 756 25632
152 159 70342
500 539 39217
257 670 34785
60 242 21024
195 313 28178
458 646 40447
201 220 54120
182 514 24597
291 698 75073
247 651 37054
237 316 31305
333 726 60415
338 543 57271
510 617 55866
393 413 12042
77 509 25000
383 538 29833
358 689 44283
420 547 36878
71 544 56886
20 205 40804
607 744 21213
278 355 13000
63 338 39560
108 713 14142
17 213 31780
462 657 41437
444 625 11662
74 602 25080
107 392 22672
4 339 57428
364 722 25080
53 366 27459
382 647 37643
128 499 56859
234 290 27166
291 503 89107
65 500 14560
518 688 34015
52 286 45891
4 221 46819
118 303 34713
188 319 45804
72 684 50804
111 680 19209
18 501 13000
78 702 41437
142 288 48754
116 658 29547
121 369 59363
520 677 20248
92 595 15232
683 684 41437
322 629 46615
444 519 25612
206 554 38601
143 315 13038
56 511 16971
32 740 50289
20 681 69893
33 183 29833
366 661 14036
250 339 17000
263 306 38288
43 220 53038
420 512 36497
51 197 30414
487 748 36497
396 732 49041
49 225 22204
383 669 27313
328 682 41593
583 633 21401
677 737 42953
111 321 16401
448 475 37577
595 708 30083
232 370 38013
645 717 16279
490 639 46957
180 539 25080
119 687 23537
15 678 28018
144 462 27019
136 347 38275
195 433 26627
281 730 13892
92 576 30067
282 359 77987
256 654 20809
188 369 41110
418 755 22672
62 134 29614
390 504 55758
169 296 35000
249 716 22023
251 373 59908
42 609 102474
77 235 34828
395 465 44272
30 532 24042
22 342 45354
20 684 80056
215 614 73980
289 602 50010
288 566 70859
226 634 49092
115 496 41340
90 238 37054
354 525 43600
306 511 42107
80 393 22804
13 276 20616
282 436 31623
55 584 17464
244 614 54083
530 717 68308
629 658 14866
365 681 75286
153 443 72471
385 672 18385
165 401 42379
113 222 12369
117 639 43278
415 720 70831
495 578 49092
187 429 48104
298 705 40853
267 628 21024
81 458 45695
302 415 14213
306 375 56223
534 605 38897
45 323 53488
593 610 57689
428 718 34713
130 695 31241
89 600 19235
321 534 36069
320 707 25807
109 551 20591
253 484 39812
333 363 61270
411 479 28231
73 608 49739
284 735 23770
550 619 23324
24 267 31623
291 479 40497
62 741 43012
428 582 63151
232 694 37643
160 348 45277
259 515 42579
129 335 28844
76 307 34928
77 202 23087
224 515 59439
146 744 25962
108 368 47297
360 516 21954
396 706 28071
55 128 81597
15 304 55902
312 477 66888
580 621 39560
104 598 25000
214 619 18028
135 752 37802
264 729 30017
310 530 15652
116 130 22472
117 293 24187
45 728 46487
257 456 54626
102 408 35511
292 751 31145
95 110 40249
38 91 33377
410 694 32016
78 659 62626
114 171 21587
267 753 14866
21 564 13038
88 724 17263
109 275 41677
337 475 59682
669 705 57280
501 578 34132
149 541 45541
156 323 25000
202 518 38639
528 530 46390
314 351 58822
364 544 65368
63 255 51264
221 339 65437
88 287 23324
428 643 50804
2 153 71169
225 399 13038
8 432 70711
191 207 15811
33 64 21095
146 498 16155
313 436 44294
451 559 46065
548 647 42297
531 679 26000
58 507 52000
670 703 39357
201 522 28601
277 543 28636
53 397 15620
160 463 23537
347 553 11180
230 508 53759
259 273 70711
124 660 34482
143 588 25318
711 746 49477
304 469 27203
34 496 30610
53 532 27586
735 750 21541
467 491 19647
526 685 31000
354 493 34540
12 396 20616
686 738 17804
131 704 21024
376 714 27295
175 641 29547
495 638 64661
460 513 27019
404 528 35777
52 212 26249
695 724 41049
30 373 20100
469 562 48754
205 263 16031
271 624 24352
18 387 25060
232 467 54120
471 474 26249
144 494 68411
239 410 29069
351 412 30364
301 591 12207
215 676 67268
324 516 36497
164 417 27659
266 271 33734
118 337 61000
182 437 33377
269 494 43139
409 666 59076
68 722 28018
92 318 37736
216 450 14765
14 626 65192
267 362 11045
38 344 24352
184 550 34928
555 605 20616
435 521 49679
30 53 12369
22 721 35847
128 182 32062
536 562 60208
690 723 36770
135 755 24739
29 437 42297
449 568 18248
377 478 31145
259 687 23087
137 233 30594
25 147 31241
244 390 43278
177 211 53852
70 418 36892
199 203 39051
312 633 48332
295 321 36249
450 650 75166
203 248 39051
277 738 42802
123 387 34482
458 597 59682
233 297 30871
254 268 32985
303 610 35228
569 636 18385
146 513 22472
420 488 13601
131 236 26077
19 194 41012
32 548 41869
24 454 29000
37 329 45277
218 630 57245
32 225 28443
489 608 57489
284 607 47011
23 63 45354
315 588 32757
224 505 22361
147 453 46872
305 715 33971
473 510 27893
514 719 50990
383 398 54452
605 680 37014
2 5 12042
48 332 11045
47 434 22847
228 570 26926
79 220 44407
125 283 54378
243 630 31828
459 579 50695
214 332 19235
75 687 22091
203 571 34132
107 626 30594
621 667 42426
217 680 52345
573 627 18601
255 409 10770
115 267 34409
64 664 26833
175 355 27659
416 476 40853
547 754 43829
39 147 85024
254 618 21401
565 650 52202
497 621 39115
113 380 26401
233 341 18439
40 329 25495
155 535 44407
556 606 16492
209 294 46098
460 564 40853
403 715 10296
613 651 13000
353 749 20100
41 369 38328
109 585 24331
8 616 113323
316 607 31016
100 497 20248
217 560 43081
655 678 56462
696 734 29155
206 274 27731
22 262 29428
137 691 31623
57 475 18000
253 441 29411
466 485 61270
124 317 63561
293 739 69231
314 452 41869
348 575 40224
14 751 67446
64 227 10817
456 660 16279
36 204 65192
8 415 54009
104 215 75472
381 698 40460
151 205 28636
228 633 43000
426 579 44721
170 445 38484
464 535 33242
563 688 15232
517 700 63702
241 722 26173
136 600 62968
500 699 59615
425 590 44598
109 594 44911
46 690 34409
48 467 45044
93 533 85493
11 659 61074
665 676 10296
126 238 22627
226 495 52173
83 233 42190
268 312 58009
216 661 23345
709 719 40200
388 601 37643
368 509 37590
7 756 29155
29 569 58600
278 746 13000
269 272 14866
249 546 30067
41 566 43863
326 649 25000
9 119 21190
114 297 18974
358 691 68447
155 508 42426
135 246 40311
427 973
366 493
170 847
287 622
378 494
59 683
438 795
955 694
770 576
631 174
660 125
642 401
474 768
182 667
644 526
363 921
145 471
564 921
495 384
531 208
619 122
830 791
292 51
186 555
322 158
277 336
84 588
604 419
747 246
397 513
668 759
794 708
322 859
291 520
703 766
768 371
441 230
555 332
213 136
489 186
729 522
907 216
475 277
446 446
282 399
382 357
540 80
756 411
781 667
856 579
236 265
793 890
394 525
550 120
788 150
544 260
160 470
799 557
968 365
304 717
48 415
856 495
336 40
301 861
733 833
460 238
931 399
367 446
650 495
408 948
372 422
594 123
544 709
91 403
835 590
166 350
660 602
640 193
416 323
711 123
905 746
695 620
959 326
239 515
474 380
357 242
412 373
206 865
224 753
584 458
560 299
724 53
38 318
67 425
711 907
181 865
364 467
453 713
540 750
970 559
504 651
621 737
501 598
294 285
861 292
780 573
255 710
616 639
217 648
729 871
134 676
892 575
846 252
986 390
232 561
284 921
483 470
202 479
790 583
834 274
756 434
95 547
596 966
7 583
414 219
602 437
391 305
711 177
295 820
263 929
759 222
669 939
455 807
827 501
409 876
146 772
949 398
852 201
144 167
903 408
192 131
728 583
708 555
866 473
443 254
597 74
298 138
231 618
792 727
267 765
581 253
438 88
298 472
393 290
557 529
263 474
893 261
565 106
370 70
424 449
144 460
678 756
389 933
152 352
19 420
449 783
911 523
210 294
784 748
144 308
981 369
70 606
378 746
888 290
585 686
483 434
121 296
540 939
541 973
785 802
189 796
709 209
299 878
796 482
264 359
653 967
50 586
711 523
661 293
465 905
329 184
371 970
898 231
536 383
98 722
181 365
215 243
318 788
450 385
162 306
470 304
667 580
459 347
803 426
555 241
699 346
338 171
687 441
828 559
337 891
71 316
813 873
132 500
770 431
254 221
350 551
143 612
922 371
262 617
422 279
303 578
834 249
499 743
857 665
799 680
503 854
292 867
661 768
275 387
626 462
711 849
663 388
955 368
530 515
633 580
785 224
552 95
586 421
649 463
229 320
386 397
325 718
874 343
323 258
167 131
444 896
498 94
489 322
473 731
352 644
402 569
110 768
677 886
695 854
384 22
675 719
90 572
579 316
806 610
606 932
271 501
835 762
539 240
519 898
500 802
166 222
204 581
663 846
794 450
502 755
133 229
789 436
876 620
724 334
253 627
487 784
427 108
624 675
947 483
877 221
704 315
116 804
443 173
568 5
275 620
748 881
226 877
772 562
80 476
503 518
416 700
169 729
462 458
874 556
91 674
749 748
968 396
767 343
462 826
322 944
857 366
965 651
225 453
619 576
250 494
514 269
152 318
279 301
372 317
381 799
108 415
662 788
111 747
693 718
715 566
580 81
33 525
704 85
684 486
720 730
124 689
359 937
263 449
105 349
92 371
224 768
842 770
736 785
464 191
346 653
519 594
767 412
345 139
650 201
311 796
382 955
191 539
347 78
344 629
302 453
941 380
819 835
465 781
547 355
353 703
868 825
133 736
401 410
313 554
976 612
675 662
914 247
58 492
171 435
612 680
728 318
249 808
993 475
167 863
80 374
260 512
203 592
400 112
373 400
506 200
367 520
935 309
662 650
724 484
685 357
872 604
152 805
417 511
560 595
519 213
155 835
15 408
504 311
392 461
825 236
492 675
736 707
848 334
658 514
698 801
819 366
586 933
770 212
905 544
356 230
923 478
270 727
729 109
691 745
495 956
650 382
384 537
810 295
792 669
789 869
33 460
102 438
216 522
353 796
690 251
484 344
69 487
615 702
394 26
627 444
367 660
684 633
741 110
311 338
956 640
373 764
134 331
388 917
627 66
790 125
670 481
230 857
294 642
146 549
922 309
352 264
628 17
160 276
33 631
479 391
663 95
885 704
120 707
561 71
512 454
90 786
742 204
234 596
766 355
712 664
649 877
277 778
354 518
672 924
128 273
931 626
713 539
144 522
604 666
337 558
73 670
720 686
344 129
165 575
744 498
40 550
556 773
887 788
297 327
591 83
41 402
887 456
419 472
488 559
509 914
726 935
711 413
364 189
597 592
743 625
864 714
570 802
967 537
844 697
160 488
335 749
627 845
12 439
378 686
313 455
813 692
412 742
676 302
660 922
671 962
744 285
266 526
798 136
557 671
495 456
706 432
259 345
139 448
824 419
554 865
267 539
977 578
612 68
734 125
747 837
577 921
514 793
402 612
403 200
879 661
546 625
819 509
587 499
680 617
940 530
556 272
784 89
618 82
698 187
799 652
69 355
199 190
705 587
692 908
513 817
544 416
487 281
634 745
334 691
136 409
220 811
651 308
321 812
756 619
367 806
718 620
374 506
73 240
99 663
521 555
613 608
638 976
855 305
760 800
178 230
807 770
789 633
399 102
316 432
523 605
443 729
762 101
767 676
200 381
764 468
199 638
555 586
123 741
736 357
106 640
182 608
712 143
368 479
94 629
103 596
685 608
553 613
750 595
606 121
450 614
761 492
184 324
586 663
712 293
651 743
425 344
413 284
328 673
246 363
424 377
722 83
676 947
595 892
344 308
918 600
450 317
222 264
605 751
792 167
193 652
717 648
782 613
683 559
394 787
889 279
867 359
497 371
164 385
261 657
710 47
242 324
918 737
314 270
570 549
205 750
799 188
81 426
625 981
370 248
126 635
198 612
569 52
501 684
817 167
196 433
438 163
761 329
500 144
326 204
755 735
986 585
979 490
682 871
776 448
865 230
956 611
628 916
235 693
110 221
678 934
225 716
317 688
225 582
316 919
896 320
334 339
929 254
618 768
500 903
587 302
695 286
555 5
595 815
516 498
486 167
573 713
244 300
201 306
701 923
399 859
881 748
725 671
692 539
231 744
400 599
500 131
334 790
606 29
692 731
594 579
690 813
928 450
311 933
699 172
37 566
366 534
837 347
410 759
313 837
232 160
453 29
962 569
437 857
823 345
123 583
680 117
681 808
938 264
154 166
956 454
241 155
520 836
616 527
728 644
149 664
554 142
777 792
609 132
603 173
220 780
447 71
813 588
736 601
998 519
354 337
979 408
811 183
97 330
652 424
243 905
410 784
133 317
466 644
802 860
246 233
650 331
601 207
105 548
758 243
782 305
648 354
705 751
681 55
620 217
702 730
641 735
896 558
626 629
182 839
225 517
456 745
388 871
134 253
660 221
895 676
799 809
383 423
340 371
209 882
919 390
400 164
444 331
297 355
520 928
692 308
778 277
601 380
551 659
399 811
545 11
485 631
529 794
461 82
475 526
842 723
899 494
488 970
422 158
590 49
87 246
629 687
104 788
230 532
56 512
537 31
200 732
432 906
214 592
787 137
403 900
423 820
