773 1560 20 128
620 661 32650
411 686 18682
18 452 73410
21 89 13892
597 762 34205
153 302 62968
151 403 34000
236 510 31145
445 551 23770
233 635 36222
306 730 25710
502 716 35805
333 341 18439
32 630 76026
398 608 47170
509 510 45100
105 709 39699
582 610 24187
175 442 44654
523 623 40792
252 416 23022
590 750 57245
545 752 14866
286 471 37483
488 679 39699
552 732 55317
397 550 12207
49 159 31828
240 452 60828
502 589 56727
376 569 36770
249 393 29428
256 476 25000
71 196 17117
321 530 28636
6 745 34655
662 694 41400
284 393 46011
398 594 64351
60 94 49679
462 578 31623
278 431 39115
160 277 19416
6 180 66851
263 486 19105
200 307 61555
529 671 19105
78 540 14318
232 280 33136
311 718 45880
239 571 29732
308 347 43829
209 383 12207
629 772 35000
62 82 30265
118 136 58694
732 769 47927
257 552 28071
294 655 26019
99 287 45651
315 402 42720
563 757 52038
77 170 16125
336 534 18788
72 183 31145
490 711 24515
449 583 13892
232 445 25710
480 611 22825
199 661 30414
55 121 27295
689 770 123069
156 762 34928
175 547 50120
235 649 44272
129 328 27295
46 93 10198
458 723 39850
303 583 40311
485 495 27203
217 510 26077
602 674 25080
330 370 13416
187 663 45651
650 709 40162
225 470 35228
8 125 81633
182 472 44598
436 747 37000
524 538 58310
666 734 33541
45 629 36249
646 700 63063
300 467 11402
232 242 46530
80 592 45541
434 726 56303
19 215 14036
333 498 38897
485 713 29155
300 603 91591
31 186 25080
105 717 26000
48 662 10296
186 285 45122
463 773 34670
197 581 40497
301 427 66573
195 625 55973
133 727 16125
254 403 51478
266 269 45222
242 551 45486
414 579 10440
336 767 18868
366 388 41110
66 451 24515
246 615 30265
613 672 60308
81 252 19026
238 737 23770
474 511 23259
400 553 30017
85 135 11402
332 544 22804
53 513 39408
52 596 10440
73 543 39623
276 392 46669
137 174 62394
73 718 24187
584 754 69426
484 770 165052
484 743 79630
217 236 19235
18 134 26833
163 523 44147
156 480 65863
28 396 40311
206 532 29069
482 772 26571
50 682 24839
148 477 22000
34 188 42544
215 388 44944
180 545 31321
178 742 17720
289 662 58856
243 672 43600
267 683 35171
396 419 54571
97 310 15232
411 488 27313
64 363 35777
197 446 12530
488 693 28653
415 528 30806
494 637 13416
297 561 45277
98 630 28425
324 368 22804
143 600 17088
463 506 146342
495 535 22825
546 608 71120
29 463 37643
123 398 61400
674 676 24083
304 428 20881
300 489 47074
125 613 76688
429 547 34176
182 343 49769
78 84 49031
40 773 20248
375 592 38210
272 545 38897
30 517 29155
115 437 42579
423 491 29069
719 740 63000
184 289 61620
229 529 16155
311 360 42426
130 245 23087
179 446 76485
105 158 43382
223 744 56886
53 145 38013
117 339 66287
278 691 44598
460 549 38118
287 536 36770
305 306 23770
90 530 33015
332 532 36892
411 711 23431
89 306 18111
506 539 45804
228 747 27893
8 613 26476
466 675 19849
170 630 38897
27 101 38471
269 526 21471
58 574 11705
600 671 37202
493 508 28425
559 644 82152
33 538 56727
146 314 22023
130 676 49578
377 606 56436
283 405 62177
401 668 24207
36 663 57983
372 761 33615
253 378 32016
87 766 63246
349 668 103697
360 614 53759
81 605 27166
2 333 27459
39 297 33242
610 762 49244
7 286 25000
193 689 44911
269 607 54009
38 643 34366
107 141 20591
92 289 47043
366 444 58138
221 605 28844
172 663 41049
120 375 19416
94 254 29833
121 536 15297
160 734 17117
254 406 18439
341 606 46400
293 367 39812
111 166 44654
571 666 46043
44 264 16279
162 273 43909
675 698 43829
61 138 25495
283 432 51352
114 291 34409
162 393 59034
257 433 53460
72 162 32450
446 581 47760
102 155 97082
173 244 24597
125 672 46861
112 447 31016
2 377 29833
149 371 16401
677 720 25612
226 540 19416
69 710 36056
8 660 28425
44 699 16279
176 194 35128
338 671 50010
60 475 67424
86 109 40706
278 595 48083
558 667 14036
12 570 26173
197 397 34205
537 579 38601
350 356 52469
210 438 24083
18 240 35057
106 571 42190
70 251 57428
19 410 34132
345 532 25612
89 537 25239
430 480 26000
131 679 13416
341 504 25000
191 421 12649
431 641 28636
149 547 41000
369 433 28302
186 289 60141
242 659 44654
471 582 16643
461 543 37590
141 469 61400
113 373 23345
334 566 38079
111 584 58052
103 161 38949
557 717 61400
521 654 63008
398 695 27074
435 512 39395
150 212 24083
13 383 100499
157 308 13416
516 741 24021
77 630 31953
10 764 35735
225 230 51078
121 497 41485
67 346 36688
331 477 22627
507 689 88752
332 768 25080
385 587 26683
645 693 58000
128 500 15000
427 554 22136
152 703 17029
246 588 12000
238 645 32802
585 705 17720
684 695 57385
556 757 43012
130 422 20616
137 589 72125
516 717 24207
30 262 15620
469 483 50695
287 293 40249
184 351 25962
239 728 44272
119 499 47011
46 546 12166
632 633 43566
63 209 52773
125 346 27313
418 470 37696
180 752 20100
289 511 34828
310 648 43012
149 485 43174
139 260 14765
16 152 11000
7 358 39115
356 421 40522
82 383 47676
364 619 55082
194 756 35847
9 573 30480
57 759 55946
573 683 20248
605 721 26077
34 340 44944
177 441 35468
558 620 35000
358 471 31780
448 569 22804
339 631 15000
583 607 23537
503 767 30265
65 749 86683
164 462 36235
263 399 26833
104 622 48270
587 664 36139
726 757 49041
195 441 18111
399 442 37014
61 233 48384
344 534 24698
24 698 27000
74 503 21190
197 690 26077
401 527 25318
113 207 62097
320 647 23770
291 298 30676
599 768 39560
439 479 11705
206 544 48166
362 530 19849
572 616 33615
326 463 20125
499 767 29120
411 749 59464
561 683 62586
434 598 45343
626 748 44777
321 408 43324
404 580 35057
407 525 23537
94 151 45695
288 378 31765
217 335 28653
253 407 34525
324 616 33971
221 281 44911
168 430 22561
265 328 43829
551 659 17692
126 474 21378
136 682 13454
124 668 11045
689 715 33106
200 359 39051
379 509 36674
155 703 35171
264 321 51352
47 540 12369
280 438 34059
125 295 17692
9 683 38897
290 492 16125
65 384 66708
375 693 29155
26 110 17889
48 184 29547
399 532 17720
138 352 47854
245 258 18601
340 367 36346
440 704 10296
437 696 43012
411 490 24698
301 563 18028
746 747 24083
287 714 41593
14 204 31385
313 555 28443
446 566 64661
145 605 29967
339 629 32558
29 773 30806
571 722 21932
176 512 36222
408 530 37696
65 734 67030
299 743 39408
409 644 55973
332 390 34015
262 687 12806
506 740 45354
195 231 55009
348 661 36125
258 604 26401
449 542 27893
124 401 18439
437 452 13892
85 438 47297
62 577 31401
535 643 48094
128 689 54589
176 638 35735
122 320 41146
238 592 51400
376 640 24515
115 543 10770
106 734 64351
484 567 21633
109 598 22627
184 224 55543
457 606 44777
137 648 24083
188 714 23409
103 239 45453
247 561 14142
212 276 59203
436 557 44598
460 735 24187
731 738 33971
490 765 12042
650 717 29547
193 540 26249
513 618 27019
253 616 48166
140 358 38419
163 276 12530
222 760 22804
338 749 74887
42 183 36401
487 685 78588
79 343 34205
476 574 33242
180 564 88617
379 435 23022
204 318 45541
192 352 17029
404 596 37483
298 389 20248
342 653 51039
116 305 13416
468 598 46872
357 435 25000
3 710 55543
277 304 37121
119 736 16553
265 505 48021
28 111 45618
274 378 21260
517 687 24698
57 729 55227
94 403 54589
21 306 14866
217 378 33541
165 736 15297
440 518 36401
255 749 39013
269 307 67186
80 725 23345
166 694 17804
347 681 23000
49 451 58034
156 597 52326
155 578 24042
409 761 44283
359 616 27731
24 54 35511
581 750 37643
400 466 29833
232 652 22672
107 469 53907
339 514 19235
146 207 33734
500 507 32802
23 728 54452
242 657 10440
425 515 15811
237 509 36000
156 337 49769
136 303 22804
267 649 42048
135 493 24352
150 659 13038
305 658 16401
597 665 49193
3 279 60465
346 406 37577
144 633 19026
702 764 14560
357 519 22361
348 420 63891
653 684 46400
87 312 32062
616 697 36892
309 387 22000
143 593 14213
18 329 60083
374 571 33287
312 315 28284
213 385 12000
210 493 14560
175 422 33615
87 669 39446
311 696 23854
261 584 17493
420 731 55227
4 450 35805
609 626 64031
317 603 14142
171 567 22361
197 550 36892
228 741 35735
133 665 29120
390 544 30871
330 513 15524
164 698 22825
179 450 44777
384 749 43863
209 316 34540
449 607 17464
150 520 34059
246 602 41881
8 292 12166
201 328 19416
318 331 36892
556 606 38013
281 476 46819
180 259 21260
33 107 29155
463 719 39013
109 621 32450
281 294 50961
117 656 56143
353 744 66528
54 578 55946
131 488 38626
391 521 44283
396 566 64846
391 569 49497
30 182 25298
45 184 30000
178 451 40224
403 525 25495
76 393 16155
122 576 11402
155 596 143684
52 192 17720
418 566 54406
141 423 22672
462 673 12806
91 625 54129
64 316 32558
321 559 62129
147 753 26907
283 325 36620
218 565 16492
413 618 45891
56 607 66483
337 611 18111
407 707 58138
56 583 59211
65 106 39217
159 481 17029
320 589 75604
266 760 34000
540 715 26077
54 102 31828
644 699 10770
339 351 34059
19 699 13454
100 458 25807
350 473 131027
158 709 17029
614 718 12042
494 601 44011
68 436 15297
136 296 42579
128 715 32558
130 674 55154
453 556 32894
462 703 22204
521 620 39825
545 700 24352
403 439 27203
374 666 20100
549 618 38275
134 329 45277
4 179 60407
3 656 40706
165 566 48021
267 573 34713
408 589 32249
118 168 25080
558 661 23259
103 728 24698
109 291 26077
71 98 39115
121 293 20248
218 647 31765
193 505 50249
299 749 52393
217 253 44654
122 647 31401
313 318 21471
34 367 44643
212 555 31575
245 506 66851
17 514 40460
686 711 13342
560 753 33106
17 656 36069
372 560 39051
14 576 41785
553 579 52000
96 392 20248
205 308 21095
137 565 29155
74 101 37483
129 201 11314
130 751 30806
478 531 47011
98 467 89006
354 433 68029
518 652 34176
405 432 23345
79 270 67469
272 752 40719
46 198 36674
603 694 24187
24 487 59203
169 294 53038
244 450 21213
185 745 46000
465 495 27659
581 590 61270
90 174 57009
20 66 109786
336 344 13601
27 647 25495
52 352 20000
161 768 31765
711 765 19849
609 733 72277
168 296 11180
317 758 25318
311 614 51478
352 596 27514
42 478 28862
148 690 45607
18 370 39294
196 623 48332
377 504 23345
508 510 35228
355 388 33541
484 622 22136
422 604 31385
302 732 45453
198 684 30887
16 703 19723
13 386 13601
109 298 35341
62 386 19026
392 690 44553
240 347 48795
379 739 15620
93 653 47074
284 666 26870
70 363 41761
249 304 18974
293 536 27203
466 491 40311
105 455 40249
312 459 26249
385 634 22672
264 559 82662
192 580 34015
588 674 33302
393 548 18974
427 501 20518
338 395 22204
173 179 26077
249 428 18439
22 250 35228
167 230 51788
202 533 17088
515 634 18028
53 639 33615
87 575 19235
453 606 11000
181 560 12530
378 572 23087
512 739 37014
47 78 19235
488 749 57009
135 739 23259
657 691 47424
40 233 46861
301 474 45277
204 331 13000
242 445 47096
64 209 58898
55 382 10050
312 669 18111
185 539 31765
1 110 21213
415 613 15264
11 355 18028
294 416 53535
413 735 10630
673 703 15652
274 288 42012
601 637 44822
144 357 26306
669 729 45695
23 599 41231
4 690 22804
617 656 46174
84 771 55803
83 404 49649
537 553 40719
498 757 26401
163 764 27785
316 383 33971
435 519 36401
248 266 23854
196 426 26420
61 287 44721
101 503 33734
248 616 34540
88 350 20125
181 220 38484
19 44 20100
196 211 39825
325 610 79429
400 658 34176
380 399 46271
256 260 64413
413 681 29155
34 79 75392
216 609 42059
448 521 62968
327 721 17117
237 335 42297
414 663 33106
465 599 31064
452 696 42202
81 642 16279
209 549 56462
653 678 63032
348 738 65192
143 229 32249
729 748 53740
237 724 34540
612 760 22204
32 389 10817
412 466 23022
447 459 39825
549 735 22672
537 664 37443
222 320 46400
377 772 54120
222 526 43012
572 697 16643
291 456 32894
87 260 61294
330 618 14318
222 589 88955
434 474 52555
67 94 34986
75 464 30265
172 664 18601
351 629 33526
163 623 59169
580 714 36346
2 504 12530
499 534 11180
5 600 39812
597 654 50537
303 420 20396
305 553 36797
319 653 51352
133 667 23022
261 396 12000
23 38 29069
174 256 38288
511 621 28071
127 754 12083
162 641 29155
60 707 15232
412 579 54231
433 677 45453
627 696 44283
665 727 27203
421 640 21024
132 243 23000
33 346 51865
67 406 27019
261 470 24698
529 600 32140
33 672 38210
117 629 49254
104 598 59682
195 757 155502
240 370 43829
469 538 27459
37 643 30594
236 290 36235
288 368 19647
43 232 15524
518 641 34928
484 726 188383
78 771 43105
9 343 33838
386 680 25456
314 562 57871
165 581 74431
11 366 42426
33 243 22204
427 556 35000
708 713 43012
139 281 42802
326 719 22472
343 683 51108
347 546 95635
227 763 59666
50 303 14213
253 479 25632
254 688 55731
11 746 47508
157 460 53759
191 405 49729
443 491 13601
226 322 38833
127 184 50990
251 386 23000
284 374 17029
152 155 42012
238 725 36674
220 449 26019
451 458 53413
211 623 46840
241 387 27659
219 270 44822
400 412 20000
80 211 45354
649 755 30083
337 597 42012
334 614 35355
39 176 20396
236 274 12207
35 211 51546
494 628 10817
425 569 12530
1 26 23022
55 262 36878
153 759 43417
221 642 26627
111 154 23707
381 718 48384
242 394 18601
205 594 10198
63 157 94921
605 619 28284
580 692 24759
15 683 23087
78 226 14142
252 642 32573
434 563 48508
473 709 167443
382 687 30083
83 714 30610
336 499 21633
505 615 11180
365 496 35903
631 754 38275
53 190 34234
146 216 18028
86 600 29000
216 314 34928
229 622 25060
23 282 41231
116 730 11662
283 473 34000
661 667 13038
10 179 21260
492 520 53600
502 559 58694
95 636 27019
21 515 32757
125 406 24698
104 468 22561
458 742 61033
224 427 22804
207 609 69080
353 706 35000
442 708 48384
207 309 50488
648 767 37802
613 730 52953
47 771 39446
3 208 63953
91 353 46000
162 431 43012
12 215 60415
175 676 28653
425 448 16279
218 589 72111
5 533 23601
11 388 29155
293 340 22000
186 758 41629
356 405 35000
456 621 23431
180 700 49679
593 622 32280
512 531 18248
113 562 22136
656 710 41881
1 286 30806
6 185 33302
176 531 39661
159 309 39560
483 685 12530
370 618 19925
120 686 21095
423 636 35171
223 353 40522
363 577 42297
120 160 16125
380 486 34438
225 584 56824
322 384 54424
332 708 39825
485 547 19105
365 747 39408
263 345 13038
147 637 31064
410 609 36056
350 421 22204
154 754 36222
35 623 46228
176 643 52202
384 500 35355
349 354 63640
48 568 34059
252 327 13153
539 740 17464
127 631 33422
76 428 26173
213 323 24187
100 668 38626
318 477 39000
568 694 36222
593 600 25495
375 711 21213
50 601 10817
310 767 24759
96 276 54626
79 755 21213
7 110 48104
256 575 18601
553 658 41629
43 445 22847
122 590 33015
267 633 36359
674 751 46872
251 763 32016
215 216 51157
51 530 21378
671 679 41869
376 421 20518
461 718 32558
97 499 34886
120 277 21095
626 729 56080
111 489 42720
88 376 28018
90 112 14866
45 351 25020
133 558 27295
285 456 14036
123 594 17000
515 587 17000
8 199 28018
200 731 26627
277 375 29428
206 345 29614
14 318 56754
219 524 18385
319 342 24698
416 721 36359
160 304 44011
491 675 39205
7 496 41773
169 655 59093
288 572 13928
44 410 27074
565 589 72443
294 642 43829
195 726 204534
588 751 53759
209 618 62266
76 211 49010
500 689 58694
136 348 58600
188 214 20591
39 194 35355
576 612 20518
189 223 26000
215 644 33015
371 429 19698
632 649 51108
238 375 35128
181 502 41617
247 646 40200
58 174 13153
101 750 19416
85 704 41761
125 660 82462
701 762 31906
335 707 53413
266 712 23345
92 511 28284
10 702 25000
13 82 55973
95 443 18248
231 333 38013
323 385 28302
347 460 49366
403 688 61774
635 773 14213
218 320 23409
100 759 45222
80 426 13000
259 371 20248
250 740 50090
222 612 37537
401 759 25239
139 424 24083
69 706 23345
52 692 23022
422 547 63135
391 405 46648
123 308 25495
118 133 28178
140 762 34540
570 761 48260
361 444 54203
183 518 52393
257 527 19235
440 652 25080
141 483 50359
58 97 31780
235 755 34015
625 744 12649
275 380 15524
396 418 36401
170 737 12806
128 322 44011
542 628 37590
359 479 27166
301 757 59908
7 366 50537
250 719 13342
21 528 74431
552 677 22000
167 225 11705
248 712 36222
494 542 38184
651 695 15232
65 686 78109
259 272 43105
177 377 42297
502 560 42059
614 655 69778
395 529 45044
124 527 32202
95 487 63246
468 593 21095
181 542 30000
118 348 30610
214 624 26683
41 732 35171
230 418 31064
36 350 66851
313 477 30232
102 487 21471
462 698 46239
99 536 55317
753 761 29069
31 630 77421
409 716 17000
45 482 36125
663 664 34482
268 401 26476
542 583 20616
333 757 65192
167 617 24331
342 684 16125
341 556 50359
46 653 52000
550 590 59908
409 559 52953
70 769 26926
42 282 12042
123 608 35511
169 281 16492
57 742 33015
506 604 72732
417 445 41304
170 202 35511
338 488 57428
363 619 40447
223 706 24759
10 173 18868
208 279 46840
467 623 56080
337 665 23087
20 650 166964
248 324 12207
191 640 15297
34 705 26907
94 406 32280
96 148 27074
360 627 14213
463 635 36056
224 554 13038
273 728 13038
372 409 22204
227 720 45880
45 224 51624
285 291 40608
183 704 45277
172 587 33941
180 371 33136
343 497 65307
52 404 34234
334 586 31385
103 571 39623
175 275 41761
413 460 24413
369 763 33015
537 587 12649
451 723 21378
516 557 44045
139 364 40262
35 595 30806
420 738 65115
341 498 36069
156 361 89560
190 619 22825
71 725 38949
294 360 47265
189 772 45000
402 748 17117
29 326 27893
182 247 24207
22 740 16553
103 390 19849
15 638 26000
50 142 57706
31 114 47707
538 585 46615
255 507 59933
454 464 35903
80 428 39825
299 338 50804
578 673 26907
8 415 25456
32 202 38626
499 574 57706
368 454 28320
49 66 68154
36 385 32573
227 769 17029
365 366 31780
129 771 33541
239 273 41012
204 550 34059
234 369 15264
177 231 40000
78 322 40447
74 565 19235
276 764 23854
28 489 32000
142 682 45486
34 214 36359
219 649 52000
151 525 26571
258 506 68884
11 365 37014
365 741 40025
194 545 39051
108 416 13928
611 727 19723
360 416 53141
15 267 29967
87 459 23431
12 388 39217
478 643 14142
16 414 43829
112 575 30017
49 178 32650
431 548 27659
277 592 12728
267 519 10198
343 561 43463
393 431 40804
423 483 39115
228 516 37336
84 106 52402
444 570 32388
27 122 25060
364 732 59682
591 724 28284
712 760 14036
370 413 48010
21 730 36222
37 478 29120
541 551 19105
203 701 15556
63 594 121149
175 713 47802
68 373 24839
700 756 16031
115 461 40311
732 766 32558
366 496 15524
60 151 50160
295 688 49041
644 761 63561
30 646 15033
185 564 75769
227 433 48795
264 402 65115
336 503 28284
132 400 24083
49 733 36125
404 692 22672
279 653 66189
381 418 43174
299 770 52038
104 434 81056
171 743 49366
359 439 17464
198 695 45222
76 548 24187
118 296 32311
21 448 36770
417 520 52154
333 504 24187
346 522 44553
22 185 24739
512 638 45486
108 329 33541
591 707 36235
51 362 10817
212 394 54424
86 389 31623
271 503 31780
158 582 44045
75 612 52038
276 670 17088
232 657 45607
183 440 43909
207 733 63655
475 522 36674
40 687 40249
314 355 26683
585 624 28000
432 473 64815
176 272 48703
201 486 27893
163 691 61660
188 367 10817
419 489 17464
319 353 25942
453 501 20248
586 655 65803
430 682 39925
37 282 38079
395 671 51478
573 755 27893
98 317 34655
509 724 13601
123 205 13153
25 271 14036
387 481 25000
441 625 44283
18 513 43463
66 481 75538
1 455 46872
274 454 44598
187 385 29069
59 581 53151
93 684 39051
275 602 17720
493 509 56824
612 712 23707
139 221 36401
34 624 25962
433 720 51788
129 486 24207
234 349 27459
329 639 46239
77 737 11314
244 276 26926
75 248 23537
708 768 23259
142 430 10050
433 763 53226
373 562 29682
457 504 15264
502 526 46872
92 474 10050
13 234 36056
172 187 24021
49 207 42202
108 639 30871
4 392 38328
203 283 41869
424 766 36892
158 610 42059
94 522 50329
131 645 54708
46 608 68308
161 390 41437
147 761 40012
262 472 42485
38 599 38484
591 632 40311
166 603 40497
171 529 24759
515 537 19416
230 470 43863
268 759 19647
443 698 19416
107 132 21024
292 661 39446
121 472 25962
302 552 65376
137 408 65924
469 585 28018
603 758 16155
41 364 42107
412 553 16155
211 595 44272
103 722 24352
464 612 62610
150 541 27313
72 728 45793
129 265 32062
163 394 71218
280 652 22804
278 518 28601
491 636 23409
467 764 40050
66 723 32249
252 294 46390
292 660 18868
544 722 26907
417 541 48270
241 373 47381
154 568 19416
255 770 40262
523 764 32202
17 225 28636
506 719 107564
230 381 17464
1 105 44102
653 710 56639
448 528 73239
5 86 39925
26 717 33061
743 770 87641
289 554 35384
579 664 11662
508 509 58523
560 628 30067
253 697 29411
79 235 44822
41 424 24083
204 397 39000
148 555 31953
47 193 22361
192 714 56356
12 761 38419
670 702 14866
140 471 37656
131 533 49244
199 415 34366
334 718 36674
451 742 48826
517 646 30463
485 535 37643
399 708 41629
561 700 31064
126 621 28601
318 464 40000
625 651 76420
66 387 82347
361 637 37014
586 736 25632
104 593 25612
363 680 52202
68 241 39825
473 610 128701
295 406 24597
79 497 66851
17 617 35228
329 627 34015
365 746 30017
560 716 46098
660 738 61033
720 732 20000
475 632 64514
608 695 54129
213 569 26000
398 625 102728
321 362 17493
114 298 10050
224 501 29275
539 564 60828
193 265 13892
83 214 21840
203 325 11402
312 447 47127
344 503 25000
230 617 57009
51 447 17720
56 303 44598
186 630 68007
126 511 27313
328 615 21024
290 417 30017
138 287 38184
25 534 34928
326 745 28601
315 729 40000
654 665 31145
46 678 27659
577 680 21541
145 190 26173
220 607 12806
566 586 52924
610 701 70349
237 707 28000
95 685 43081
670 764 14318
248 307 32249
194 297 40608
318 492 54589
73 311 32985
339 656 61984
169 574 28018
282 478 34670
375 765 19698
208 461 40012
59 119 24839
43 210 36235
225 514 59506
470 584 30067
69 189 34928
116 672 40804
88 323 29833
341 457 18601
64 577 37483
306 553 33061
101 271 35384
694 758 12728
134 639 12166
149 429 22472
373 747 35440
309 373 38079
741 747 44011
144 591 23345
34 270 42190
40 99 53151
25 59 15232
24 164 25612
327 416 25239
545 756 33941
240 681 36688
239 393 48260
482 606 56321
636 685 23537
559 589 17804
40 382 45354
286 455 34205
415 730 60075
546 678 17000
179 419 43081
688 738 17117
270 705 33941
325 701 23409
38 465 14560
91 651 67007
414 664 20616
60 407 55027
569 634 22136
20 557 83630
124 354 29275
296 682 32062
215 699 24698
524 632 56727
71 426 25318
153 268 37855
119 534 39051
347 413 35228
567 743 59942
879 686
62 679
234 718
410 548
113 376
519 73
847 656
798 418
608 220
336 525
794 731
770 667
488 980
516 538
549 239
910 235
241 657
354 849
727 721
859 841
849 344
491 24
389 237
828 184
474 637
880 709
530 576
294 582
567 52
570 118
147 475
134 432
768 308
688 187
346 408
946 306
412 226
408 215
511 234
608 62
552 841
433 262
472 378
707 723
149 596
238 795
226 135
179 545
751 851
736 533
616 735
768 97
403 866
834 149
618 116
694 492
680 882
525 728
460 643
636 326
690 47
465 966
329 951
419 915
225 226
777 914
704 340
863 814
150 685
491 887
249 419
389 299
348 714
539 636
572 487
298 343
199 400
217 152
618 215
253 381
458 804
435 962
725 147
227 200
491 317
98 413
587 783
962 350
856 332
593 741
155 776
79 524
228 793
674 358
812 197
417 500
518 697
228 452
660 51
690 957
512 610
811 127
337 254
32 414
923 683
262 239
771 279
403 807
79 449
864 701
253 562
604 751
821 794
121 435
309 737
803 334
159 678
799 485
444 662
211 318
645 120
552 564
223 895
643 970
728 376
74 493
217 582
170 176
266 122
375 67
143 342
790 288
824 498
378 837
500 324
745 508
561 668
709 64
520 805
892 593
789 269
793 542
61 387
574 286
434 844
754 777
741 603
444 498
451 151
442 446
632 376
910 224
642 889
232 551
884 191
873 575
240 918
942 644
773 828
225 310
363 225
371 326
361 467
848 200
426 654
228 525
265 662
797 510
498 755
183 402
62 344
913 298
352 515
538 726
367 118
491 238
96 714
730 876
350 541
494 135
701 580
578 142
420 296
167 572
497 48
170 485
937 297
709 150
116 693
437 870
949 393
751 102
222 113
494 203
65 745
266 417
430 568
205 811
821 434
672 446
274 114
148 396
933 523
487 526
225 908
264 190
761 810
297 707
381 960
504 361
297 392
424 462
915 328
719 168
741 720
737 771
575 387
562 623
656 264
666 564
485 815
598 564
116 719
113 559
269 651
203 154
518 911
881 757
65 355
316 671
64 690
457 374
644 32
524 978
646 250
558 396
594 320
197 369
308 289
319 851
838 845
416 396
790 311
374 504
377 44
299 78
559 157
595 492
284 332
526 20
484 944
439 803
612 412
693 381
103 250
563 755
605 939
388 59
478 149
533 812
311 610
582 108
283 160
691 726
234 120
608 512
562 266
634 926
622 555
684 229
488 636
475 192
349 288
565 406
327 130
367 478
229 329
385 364
284 752
454 341
494 771
421 263
965 496
279 306
126 495
872 656
682 91
566 448
126 526
530 419
101 463
796 430
664 127
445 757
716 389
787 515
534 210
111 434
91 263
304 504
39 537
596 846
727 522
266 326
815 328
838 334
627 488
246 906
811 817
532 691
356 746
619 785
483 473
771 763
639 805
413 947
204 477
502 483
167 753
570 601
640 720
211 192
939 331
585 485
944 526
560 25
437 816
270 95
373 792
356 893
482 514
310 208
47 656
376 666
589 362
499 663
854 529
100 313
196 623
664 149
61 644
176 776
597 188
495 650
270 161
739 351
285 886
780 461
551 983
971 368
174 597
752 85
155 730
614 974
777 737
964 420
548 290
868 623
633 448
398 752
787 600
625 729
451 899
510 844
831 732
824 701
700 144
571 467
537 970
344 887
461 138
709 630
844 798
280 289
200 334
939 366
91 672
581 420
522 313
312 126
323 687
619 106
388 970
160 211
915 316
484 967
811 839
783 704
128 423
324 239
912 401
400 511
313 337
405 411
78 316
323 610
451 541
170 864
307 172
814 286
639 952
679 790
648 406
772 131
936 441
705 367
618 378
626 679
696 648
709 750
182 295
834 286
305 915
885 271
816 400
416 802
504 404
333 645
310 557
731 502
953 381
380 87
804 252
536 823
894 346
253 394
95 573
272 346
443 130
792 532
346 361
959 445
552 946
29 495
523 290
866 799
302 779
480 363
640 432
442 334
83 747
330 143
809 215
820 643
463 399
419 574
633 740
883 358
692 563
389 519
753 909
309 791
98 605
550 448
905 647
112 494
76 655
711 942
602 765
291 935
337 708
871 228
578 16
542 483
404 201
833 263
307 493
54 419
736 238
298 631
899 630
620 127
999 496
78 514
691 287
538 755
466 498
440 234
636 421
816 542
786 839
152 632
783 219
22 360
409 161
281 141
792 137
157 306
294 550
173 318
817 226
528 435
508 347
746 583
425 183
839 697
656 160
35 619
487 681
155 176
109 588
667 604
519 643
68 668
259 79
432 6
129 196
526 369
558 320
561 365
99 504
487 274
371 889
215 626
881 337
894 722
567 89
408 347
552 268
476 448
872 420
707 320
318 477
673 271
623 401
641 565
614 956
841 418
80 361
612 714
469 271
290 177
132 390
482 671
445 172
648 105
877 318
731 265
469 33
214 138
467 435
719 556
319 741
296 226
503 165
250 797
411 142
319 355
329 938
461 548
454 421
603 911
840 301
102 552
455 468
67 594
896 766
837 474
644 658
707 591
557 171
828 773
22 543
427 77
558 639
385 629
40 348
213 547
905 352
788 648
298 261
579 443
588 243
514 732
578 766
555 553
446 941
861 198
888 281
737 133
464 590
908 616
699 551
296 601
713 222
405 678
889 322
299 66
630 647
519 563
590 303
238 338
52 398
215 910
339 378
778 94
896 528
63 465
373 199
77 393
730 542
322 113
214 487
409 75
461 831
98 616
676 556
217 860
697 784
929 604
836 531
570 539
803 392
381 701
269 74
608 460
261 686
350 906
457 859
837 439
97 476
43 367
310 437
713 194
102 787
695 848
387 761
737 589
164 629
210 430
196 608
630 308
593 285
898 331
608 36
795 218
758 577
525 249
390 835
934 390
374 355
470 793
442 220
714 701
171 389
555 117
547 595
545 650
604 264
940 695
154 843
440 359
218 747
873 483
444 731
215 682
413 386
802 318
441 433
780 440
816 464
184 536
915 257
898 287
852 506
260 287
823 475
654 971
621 803
361 494
99 363
764 346
879 218
324 88
848 250
342 104
581 911
265 789
131 336
466 949
308 886
755 517
571 232
190 784
772 213
200 300
590 98
702 436
178 122
432 542
370 406
755 116
171 331
217 511
168 837
343 766
588 429
828 211
718 711
526 173
922 534
351 505
893 225
451 329
708 205
134 702
622 320
345 189
953 657
180 705
197 313
591 528
380 164
701 128
192 152
688 633
913 707
369 702
539 17
561 895
435 833
314 246
749 930
562 307
230 385
10 548
826 514
350 275
639 845
813 340
694 461
561 875
715 854
227 293
312 923
429 669
191 392
719 438
510 303
476 17
870 723
713 881
68 295
106 775
543 48
830 762
854 764
677 807
142 251
493 614
350 49
492 155
721 621
228 587
615 236
527 189
24 595
208 502
653 931
592 542
740 643
905 561
504 969
347 491
182 326
567 843
515 673
335 210
517 894
93 211
260 155
143 657
597 45
