986 1685 6 410
624 816 15297
295 634 43463
466 682 16643
401 542 24597
84 930 34234
59 282 42544
619 934 23707
163 693 40497
128 173 28601
357 701 10440
881 977 11662
387 952 36069
119 183 25962
386 642 35735
217 872 48166
263 520 51624
328 424 11180
288 487 37577
99 280 56321
64 932 43012
32 218 40497
201 816 20809
34 570 24187
63 277 15232
26 529 50606
196 571 21633
58 610 21095
17 530 10050
324 462 36892
89 382 10817
188 314 30000
56 963 26401
106 549 44045
654 778 31385
494 658 17464
553 967 26420
338 504 25962
324 559 16031
151 310 89739
118 824 30414
146 889 23195
472 707 50000
118 180 10630
103 267 31016
99 597 18439
511 802 41629
168 758 52355
519 636 14142
92 954 15000
334 846 27857
77 948 28443
22 958 15297
470 700 34000
174 318 18439
11 963 18028
338 753 39205
430 481 32202
439 802 14213
51 353 28636
154 573 47297
15 308 19849
114 814 62298
64 984 46573
734 922 34015
359 725 22472
121 348 17493
64 320 30017
49 729 58592
641 970 15620
522 838 25456
14 534 57009
126 237 16279
139 361 34205
362 732 27785
205 916 46648
661 850 22204
461 623 38118
234 552 55660
319 638 14765
401 863 19105
87 200 23409
133 770 14765
675 863 45100
285 932 29682
248 860 49193
843 924 51010
665 774 25060
268 903 19849
154 663 36770
305 410 29069
698 846 30414
175 264 48094
153 911 15620
24 632 24207
76 587 13454
429 929 26683
640 783 16031
124 434 31000
123 630 12042
254 393 49041
521 911 26420
354 821 46011
329 864 13038
522 725 11180
394 759 59942
861 869 60836
345 653 25239
268 537 17029
586 787 31385
66 127 18868
738 875 21541
633 868 55172
244 718 43932
188 741 48374
484 911 31305
221 705 34132
423 769 24839
804 878 15620
534 931 24515
200 876 12083
40 714 24083
864 947 26249
46 285 17692
322 766 28231
879 944 46872
37 529 31145
329 427 35384
20 171 37537
258 365 40817
8 81 23345
412 712 13342
292 447 25632
68 595 27295
64 545 24042
302 491 25239
842 919 35805
147 418 92650
719 761 19000
406 517 11402
327 644 12806
331 790 10198
485 637 35777
593 969 12728
241 394 11180
335 779 38471
736 939 29069
33 295 49041
28 684 26173
191 615 17263
489 502 29411
171 915 19799
450 628 22627
220 353 17117
533 854 16553
331 607 22804
55 907 35805
556 977 18248
32 284 40608
408 484 10440
778 855 40719
338 802 43382
218 528 24597
151 951 56303
599 686 36674
108 503 45000
166 793 33526
371 417 34713
568 813 27019
608 747 19026
102 310 53263
175 736 42953
141 868 26000
156 329 21932
57 318 12369
460 730 24759
210 578 27857
512 705 37947
844 976 27295
115 679 39051
190 293 61587
198 502 48836
550 652 24597
480 711 31145
384 513 10050
214 950 39825
370 791 22804
713 748 15133
246 841 46615
491 821 54378
40 698 22472
74 432 37802
790 941 32573
623 816 17720
376 674 18601
592 721 17889
182 426 56586
41 66 72201
446 865 30083
121 799 40050
726 893 19416
352 508 27785
204 795 40311
438 656 27857
402 405 34409
674 705 13342
20 897 16492
262 436 41593
489 796 19416
217 557 19105
46 64 50120
298 632 22561
289 618 39319
89 671 35735
728 940 49041
224 377 38275
145 658 28653
440 982 41000
667 877 26306
60 928 46648
49 495 22847
770 952 16553
426 870 33601
40 349 33971
272 809 35000
490 780 17464
13 301 37336
11 143 52555
198 226 49254
58 655 17804
753 879 48166
105 665 10817
548 619 12369
844 860 22023
587 932 11402
18 209 26401
517 705 106532
665 694 18385
1 121 26000
791 830 24083
257 485 35609
10 375 40311
85 461 17000
837 953 10630
8 238 20396
868 968 55154
687 735 30610
13 508 32016
62 962 20809
156 983 33541
43 686 27074
526 611 43186
653 657 21095
142 765 30150
70 825 53310
423 919 14213
100 286 22847
73 656 38639
228 916 52631
166 364 35693
72 290 60877
52 327 41437
756 935 38897
261 502 23087
639 960 36674
192 448 23259
594 765 15811
163 903 17000
260 825 32249
827 843 21378
229 899 29000
204 587 55714
478 646 22000
47 925 51000
391 683 41761
396 755 14213
745 859 28844
861 955 16279
99 555 19416
477 668 28792
455 952 41869
734 829 37443
269 567 30480
191 296 32202
427 753 56080
462 711 74027
294 456 20025
630 794 22561
795 932 35228
237 252 22361
290 857 12649
133 683 42202
689 745 10050
733 943 22825
809 818 43186
148 463 49396
71 824 14318
207 912 17464
143 254 51546
616 832 42048
448 463 26571
574 896 145362
475 518 35903
173 699 21024
109 655 43566
853 967 119503
275 716 29275
123 672 10198
942 982 35693
817 857 36056
488 533 53600
733 892 21213
151 232 23707
539 586 41304
128 515 21095
577 782 13416
150 181 32062
445 619 21213
167 327 18868
261 489 17720
66 238 86371
69 129 49041
152 641 17692
626 917 26077
54 708 46325
206 761 28636
412 469 19416
240 690 22361
461 519 26019
333 369 22627
807 880 14422
1 945 44721
637 931 39000
770 789 34482
259 726 10198
165 503 33422
82 467 14866
536 611 29000
940 957 14318
350 892 15297
224 352 34366
338 828 32388
164 786 15620
715 867 19416
419 507 25632
371 646 12649
269 578 10198
480 731 37855
151 203 23345
265 579 44045
22 664 31016
265 936 29967
207 794 22672
55 544 43829
181 380 55000
581 883 23431
347 429 33302
131 454 41304
558 668 22825
139 532 40311
836 876 49244
714 862 18868
492 565 36125
199 573 39812
81 768 21024
200 202 28320
169 810 27785
234 425 18028
312 397 14318
421 716 43290
292 444 21633
410 592 34482
689 771 20518
166 822 11045
77 759 13601
8 270 15652
225 423 18358
78 854 26683
409 918 33136
162 920 26926
263 372 30529
603 687 16155
902 939 41340
345 657 33526
491 851 40311
468 846 29682
219 697 26077
266 334 14213
840 866 13416
692 842 24166
564 941 64288
366 375 50931
201 562 10050
56 613 33377
44 91 24187
288 311 30480
225 671 23854
289 306 25060
11 457 13000
290 472 58669
749 971 41761
552 810 43278
937 983 74250
199 778 16000
28 710 17205
161 535 18248
172 559 22023
244 658 25632
268 728 14318
74 366 54452
185 492 21095
91 501 19000
5 723 43000
297 689 55036
253 352 13454
555 807 13416
379 760 30676
751 888 32573
216 891 41761
53 446 25080
127 471 47074
706 890 15264
198 796 43966
246 383 22804
440 549 28231
603 785 38184
213 507 21024
21 972 60605
609 889 26000
68 167 42755
183 779 38588
406 949 53600
590 852 16155
313 333 35847
700 723 49041
850 910 18385
106 358 19209
300 312 36401
16 463 49000
654 936 18788
619 739 39623
351 551 20616
401 437 40792
722 768 28636
187 892 18358
328 836 27785
103 877 46228
473 738 51430
183 309 37656
752 983 77104
256 740 29069
345 560 11000
378 553 53712
534 692 25942
381 539 32802
249 892 26683
373 746 45967
421 488 38079
231 440 18974
393 704 17889
231 696 13601
395 871 38275
368 588 45706
545 932 35440
19 718 54120
144 792 25554
163 441 39000
350 887 25298
205 576 37363
359 643 19105
92 567 22136
38 460 14142
781 923 26306
214 938 16643
260 493 36715
221 981 26000
20 498 22023
2 974 29530
63 174 12207
314 741 53666
158 388 17205
495 600 37363
210 821 26907
93 483 20000
494 940 26077
246 727 45651
139 516 35355
495 874 28302
4 971 19723
124 873 12728
260 685 37577
546 610 47170
115 196 40608
461 713 32573
604 639 21213
751 800 35847
811 960 22023
386 514 72567
579 936 47011
125 583 10630
120 385 32062
3 818 43012
358 445 50478
197 976 81609
545 795 11180
182 580 70007
357 453 17029
243 821 24021
540 581 40311
113 642 44777
280 577 34205
148 353 15264
530 538 26401
89 323 19416
494 728 58181
91 723 44204
342 724 62650
289 558 41049
328 818 11402
247 889 25298
419 526 24083
23 341 21095
458 805 19416
69 393 17000
385 566 51352
297 397 29411
344 918 29428
588 804 36770
439 826 10296
92 560 30463
240 356 30463
28 759 29155
869 877 20000
236 424 45607
276 818 49041
78 161 16763
821 851 72498
434 873 23770
576 609 24083
48 535 39357
389 792 11180
35 863 36497
212 620 31064
117 299 38275
362 389 15133
377 742 11045
111 296 18028
86 197 57697
283 358 34482
464 750 38079
42 103 44922
95 476 34015
41 479 33615
483 500 53759
763 859 17493
646 985 19849
112 570 22204
505 834 30083
349 862 34205
272 408 23770
325 644 44045
51 617 32016
116 945 43932
564 852 12207
53 550 33838
433 916 43463
702 710 33242
508 801 35777
622 831 37643
645 972 73246
511 649 51624
557 914 11045
14 509 34886
861 900 30414
517 526 197246
230 308 22627
376 572 19416
691 735 24187
404 626 43909
706 707 56303
284 947 22472
231 400 35014
97 742 29069
346 496 43658
63 612 12649
132 318 19235
169 260 13038
196 520 16401
332 452 21024
419 852 42012
180 372 30265
83 890 53814
142 168 52355
33 919 40497
47 552 53759
829 922 19723
545 632 32202
498 897 13153
394 684 41593
785 930 29155
697 895 29411
251 280 13416
7 655 13038
38 730 28160
258 571 55172
142 594 30806
242 577 42379
749 938 16643
96 222 21840
527 774 40200
309 786 33422
659 754 10296
833 966 30067
748 781 22561
149 248 16031
173 515 21378
91 783 36056
420 908 21401
288 780 28160
307 629 32140
690 728 26401
442 610 30529
134 949 29069
109 223 35128
97 500 12166
109 663 31064
235 708 23601
712 968 26627
652 860 30000
176 184 26249
280 523 48466
360 659 16492
287 481 36497
552 925 38897
635 656 12649
674 981 13000
627 779 30610
101 333 17464
478 985 17493
724 931 15264
856 983 81056
597 664 44283
348 491 34015
258 582 37537
262 455 53488
416 481 22204
215 673 11180
62 420 31890
93 563 40311
581 814 26173
720 870 118701
212 845 18439
190 986 23770
541 669 36674
123 964 24000
240 364 35355
458 951 28178
245 743 32558
391 615 18788
418 497 52498
182 775 27659
271 740 34785
258 384 40012
242 681 38639
440 959 26420
291 582 15652
355 860 25710
44 482 26833
144 749 30414
34 112 15033
252 766 39408
79 503 44944
392 544 33242
237 937 39812
164 211 16763
230 959 32311
51 220 13601
157 616 17804
9 601 46011
485 847 33615
35 588 26926
477 812 18788
379 648 23000
160 411 27203
226 607 47634
399 499 39598
398 730 40460
262 406 16155
561 634 24021
187 249 19723
248 400 17000
214 239 38079
512 526 53712
509 717 21095
176 459 25632
392 525 52953
606 956 23259
818 890 52498
619 652 24515
34 967 18385
84 691 23345
182 650 22136
6 356 27203
301 626 42544
12 959 26683
239 942 14213
268 622 23259
310 865 68096
67 583 48847
67 650 65000
602 614 19235
748 926 25298
713 817 23324
3 276 30414
540 814 54037
373 514 146670
578 965 36401
233 675 24187
316 971 14213
343 595 34525
346 386 60208
266 974 36401
435 864 17263
655 663 42012
383 928 28018
178 797 17464
691 785 42297
364 793 17263
288 596 34655
50 356 22136
409 893 18974
27 95 32140
607 898 24207
266 773 26627
136 403 22023
130 507 24515
220 463 53367
476 487 41049
235 591 24187
53 104 39357
116 636 44181
162 685 25495
588 609 40200
680 964 15556
54 904 42638
88 219 40497
287 601 41400
399 736 49041
49 874 24187
86 667 11314
145 940 30000
860 887 39115
472 911 37054
222 255 49244
835 848 21213
74 132 49649
314 428 57009
493 685 34059
443 899 35468
36 815 37336
401 675 64008
415 467 22804
370 601 23324
740 873 40224
522 824 34482
335 803 45100
660 677 21587
2 266 23854
247 576 28844
815 953 31401
374 605 15811
643 725 33015
469 839 11402
648 762 41012
521 539 31048
216 721 25456
85 923 34059
585 825 20248
155 278 25942
19 418 70292
248 887 25495
417 888 30000
470 764 14213
323 671 21213
30 84 64514
106 777 17029
535 737 39825
395 463 54148
474 626 45310
793 812 29120
130 331 53235
154 388 35777
800 946 11402
93 505 42802
537 690 28071
686 769 50160
93 639 54231
294 722 35468
137 753 50359
181 473 41195
170 806 43417
92 302 36620
236 615 29069
306 494 45891
126 252 13601
44 700 36056
90 415 20100
884 944 23854
572 674 22023
512 590 14318
17 305 25495
625 727 52697
96 661 56321
406 436 43186
413 551 17464
743 803 28636
192 617 33541
488 776 24739
431 457 10198
73 867 33956
294 444 36892
326 908 32894
172 256 44418
757 776 26019
538 721 10296
499 939 19647
452 546 30232
189 686 45255
315 566 12083
98 339 15297
360 754 17029
48 648 32558
623 713 14765
798 946 16279
583 646 45651
107 925 28178
286 454 44688
18 158 67119
101 894 37336
808 955 60166
772 953 15264
411 533 31828
361 516 38210
70 394 29017
367 962 24207
649 880 53935
170 283 11000
36 837 26173
22 251 14866
41 270 23707
2 7 41110
752 856 55902
290 817 41231
257 637 38210
208 551 14765
45 885 19849
80 442 11180
360 460 22023
772 904 44777
324 731 63906
707 823 17804
511 925 20616
329 983 50359
304 614 28178
653 979 31064
9 430 38079
243 578 22825
322 659 23022
110 464 17720
506 724 68308
839 986 11402
261 518 38013
720 735 31257
288 885 51971
52 167 32573
430 523 16125
754 766 42154
374 969 13342
410 721 46872
913 933 29833
771 927 19026
104 550 54918
308 339 24413
313 929 11180
549 696 19235
661 917 48270
236 882 50249
942 950 30232
93 589 52555
459 498 21095
233 346 21633
115 222 29069
804 889 24739
125 651 67231
24 298 25000
494 540 50090
102 165 21213
337 482 37336
122 211 29614
905 923 15620
108 631 38833
633 928 34234
72 781 59682
197 943 33121
182 617 40608
197 339 37216
39 920 26306
324 835 68710
16 61 48415
363 797 31064
336 407 50249
6 527 31623
322 975 13601
85 926 27803
210 243 21840
190 839 27586
62 882 25495
566 793 12083
221 227 10440
4 806 32202
56 457 20616
169 493 31401
325 758 13000
853 870 18028
483 784 49497
98 667 19698
242 251 20248
537 903 16492
413 643 42426
543 751 11045
190 524 17263
204 473 16401
140 784 24187
647 915 13342
278 928 59808
376 697 32802
825 935 25495
740 835 43324
245 259 15524
213 852 47011
40 124 24083
22 906 54406
465 599 30414
16 919 30414
127 708 10817
858 896 120308
319 813 28320
6 240 28636
561 604 21401
794 912 21095
189 621 31953
67 580 20100
351 715 36401
29 761 21954
427 435 28636
15 350 29000
771 859 12728
560 921 14036
66 471 61741
371 966 20248
65 681 17029
31 492 35057
162 935 30594
646 866 21024
755 881 38897
585 759 16279
43 323 23022
57 425 57489
172 324 15033
436 949 12728
153 202 23345
315 812 26833
260 585 16553
119 122 16279
734 736 40000
847 931 32450
705 981 16401
321 385 24839
569 630 23087
88 564 42720
306 728 48754
165 446 17804
412 841 23854
403 465 10770
451 874 24597
156 388 51196
69 666 49820
275 421 16643
523 963 19416
753 944 41340
445 934 20591
418 814 65000
291 750 65276
242 280 23022
676 872 27459
255 821 14318
643 829 27459
51 650 19026
269 491 29000
245 726 22023
70 336 49679
94 929 18028
297 312 21213
431 704 21190
29 497 18028
264 916 33302
348 851 15297
90 126 26000
68 343 12207
143 704 26077
49 914 22091
135 673 38013
184 380 29000
541 833 39319
29 719 11000
349 773 38118
213 564 47381
45 628 38639
548 867 20881
727 898 18601
10 906 31113
265 654 23259
199 714 28071
289 822 52345
197 733 28460
253 301 48600
608 701 31145
23 695 21633
286 369 35171
159 756 21024
148 871 18028
648 832 51225
396 595 47518
199 241 51039
25 693 47170
129 385 20025
326 367 36056
110 788 48010
399 951 56223
61 448 20616
497 602 15297
687 840 26907
442 453 29120
528 828 17464
31 481 48301
48 161 27019
536 642 147340
279 569 38118
44 901 33242
662 868 44407
805 951 29614
111 819 38419
94 369 38949
249 844 17464
469 745 11180
799 849 19416
320 324 24042
204 380 43417
586 914 25239
100 454 40162
79 310 38601
208 359 25807
177 775 21095
114 418 52498
621 811 35228
429 894 23000
120 321 23345
20 915 41437
245 676 28231
422 544 19209
193 554 24166
145 575 43186
234 493 35903
293 765 36235
449 738 34438
894 929 38949
37 131 16155
233 496 53085
224 277 41195
124 407 26401
208 725 27074
21 309 56089
475 796 19209
562 857 13342
145 494 32062
387 678 69065
831 957 11000
283 362 48703
855 884 48754
577 830 48415
325 909 20224
271 334 13928
33 189 26627
625 627 40497
437 542 26173
330 974 18439
975 980 35903
357 747 24187
622 957 30000
388 983 32802
232 458 20248
57 432 25080
219 344 14036
342 506 83672
297 428 27313
513 520 21378
909 961 17263
27 973 42953
2 747 27295
450 490 30265
7 573 55444
5 444 41400
231 709 37162
620 660 33242
224 253 27785
86 955 122066
235 670 14213
212 501 26683
111 367 27295
424 760 36000
159 825 29206
81 447 33526
386 662 25942
315 385 49041
14 342 47676
72 905 58258
36 901 36056
137 684 14318
340 637 35903
101 466 24042
676 743 18028
349 698 31257
473 973 36401
317 670 17088
582 830 31113
259 893 14318
274 299 37443
61 463 31953
247 609 18000
15 709 33061
464 767 42202
588 881 50010
405 434 25020
76 285 18439
769 919 30806
718 814 63285
113 633 34655
50 527 51088
56 281 44777
402 740 45880
826 880 88142
1 302 43267
45 405 42438
519 979 34234
47 702 19723
672 680 15033
414 811 28653
638 666 35000
21 466 23409
459 897 24207
201 624 15133
171 886 23409
78 737 39850
138 145 45618
569 912 23087
117 425 33422
65 910 30463
575 896 79158
104 865 39812
549 732 31305
370 788 41437
629 820 35609
97 612 41485
601 938 26870
55 194 44102
377 905 18974
105 904 24166
25 138 18028
701 711 62008
223 452 13000
257 382 47634
335 607 40224
242 598 28320
66 574 88391
17 679 37443
392 634 33601
192 692 32757
693 831 50090
20 176 26476
694 904 24021
26 911 42012
445 584 25080
56 416 42379
441 774 15620
152 416 49254
440 732 43463
229 443 35114
321 568 29732
96 571 12530
414 561 22472
100 461 38626
819 882 35693
629 959 24698
411 488 58873
813 837 34059
239 950 34525
140 290 31113
677 815 33121
186 954 26401
255 965 41012
474 906 54203
98 308 23022
19 114 20616
600 683 37336
232 805 15264
292 640 57585
554 803 14000
672 891 38053
329 937 41629
245 554 32558
193 941 14318
153 484 28844
586 703 24698
737 908 25080
215 303 25456
187 733 24021
638 641 27000
303 961 19026
300 851 52202
691 930 26249
283 806 42000
112 967 12166
135 146 33941
504 828 32016
157 798 18385
82 883 25495
28 978 34655
824 838 17000
456 900 33956
468 740 40460
5 456 25020
55 395 37696
97 905 36125
88 572 27295
173 729 24083
155 518 48052
65 598 30017
396 968 58600
300 354 55082
241 336 28018
410 606 18358
723 783 15297
24 875 16643
354 593 29547
419 611 30414
381 786 18028
65 365 15033
326 420 27785
563 960 31321
17 744 45277
381 586 29698
560 657 38275
404 906 18028
107 649 53160
343 556 35693
308 943 23409
170 351 23770
17 961 29206
588 878 41231
826 828 23770
398 980 36620
177 509 26401
58 546 42190
43 695 45122
764 820 26249
530 592 22561
54 361 18248
341 695 30806
140 823 11705
557 703 12042
17 605 47518
150 531 23345
152 281 34828
138 831 34713
855 879 17000
48 379 22023
159 780 16763
290 784 34015
206 933 38626
71 843 31241
277 612 11662
344 893 23409
144 214 14036
316 792 20248
342 570 17692
304 983 13601
591 670 12042
367 486 27295
713 926 26926
426 775 35847
105 694 11180
426 717 56939
549 777 34785
319 970 10050
203 373 65795
384 750 33106
311 628 36346
52 977 38949
301 404 27019
273 849 19723
122 872 57280
31 185 43566
438 631 33136
516 532 33541
115 956 36797
344 895 16971
664 958 19799
648 946 32249
256 402 31623
642 662 11045
136 920 34366
195 553 39925
550 739 40050
76 647 39925
543 669 18028
525 589 42012
603 833 20518
80 747 19647
199 884 59034
678 952 51313
668 822 40025
123 680 17029
679 956 25942
215 538 51662
656 715 40361
75 565 49000
116 799 47011
651 985 35511
66 317 59816
440 696 15652
810 948 48010
449 473 40853
179 494 34015
205 373 58078
579 753 53488
479 591 53085
42 869 26476
270 677 43186
109 158 37162
178 688 48260
171 378 33061
546 899 58034
191 819 29120
117 500 28160
798 800 14036
129 666 11000
50 566 46390
186 661 14422
755 977 32450
83 194 52154
501 845 32311
575 858 41183
699 789 24021
636 979 37363
110 924 48765
816 817 30463
195 547 24839
317 479 43417
82 618 29614
618 883 27731
601 924 34176
767 827 36878
438 503 17804
397 765 45310
60 898 21932
272 472 34132
760 762 29833
280 782 39115
355 976 22472
758 909 26571
274 483 48021
462 984 30414
70 450 47508
18 304 51245
682 799 47854
96 186 48374
174 801 13601
372 964 11662
626 921 45618
60 278 47760
250 891 41677
74 649 44283
292 660 36878
451 836 61717
347 529 48166
712 841 17000
341 599 38588
669 751 20809
498 886 25495
417 800 27019
441 693 65215
9 782 26926
832 907 51478
284 427 31145
216 250 33242
389 950 15264
548 739 35341
60 383 24021
273 851 22000
119 309 18439
584 867 14142
151 902 31145
11 431 18028
340 498 20000
282 521 27459
10 366 32388
631 635 25495
12 230 18439
189 414 24187
515 678 76158
437 609 27019
37 624 17117
277 801 13416
606 680 43863
787 876 33615
71 767 29275
225 686 49254
160 785 21587
353 651 27019
476 885 34059
149 400 24083
653 945 29275
12 877 57009
4 316 28018
720 853 136473
55 525 47413
567 954 22472
238 808 59135
134 486 30806
25 532 26476
297 741 24083
128 227 26077
363 772 19313
486 757 17889
30 160 11402
596 756 32202
363 665 18682
207 736 24042
101 313 40050
430 613 25495
227 517 73246
295 422 16492
464 827 24759
840 966 20396
482 565 30364
552 948 61984
499 902 31385
296 455 43290
390 791 39598
440 820 31048
616 871 40000
264 433 41785
35 542 21260
439 828 23431
555 880 18439
77 710 12042
282 786 38484
124 468 16031
417 478 38118
130 226 33838
164 703 22023
185 287 26926
351 584 50478
574 858 25060
278 475 24515
87 202 13342
422 634 44011
893 918 34205
177 717 32062
524 986 32202
32 753 35440
375 649 24000
184 459 13038
255 969 23087
48 543 18682
534 847 23195
20 587 44204
281 666 34525
320 559 10630
73 503 37121
764 982 17493
79 102 30150
365 910 29155
324 480 37802
347 929 16031
298 449 26833
83 823 31048
556 595 49092
136 834 15133
307 764 36249
702 978 18439
594 744 34438
109 332 31890
359 413 30083
464 788 46615
234 299 19105
80 453 19723
196 513 14213
768 808 23022
120 688 33422
686 695 45310
709 959 39051
118 279 45277
42 900 24021
39 136 43139
134 716 32311
271 848 15524
487 596 12042
133 391 41725
387 699 28018
635 922 22561
87 787 12166
45 973 29069
74 107 21190
23 487 18682
193 510 20224
132 432 42544
528 975 50804
223 546 25554
215 368 44777
590 674 38275
83 589 38288
568 688 21401
275 757 17263
631 734 34928
168 293 48260
506 553 68710
46 984 38275
428 645 50488
854 908 23770
337 970 23770
210 255 36235
647 984 93231
94 454 39459
355 550 40817
131 529 18028
90 558 20025
390 782 17205
219 895 11180
573 773 54406
471 708 52010
391 600 17263
605 744 17889
856 937 19416
547 553 56009
742 905 25495
311 490 18028
38 477 23770
330 731 23854
175 250 27203
70 759 54009
209 933 31623
435 947 14318
179 718 20025
289 467 36359
95 531 26926
137 978 40608
229 913 20224
26 59 46573
340 459 11180
720 866 41881
27 150 33061
332 443 11045
665 797 23409
505 563 21095
374 593 12649
504 528 21213
99 807 29682
409 872 18788
525 639 56586
211 217 15033
203 264 30017
267 307 40497
474 598 23770
274 834 26926
288 756 10770
218 322 32757
5 267 46043
199 862 16971
179 244 33242
75 470 31385
141 386 14318
860 934 22472
423 842 37736
209 602 22204
233 514 21000
215 228 39395
387 789 23409
279 643 32450
3 194 35014
261 536 46615
1 653 60605
303 368 42720
147 899 49930
403 621 43324
524 644 29120
272 706 14036
174 277 17464
51 125 79310
408 809 22091
157 871 39357
838 843 31016
415 937 42755
607 790 28844
326 962 36359
209 614 16155
120 178 27203
254 980 30067
219 510 40050
228 673 31575
141 496 18601
301 921 37054
510 941 28601
18 913 16279
75 982 30083
447 722 33615
481 613 25710
188 927 38210
323 531 38000
180 263 20396
273 682 56303
113 155 41437
195 378 14866
115 520 43909
573 778 39812
147 206 57801
597 649 46669
30 720 103446
106 149 23345
209 719 18248
697 729 37014
849 851 20809
211 703 19026
276 762 17205
334 848 19723
106 283 42048
850 917 35171
533 541 12728
59 429 42438
390 577 23409
604 634 13892
210 965 12369
290 562 25020
99 958 43463
763 927 29833
330 608 15000
108 310 48010
291 464 57801
298 875 16553
580 720 97908
451 787 34525
146 878 31401
620 815 25962
407 434 31241
39 493 19209
385 398 61555
681 830 22023
337 901 34132
314 645 71197
305 530 17692
13 906 30676
888 966 33242
323 382 28071
418 752 66287
627 972 43600
648 907 40522
135 228 31305
400 777 21932
547 886 17464
625 763 35511
83 525 29069
433 746 15000
136 465 27295
640 845 11045
264 746 36125
275 776 28018
614 555
57 438
469 769
700 274
584 79
353 188
88 411
487 28
569 302
495 414
506 311
683 127
507 465
210 793
730 122
301 734
800 481
96 281
161 133
100 681
662 658
533 384
269 571
81 553
298 89
587 714
209 585
285 450
114 236
419 992
568 239
285 334
321 685
129 825
941 548
481 149
522 666
360 281
315 544
162 456
459 53
640 63
247 633
546 173
169 565
33 638
340 447
432 855
626 813
396 197
278 843
883 559
855 206
382 86
390 773
488 283
423 506
73 387
632 702
831 733
271 772
520 890
446 523
57 594
596 397
397 16
259 909
860 611
463 285
228 480
722 334
438 617
833 231
436 453
628 214
63 655
290 468
454 892
904 272
25 423
510 32
239 247
438 718
358 971
519 562
716 58
562 763
747 851
215 656
287 258
549 149
608 498
394 640
581 637
241 588
680 466
439 575
716 84
478 364
555 593
633 643
907 242
653 106
890 188
419 141
731 204
416 460
893 284
94 355
690 336
560 902
128 810
913 722
156 153
730 462
603 576
400 569
740 370
663 727
443 205
638 565
651 738
812 375
146 474
297 920
277 282
387 32
693 887
461 236
811 826
537 672
452 500
608 890
573 960
899 463
345 575
269 418
281 83
331 92
457 684
951 667
771 553
457 330
657 269
261 124
875 487
66 265
319 829
747 187
211 618
963 370
533 220
555 727
154 358
899 761
188 315
352 854
128 340
254 519
422 981
449 876
288 556
352 152
640 751
892 227
347 228
852 569
817 578
322 498
740 246
75 709
53 555
676 864
453 513
889 397
126 676
200 825
421 189
229 157
748 377
179 620
238 837
688 720
146 693
605 262
632 472
783 109
757 686
306 663
821 606
558 870
255 782
752 815
434 770
88 752
698 437
768 83
827 745
182 412
540 771
505 651
559 750
967 393
125 626
936 456
101 219
848 351
754 282
117 265
680 491
645 767
524 123
816 840
643 268
855 485
840 423
644 782
323 348
709 837
289 835
705 910
701 460
59 352
501 533
269 680
822 794
695 913
871 449
60 287
701 123
694 170
942 359
959 599
362 537
407 60
532 851
261 285
483 8
634 231
347 216
224 441
547 377
674 512
238 125
730 799
818 691
922 476
746 171
800 119
873 419
528 370
281 295
515 509
408 314
712 508
91 532
169 680
646 417
715 795
309 497
858 786
632 958
752 397
937 394
191 377
77 451
622 105
322 167
652 511
480 42
93 473
505 747
668 599
385 587
532 986
447 790
460 529
876 749
771 337
534 358
506 242
595 723
729 246
253 309
45 651
576 602
582 276
235 542
284 223
479 662
635 382
533 66
769 573
582 34
323 734
577 896
767 620
88 577
364 556
717 595
544 470
638 519
837 503
145 296
789 458
272 201
636 143
717 107
651 713
941 283
212 522
752 605
593 641
727 686
395 254
672 275
434 63
435 509
500 195
31 579
460 221
330 316
234 652
38 556
804 527
513 938
842 553
501 813
208 306
29 476
786 779
73 331
626 627
88 460
759 734
196 442
533 190
306 392
731 87
130 710
287 582
163 801
870 604
710 823
580 497
977 611
575 653
653 574
137 433
759 122
762 255
506 499
306 837
732 542
815 143
375 204
9 430
746 216
775 297
333 277
364 83
683 230
443 155
382 221
611 396
490 446
547 926
873 526
610 611
603 321
356 910
778 381
994 453
748 503
455 409
727 889
469 554
77 742
431 833
146 664
624 756
206 650
832 709
686 418
441 237
965 670
639 886
138 326
681 245
569 315
578 861
360 721
455 300
229 451
355 787
911 631
758 592
399 282
888 312
729 171
979 523
117 550
331 592
523 453
145 530
638 973
170 485
528 753
684 795
776 432
430 955
848 653
783 268
327 651
267 260
528 269
382 887
116 187
826 855
499 914
518 995
339 738
278 696
496 823
379 543
197 876
232 332
742 631
597 678
532 311
491 301
413 483
952 433
146 505
238 304
595 977
939 515
852 259
356 402
676 176
391 152
36 421
72 320
551 54
788 188
878 216
542 42
276 792
100 601
192 511
580 799
54 340
8 413
542 631
582 939
583 54
501 299
931 342
135 700
350 291
519 579
7 576
301 783
685 353
321 588
640 666
253 242
130 475
837 637
612 187
341 42
508 713
138 616
544 389
881 773
210 574
354 258
344 884
472 84
8 533
546 282
570 185
410 628
531 743
197 702
543 953
251 576
485 976
853 769
222 507
652 540
603 241
327 529
263 156
617 834
962 652
132 237
114 698
916 340
427 577
530 149
836 793
866 248
313 367
368 606
128 725
835 831
482 485
179 809
749 835
383 428
775 901
687 428
980 599
672 885
336 57
649 970
889 808
545 578
708 424
568 728
745 307
516 313
824 589
412 731
824 879
363 158
334 370
543 689
801 471
234 614
303 63
453 933
225 738
467 873
876 829
339 168
817 450
598 736
218 178
444 924
957 534
427 873
351 753
80 601
37 365
104 733
806 203
687 202
836 178
767 275
379 484
103 789
762 793
459 360
905 611
625 780
307 257
39 572
580 486
339 670
504 661
357 624
783 874
579 214
390 243
629 491
482 201
809 340
150 813
686 455
743 878
143 404
315 49
257 81
946 492
561 337
654 501
225 349
239 907
202 215
621 389
304 928
790 213
294 490
603 777
73 646
918 534
413 689
778 887
419 81
806 449
744 515
746 535
864 638
259 567
464 376
566 398
307 615
581 844
615 301
135 252
390 933
352 687
753 488
767 416
792 757
29 461
922 494
62 405
856 850
450 535
521 288
132 271
561 853
366 843
270 812
245 218
809 191
493 121
317 633
312 146
522 617
520 649
767 687
561 431
745 721
176 527
668 140
811 363
855 292
66 572
889 697
340 694
838 273
559 580
165 718
493 208
373 690
553 120
520 208
954 704
789 310
832 561
692 624
344 906
48 692
408 833
431 409
259 844
323 858
814 167
566 518
170 367
87 398
826 269
548 507
247 149
329 293
505 90
624 460
953 693
120 372
504 395
425 150
472 236
708 66
327 268
428 891
418 69
249 667
814 385
865 480
742 900
980 587
719 773
484 85
642 955
769 460
799 386
585 384
649 652
618 849
266 432
293 531
274 631
375 939
469 184
817 643
337 196
375 955
248 750
338 114
408 143
257 589
690 183
707 863
141 464
655 863
582 171
6 440
323 437
626 768
471 308
739 913
491 746
460 699
393 41
728 155
299 460
5 502
861 656
509 610
180 440
796 242
561 990
168 827
209 158
114 247
320 962
822 441
555 11
584 122
193 746
756 309
713 785
796 731
316 180
678 840
368 308
16 496
659 216
759 110
847 326
351 958
871 358
492 904
115 570
838 218
104 506
751 638
458 553
736 767
761 504
827 642
961 421
30 442
494 608
643 296
700 388
416 874
171 224
275 368
320 288
920 620
245 538
535 969
792 532
282 479
460 823
95 247
437 804
802 681
621 176
741 550
304 327
726 363
529 23
294 677
621 897
802 657
450 137
99 436
403 162
211 843
509 970
720 191
182 396
721 740
238 514
489 586
555 325
569 119
445 663
417 960
630 739
574 765
642 335
631 864
776 781
597 343
679 256
379 238
833 368
90 606
869 758
417 172
369 861
640 605
383 860
466 517
345 411
762 779
892 508
950 346
729 288
453 348
542 4
526 775
346 512
352 637
371 266
481 174
176 212
468 114
517 634
489 622
494 804
530 878
646 168
698 511
336 229
446 688
735 340
277 501
361 393
702 335
338 387
816 305
599 367
288 117
368 801
405 919
360 577
63 492
525 827
455 152
727 325
840 626
355 921
861 673
258 728
698 314
807 135
542 119
114 450
228 715
78 477
651 589
621 438
668 577
793 881
200 897
460 918
219 379
221 249
491 658
293 61
811 666
790 149
611 32
170 424
977 542
221 307
907 224
343 927
800 223
927 657
666 58
217 903
334 819
692 778
137 483
602 810
95 562
545 782
682 70
880 518
227 364
441 356
908 583
495 885
220 230
240 423
184 552
97 717
751 146
406 905
898 484
478 754
852 383
774 125
702 801
620 678
698 835
186 116
116 685
811 742
39 307
616 62
515 161
932 367
335 152
409 119
475 572
517 436
419 794
482 927
801 507
608 425
545 715
831 347
80 284
624 791
61 695
912 416
587 429
681 828
287 707
311 570
581 472
833 295
485 560
647 313
391 447
502 584
783 658
855 693
591 652
392 975
201 733
70 635
87 255
798 170
282 526
178 350
225 268
634 282
897 345
285 142
766 812
643 220
739 99
253 403
570 547
380 849
241 290
318 473
586 986
668 237
944 317
614 912
463 145
608 483
600 20
757 437
288 128
518 381
689 153
366 654
818 504
532 907
512 294
788 375
683 479
375 917
116 812
876 678
735 506
510 196
683 284
710 695
167 594
43 464
343 320
834 131
902 593
309 425
549 544
378 312
729 900
636 185
158 300
12 606
329 893
843 615
