501 1456 6 247
11 137 31401
69 408 30017
9 172 40447
108 429 61000
34 293 10296
3 124 47127
195 412 51614
258 351 29698
118 220 47539
171 211 37108
423 452 25495
370 404 42521
273 341 45793
163 384 52326
75 483 24759
50 363 38000
152 305 14765
72 235 42953
405 442 70725
133 378 24739
25 439 76381
57 456 45651
146 410 57706
175 207 51478
247 418 22472
56 88 74027
24 407 70605
369 455 40522
437 497 26683
116 495 62801
110 319 55444
371 406 58249
52 455 30414
258 441 33000
484 499 56939
119 340 29155
159 407 86833
266 463 31765
150 381 56400
57 184 36620
195 404 24021
136 164 16971
21 32 72801
349 458 77833
160 448 51010
230 418 45122
40 99 48010
236 249 20248
325 407 77878
88 478 70576
124 261 39825
22 191 18358
62 126 33061
181 212 23345
366 430 28302
49 117 26926
319 355 34438
111 424 49244
31 451 60828
6 425 39560
258 411 60000
12 36 50448
165 264 31000
40 439 188788
27 501 86093
246 429 50961
175 450 41049
19 265 43932
210 366 53141
170 209 10050
68 485 21587
175 179 39051
166 247 36056
305 392 40361
86 501 45695
78 491 55000
43 49 77833
122 372 34234
384 482 41195
199 433 49739
69 372 21471
104 460 25710
258 474 28284
259 319 72201
223 333 81099
272 342 20100
91 469 63891
134 462 25000
93 313 42544
50 369 48549
165 306 10770
183 322 38013
187 205 52773
169 217 13454
139 440 36715
19 60 25000
438 470 42720
271 486 44147
43 384 76007
67 360 14866
337 487 49649
56 398 46530
155 252 63008
48 355 61074
290 373 44102
323 436 75584
140 361 86035
315 477 53235
67 478 38897
105 325 64444
118 373 31305
91 275 29732
346 372 33136
398 488 57628
4 44 71028
17 25 67357
168 208 54589
44 409 55444
34 126 37014
117 487 36401
103 133 21024
224 490 170766
282 431 50567
22 61 83815
281 328 18028
113 447 28018
64 289 58189
323 393 59666
63 128 77936
22 77 41593
207 226 42450
370 483 54120
8 321 61008
90 484 52887
60 299 44598
82 180 55785
238 413 27000
44 171 55946
233 245 54589
472 479 21190
218 236 31385
302 358 62097
301 324 25962
210 442 114018
71 429 70264
119 265 31953
100 412 25020
208 228 48466
30 325 81541
207 253 80604
176 257 41773
240 299 50636
289 307 22627
217 231 16643
83 431 49092
22 141 57009
106 451 64133
133 243 31575
298 423 41677
31 123 20100
85 444 60407
18 479 39408
219 390 53759
306 335 54203
6 500 38013
427 482 49244
444 488 49497
15 407 59540
244 433 44045
237 343 27074
61 326 41593
40 130 70491
142 462 17000
72 225 14765
120 454 21024
125 322 26019
234 441 38275
126 244 48765
353 406 34438
201 457 56851
44 248 51546
263 403 89045
26 48 64637
163 350 10198
128 335 152109
313 416 79981
155 471 75928
97 498 50695
334 453 58796
232 265 20809
64 241 44011
99 130 32062
333 442 93622
149 283 42107
101 178 21471
174 287 56613
294 361 31113
17 463 18439
344 373 37855
46 383 55444
296 326 38471
153 459 77929
264 499 27803
98 304 48549
276 280 65069
104 192 21213
157 199 88057
137 273 15000
83 331 35128
90 125 33541
39 167 42953
24 159 103407
277 333 56365
12 298 38053
137 494 32450
43 436 61814
45 323 83235
104 193 79057
49 337 29411
259 353 25632
227 326 26926
421 454 53600
112 460 91761
441 474 46400
60 92 25020
211 268 29530
54 311 23345
71 280 48104
9 106 18385
317 374 20518
165 173 41773
148 215 35000
60 340 37014
223 405 23537
341 432 24759
65 261 65620
446 488 67742
124 457 52469
315 489 37696
43 337 77389
175 452 39357
437 470 41146
425 439 87801
36 298 37483
318 496 48010
124 287 58796
216 418 56000
130 495 196156
365 465 49244
314 334 47170
126 293 42048
35 100 20616
143 150 13601
7 293 31623
6 98 37577
139 445 48104
141 209 70859
91 453 15811
137 435 21954
110 259 30806
336 497 50922
84 490 129522
339 463 64885
250 406 41400
59 299 43046
379 427 45618
77 417 24698
8 83 38949
439 448 102728
26 147 38949
229 469 21095
271 437 62298
362 442 16000
8 331 27514
265 387 46011
130 328 53451
352 498 34928
39 475 35805
26 36 81744
31 433 50448
197 461 59933
329 429 38210
152 491 57489
117 392 76118
192 240 57801
46 420 60415
121 418 73926
213 392 59464
171 400 65215
124 201 30083
383 420 64777
292 318 82024
65 477 22804
194 370 48042
103 468 25612
112 396 47011
53 391 35847
408 476 24698
41 185 59076
240 382 59093
89 140 38471
226 468 32650
24 348 32985
435 473 34482
61 143 59405
65 174 18868
275 314 35355
357 419 23000
129 249 15811
164 446 35355
157 347 74518
325 415 43105
375 417 33136
92 340 46043
67 480 39623
235 479 43681
156 439 24187
138 283 56921
439 500 55973
96 309 37363
323 337 59841
254 492 30871
114 498 44283
35 282 31890
110 250 38910
81 372 31048
28 79 16279
132 439 119004
70 203 75664
243 378 13892
93 300 58249
101 154 109110
367 368 44000
234 499 37336
321 481 53160
316 488 52000
4 342 38639
32 253 38471
108 203 47802
149 177 66708
1 131 66528
134 248 11045
214 480 65605
275 301 38079
20 124 26476
168 385 27074
87 106 56727
135 338 43046
128 437 32802
32 74 45000
378 423 20125
51 199 30083
17 266 47297
338 474 31048
87 433 33615
366 411 42942
369 402 42720
388 440 32696
37 154 62290
233 236 20616
416 480 47518
198 463 40497
210 331 84309
145 484 58034
391 458 42450
371 471 44598
169 487 33242
297 410 50695
200 213 54378
215 410 27313
109 484 40804
65 315 49980
155 200 61131
45 393 88769
333 405 80654
25 364 28071
107 120 49336
343 431 37014
60 300 91924
76 159 26683
98 381 77698
23 166 71701
174 460 70292
52 363 16000
50 52 41231
86 270 64637
97 352 25807
33 139 45000
123 289 34928
242 421 53935
108 246 27313
39 62 23022
162 411 38639
85 252 32558
166 330 109041
190 266 35805
31 239 33302
33 440 41869
21 201 31953
24 374 65115
100 282 40792
161 344 40200
151 319 32016
183 376 65490
87 148 23409
32 449 27295
178 428 57489
1 317 50040
11 494 23345
288 413 47202
393 478 42953
135 318 133724
128 497 26000
310 421 67007
361 443 62642
232 460 84149
255 287 41437
181 198 31064
379 482 65253
136 488 53151
17 425 27785
10 203 82219
145 333 39000
196 270 39205
248 302 53600
202 212 33956
45 95 93193
110 406 18868
2 226 26249
238 291 18358
132 156 95084
100 208 22804
263 456 64281
251 459 60729
190 257 46573
194 321 36892
172 251 53712
133 452 33302
44 211 35341
203 432 70774
66 345 80362
144 145 35847
83 365 63632
36 96 41049
158 464 16155
63 125 50448
83 210 100568
109 234 15524
298 309 30000
422 485 28018
130 281 55803
15 325 51884
105 406 51430
38 158 48104
82 451 51108
360 478 34928
422 440 40447
23 490 62769
27 380 86452
57 245 48847
147 415 31385
42 330 167574
167 367 32696
188 500 28425
263 334 43463
12 26 70007
302 462 42048
180 451 15620
154 178 87932
93 111 36125
92 192 51225
144 484 33601
242 454 18000
354 471 35000
103 378 19849
208 412 29833
381 417 45453
236 245 53339
260 349 20616
85 200 89493
301 345 58941
35 431 51478
140 312 38833
98 448 34366
341 493 45453
2 452 32985
402 422 66068
37 379 62129
180 204 53852
214 360 73110
121 280 20248
366 458 33541
135 197 42544
308 361 33061
193 255 31906
168 412 56939
140 187 39623
33 422 40162
10 330 87321
118 383 49244
127 390 30480
35 83 52154
73 483 48104
19 111 59808
99 150 34409
64 204 85709
400 409 74465
16 131 15264
218 469 38601
41 182 63127
261 489 70093
104 119 36878
72 385 50695
201 285 32527
107 113 77369
4 142 17029
24 459 57585
432 493 50329
101 239 65192
115 401 47854
97 229 14765
89 170 29530
95 393 28862
5 390 45255
168 370 48384
260 481 34132
460 477 59237
3 447 29069
69 346 15652
105 415 40311
233 483 30806
2 207 24839
225 235 33121
28 127 27459
80 274 29155
351 359 44011
174 320 52010
138 279 61400
48 115 63906
407 434 25179
115 399 56294
79 390 50220
33 257 54589
3 113 43174
116 281 79202
211 469 36497
30 147 60415
179 423 16125
367 394 63506
9 82 47508
37 427 26401
33 485 56586
19 340 22023
368 475 45804
77 120 54000
107 242 30594
295 446 55758
184 359 50596
90 183 31257
179 309 33121
346 498 52773
71 121 47539
51 178 63071
373 383 29275
163 221 46271
253 443 31953
4 134 47074
13 123 40000
270 319 75802
231 316 18028
162 349 65513
127 311 26019
72 228 47413
20 419 21471
131 376 100245
176 266 32000
271 470 43909
331 391 36014
23 216 35777
88 164 61327
202 339 21095
187 312 15033
73 385 54452
74 449 32000
220 480 27803
458 481 80498
252 288 25080
258 338 39446
250 355 23195
31 106 54672
26 355 40792
159 172 48415
8 391 52479
232 387 38471
385 479 41049
6 448 34132
102 402 40311
226 228 41012
102 329 44011
162 359 35693
5 23 25080
382 401 58181
185 318 11314
191 417 43324
202 395 53666
103 343 49092
290 344 32000
429 432 66219
92 119 53009
277 376 41437
279 364 11402
64 451 38184
145 377 26173
140 267 31305
153 356 52393
248 409 19925
8 35 31828
263 386 22627
98 150 91761
482 491 57315
472 476 68819
261 287 58694
295 478 53151
96 450 36401
4 476 92962
269 386 18028
175 253 43966
83 262 49980
58 469 57489
106 433 55785
146 215 69857
68 422 31828
321 404 40012
103 298 55785
4 81 68411
33 256 43829
293 410 18682
400 495 67231
68 369 23259
461 474 26249
448 500 48703
102 473 33136
207 361 97252
60 111 71007
28 390 46271
167 347 45222
89 361 63198
12 465 62817
97 346 42202
76 148 50000
221 491 44283
425 500 52000
358 495 17000
23 230 35609
162 184 58189
313 383 63695
118 480 61131
79 161 51865
197 338 61131
10 341 22847
7 410 21000
333 376 39925
63 173 46519
41 467 23087
256 445 32249
135 464 70235
115 151 75133
42 273 27514
117 337 38471
229 268 12042
126 389 30463
58 400 60308
375 395 45177
281 296 35384
140 472 46648
256 257 46011
209 476 77492
211 346 49980
34 297 37855
1 16 64070
109 441 42521
147 465 31780
194 404 36056
327 482 86608
169 488 61327
145 210 65513
388 422 58181
78 379 40050
38 499 30083
362 405 63325
255 457 57245
176 463 32757
51 433 54083
276 397 21213
157 428 71063
473 493 21932
330 490 175548
77 141 42190
34 475 53600
176 256 27857
220 383 72450
150 160 78032
308 310 55946
349 481 28320
295 323 47434
182 496 29155
380 413 21024
10 42 80262
32 399 54708
227 272 28792
55 232 54378
272 302 18385
145 376 44102
181 202 17889
399 449 51010
90 284 37696
291 413 24083
46 54 30871
135 292 61074
303 309 18028
92 299 22023
84 161 47170
26 105 46530
146 325 86093
429 493 34525
132 279 58873
27 299 61847
162 258 55036
365 442 17692
158 461 52479
383 416 78000
396 402 64498
202 375 48754
95 360 50695
231 487 16643
96 115 47043
293 297 42012
146 406 70612
278 367 24597
125 173 21471
27 270 52402
294 308 26401
85 392 40719
16 470 43417
3 20 41761
69 122 28302
262 465 56798
265 340 26476
61 99 71694
257 485 48765
116 302 28653
104 255 92022
21 457 49041
154 327 54231
121 276 71694
184 403 46043
351 467 56569
213 368 44822
322 336 49729
239 433 29967
390 426 48662
121 246 72111
235 385 49406
121 216 73164
356 438 35468
156 279 43463
2 468 17464
332 438 34482
18 114 37202
288 488 46755
12 147 69857
245 260 56939
66 334 43600
329 396 32062
4 372 74967
198 304 34234
173 306 47508
354 368 40311
25 156 59540
291 380 27166
48 319 57201
128 336 48836
194 481 20616
97 218 27803
205 228 37162
139 492 11705
90 173 26420
323 487 42048
228 282 32016
240 255 88459
358 409 50478
131 317 47011
102 493 26173
85 213 69065
155 291 49649
68 283 33302
10 432 26173
62 389 11180
139 447 18868
314 324 31145
25 279 36688
32 457 57940
74 175 17493
321 458 58941
76 87 53814
304 425 41037
184 456 44147
97 469 31765
45 189 17464
89 209 34655
123 239 24515
248 358 59203
455 473 22804
41 403 34409
51 428 73763
107 339 62801
161 219 29017
71 112 54452
7 148 18439
189 436 28284
71 329 65734
22 326 88459
315 396 41049
8 100 36497
187 226 56569
204 271 126921
29 42 43829
332 459 84504
20 201 13342
215 434 63411
447 492 20025
54 424 22361
112 315 56648
278 347 33956
141 421 91285
118 214 44911
144 376 58189
38 165 21932
120 202 57628
58 171 16125
167 278 39825
81 476 33615
137 473 44911
388 402 65299
163 491 24739
55 387 64195
14 297 64008
264 484 53339
137 177 38601
43 163 66219
300 398 23087
350 384 44654
248 462 34015
13 239 55073
192 274 34366
283 369 45541
351 414 43278
312 472 34928
245 453 83630
269 496 30610
166 230 53600
180 241 18682
292 351 53038
294 421 39459
303 450 15232
120 242 27019
27 59 24042
41 359 39294
285 310 43829
136 398 47518
281 495 140730
28 46 20809
117 444 56223
117 316 50090
15 30 72422
203 247 74653
285 443 40522
143 191 60141
276 426 39825
275 469 69354
144 284 18028
43 189 75293
148 244 40719
55 112 98884
314 453 22000
293 466 39319
203 330 17804
392 444 69635
45 436 40311
317 332 67543
212 304 24083
109 210 75717
305 491 53824
60 93 77414
132 138 52038
29 222 66121
21 443 39408
277 348 48052
350 491 27203
291 501 24083
6 188 16763
437 464 212897
79 290 13038
377 442 88730
9 159 36056
171 469 54083
78 152 38601
285 361 74041
198 212 22804
146 297 29732
25 425 80777
243 423 11402
235 312 18248
151 382 75180
56 136 16155
127 426 31765
66 301 42942
224 373 51039
305 394 19723
247 330 76485
143 381 57775
44 134 48260
27 300 92542
273 435 11705
348 407 49244
81 122 12649
135 414 37202
212 395 41000
48 151 37696
453 456 88589
240 274 32311
153 204 63063
165 499 19235
198 339 46325
43 221 74847
36 309 27295
152 278 44777
56 93 50289
80 299 11402
287 320 16125
54 387 49041
254 261 37014
296 328 21190
244 466 24166
338 461 50329
105 355 37590
345 400 89107
255 401 68469
213 367 29411
299 300 104062
195 370 33242
46 290 40050
46 127 35057
51 239 47508
298 378 47434
46 424 38639
42 177 37121
182 185 17000
129 453 57315
216 230 15620
341 435 37336
160 439 148408
50 149 21260
113 357 41761
4 462 26476
74 253 33061
304 395 36125
56 313 72422
91 218 53367
234 461 45310
78 278 31765
254 447 29833
169 323 37162
184 260 43463
11 177 18000
179 450 39395
31 307 23324
25 190 26833
205 226 17464
186 331 53075
260 370 76420
111 387 65803
55 276 31575
177 222 70605
67 214 59008
39 368 48662
201 310 45880
325 406 92445
14 368 33061
132 222 21633
240 401 52086
440 492 40311
204 241 42202
313 420 14866
238 252 13342
174 477 33526
78 347 26907
206 459 33242
206 374 37054
174 261 60415
114 346 29155
116 227 52345
107 421 71281
7 466 26420
245 370 81302
126 199 52612
47 310 35341
223 407 50990
19 387 55973
69 114 27803
166 418 42012
332 356 33541
63 336 54708
115 382 49649
141 454 76485
1 470 42426
420 424 46872
155 501 49649
120 417 46065
15 405 14866
96 449 56321
478 480 37000
186 210 42579
333 377 26907
352 483 41037
311 426 14142
111 420 29017
297 475 64622
277 374 66611
23 219 70235
33 445 37000
95 478 39825
83 442 62241
335 437 184556
267 472 58138
98 160 57801
161 390 57585
262 365 49649
91 314 30887
48 96 66851
51 157 89872
265 460 75286
270 501 86406
151 270 61392
63 306 69260
203 246 68505
122 476 27019
207 452 19416
37 157 86816
84 219 73736
275 345 41617
59 196 39408
389 475 24515
1 438 21095
470 497 32016
55 426 61327
385 483 73246
288 444 40497
110 353 37443
325 434 73437
237 298 40804
283 485 20025
162 351 38949
271 356 45000
262 343 42544
63 335 78390
440 489 44822
186 391 35128
99 328 68593
4 326 56719
268 346 34205
56 300 48000
31 64 61270
200 471 33015
370 385 63781
402 455 49649
234 474 50636
88 295 65391
89 294 44385
204 251 75007
30 365 20616
71 246 53852
96 399 63514
77 454 57009
103 237 55758
94 374 16763
70 246 98082
395 417 56080
157 379 79379
192 255 96881
84 373 52326
153 486 58830
62 157 53824
184 349 53009
18 408 45651
379 491 69635
252 291 29069
227 281 57140
13 289 26000
286 371 52773
397 426 28284
6 304 42579
126 466 39115
125 183 44654
53 210 47539
64 180 42544
66 269 72945
156 364 39205
190 279 48765
11 149 61660
107 310 65795
329 402 41617
76 407 69311
326 342 24083
278 394 52402
117 231 44181
311 387 58600
8 412 39825
455 494 34928
169 446 60033
18 472 39115
321 391 32249
286 471 43382
322 376 78816
66 496 89443
138 257 67119
38 335 54489
187 235 20809
18 476 53009
300 380 65192
180 251 65069
53 458 17464
94 332 70029
310 419 39395
449 450 34540
12 237 22561
324 334 21378
169 295 57454
249 453 52773
131 336 45011
208 282 48083
256 339 66940
5 216 27514
153 332 43681
51 101 67476
316 444 13038
255 399 61327
87 244 45277
13 101 22561
199 244 17493
157 167 63561
168 195 23022
210 484 59093
198 425 32249
210 377 65215
14 286 22472
196 382 24413
113 445 27295
26 415 49396
3 357 22091
86 155 26926
164 488 46141
47 419 26401
72 168 52887
4 141 112294
155 259 81154
413 488 59076
338 414 17000
90 264 13928
126 475 42720
138 222 36770
284 484 42544
50 283 31064
42 137 26683
327 384 118068
86 259 81468
237 465 66370
261 492 53451
146 434 72090
191 381 24187
5 426 43081
58 275 68680
148 466 27459
49 221 26833
59 382 52773
37 327 26249
151 196 76420
257 266 47508
218 249 18682
250 319 47202
237 262 60141
87 159 47074
70 418 11180
113 339 77936
187 207 86035
30 362 15811
73 498 31145
213 354 51788
295 393 31780
129 236 12649
88 136 69231
193 320 17464
185 496 40608
398 413 47885
359 467 51856
380 398 53413
217 488 58600
94 459 52240
349 411 63127
71 396 57140
179 298 34366
380 501 15811
24 206 43417
287 457 39217
116 358 46098
2 133 15652
255 320 31000
489 492 63008
218 352 32016
98 395 55660
149 222 46530
333 348 81988
158 335 24352
257 283 46530
131 374 63789
285 308 70036
388 396 74243
175 423 41146
473 494 44407
72 205 29547
27 196 39000
85 155 75644
70 247 12806
220 416 26926
18 498 41340
172 459 41000
113 139 39459
16 497 39446
213 394 66000
227 296 36892
29 177 23087
47 113 57428
187 225 46174
82 172 42953
30 415 71028
388 489 15811
28 290 26926
79 344 40522
227 342 26926
21 285 13892
321 412 54037
359 403 14142
154 428 41485
141 476 114280
66 400 169098
17 198 26907
89 267 32558
411 430 23345
216 397 39560
142 272 28018
236 352 36056
14 475 25318
353 471 35128
274 299 28284
193 460 69000
18 73 25318
179 303 30067
339 445 70831
204 486 82861
47 107 50478
57 260 10770
53 186 11180
392 394 22361
119 192 35468
88 446 36620
82 106 42485
39 157 50606
103 228 42000
102 429 29682
409 495 54818
188 448 24083
105 250 23259
158 197 33015
99 143 36892
174 193 47434
109 499 42202
362 365 13601
318 467 73000
216 276 47424
182 386 31401
55 280 53451
101 289 48384
184 263 82735
290 383 41304
24 172 87000
187 361 100499
262 431 11662
263 269 17117
138 149 24187
141 326 109202
38 306 16401
119 460 53413
381 395 59439
32 443 60803
387 426 64203
91 249 47381
228 468 27203
124 254 42426
356 486 10198
292 414 39825
9 87 51108
181 339 19105
120 375 25298
315 388 49406
72 208 40112
75 245 53740
39 389 24187
84 224 41437
107 202 61000
15 223 20125
88 480 54918
286 354 20125
259 471 37483
7 215 26926
84 344 29000
183 284 10770
282 343 47170
41 318 62241
238 288 30083
3 419 30414
182 403 74465
366 441 49649
142 342 25318
36 48 55570
94 206 22136
176 339 69203
399 401 35114
337 436 43932
123 307 19698
30 465 40000
92 274 37483
245 456 31145
22 143 68000
411 441 48094
77 191 44822
363 494 13153
118 224 45222
272 462 31016
103 282 52010
86 319 98326
68 402 51108
271 438 29206
209 421 78791
76 215 30414
75 370 53009
214 224 35693
64 101 106569
154 157 89961
109 366 61392
153 251 35511
112 280 71113
233 352 35000
62 199 67801
58 345 67624
40 150 59000
350 482 44011
66 324 31401
211 372 46819
370 481 55973
209 294 66370
59 240 53000
374 376 85440
268 469 22361
338 351 43012
74 450 37216
347 379 28425
217 316 29967
80 92 11180
334 456 87846
404 412 43417
54 127 37202
40 160 40792
312 479 39459
44 372 33121
11 363 26571
3 254 20224
1 332 32894
349 430 64885
108 432 45188
269 334 38000
24 277 44777
25 266 33377
200 354 20616
23 390 42953
117 221 47043
125 336 50695
173 264 28000
229 346 38275
73 479 36056
217 487 23537
129 245 49366
335 464 28601
85 288 38949
267 476 66121
64 307 52402
30 405 64498
111 313 37162
386 496 20881
76 434 57775
65 489 63600
11 50 53235
52 494 22204
61 328 26249
171 409 67912
82 251 31780
56 416 82377
114 408 19698
223 348 46098
94 317 32280
207 443 95131
88 416 18385
327 427 46690
387 424 42953
38 234 51000
221 305 50160
297 371 36892
20 310 46098
38 461 33287
353 371 33061
170 476 73756
102 455 33015
5 397 23324
133 468 11402
341 473 49244
483 498 36222
14 371 53254
70 121 80623
52 369 27731
284 376 61033
138 190 43081
146 371 52393
301 314 14142
430 458 30594
205 225 20025
131 322 58523
66 318 136825
243 452 17088
227 302 33601
182 263 51478
166 490 67179
167 368 43139
16 336 39560
122 408 15232
117 305 64444
96 303 35903
29 132 79246
349 918
390 468
508 255
189 270
851 295
381 79
570 813
319 577
514 879
745 82
639 62
458 553
615 957
653 744
441 715
296 882
442 107
239 402
747 416
496 295
482 338
285 198
874 285
414 810
493 63
508 602
675 511
878 373
637 21
419 646
563 931
508 406
537 174
597 782
341 554
497 521
782 870
176 772
678 790
261 68
79 639
676 41
923 757
148 328
968 676
861 385
465 260
545 549
866 704
592 87
629 885
630 103
260 637
833 372
779 310
815 521
163 560
83 359
668 488
732 436
205 173
659 803
207 851
536 986
622 290
7 478
982 520
597 138
187 363
844 202
730 224
322 479
235 427
472 433
182 477
518 817
322 217
780 768
894 376
697 442
207 336
483 915
345 606
962 387
760 657
677 603
558 853
889 523
336 347
240 786
86 445
707 437
800 473
382 859
974 583
520 487
155 411
347 95
233 107
325 541
637 952
676 144
406 501
672 376
530 643
521 896
423 232
761 149
215 723
586 650
803 437
692 263
498 213
209 380
567 489
120 213
852 681
939 452
708 384
376 217
774 242
211 348
583 933
522 300
246 819
626 805
863 350
250 916
138 466
201 105
304 869
559 7
397 482
143 280
83 733
821 536
670 67
557 59
537 219
318 381
300 253
178 257
253 138
281 755
312 737
561 735
474 621
566 831
578 71
261 127
580 563
791 731
422 941
740 916
691 626
464 11
703 834
131 789
512 843
301 60
937 347
152 636
859 774
833 548
196 781
884 214
717 772
271 493
866 613
310 333
97 351
474 873
227 809
612 306
457 442
488 128
639 44
656 942
455 481
497 969
420 156
38 591
271 782
133 581
30 606
271 639
325 420
376 63
961 692
517 75
294 182
675 397
597 351
227 556
258 512
636 511
104 770
422 125
618 857
675 685
493 308
412 172
807 136
451 997
349 467
403 852
406 449
319 519
311 323
278 681
133 360
404 139
721 714
983 461
545 803
842 269
857 623
138 433
936 318
921 496
854 728
571 25
432 733
976 426
329 466
365 460
172 207
364 501
148 398
852 257
848 637
750 356
170 467
200 727
313 437
150 462
436 548
751 612
588 909
640 443
492 987
393 238
428 476
603 848
144 515
750 174
854 194
132 279
133 451
551 633
452 922
754 625
470 400
528 258
580 378
498 154
529 120
154 691
616 657
173 564
557 281
392 589
59 544
227 781
738 373
488 96
304 353
147 386
42 542
640 550
329 962
162 234
685 67
670 431
64 425
810 304
375 788
752 753
504 28
763 259
168 150
365 533
575 113
275 772
470 331
661 723
566 339
779 623
591 967
901 387
735 603
80 672
588 787
377 330
915 583
192 176
589 745
460 515
690 451
767 521
45 458
145 227
485 479
388 121
804 724
186 785
575 951
401 319
484 497
450 292
837 349
310 419
837 452
59 460
639 243
830 636
351 868
22 614
579 595
580 347
258 576
272 820
900 628
38 483
487 691
198 214
790 895
185 156
675 188
821 125
310 603
380 929
351 737
42 504
139 812
259 868
890 687
120 711
433 170
733 399
724 91
182 232
409 550
933 387
30 401
180 377
760 786
422 778
186 580
857 784
133 670
170 432
607 681
670 705
548 610
374 962
486 253
85 243
117 629
987 534
399 352
404 651
630 87
495 35
400 638
228 663
730 742
686 742
618 128
225 508
609 714
177 344
925 424
366 854
368 193
336 774
331 719
421 488
778 808
732 576
306 161
616 497
896 428
882 821
273 466
43 560
784 374
599 214
654 793
883 327
274 604
777 694
946 590
787 714
364 148
673 220
831 307
774 543
555 434
44 313
588 446
641 164
107 619
257 536
427 710
576 666
470 767
217 362
113 285
570 792
190 643
300 542
751 585
105 703
490 648
896 506
335 196
842 213
486 276
832 438
383 291
575 161
439 479
823 392
418 93
835 335
798 849
700 905
701 160
213 639
386 579
742 108
575 882
495 764
689 78
933 696
270 942
347 939
440 8
569 201
187 691
388 651
459 370
817 637
502 186
868 553
521 229
352 61
504 433
491 465
509 959
422 460
81 460
375 238
657 117
123 538
529 352
243 633
434 864
666 351
158 744
163 265
460 111
116 795
443 614
593 826
77 662
386 485
127 396
307 924
642 684
278 405
679 111
150 719
649 769
238 349
644 296
955 548
271 425
943 513
207 561
841 825
200 460
254 735
576 133
372 972
862 646
810 588
604 229
932 261
835 768
541 230
695 126
643 85
70 251
23 566
276 916
204 424
205 764
398 45
719 585
