738 1648 17 108
386 498 33302
326 569 31016
411 585 25318
326 530 41785
133 647 40706
647 650 48104
436 517 43000
402 578 38897
473 690 30806
148 341 69656
459 466 33136
115 527 36056
423 509 48384
537 567 15232
256 453 20100
400 414 54626
368 512 32202
479 535 24042
339 572 34986
73 135 10198
614 695 71021
717 730 53852
325 336 138235
81 279 28636
53 650 67268
490 550 22204
151 588 41110
355 430 11180
235 524 54406
109 711 53310
492 507 21471
404 609 18868
31 243 12530
283 390 44911
144 178 22361
183 316 46530
45 236 28636
561 629 80411
311 704 25080
285 442 34986
394 706 41037
457 654 34205
179 694 20518
600 615 18358
81 642 47265
700 720 53235
139 697 26476
236 485 44777
198 558 34015
270 389 73756
373 551 27203
92 340 42720
7 97 63063
281 538 28844
494 618 30806
204 444 13601
120 696 37363
172 199 53666
141 432 33601
29 714 18974
73 624 31953
292 302 32016
568 578 58052
184 391 22023
71 301 38079
164 597 55660
78 262 66483
86 562 36125
148 724 84717
63 656 40000
96 379 39319
551 665 11180
194 242 21633
14 286 34132
603 709 23770
521 680 24000
304 682 78313
22 258 38288
21 541 65765
113 707 45891
17 656 45122
291 413 25080
78 214 17000
231 563 33377
491 576 15297
38 245 11045
283 677 14318
46 110 56400
533 662 28844
180 517 35114
240 333 28160
41 327 113530
86 660 19235
27 447 39408
667 695 26627
298 601 64498
264 538 57079
299 367 50961
128 145 76485
71 214 42720
78 240 66287
223 396 42202
328 693 28320
230 556 34670
13 553 46530
286 456 37121
58 69 18028
33 444 21213
143 321 21378
282 318 48042
134 433 31000
126 299 39446
187 641 31048
70 718 25298
41 163 65490
289 306 76922
344 490 70682
221 526 15811
400 664 21401
91 666 18439
221 484 35355
272 458 28460
537 702 197436
273 651 56719
366 603 29833
279 451 17205
320 708 61131
590 608 29411
325 600 44721
66 437 60008
289 482 33302
188 699 78230
67 413 30150
287 468 60803
482 504 31000
195 390 35693
186 193 24187
393 485 31623
694 737 42485
401 726 15000
74 449 35511
116 376 21541
161 622 43417
178 534 13928
146 434 25000
653 672 14866
182 536 67119
268 601 36249
163 327 50774
359 582 15556
331 498 25495
93 359 37000
24 26 43829
249 266 26907
102 694 18358
35 481 21401
52 337 17720
547 592 35128
97 613 33015
261 605 17205
307 659 27295
574 672 21932
280 282 40447
539 664 37014
156 459 31064
341 547 51856
73 661 25080
643 687 19105
312 500 23022
97 359 40311
71 528 31623
542 597 43012
273 396 28284
466 682 49659
372 578 33242
548 708 14866
63 384 46098
97 641 69778
365 655 34828
73 229 49193
223 354 54708
207 694 57706
300 385 44283
142 223 53907
347 485 39812
560 732 35228
691 703 37000
57 193 21190
259 365 66648
315 442 19209
246 508 47424
157 451 20000
429 661 60000
145 295 36401
63 573 17205
655 657 18601
82 176 37054
564 617 44777
219 543 17464
511 654 23022
191 282 39051
78 556 25080
233 318 19235
80 184 40447
390 557 36401
499 517 33377
33 132 25298
364 409 22472
339 735 29732
541 676 49092
174 588 25495
88 519 30594
118 667 56436
273 577 19313
109 344 17117
261 738 24759
29 78 19416
571 674 69296
288 467 49578
582 611 53488
53 93 41231
289 478 29833
646 699 59506
340 602 51884
141 518 40804
412 684 38471
60 497 44598
520 559 65490
586 590 31241
201 730 50040
235 277 55660
102 671 56859
176 640 16401
50 690 32202
136 363 22091
259 668 70682
487 513 38079
26 247 41231
11 594 68964
53 417 72090
299 490 39319
50 495 39623
63 216 37537
19 405 44721
127 403 30806
560 705 41593
281 626 16279
166 673 47011
471 643 18358
349 362 47434
382 441 62936
8 498 38013
99 405 62514
117 532 32757
514 709 48000
367 426 37014
371 456 43046
103 177 29069
17 410 17029
128 295 54818
100 332 83361
134 253 31765
386 688 29017
285 711 72498
410 503 20025
83 307 31048
397 721 39205
122 450 35355
4 326 39115
181 640 38210
227 674 56604
158 665 50040
185 315 19026
7 641 46043
513 723 40224
209 403 32527
302 671 51546
183 270 55902
98 130 31780
18 695 65192
284 657 45706
64 109 13454
39 523 67209
128 354 23707
353 619 26077
216 656 27731
232 293 59481
366 395 61522
427 544 21541
256 469 30265
20 253 12083
109 506 47011
143 302 65765
431 614 27203
297 490 34986
258 355 21633
190 519 30887
591 628 17029
440 631 28443
54 385 43966
3 546 17000
73 302 37108
334 386 42190
557 731 47802
96 141 56303
254 711 50695
211 247 10198
10 510 39812
182 493 43463
31 95 47518
329 701 32650
179 597 40522
449 673 14422
187 608 12369
553 709 55606
509 679 26000
127 188 48332
94 705 35805
480 679 16279
422 515 63891
18 552 43186
135 355 17000
578 734 22361
682 713 37336
504 665 20396
478 579 27203
644 722 40608
299 536 30529
345 437 32757
56 371 44654
129 161 50220
420 462 14422
42 140 44553
271 418 29000
150 383 50249
542 694 18028
73 434 46648
27 314 56365
285 315 18248
319 689 48703
189 405 53151
30 512 25239
304 492 73410
112 728 51352
362 467 42450
198 208 20396
260 284 15652
26 280 20000
314 488 18439
276 712 20616
458 496 27893
406 600 10296
226 713 55154
192 374 30610
250 326 22472
448 473 22847
57 203 51430
345 517 27785
57 200 23345
111 178 12083
120 460 56859
455 593 30017
215 617 30463
96 147 50912
303 629 51740
95 272 33526
142 502 29967
31 238 40162
530 566 35128
464 688 11705
317 386 28000
141 469 39623
353 450 50249
217 432 32016
558 634 32000
106 193 23324
166 460 37216
114 328 38601
151 172 17205
471 558 35693
551 732 29155
207 671 30265
64 344 27893
662 670 52240
438 671 25612
529 669 34059
168 380 52612
417 650 113208
95 180 30887
80 653 38897
241 634 17000
596 630 21954
180 436 15620
385 723 23324
314 572 45354
71 404 29275
384 688 31890
10 540 41785
246 533 49092
270 635 174806
525 647 41000
154 365 19105
131 710 19723
640 691 18601
425 427 39661
130 509 37483
336 439 21213
349 356 41761
285 723 59666
80 304 37947
9 131 51624
126 678 44944
442 723 73539
574 653 26306
235 647 57489
322 694 27459
30 228 37121
69 84 52355
134 616 36401
441 606 40522
25 630 65000
167 493 34438
617 719 30000
489 502 30806
412 662 28844
52 55 25239
218 397 63781
82 181 45188
243 454 24187
409 460 47434
165 288 67469
70 249 25020
138 320 23022
512 569 45310
443 597 50990
139 160 11180
283 477 33941
101 360 20616
130 314 27459
172 197 27074
237 260 19698
5 387 34482
542 737 28284
28 54 74411
291 373 15811
60 579 20518
25 34 40447
13 514 53339
337 646 12166
48 704 42154
13 709 27074
34 630 56045
358 610 15033
45 98 47381
373 732 24207
395 610 52202
202 381 51430
441 697 28425
16 601 54231
7 155 30529
91 448 29000
132 248 54452
27 222 20396
549 674 65307
139 233 41617
36 663 20881
110 319 70228
570 679 34234
37 222 18439
182 344 29206
71 580 18868
280 370 26077
524 590 84694
390 540 45222
549 571 77647
297 344 58822
272 399 44102
312 619 21932
278 467 40792
114 457 61984
96 432 46872
229 292 20248
85 635 173442
107 625 13601
572 692 17464
38 594 58412
14 589 26476
185 696 46065
293 470 37577
108 708 23854
157 215 29682
473 618 46530
307 620 83199
182 506 44407
115 698 67476
104 164 46819
112 725 19925
152 414 13601
87 272 19313
309 457 44822
43 144 25080
50 618 11180
325 480 84024
283 604 40311
334 464 28231
81 451 16125
387 620 207039
621 713 22000
582 626 62032
148 731 62225
221 532 36715
345 702 24698
22 489 38626
21 631 19235
54 546 13928
76 244 26926
648 651 60902
191 554 42154
352 648 38949
140 458 18028
683 702 140014
83 387 119202
396 468 14318
224 571 39623
40 204 71176
274 288 48083
11 662 12000
96 467 72139
492 574 40050
228 722 35511
477 604 15264
314 423 29967
369 699 39560
67 164 20881
514 729 36125
376 456 10770
210 431 22804
31 180 46690
80 242 31241
360 381 11705
164 541 57454
24 211 40361
250 713 31305
51 734 23601
470 737 34015
623 635 38897
168 717 29000
205 300 45000
276 420 76400
474 496 16763
185 460 29682
142 354 17692
63 312 39825
220 479 24331
456 483 36125
214 556 24042
247 606 42012
239 654 44283
156 469 40361
97 582 46872
133 155 14036
566 581 18601
74 673 38639
94 162 38833
310 387 38949
437 446 37162
227 549 35228
20 429 40804
195 608 35171
258 277 36235
547 563 50448
294 676 10770
98 480 35468
226 544 29069
52 658 40112
101 322 26907
233 418 46819
116 371 50090
214 528 24597
10 380 48877
1 266 34986
94 560 40792
151 197 17692
133 235 43566
142 348 58694
146 202 17029
68 701 47170
368 644 50040
331 674 55317
171 269 45100
589 630 15556
272 408 10770
181 274 55027
51 335 13038
193 200 11402
52 65 38079
187 629 57009
129 487 36497
479 720 31241
446 702 24698
327 733 31401
196 557 45044
59 248 75027
245 659 20396
124 562 41146
521 729 11180
287 577 44102
11 670 54708
378 437 36139
23 481 28284
459 469 29017
121 146 22204
274 338 50695
182 473 39825
40 308 52000
90 243 28302
203 222 21932
217 356 36878
447 581 44407
599 690 15620
326 713 40311
591 676 59548
140 474 39217
413 443 40311
75 486 18974
112 698 47634
81 617 33541
497 645 28320
306 482 65192
150 628 41869
485 566 57009
191 644 60108
160 183 33106
205 412 58412
494 495 25060
281 582 58009
201 563 27659
128 524 16401
60 645 52887
252 329 32202
100 578 63159
230 301 32016
397 501 39294
9 730 66910
79 482 38275
380 540 30414
117 123 22000
215 680 41773
96 156 62008
169 235 78237
33 204 26926
423 488 15033
77 104 41485
66 377 21840
124 579 18439
63 491 24187
16 607 40311
392 421 28284
48 225 27203
184 242 21260
300 452 44688
210 301 49396
34 403 50249
24 417 37443
212 677 24083
120 409 34540
165 274 57689
119 467 36125
148 477 67742
237 349 41110
447 461 32573
230 325 169000
407 509 25000
83 620 87920
5 715 41976
119 655 34655
90 645 15232
442 696 38897
234 462 10198
44 98 15133
155 525 14318
403 630 51865
334 445 24739
371 646 46271
157 617 38897
312 491 28018
387 649 21401
368 722 13454
262 415 51039
565 636 16125
60 352 46530
279 642 46755
219 445 21378
577 639 50249
166 364 27893
152 457 12369
665 732 30414
385 711 64498
589 700 52631
333 528 44643
230 431 65000
610 637 18028
293 306 17464
12 203 60208
634 643 27514
627 654 40361
51 189 14000
61 554 30000
555 687 31575
59 716 41437
230 415 101863
67 291 14765
217 518 45177
252 295 29069
75 706 35777
425 447 44418
412 508 26249
202 323 51225
61 492 25000
74 568 40112
546 711 54452
123 619 63348
352 579 37443
406 411 29530
429 520 16125
202 434 16279
162 163 23770
288 450 11402
530 569 43081
233 441 26249
117 652 29000
52 646 25495
410 464 13601
523 554 20616
614 615 62394
125 232 16763
17 384 33061
15 383 62626
62 721 79756
372 402 19647
171 632 77104
275 664 35777
3 385 39699
28 300 60440
61 507 10770
515 594 26571
232 321 50448
552 695 45000
121 434 14765
95 399 47676
220 535 22136
190 396 56036
407 570 20518
491 573 16401
237 356 23022
199 336 32573
11 515 57219
246 535 38275
236 339 26420
103 112 20000
155 590 61984
378 683 84812
528 580 20881
492 681 57315
158 505 54083
129 144 33941
162 475 29411
426 573 38910
593 719 45880
136 481 39812
138 159 38471
123 571 26627
64 445 14866
358 675 68593
24 554 56223
45 130 59506
66 497 49244
128 252 45277
394 731 25000
28 535 62201
110 716 55902
493 506 54818
452 535 56400
601 607 35384
79 665 41037
134 169 23707
266 537 48052
31 313 16492
12 529 28284
224 693 84723
105 418 22000
81 157 18439
169 647 52173
176 181 42953
94 707 40853
56 337 13601
520 703 17464
268 401 52010
527 602 38471
275 376 40050
120 712 49518
27 37 12806
72 509 43566
186 598 21954
605 730 31623
259 476 52697
191 244 44147
198 424 15264
197 199 68680
292 438 12649
14 627 20000
687 693 38601
115 709 72007
145 717 41146
89 689 12083
347 361 17493
192 683 50478
143 273 29000
190 701 54708
3 711 43909
525 650 42720
265 275 12530
473 493 20518
164 443 28320
352 575 52393
251 482 42720
72 695 66400
54 300 32062
325 588 71063
369 725 46519
251 342 12530
180 238 19416
16 635 61400
141 217 45541
154 259 62936
170 381 23770
125 522 56080
150 673 33956
221 652 22361
52 56 28160
576 587 37162
624 703 54562
286 376 37656
32 575 10770
652 727 21260
23 42 39051
339 485 54231
388 401 39205
598 612 29155
680 729 24597
358 680 26249
472 587 28443
347 735 27166
84 340 17029
101 381 23195
118 669 65460
123 317 24698
701 710 35735
213 617 11180
174 336 42485
283 540 35693
358 395 59169
273 468 15133
117 571 23087
254 383 58796
48 521 23770
621 681 13601
77 597 47802
11 38 72498
203 488 49010
367 550 47707
207 470 46174
374 683 66611
223 252 37696
389 721 37121
266 416 12042
342 665 10050
2 66 46530
294 541 43841
346 362 27019
356 518 46573
357 533 31016
124 636 39812
181 703 36892
11 684 20591
28 263 32894
137 696 27514
589 627 25239
50 473 40522
299 550 34713
120 276 45310
281 441 64351
256 267 25000
507 554 27857
107 496 14142
292 671 24331
99 189 78746
153 559 27731
390 604 25962
350 700 17117
119 526 39699
136 605 27019
35 563 45891
461 598 38210
19 327 36401
2 683 63063
83 245 41049
351 493 18111
583 709 48104
230 615 109225
116 265 31257
116 275 22361
570 585 32249
259 529 54342
43 712 29155
363 605 35805
165 194 31953
617 642 59942
452 508 48384
372 734 16401
143 577 27166
118 423 50160
94 113 41725
692 735 30610
291 330 44385
122 288 42190
77 599 23324
291 541 64413
90 575 25080
19 733 10440
5 310 12649
101 367 23854
22 235 25000
323 438 61814
48 198 29833
514 539 37014
256 425 40025
287 489 16125
229 438 21024
68 313 19313
205 385 56515
175 660 29275
472 576 20881
106 267 26833
276 332 90802
251 306 32016
572 735 28071
198 343 56754
353 532 36000
338 520 43012
559 616 22091
95 584 15620
428 650 86701
175 374 21932
88 90 37537
9 701 26926
51 372 32249
2 377 35014
111 513 62129
6 218 56045
275 414 63135
358 583 26401
113 162 22472
101 323 18028
139 435 43909
6 264 18000
208 225 20248
250 569 30480
44 45 53310
428 663 14318
170 360 26077
298 421 57454
375 580 22472
64 711 59034
208 424 20809
281 606 57315
399 710 19235
52 403 42048
49 379 48754
100 736 100603
47 263 24000
510 586 24739
330 373 36056
599 666 20591
89 132 44944
511 595 10770
585 638 15811
263 674 25080
5 34 22561
32 60 53160
487 622 35171
202 229 31321
68 399 37121
179 678 42107
2 378 25495
150 449 26401
503 656 35057
261 730 40200
70 707 55154
274 450 48021
411 570 20224
596 658 18788
595 654 29155
298 392 57801
38 649 65299
287 348 63702
79 504 33526
176 381 34525
357 670 18682
99 324 23707
408 499 14318
474 702 74095
106 186 12042
57 186 19026
72 638 32558
20 169 27659
28 452 33615
290 306 35609
244 421 34015
302 639 24083
56 483 21024
94 475 35228
361 735 16971
79 158 35609
171 388 14036
407 679 22825
453 469 32249
211 417 58694
234 276 56719
296 490 19849
163 718 25060
24 282 46011
196 394 15264
592 724 39850
630 658 30083
36 559 33541
531 553 11705
214 301 30414
445 543 12083
243 519 20248
189 335 18385
190 223 69260
20 277 54406
78 528 29530
167 351 33136
269 623 13601
229 434 26907
150 578 47000
122 484 35847
429 559 61098
25 350 53907
224 652 15297
231 677 28636
476 529 19235
345 446 22091
248 485 54129
114 343 20248
350 630 62936
174 439 23345
103 115 33615
122 532 54452
532 652 30463
6 721 18439
421 601 40853
479 700 32650
495 597 17720
139 271 29000
28 498 62362
202 438 41725
142 287 35847
259 669 55543
206 546 15232
241 419 50329
158 707 26173
4 530 51264
55 403 24187
207 737 60440
307 594 20616
533 670 40706
265 516 29017
515 684 48765
62 270 24515
414 457 22627
309 720 58009
76 268 26249
297 503 27857
86 175 39408
2 562 46098
114 686 44407
46 716 26000
173 640 26173
426 576 44598
363 738 26926
4 226 31064
7 525 17692
344 503 58549
382 697 53038
444 708 15000
23 724 94726
168 730 55471
311 457 50010
309 686 26926
342 551 10296
398 676 52887
419 727 39395
8 263 15297
32 645 29000
124 289 41110
289 636 11180
352 478 13928
59 393 12042
104 541 35847
404 614 45310
463 625 26249
212 563 21213
154 260 33377
64 206 43290
285 305 32140
328 686 18385
422 513 36222
216 426 32016
52 257 27166
505 685 39598
16 320 49254
106 518 43267
135 302 34015
268 418 61400
39 621 60208
146 176 27000
539 704 17263
97 611 49092
371 699 21541
532 619 42802
241 255 35440
172 588 33971
15 150 44011
331 571 61205
382 538 14142
406 585 49204
105 435 23324
389 397 67119
310 403 53235
139 183 34655
10 586 55218
107 463 35468
91 591 67602
545 608 40522
253 616 24207
184 379 21378
1 416 26173
48 514 32016
428 653 33302
119 346 29411
66 562 32249
394 501 54120
705 707 10817
204 633 23087
289 293 79649
29 415 41617
385 422 49497
111 534 17889
206 219 23324
111 696 31953
83 659 21840
384 619 37014
511 720 59933
96 278 60828
127 209 17464
272 499 18358
303 390 31064
112 115 47011
149 466 36674
365 657 35114
77 164 60008
69 262 43863
1 685 33106
16 726 47634
305 460 68007
27 692 51000
38 715 51157
147 149 26401
33 89 34928
332 420 14765
248 308 33015
177 527 32450
114 693 36715
317 384 50090
324 330 51894
249 505 42190
623 632 99639
153 616 14318
245 594 53235
624 661 23324
179 542 14560
31 519 25318
552 593 44598
77 690 32062
317 619 59641
516 531 13038
436 437 39825
515 622 63063
16 159 24166
198 704 38484
275 400 38079
165 338 32650
239 627 26077
378 702 56613
213 719 33838
199 439 29682
146 691 24083
613 641 64070
9 295 51078
90 519 22561
114 471 26420
281 382 29530
674 720 57271
234 420 20591
116 456 24083
46 336 46400
563 592 56859
58 527 34059
540 545 24331
160 697 21587
649 715 57940
179 494 41761
401 623 56223
324 560 47011
296 297 17263
396 651 55362
482 685 60926
565 660 35903
408 458 29833
335 578 51624
245 649 70214
99 440 64000
32 352 53824
35 592 48301
137 712 47170
36 80 18248
69 395 49010
233 271 24515
304 672 28071
564 642 51923
84 262 43417
311 414 38013
376 414 57706
46 199 18974
216 550 25632
26 282 47707
31 190 25080
22 502 33838
121 624 27803
427 530 54129
331 386 30150
293 648 60008
192 567 12369
514 704 43081
5 649 32696
561 626 42450
555 643 26907
567 683 43139
223 701 52555
689 716 33541
499 584 11705
306 443 53009
413 551 19209
227 328 22000
556 714 11402
238 497 18028
37 461 30067
125 470 36125
150 402 33015
302 577 53488
224 687 74726
135 639 21932
444 548 17205
354 524 34015
49 96 52202
510 608 40311
666 676 17088
35 201 40361
628 631 20125
30 368 12166
597 737 47434
186 612 12806
169 277 62968
343 558 44385
502 524 33015
76 282 60836
430 639 24187
35 730 36235
228 621 41340
190 313 15652
87 458 21932
80 672 41231
303 706 15620
148 557 57035
552 667 27459
152 654 41677
378 446 32016
304 574 46615
398 541 60008
79 685 51000
150 591 45177
87 399 36359
274 587 35468
295 329 48662
123 532 48010
426 587 45011
255 668 46615
492 682 55714
287 639 31780
420 568 27166
298 308 39115
232 522 52000
361 692 36674
105 401 45000
319 548 24083
205 452 56036
228 713 35000
316 697 26476
412 452 39294
92 602 10817
575 648 54626
100 327 139807
1 537 35228
491 500 16643
127 387 74847
522 671 55731
87 140 30594
130 572 51546
448 493 23770
575 651 36892
273 287 55154
10 168 43417
144 534 19235
258 661 25962
642 669 52887
49 165 41340
687 727 73335
210 230 49041
425 530 38588
93 97 20100
294 666 12649
267 518 37947
124 478 34059
314 692 48374
8 331 30083
185 305 53814
486 629 58694
523 681 58694
289 648 63789
379 391 28425
216 296 31906
135 258 18682
169 433 29000
555 634 13601
27 461 23409
18 593 11045
126 179 44777
4 427 29428
161 620 20025
188 646 39205
290 470 25080
71 609 27586
286 483 14318
264 721 22804
38 670 49041
442 513 75802
369 531 27586
85 548 21213
119 657 41437
85 110 93134
390 706 38639
348 468 12530
287 430 23601
500 576 26401
366 709 47802
108 138 48765
273 321 44385
699 728 50329
554 681 59076
1 192 23195
83 649 98737
229 302 32016
311 400 42154
364 462 17720
91 599 16125
312 384 26627
629 706 51624
259 260 50448
210 404 46098
192 537 18028
165 559 61033
232 470 47011
290 443 41110
22 277 46530
298 368 70711
141 156 21932
269 632 88752
258 430 25554
338 703 39812
455 675 18028
265 553 39408
18 609 57140
309 654 19105
416 685 33838
233 697 39051
538 561 32757
194 379 43829
213 675 42048
107 499 35114
122 353 39051
37 203 27074
573 576 13153
223 329 28636
86 124 21024
402 440 19000
99 541 71063
344 410 58249
225 680 34886
49 194 46690
257 646 24166
146 381 47381
377 562 14866
218 486 17464
62 382 84599
40 607 25962
454 645 13342
195 629 60166
449 578 37443
74 364 43738
61 574 59237
85 159 105622
179 322 37000
571 693 79120
24 191 59464
392 644 19105
26 370 31623
563 677 35468
209 310 53666
561 611 71449
233 282 60083
110 336 62514
274 472 31765
407 638 37537
228 250 15652
86 683 67476
75 394 14560
82 367 42755
482 565 13342
108 320 58412
103 602 94372
453 544 13000
30 569 37443
153 429 45100
12 200 16643
653 663 27313
284 349 32388
185 442 15652
77 666 31623
65 188 20518
234 409 38639
80 391 42154
62 538 89538
87 261 46011
188 387 123167
213 455 45618
82 170 24166
351 448 24187
247 582 45222
172 174 36000
193 356 26401
443 737 49497
15 166 42521
14 239 10198
454 497 18974
167 383 62817
536 618 37336
608 641 27295
40 708 68411
603 637 36069
725 728 34176
698 725 32894
140 738 25060
239 376 58898
115 177 18358
428 574 52393
638 695 71113
58 602 35777
419 655 51856
486 501 51971
105 268 59211
474 625 35609
181 587 41785
369 516 27514
47 220 42297
498 543 45000
494 536 41629
433 650 59405
67 443 25020
375 593 22472
417 554 36069
316 382 43681
299 678 20591
85 108 21213
346 657 43909
343 457 60000
13 265 33106
271 435 23770
126 367 35228
232 651 62769
88 396 53009
147 304 52086
111 442 59481
65 403 41881
583 637 34928
168 212 32558
477 557 33015
113 163 14142
333 375 43081
733 736 26926
249 537 71589
121 691 22825
255 279 60075
120 137 21471
200 237 34132
42 363 17263
44 480 31064
552 564 39661
206 445 36674
301 404 23345
341 477 23601
102 207 48508
318 370 20591
62 389 53600
345 463 16279
516 553 22204
341 724 62650
398 591 33242
19 475 19105
231 547 48754
366 637 44102
517 584 29614
107 517 43417
9 717 43829
295 717 40792
62 316 61911
496 625 23770
69 366 44283
256 427 14318
238 454 16279
172 439 46141
601 726 38910
123 331 49041
100 465 20591
149 156 19647
304 466 77156
47 535 55471
506 711 20100
247 359 40608
218 629 61074
226 459 29530
236 393 24352
338 559 72945
220 720 16000
531 698 13601
177 602 66098
237 476 47202
365 668 61205
321 522 15000
196 731 11045
248 633 46098
162 327 38588
69 240 47011
41 718 43186
58 92 31828
461 612 48021
398 631 21954
436 497 20248
173 703 20881
21 398 23409
448 690 16279
613 629 42012
429 703 31890
256 518 38275
76 191 58464
267 598 15264
45 339 17029
395 637 40000
25 357 21954
330 732 36688
195 545 20616
52 596 34928
49 278 30083
189 465 25962
94 324 46325
405 465 60638
70 505 35128
431 615 44553
8 674 32016
55 630 37216
547 724 15297
173 691 23431
167 254 36401
95 499 23770
311 343 49041
484 526 31623
43 620 90874
68 95 39051
74 578 40012
140 363 32202
168 201 24021
78 714 25554
116 516 40608
62 183 61612
369 371 45398
523 621 58856
109 182 40817
369 728 33526
218 264 54083
105 388 12649
239 286 32016
285 385 67231
13 664 12042
203 529 60539
334 498 49041
307 622 74404
347 581 32016
323 381 22023
327 736 39205
131 399 32202
237 259 57315
223 348 34828
119 484 16000
68 710 46861
306 413 36125
394 486 29732
24 247 35228
39 228 41617
509 638 46840
595 700 29155
424 558 28425
188 257 21095
132 633 12806
371 516 57585
52 483 36125
355 639 16125
888 760
807 854
734 346
278 489
703 94
267 904
421 751
632 310
588 846
501 852
733 205
307 353
454 104
590 130
893 402
67 657
635 421
277 198
955 588
471 626
888 506
522 704
587 977
280 686
687 139
260 725
235 383
666 284
231 107
193 542
684 821
716 776
49 513
681 99
554 940
417 595
245 375
763 139
206 579
88 603
949 718
625 968
925 268
111 359
132 408
51 420
635 271
428 182
460 495
742 510
964 482
602 63
330 721
722 333
623 77
574 66
293 371
336 66
100 458
767 791
305 630
180 860
605 465
698 395
621 30
785 813
799 603
661 843
337 84
937 699
239 182
188 294
563 660
940 406
355 902
179 659
769 528
235 126
850 685
414 577
361 230
589 531
815 136
291 59
11 547
820 773
663 907
682 766
57 479
710 791
795 500
314 43
362 747
913 622
691 868
411 477
360 767
126 361
913 556
999 471
644 559
671 601
411 9
809 539
149 726
301 398
709 924
26 562
707 405
6 454
869 279
431 9
943 651
523 226
394 38
515 86
556 356
243 312
466 391
916 319
574 613
500 422
578 356
799 772
700 672
660 559
651 35
527 773
878 254
157 354
615 890
73 521
461 734
432 636
565 670
606 949
906 300
39 609
191 776
657 937
358 458
560 749
645 716
902 278
512 848
587 595
375 513
410 984
354 497
894 446
83 344
539 155
459 605
401 357
447 735
349 478
365 212
872 657
45 647
196 786
889 205
951 630
957 653
793 583
482 530
921 370
783 426
528 886
453 647
599 553
136 744
69 354
548 575
33 354
852 750
587 568
385 22
880 274
701 577
718 853
548 550
728 440
166 800
420 537
859 350
292 390
415 827
607 15
964 496
661 811
236 646
891 783
313 378
452 541
418 858
367 929
96 356
451 201
45 402
316 367
527 910
598 608
247 348
59 538
751 265
703 352
678 649
431 197
667 42
164 189
310 713
506 910
323 214
227 141
340 196
633 490
365 413
321 889
683 364
640 229
507 366
231 363
595 790
524 341
412 204
304 506
582 237
230 545
607 638
181 143
476 936
705 688
215 742
967 358
498 711
120 434
350 370
722 834
580 132
300 113
457 279
434 553
695 815
193 636
774 138
648 186
300 715
127 528
938 724
237 531
806 665
560 804
460 621
805 397
447 245
289 447
605 36
547 675
356 313
368 362
617 908
297 102
635 295
267 886
484 90
918 742
289 422
154 667
91 747
156 855
191 747
681 900
625 737
530 498
495 96
958 302
515 658
471 467
387 242
240 725
280 805
234 685
469 902
382 369
822 354
572 101
574 716
496 464
796 731
747 635
812 610
624 649
758 661
811 522
541 826
660 473
657 456
129 588
680 525
724 301
206 163
599 669
399 876
378 565
819 386
775 657
807 166
108 555
577 195
691 90
492 168
580 434
668 825
184 359
840 351
212 807
599 369
232 733
30 520
62 608
666 720
664 577
638 576
902 577
61 262
245 510
984 610
560 237
589 818
855 599
624 339
984 389
292 140
663 391
977 483
14 392
585 58
511 545
143 421
274 58
464 940
812 654
506 215
705 422
754 900
449 415
174 458
617 763
377 401
646 174
786 459
760 745
539 420
548 762
565 687
337 389
698 158
389 163
325 747
625 551
183 443
422 416
628 951
948 363
415 344
381 89
631 539
191 554
492 35
242 751
537 41
932 478
825 619
872 759
276 180
535 94
806 819
796 877
416 516
476 894
621 562
254 819
844 441
602 419
764 320
627 369
720 64
137 730
212 903
425 893
398 538
179 617
112 457
359 916
338 133
629 765
273 931
866 498
644 876
476 129
113 699
913 473
644 65
210 186
975 548
110 237
136 297
691 904
929 351
648 410
124 263
705 229
802 633
526 151
255 73
906 741
301 655
171 726
475 326
977 376
159 637
771 271
197 332
443 214
250 438
608 510
283 460
408 629
504 602
560 697
142 195
385 438
432 667
587 620
169 738
730 843
761 868
628 637
29 377
913 492
235 759
852 336
774 604
46 534
687 385
776 902
212 415
774 480
910 425
505 457
377 228
695 267
291 467
719 818
303 173
539 84
542 167
672 927
318 480
884 366
243 405
965 368
742 911
637 402
989 489
321 513
463 427
623 752
319 451
724 645
500 239
558 483
753 471
694 950
942 602
312 342
445 926
773 750
644 205
113 328
567 957
818 706
575 87
482 391
138 475
337 896
842 260
198 347
558 718
675 486
581 462
320 610
768 457
713 537
735 549
699 934
737 824
649 344
697 891
567 453
311 941
533 736
647 430
818 675
902 702
754 404
301 620
680 221
151 317
462 844
598 175
172 528
807 275
427 150
790 210
483 61
730 886
325 434
688 796
512 588
405 188
657 708
255 625
514 763
433 738
492 361
358 40
249 152
303 325
230 471
472 54
539 384
697 189
885 287
661 222
696 499
908 789
264 829
464 149
462 867
842 553
705 591
676 380
291 480
438 863
717 346
497 980
32 544
553 257
657 499
817 645
273 241
461 58
275 630
473 275
210 124
412 927
465 232
447 580
873 614
281 857
817 809
509 931
306 263
815 719
195 474
894 795
980 403
214 511
121 283
563 334
173 403
591 475
360 608
712 766
578 477
618 719
941 446
781 776
255 172
206 459
314 758
410 147
701 880
149 267
456 820
563 511
44 331
616 125
436 796
854 467
532 983
288 199
799 185
602 165
616 95
740 566
281 409
781 508
101 242
121 652
320 34
404 108
432 918
607 922
274 748
95 628
427 824
220 202
388 148
333 808
284 380
359 800
168 203
110 226
445 602
328 224
731 512
565 418
888 185
265 567
851 226
78 743
552 630
722 928
292 816
602 146
867 478
360 842
627 114
885 487
140 821
81 531
465 264
50 716
807 733
378 133
164 272
581 685
574 578
423 797
356 277
491 255
193 604
716 805
583 46
442 698
734 716
733 81
397 715
681 746
527 356
386 604
575 176
442 366
645 465
427 377
599 103
794 142
823 754
540 650
721 205
411 615
463 112
822 655
799 518
250 256
420 283
305 291
716 153
648 653
376 593
902 413
612 285
321 172
815 512
482 908
698 535
125 317
381 188
278 571
300 558
863 825
743 223
874 730
567 220
504 269
626 398
46 474
771 496
563 593
190 407
541 258
687 592
228 241
880 309
217 781
461 46
529 21
629 176
614 839
763 923
528 581
467 166
892 651
387 886
898 660
46 549
427 102
625 873
756 384
950 283
265 545
213 113
712 135
61 444
549 866
945 675
304 242
624 229
249 900
200 564
784 308
494 995
450 15
104 687
511 342
482 3
403 177
577 912
366 940
844 634
965 585
945 468
171 431
988 571
725 611
635 925
