952 2230 13 283
260 316 42059
506 597 71113
38 623 30017
18 421 29069
290 616 25080
431 475 20125
687 691 17464
569 900 15524
333 758 20248
505 768 22804
222 688 52631
90 117 34366
196 608 32062
212 515 35057
387 500 10440
480 554 12530
487 591 38013
50 831 29206
21 696 40000
353 750 44294
625 678 23707
542 803 12042
271 627 46390
127 137 19105
493 942 30871
515 671 22804
397 823 45177
401 805 43863
250 949 44385
795 854 22023
108 860 22472
78 212 38833
754 767 28320
135 580 31780
148 550 55317
14 786 22472
404 867 33000
461 729 15652
585 660 20616
777 933 40719
385 697 21932
276 447 24021
430 537 20000
435 578 23770
257 319 39408
164 866 13416
21 44 16125
269 828 50289
659 852 42012
849 890 49980
288 673 41340
224 580 20248
347 702 32016
489 752 46573
58 332 29547
365 580 39051
47 206 29155
286 545 29732
767 803 45000
321 925 28460
449 643 15620
245 733 30871
454 868 43105
464 504 32757
97 777 62129
84 690 20591
108 638 45486
596 869 35171
597 755 66219
425 709 41195
312 708 13342
292 846 40012
115 542 67742
252 580 46530
377 752 52173
289 462 18248
71 512 12649
628 793 53488
55 513 20616
684 805 28636
596 787 41617
864 932 43290
271 518 29155
74 640 30676
78 162 25962
65 301 43738
742 835 48765
744 801 24083
297 563 32016
78 338 30232
142 924 31575
157 199 52086
75 469 37000
284 916 36139
332 728 44385
11 388 26173
191 838 41110
544 885 28302
654 726 37014
102 578 35511
246 276 48270
622 709 18439
124 587 15811
374 855 43932
86 790 21471
156 716 48260
734 877 25060
39 863 19849
419 537 14866
272 524 41400
340 905 32558
610 746 39051
167 882 54231
236 693 13038
8 298 35341
296 471 24207
586 890 49092
376 552 30265
461 850 37000
254 562 31257
550 695 72615
178 386 15620
112 857 56303
251 341 41231
503 596 17088
226 708 27893
66 615 24515
293 538 26926
479 747 23707
69 100 34525
143 334 12042
63 260 67186
136 545 16279
164 744 19313
174 876 24413
254 395 39000
19 282 21954
530 532 17117
108 535 41773
668 938 23000
76 776 49739
278 588 59464
444 454 22847
353 468 32202
191 192 10198
40 767 45277
561 787 59666
135 859 38275
285 742 62650
549 752 29155
802 829 28653
740 864 10296
173 891 22204
703 947 24759
540 683 38949
49 160 33941
181 204 21260
662 897 26926
364 715 35805
606 878 17493
153 923 67268
217 482 10050
44 268 44011
3 69 18439
528 887 31145
90 629 24597
26 191 37000
296 398 22561
117 629 28601
49 253 42953
67 409 47760
158 445 45804
115 620 48260
584 590 31575
143 164 17692
202 605 41231
680 877 15232
244 486 18439
670 807 29017
279 787 33242
140 594 35355
443 808 43278
285 883 51010
378 840 27295
61 243 17000
318 398 39294
172 916 27857
222 566 31048
242 276 41437
627 639 44777
546 600 42720
596 663 29155
38 99 17804
206 424 14422
1 16 38079
234 361 17720
68 893 27295
46 823 38288
57 806 42012
538 544 31321
620 624 28018
276 495 21932
82 939 23770
265 450 37162
442 891 45695
32 513 10817
97 131 47074
32 382 52773
117 871 25632
678 950 23854
193 641 25020
378 809 26420
696 923 29120
300 356 29155
257 366 46043
549 633 10296
808 907 26870
240 749 13601
137 463 31890
701 764 16155
323 505 20248
161 643 23409
52 147 27514
422 481 25298
183 590 51894
600 866 33971
715 796 30594
176 450 38288
220 314 38601
251 939 40249
89 854 27313
18 396 40311
21 923 24331
641 733 32650
215 472 24759
331 868 21378
208 370 16492
73 883 29967
221 893 17804
3 301 28071
253 470 36056
696 864 28231
178 805 30463
410 780 23431
541 883 22561
186 424 31145
177 329 55362
589 766 52154
93 801 58592
291 423 31890
668 949 18248
478 791 26173
56 929 40608
460 705 59093
874 943 29698
317 572 53038
906 922 50329
502 604 34670
167 401 46690
381 777 29833
131 667 43566
699 731 23000
775 912 48374
508 587 25612
448 770 53666
799 928 42521
191 870 30414
681 932 17493
514 628 105190
334 798 14142
453 708 39115
181 296 30150
192 526 36674
544 552 59942
86 871 32650
283 383 11402
488 683 25942
172 727 16763
553 609 43566
294 326 29275
74 739 14000
402 451 28443
27 362 15033
64 600 67476
277 722 28231
22 99 45607
601 938 36235
196 757 36359
151 730 39446
669 794 33956
436 511 36125
405 783 33941
241 341 49649
153 288 46174
54 851 19647
593 896 17029
14 77 21190
193 586 34713
513 595 14422
166 257 27203
207 407 25239
481 770 14142
37 789 34366
536 699 23000
94 643 64761
593 882 25179
44 267 43186
157 512 68542
644 766 33015
32 595 14318
606 728 28653
154 692 24042
45 193 57454
358 528 25000
651 680 26683
99 535 43909
327 469 19698
256 897 31000
102 778 53038
617 736 22561
832 850 32757
128 411 49649
95 901 36892
599 849 22136
18 220 48826
537 903 38328
246 884 26627
38 952 10817
465 917 50220
106 359 20616
210 932 35440
150 206 38471
263 733 12166
782 910 23345
354 928 15297
629 936 19416
287 635 37802
74 758 53160
217 625 16279
816 852 50220
155 539 24352
458 595 43681
865 942 20881
23 568 18868
809 849 34438
251 929 39623
250 913 22472
412 695 73430
296 428 12083
457 777 60539
310 796 35805
177 232 45453
122 605 33015
125 812 29833
334 497 29069
302 347 34886
659 746 15811
402 878 20881
41 431 18682
196 816 28425
73 865 26173
545 702 18601
637 790 34928
490 783 19849
55 732 19925
478 774 29275
227 608 28284
390 564 23707
200 672 26173
348 408 19209
413 887 83433
492 609 29833
192 822 28320
20 118 63600
432 795 23195
314 493 22000
442 457 13928
813 899 42048
235 436 35057
37 183 42544
384 477 10817
233 271 38079
164 345 53075
58 798 33541
272 381 33106
411 845 13601
72 435 16125
152 565 24352
734 742 73600
515 555 34234
154 724 30414
199 213 38013
240 882 36125
436 456 18111
78 636 17263
6 922 29967
89 795 30083
270 495 36014
197 680 28443
63 917 27893
882 896 32802
426 653 20125
921 945 22091
73 942 30480
106 515 26000
49 171 33601
243 507 16279
768 913 38471
21 267 41146
82 474 14866
285 427 21378
144 637 32062
89 935 14142
320 518 31765
898 900 29155
510 525 35903
166 682 30364
388 440 59816
405 573 31765
126 360 13000
136 520 33242
75 810 12166
335 812 30414
669 883 55154
45 657 15000
607 750 27731
146 475 30806
102 551 55172
85 910 34540
16 693 44407
338 796 26173
304 514 25632
788 943 11180
116 561 12530
507 563 22825
407 604 30806
310 532 13416
313 819 14765
328 551 20125
421 573 22472
656 941 33242
101 877 16279
95 860 27459
130 446 34525
101 557 14560
383 816 27313
308 367 35805
170 867 36056
89 706 19313
372 642 33242
649 832 20125
187 743 41785
272 632 28862
535 695 64498
484 739 29017
463 568 29682
52 594 29411
393 753 32757
338 530 26833
316 465 12530
64 93 40262
621 729 48083
649 850 21260
449 907 63632
559 646 20000
190 775 56462
444 681 41869
218 533 27203
293 376 22023
380 720 38013
114 171 19416
97 344 43012
183 851 41110
441 718 35847
815 834 36401
53 595 36878
366 554 31016
569 898 37590
323 949 77492
100 258 20000
536 833 18248
551 748 40249
699 779 38471
699 833 26907
629 857 26907
605 839 25020
698 766 30414
755 783 13342
383 613 23707
216 466 21401
256 667 50774
260 831 15524
128 487 34132
890 939 22825
269 433 47043
377 562 38601
49 351 15033
387 395 22361
69 438 48374
147 478 50090
270 438 71400
167 322 42521
67 638 42720
162 536 17464
469 711 28284
419 434 45177
368 902 29069
725 903 35000
145 711 44553
198 631 19000
136 203 12166
42 373 18601
228 462 48270
298 538 36401
71 847 50961
143 798 19105
453 468 42426
7 439 106892
24 514 55973
400 742 40497
637 936 23345
366 425 41049
362 889 26306
160 341 55543
88 309 31906
765 855 13000
21 158 44385
738 830 49649
124 315 15000
5 282 54129
784 828 33615
342 912 25807
262 823 41231
269 639 35511
57 196 34132
802 913 55579
372 791 34928
147 370 36056
1 398 23601
482 625 24166
874 951 19698
719 799 17117
826 936 30594
50 543 31623
372 774 27785
249 690 21840
58 345 36222
44 479 59908
292 892 28653
303 353 26077
627 773 33136
671 731 34438
324 601 11045
394 716 36139
199 769 19416
679 882 43738
782 856 27203
663 787 45100
48 372 40262
372 856 43186
574 631 48104
236 908 32016
902 930 31575
423 757 30463
230 655 24698
672 732 19416
245 929 59034
608 852 35014
103 308 15000
205 916 21190
740 932 34000
373 378 24413
711 810 23854
416 927 44385
25 410 39205
338 409 46840
137 280 15133
62 222 48703
286 390 30265
470 626 27295
157 412 57428
146 476 17464
757 806 44922
458 749 36139
48 886 31401
586 599 27166
244 575 47508
521 871 25495
197 865 18601
163 249 38013
229 776 14866
588 946 26926
582 616 18358
329 904 10630
746 885 32388
405 589 43841
602 617 81835
295 795 10050
595 679 37108
96 371 31016
296 646 45891
826 857 30017
563 781 49820
330 806 26401
42 378 25495
160 311 40112
392 802 21932
452 589 23345
149 188 22091
785 836 15524
13 110 14560
86 90 33734
533 952 40311
469 810 33000
291 450 47508
547 927 33106
125 508 21471
4 526 24739
558 845 38897
395 522 18788
89 432 33242
753 873 33015
741 940 43841
250 668 30480
173 565 29833
129 657 17493
387 633 18601
307 802 38288
48 523 49930
666 928 48508
247 713 31385
34 181 30887
13 280 31385
340 435 43267
409 723 20025
130 920 20396
424 543 52345
228 275 51088
331 815 27659
418 741 20881
392 946 34132
401 896 36069
26 838 43738
452 783 33838
341 835 68469
66 443 39205
342 886 16125
570 775 24187
365 804 53085
134 650 13153
218 535 30610
350 898 48104
73 734 28636
155 253 15652
41 948 20000
30 358 22204
361 438 24207
647 818 18974
282 552 40804
531 809 28425
555 671 18868
150 464 36497
279 504 35114
62 688 49254
474 939 19698
335 776 35355
156 881 53038
197 942 17720
523 886 67476
390 745 31385
102 328 51894
10 331 18439
706 815 38626
222 801 41049
556 900 40262
59 407 34713
491 766 38053
209 800 18385
2 722 29967
201 403 24759
591 692 37108
652 663 19000
374 765 39962
617 906 93295
419 841 54083
99 218 19105
91 859 37121
753 888 48301
551 858 11402
167 181 35128
642 892 23022
613 789 37696
202 572 50774
369 558 43046
19 552 28862
391 753 50210
103 365 26926
183 360 47043
574 859 44944
61 435 21587
70 97 47508
300 312 16155
341 939 34059
450 926 52839
44 445 53852
574 579 46530
340 490 60166
391 489 38601
63 645 85147
241 427 46530
150 751 66310
277 645 10817
122 926 12042
832 847 15297
311 712 51884
367 509 32558
432 935 33061
204 296 20616
202 317 48549
114 351 27019
756 849 39446
35 776 64288
107 715 38949
458 598 36674
270 619 73682
417 721 24413
662 870 23601
306 579 23022
245 251 39051
239 404 52802
435 644 42638
239 670 45343
71 114 32202
98 889 25020
122 364 46228
713 812 24166
170 618 45188
325 928 25080
6 298 45177
692 724 17692
436 486 37202
615 919 40460
463 903 37000
412 550 47508
98 583 22023
128 736 31953
121 282 24207
592 660 38471
419 665 32388
58 143 32249
500 633 14866
5 473 38053
480 622 27731
66 683 41195
448 938 44045
31 599 20881
33 508 45354
53 240 20616
195 523 39812
530 796 31575
499 924 33287
256 822 14213
682 889 42426
81 746 26926
393 549 26401
538 872 39623
272 933 23324
294 458 38210
189 304 24083
677 777 35000
205 735 21000
346 848 37537
113 529 25000
692 879 14422
4 823 19416
15 948 23537
23 567 39205
253 626 41677
478 656 28636
69 495 15264
42 809 18111
132 606 64815
820 935 32450
224 700 52202
258 654 24083
29 508 44643
350 843 20248
211 239 18682
634 655 31906
603 873 28792
149 436 30806
55 660 31321
396 573 23259
1 471 21587
101 742 60828
63 182 23345
904 940 39446
132 164 48765
161 525 48021
565 677 21095
275 576 14213
337 462 43012
100 321 18439
103 600 67720
193 419 54452
837 855 13601
289 423 12042
136 702 23345
248 326 34525
281 800 31765
97 457 65000
348 559 37336
473 584 21840
374 637 32558
161 510 34482
522 873 53339
309 710 38210
437 842 33541
71 311 46043
591 779 42942
188 386 34205
337 450 17720
82 835 59203
304 564 46872
95 108 23087
542 767 48847
161 224 43829
7 438 27785
241 835 51856
717 776 54644
884 935 12369
369 528 32757
398 428 14866
129 451 22361
64 519 26173
295 331 16492
609 823 53000
92 343 27514
712 847 14318
119 339 45222
557 651 15652
376 544 49041
17 258 19235
199 850 29411
91 804 12649
10 454 35114
283 816 24083
2 645 59414
460 551 16279
169 689 34785
59 502 25495
515 731 45100
120 398 38013
438 495 56436
31 385 12369
650 882 28636
618 889 21095
346 714 31305
470 915 43000
80 261 52086
3 17 35805
619 895 22561
379 529 21260
29 217 26907
128 779 38000
119 446 44011
647 738 50010
40 916 39560
334 866 21401
294 598 20616
197 525 44643
165 523 63063
228 330 21095
758 937 26019
29 950 28000
371 705 23431
194 501 12806
417 594 33242
521 827 50931
467 818 31385
431 479 10440
391 888 16125
381 933 18974
226 356 33601
36 436 49041
666 799 27586
395 748 30414
286 347 30150
572 843 37162
236 339 29206
186 924 29547
182 316 16125
548 781 35468
32 679 45277
311 847 41485
166 622 36056
325 516 25495
113 389 45310
114 743 54452
30 736 50120
614 722 16125
141 472 26000
279 675 40224
275 844 11045
572 839 35440
467 935 29428
498 750 41400
79 804 17804
269 320 39812
252 907 66038
63 751 100841
87 834 15524
536 572 37590
315 587 22204
194 484 33526
425 450 51264
264 711 48847
133 805 41773
299 306 21095
97 944 33242
714 934 50220
102 168 11045
218 952 21095
215 222 26420
131 822 47518
497 631 23537
673 716 26833
364 605 28160
524 713 18111
539 825 17088
50 260 23409
629 826 21471
664 930 22204
677 911 36139
583 687 35468
489 808 10198
367 651 14000
382 760 49244
332 876 139129
382 882 65192
94 391 21190
568 725 32757
214 748 43863
40 727 46755
348 646 31401
356 951 39000
553 812 40608
317 556 27514
473 885 33121
370 892 13153
262 397 44688
131 344 60745
215 697 18358
8 569 53600
223 880 41629
610 872 27203
225 347 41304
699 724 41304
113 354 49930
338 723 46530
231 700 20518
637 837 47424
576 844 12166
586 697 19799
727 767 37363
522 753 39962
406 860 68015
526 822 39560
234 371 77878
4 871 44822
549 571 14560
158 267 30480
150 675 32527
827 880 43417
193 434 14213
270 706 43417
81 610 39623
451 657 19647
56 151 34482
13 23 48826
574 612 33136
39 481 24759
145 363 33956
125 315 17263
369 803 38013
179 309 16155
18 152 54818
173 541 23770
875 906 42720
933 944 35735
355 556 21024
487 736 40224
335 817 32140
113 739 52345
376 418 22023
452 905 36014
636 833 14213
624 952 57245
363 901 13342
638 860 46174
133 720 37202
575 720 16279
342 374 31321
777 891 20616
701 814 33422
769 832 40361
482 848 45607
142 429 13416
488 540 13038
388 728 109731
40 205 44407
326 432 30017
18 911 38588
420 582 36620
678 698 27295
359 515 18358
176 844 17205
440 841 45177
626 786 27586
170 670 20809
248 935 31401
152 314 39205
539 626 47424
577 731 25495
272 944 23770
40 67 25000
3 100 23409
202 502 21587
265 709 25060
151 703 54120
494 685 54231
602 898 45695
350 879 10770
537 737 38833
161 449 32249
185 642 15264
56 665 65215
214 873 15000
6 177 52086
402 688 38897
193 215 31780
533 535 17464
8 414 20224
792 922 17000
37 383 51010
490 506 33734
78 107 18111
38 218 14422
182 465 20224
107 162 36797
411 736 55444
676 814 20591
337 844 32802
92 810 52038
458 647 35355
168 873 26249
459 729 13000
123 329 11180
865 877 19105
98 674 33838
257 807 35777
113 347 41231
439 619 69116
400 557 34986
22 863 14560
197 700 37590
330 855 26907
92 264 45618
344 822 40200
105 781 66000
65 778 34540
327 406 49649
379 484 22825
460 858 19105
63 465 38626
771 866 21840
396 525 31765
364 796 24698
766 905 52154
201 344 25179
784 910 44283
406 638 47011
273 857 15297
201 492 31765
648 875 10630
4 455 39205
105 507 31765
67 359 26019
45 141 43012
211 319 22804
870 897 14213
264 743 41869
405 755 29155
81 658 22472
330 837 27514
714 848 42107
119 333 58694
143 866 18028
35 553 40262
543 821 28160
16 517 10198
165 195 40719
99 695 39699
54 271 34713
189 564 37054
175 176 31048
302 685 43046
378 400 15133
340 603 18974
667 794 21095
68 233 27857
144 275 26627
584 885 35355
415 781 64351
292 370 27019
267 445 17464
12 96 10050
391 393 42190
138 175 20616
748 873 51856
219 593 19105
645 751 185874
14 626 32000
244 819 26173
313 656 19647
561 652 47508
444 581 30364
284 620 46098
228 757 49679
467 884 26926
183 271 41146
313 775 57983
587 738 50448
1 483 14560
738 749 50090
282 710 57385
648 792 27459
556 569 43012
88 543 32388
692 898 54424
347 685 65742
248 598 33287
140 159 20881
165 806 29120
315 335 35171
554 622 31016
9 799 10050
512 711 68884
415 630 33526
484 764 37443
2 282 28284
252 763 14036
243 578 38053
136 529 22472
113 225 46755
5 544 64203
55 672 19849
219 882 28018
439 681 39115
352 505 30529
179 627 30067
489 683 64661
454 581 36056
146 498 15133
517 719 53151
76 717 23324
123 232 21024
190 313 53085
34 646 39000
666 920 16553
45 931 45967
564 745 38328
311 341 63071
123 922 83096
248 820 10630
420 720 36235
5 710 11000
121 904 89900
523 784 43738
583 889 31890
328 690 21541
55 595 32140
352 768 31048
104 589 18868
128 591 20000
5 552 26926
277 614 13454
530 723 38013
475 476 27857
219 229 21633
465 543 38288
61 578 34482
42 519 29069
943 951 29155
159 416 22672
199 461 40249
540 615 32573
357 748 34234
782 846 21213
818 820 18439
81 207 18788
327 860 59135
24 184 24698
196 852 45277
47 787 66098
161 597 13038
236 762 22000
279 899 15652
73 493 12806
66 488 19698
661 798 23259
761 951 44688
251 263 46648
246 415 34015
497 866 39205
416 869 32894
489 907 33615
173 314 42521
20 268 29069
375 459 33242
364 926 49659
46 857 22204
387 393 16643
175 880 31953
88 773 17464
20 660 63702
51 802 15133
58 164 40112
133 575 27659
201 823 36056
71 171 15297
560 618 37643
208 774 18385
127 278 34059
598 647 21932
512 832 58523
645 831 16763
367 373 32558
174 299 13038
80 915 10440
324 770 85493
148 266 26926
68 784 31765
510 755 53009
83 583 45188
424 465 35468
180 710 18028
388 931 20518
151 729 55444
426 704 26173
129 141 36235
157 769 58241
237 357 31401
520 545 20000
630 818 32558
262 420 38210
93 385 48166
213 459 30083
84 460 21541
286 302 19026
210 454 44147
367 485 28160
523 894 68768
195 789 30806
177 293 37443
80 187 14560
579 859 50090
448 601 22472
408 517 38484
657 931 37121
310 425 37656
730 829 35384
576 880 39459
427 539 35609
62 801 13892
35 609 33061
142 821 40361
363 466 19026
340 873 33956
96 258 20125
145 327 34886
125 247 11000
487 617 28018
239 319 13601
429 821 37590
333 453 50010
131 794 40608
118 318 26000
532 723 46690
274 307 18974
414 569 49497
250 375 49769
458 738 52010
7 270 73498
239 807 29428
450 462 46174
861 931 37537
623 863 33136
85 782 34000
324 949 15133
446 517 46098
371 925 32016
242 415 55009
572 715 32450
76 896 40522
50 316 33242
202 839 38079
36 235 36222
445 479 44643
159 594 37121
548 811 21190
88 722 64351
250 550 55317
251 712 60216
412 466 62586
297 447 29155
441 664 22361
522 748 41110
473 590 39925
15 951 43829
616 689 23324
185 782 16643
84 858 10050
290 684 10630
206 917 40447
318 592 33242
126 816 12806
698 950 21260
175 576 36878
408 719 43267
110 137 33615
294 672 35000
652 787 50090
452 534 30083
60 611 25080
409 638 63530
588 829 26306
504 751 39623
215 566 22136
150 917 13416
94 506 28231
332 345 18358
368 770 71568
520 745 16763
448 909 20396
786 794 25020
274 947 13000
336 482 47170
156 210 59615
60 479 37054
589 905 46648
284 735 13038
266 695 56303
276 297 29069
98 682 29428
628 764 86833
115 413 65795
363 918 12369
196 227 41037
54 627 39408
406 409 59481
273 629 17263
312 788 16155
52 235 34234
145 469 27295
227 423 23022
560 682 16971
219 335 38013
376 940 20224
537 841 52498
770 909 34409
48 856 43174
349 587 21587
346 911 29275
102 214 24083
20 479 59405
623 952 32558
463 725 11402
642 774 23431
153 673 28231
392 829 17088
28 927 35805
704 859 47434
140 721 42953
902 952 29017
759 875 15033
512 769 55227
407 872 25495
434 733 41110
437 807 22825
886 912 29017
430 665 11402
36 516 22672
127 463 19647
366 723 56613
32 760 13038
94 907 33601
44 923 33526
314 942 29411
427 825 22804
43 46 30017
740 853 29547
558 577 10770
555 577 26077
115 727 20224
25 770 17029
112 826 53151
184 514 40112
653 907 62266
200 326 34132
111 749 10198
570 720 28320
687 838 36000
212 338 39115
297 507 43681
354 824 21190
88 614 55758
751 917 75690
172 284 43012
221 320 18028
433 499 10198
691 862 13038
112 380 27295
310 530 25080
25 368 54589
694 795 20100
24 751 13342
948 951 34132
398 471 15652
630 830 18439
302 813 51000
149 259 15652
660 732 26000
433 547 19416
346 677 49041
475 874 37216
670 842 25962
51 768 49336
70 403 24042
377 395 55317
326 598 37577
54 179 21095
175 265 21840
8 648 52811
305 649 23022
693 908 35847
304 793 55000
475 611 16553
146 287 14765
153 268 47539
415 467 18028
155 241 14560
250 307 38000
456 486 32249
29 336 50537
367 519 43829
259 348 19799
687 862 23345
621 649 24331
23 388 94868
278 463 35805
390 545 37736
90 936 12083
640 676 41049
632 944 17088
387 522 13000
137 588 45880
57 283 22561
125 335 37855
297 301 22472
48 85 48166
704 763 42012
838 921 44102
77 285 49649
46 871 29428
602 875 45011
123 906 129321
156 454 49244
278 537 43012
861 878 25020
230 634 26306
20 762 59481
161 700 36688
641 890 39000
811 830 53666
28 547 17493
133 486 22847
331 854 16971
248 432 22472
91 574 43012
77 669 14866
42 531 20000
170 343 45695
262 582 56436
120 760 26249
76 401 20518
214 551 58310
353 498 85440
304 504 50359
122 202 61400
853 923 28425
546 574 33971
6 232 36235
191 256 36056
111 882 26077
13 505 83241
188 456 10817
8 872 39925
302 390 32650
175 674 28178
70 632 35384
46 262 41976
235 511 31016
293 544 35777
281 453 25179
591 699 47539
79 365 39812
55 294 41437
413 542 39825
627 821 23345
13 352 55471
485 509 14866
396 421 34205
348 436 46174
37 68 19416
486 914 29000
65 578 47170
19 418 18974
313 791 17692
6 792 16401
191 455 25456
374 826 43186
567 725 25495
583 691 26173
27 862 16125
459 703 13416
343 362 30414
594 721 28231
340 534 33106
192 455 17889
213 412 22361
728 861 68622
1 693 22847
342 894 54918
166 238 16155
76 229 41725
415 884 17889
553 713 33541
26 662 28018
15 761 17205
142 639 33422
843 879 14213
86 117 12042
662 945 17692
298 872 27803
269 518 43267
247 336 23601
611 747 11662
581 932 19105
308 365 27203
389 928 49336
357 460 16401
74 484 32650
295 854 16492
114 139 47096
104 482 42544
41 874 42297
281 937 33526
443 907 52773
713 848 39205
198 612 48094
54 180 40361
90 637 15000
81 852 18439
443 615 29833
251 311 73824
439 444 31385
547 797 15652
394 694 11045
23 725 31828
29 625 31575
396 510 24042
237 254 26077
712 832 13454
165 789 12042
146 607 10198
506 755 48847
287 476 11705
491 698 10630
573 755 40804
840 849 20809
261 945 41725
389 758 37162
797 828 29732
583 827 50596
184 304 37443
746 852 30083
386 399 41617
345 728 34366
300 943 17804
564 813 55471
763 859 14318
669 772 52431
553 632 22804
355 407 35511
773 821 24839
422 623 25554
132 728 59933
444 834 40311
357 551 22091
303 750 23022
93 600 64885
37 613 44721
132 688 35777
67 205 41146
107 796 25318
231 485 32650
24 504 36497
328 858 11000
467 630 22561
264 810 50448
464 675 21401
333 446 52802
66 540 16553
104 766 55317
252 449 67007
144 576 26401
274 703 17720
414 556 22804
501 640 19416
69 321 39850
346 381 36056
393 571 32016
225 417 29967
51 392 12083
583 674 29155
154 572 27659
374 912 25632
504 899 40050
569 648 30067
56 245 63561
91 546 21633
116 186 25495
225 354 13601
92 170 31385
179 180 30364
197 231 36715
427 835 11045
169 397 29000
474 756 20616
669 891 55036
93 222 53141
278 903 10817
381 677 40311
431 874 43566
285 734 53141
141 566 24597
354 389 44000
234 438 34928
514 793 51884
662 667 43932
82 341 35000
387 549 22361
123 904 21401
131 457 29614
373 519 30806
501 814 29155
47 186 31623
2 121 21024
144 790 34986
9 325 21541
197 509 39051
43 117 12649
119 226 21401
446 719 31623
155 160 11045
499 652 27074
643 907 60108
65 163 20616
640 814 24352
162 572 30232
304 899 58822
834 895 25612
442 669 20616
389 920 25000
71 264 46011
604 608 48877
314 565 39013
301 507 54452
681 864 58138
744 866 22472
653 763 26476
56 278 66008
667 897 43186
196 423 43932
134 882 28018
153 716 19105
590 851 19925
151 588 32558
853 881 24083
250 323 57974
126 383 27019
185 846 29614
661 876 72000
455 521 28460
308 485 21840
212 636 41976
66 489 59414
440 567 22472
220 525 23409
254 357 24042
32 585 21954
35 169 15811
130 666 23022
496 824 13038
342 765 30265
96 925 12369
558 731 22847
628 745 30463
366 532 25000
82 756 17493
149 456 17464
358 887 21095
730 802 12042
610 885 35693
650 749 22361
478 941 12369
400 651 37216
780 952 35000
649 712 27019
138 265 12806
228 837 41037
441 624 34015
628 701 102416
163 690 28284
541 772 13342
152 677 10198
496 634 16125
685 813 26077
704 919 25080
496 655 36359
349 817 13601
45 419 60926
413 718 48754
674 880 22023
259 399 21095
329 940 42720
380 570 29069
120 592 11045
824 928 18788
26 870 15811
105 435 30414
405 421 16492
482 934 56754
277 831 13038
152 911 38079
759 906 40112
493 541 18028
343 618 37014
156 394 32016
114 187 60308
359 409 47074
159 370 31305
408 516 35128
53 458 18439
517 908 52086
326 394 35057
1 318 25632
105 243 25020
261 527 20248
663 927 16401
17 100 29833
344 526 42012
203 477 32650
376 741 35735
784 893 26833
366 480 35000
640 800 55973
391 571 23345
227 502 69289
846 892 35384
602 906 11705
45 841 55109
19 741 12166
426 443 11705
22 695 45695
546 804 14000
374 837 48754
322 401 38626
181 322 29833
269 797 46400
148 938 13928
141 688 13601
73 541 18682
529 739 45222
111 650 15620
3 495 25710
544 610 24597
35 717 50922
35 335 59775
371 726 13000
585 592 30017
198 876 53339
287 607 15297
289 450 45222
510 573 19105
780 902 20025
41 479 15811
491 950 22472
271 639 28862
145 918 30265
330 894 20616
368 664 21095
774 791 24166
340 753 55362
9 928 37590
177 940 48021
37 195 15811
313 372 30414
52 941 53075
66 808 57079
16 908 50488
914 941 24352
451 931 28071
397 609 32000
207 608 49649
92 785 22091
202 227 70064
72 578 14866
560 842 30364
619 815 62177
600 804 41049
384 484 33541
635 686 31575
635 943 26249
228 806 19647
855 894 31257
765 894 30529
683 752 44385
238 255 21401
270 276 33015
223 827 10770
494 869 30265
98 238 36235
40 106 11705
413 664 97005
120 428 43681
224 231 46861
525 942 38328
87 454 40497
756 835 55218
524 553 20809
87 815 25495
503 787 34986
614 831 21095
153 881 64070
473 544 53009
379 477 28443
538 610 36359
166 255 30083
93 519 18385
737 841 32249
26 945 21260
14 669 25807
271 851 21378
36 230 22804
153 156 47707
618 842 33000
386 805 30000
242 297 24207
503 813 31623
249 705 17000
295 868 26249
511 941 12530
130 333 27203
313 570 46530
37 233 37483
416 846 42485
471 646 35384
579 919 16553
15 762 43738
200 394 31906
327 404 12042
662 786 52202
97 403 48010
266 863 48270
56 621 51352
380 420 37443
88 710 59615
28 416 39850
105 644 22204
658 872 23601
370 478 35114
510 597 40012
120 318 32757
263 890 23087
715 839 10630
226 312 30594
410 902 14142
365 485 44147
407 414 36401
274 375 16401
527 838 38471
484 501 40000
159 292 13038
33 811 24021
803 887 44272
518 639 18028
15 20 36401
39 422 12207
226 453 51884
239 867 49244
380 826 50596
77 626 43829
157 216 30017
299 876 19026
287 750 28160
109 611 23345
375 703 28160
725 737 34205
450 709 23087
600 771 29275
497 546 30232
269 499 45706
61 105 13454
470 786 44407
521 838 38626
507 781 58181
145 216 43463
147 941 49031
168 214 17720
174 612 25495
862 889 17029
232 922 62936
139 253 49244
429 924 25710
74 937 53151
45 129 28302
62 744 23770
317 843 25495
79 91 10050
860 918 33615
547 652 34205
237 562 24759
347 494 68710
83 521 44000
11 440 45354
779 845 14142
787 899 27857
165 894 16492
636 731 29614
481 909 20591
183 383 46861
111 240 17804
134 817 20000
528 803 48104
377 540 108706
27 261 11000
17 654 27019
501 701 16155
27 687 23431
477 628 42190
343 785 11705
264 512 43966
483 559 32650
10 868 13454
103 804 66731
11 931 20248
558 779 41629
647 830 26077
219 817 29732
490 534 44407
294 595 46043
77 825 51865
323 913 41881
53 749 23537
419 733 53600
502 608 61131
305 850 19235
548 950 36688
49 311 26401
542 887 50249
648 922 23087
70 492 15620
75 404 38079
481 863 33242
291 926 11180
471 483 11402
207 852 29614
59 355 27459
278 430 47854
692 843 23022
104 678 43909
89 884 22023
223 790 15133
65 654 21932
317 350 24000
201 526 24352
212 409 31241
404 469 27000
225 824 21633
759 922 16553
29 678 25000
174 306 17117
815 895 50488
233 893 14036
70 944 32985
533 620 33601
506 753 44102
527 921 21471
349 738 44911
579 704 24759
425 926 44045
30 411 32894
213 461 24839
536 724 44777
466 901 20000
490 755 28636
33 587 36125
496 928 24187
252 653 31401
211 406 42012
282 722 34438
204 428 28160
670 867 23601
262 857 45880
185 856 26249
472 566 11705
118 592 47424
119 908 30083
160 241 19849
712 929 42190
174 574 39598
407 658 19925
496 594 39205
254 748 27019
257 682 33615
730 947 12806
439 895 55227
761 762 34132
203 379 16279
188 486 26476
645 722 37736
183 233 27000
305 461 26476
402 606 30364
490 753 47634
624 718 35777
599 707 12083
290 805 27586
255 622 28018
515 636 46872
106 555 36878
289 291 25060
107 338 16553
339 908 26077
660 673 31305
633 752 24739
31 707 15811
520 628 36235
142 269 24413
12 258 12806
102 603 22847
209 468 44598
686 943 19799
487 692 58600
565 777 24042
662 915 31780
369 767 44045
70 553 30265
618 682 42720
149 399 11402
397 689 33242
437 682 28160
411 779 23770
546 631 44721
389 666 27000
110 280 31064
303 468 21000
4 46 33541
356 761 29428
745 793 38013
369 754 31145
853 932 34828
142 627 44922
83 838 16125
59 604 14560
606 861 40792
69 361 30364
272 346 38833
350 556 42012
663 869 29206
139 351 38419
516 719 27019
742 840 21541
234 321 25060
96 726 29069
60 445 11662
667 786 22023
326 694 37108
145 157 43012
703 729 19313
634 928 23345
582 689 29275
209 453 29547
194 764 11045
93 771 61033
147 159 25612
716 732 33106
51 946 39812
869 927 29732
215 385 25020
589 934 45044
181 646 46957
395 500 23601
509 680 42802
772 883 12042
20 288 22204
447 495 24207
310 366 30414
575 819 44045
189 899 50990
441 930 30806
160 253 23431
147 594 25495
263 939 25060
261 836 30232
417 824 15811
483 646 35355
190 886 31906
517 559 16971
43 273 12806
475 747 19235
288 660 54231
12 321 28284
174 579 27659
112 262 33242
226 333 51971
389 739 50210
122 227 39962
915 945 29682
252 859 24413
104 934 39357
94 888 13892
234 925 49820
315 508 13153
306 919 22627
18 934 15033
180 590 44922
353 676 66287
146 611 37855
368 930 26907
138 622 16125
378 742 30610
385 531 42154
388 861 41110
34 178 42521
232 329 30610
205 284 30083
108 735 21541
211 366 52773
524 848 43046
613 806 34928
129 688 37947
332 661 67268
384 764 38897
789 806 33601
616 805 43932
280 352 47413
213 550 33242
109 498 45880
35 812 43863
87 331 26926
186 543 55009
221 784 25080
270 815 54120
139 187 36014
731 833 20616
109 158 68964
208 642 28443
938 949 31623
249 726 19723
612 631 50596
124 335 28425
135 252 37000
307 947 19313
7 371 140460
47 116 23022
421 934 25080
104 625 27019
47 424 26420
72 102 25495
34 399 11314
268 923 63285
314 525 43932
818 830 28284
116 787 64070
268 479 63953
707 809 17029
187 836 34015
527 687 18111
85 784 48270
301 447 17000
360 590 55009
162 636 24166
51 352 59548
18 714 48166
598 818 21095
109 445 29833
686 708 17493
8 792 53151
242 781 58523
420 684 29017
686 788 16279
807 842 34059
659 885 28792
180 309 23770
115 767 40262
656 914 32000
7 234 62610
909 938 52802
158 864 39051
230 516 24042
555 754 14318
328 778 24739
648 759 12042
229 896 20125
581 681 23087
139 915 37014
9 719 20000
374 243
34 663
683 117
491 500
115 656
146 806
641 41
199 781
261 283
531 89
920 727
729 111
864 842
642 558
356 144
339 258
712 138
696 380
73 686
391 134
422 57
635 924
892 802
12 406
616 982
545 584
520 627
201 454
621 323
323 957
844 588
453 219
589 291
368 324
513 403
293 315
252 574
580 926
626 953
437 876
351 101
820 552
443 532
414 71
899 677
458 506
94 483
311 495
654 668
61 576
770 829
255 355
495 246
155 603
464 190
773 759
280 639
980 550
243 756
358 49
698 217
916 577
22 519
842 504
724 153
927 330
444 852
241 558
671 103
548 443
637 710
733 214
721 489
177 205
540 739
453 366
662 551
366 819
893 460
583 624
215 711
760 636
488 584
790 162
263 499
438 556
553 78
92 590
566 140
405 549
903 459
550 689
852 543
824 332
545 864
739 112
589 467
468 647
591 912
705 109
761 516
758 219
844 493
679 330
689 227
426 872
368 801
522 862
339 36
868 828
498 279
417 456
171 271
618 684
471 931
117 484
439 544
373 195
303 200
415 226
43 682
326 717
95 780
553 328
568 354
230 642
841 792
290 903
923 662
253 235
599 513
927 594
367 392
512 302
874 443
132 268
839 811
402 657
615 637
210 395
900 634
145 528
952 534
398 593
565 798
298 67
246 381
696 908
349 335
35 480
763 792
682 433
459 127
298 830
677 633
499 101
606 785
405 16
230 401
678 644
787 403
341 826
744 148
940 547
298 578
434 685
430 306
759 230
504 416
523 705
634 695
484 916
681 485
972 418
415 641
385 633
143 754
396 356
134 601
125 630
395 309
38 536
215 595
33 393
261 460
112 509
579 638
351 357
78 360
319 487
533 549
531 539
850 647
138 188
261 561
262 668
758 471
980 491
658 788
480 149
523 483
289 766
134 256
411 295
481 870
69 498
223 728
274 419
217 147
476 46
459 757
404 827
675 822
776 235
857 616
605 815
641 341
572 914
500 324
724 420
203 540
870 593
443 573
826 423
202 306
290 183
292 696
325 611
482 336
271 321
790 453
114 789
215 568
697 69
289 351
364 209
851 178
440 670
477 752
487 265
691 629
643 172
690 202
332 395
787 697
602 142
579 354
543 173
778 131
726 890
748 695
886 408
663 626
837 200
423 657
563 529
450 707
721 121
342 321
39 584
531 627
449 465
788 671
591 709
394 647
670 901
385 39
413 115
165 514
622 112
178 577
602 426
433 524
720 834
376 608
649 131
36 610
839 758
81 424
837 826
219 162
62 667
258 634
509 881
709 567
131 308
291 80
413 131
317 676
428 403
329 698
231 414
122 723
505 196
539 119
398 279
662 157
167 766
985 419
302 138
681 145
130 327
250 96
54 362
699 780
974 401
726 852
832 484
119 607
385 747
675 684
296 153
322 434
713 457
565 337
52 544
263 807
383 219
473 739
204 522
709 91
402 338
782 905
711 946
253 303
509 167
534 782
780 172
90 770
327 590
543 103
992 577
245 209
951 522
531 346
598 368
355 645
383 794
346 186
743 258
732 657
344 528
541 663
548 480
976 586
634 404
161 311
328 307
541 310
263 831
639 667
815 868
224 98
213 298
228 779
317 163
820 183
345 960
418 853
217 642
680 74
519 642
573 831
355 753
854 468
412 733
803 505
562 990
388 923
258 415
768 101
301 456
809 537
374 537
707 844
105 709
891 227
795 557
137 240
390 460
632 440
429 266
251 625
115 226
856 591
384 366
841 261
946 724
213 254
101 312
831 312
775 818
827 270
507 132
837 239
731 400
483 436
393 257
360 332
793 542
438 352
938 654
541 466
525 774
726 351
485 790
209 749
313 295
428 807
577 978
334 926
653 818
444 991
219 784
588 173
213 416
215 333
91 692
843 701
421 439
722 367
619 963
305 677
81 506
378 710
914 365
713 588
403 268
133 522
818 715
346 83
535 152
167 467
839 656
719 222
324 353
471 703
665 55
540 6
909 771
519 988
641 524
903 361
528 35
368 43
287 241
673 130
681 957
819 407
360 662
933 682
718 316
244 159
519 56
515 531
342 351
628 519
509 234
703 811
810 170
694 806
314 658
860 787
41 444
58 533
592 832
573 183
250 117
552 774
629 614
379 264
874 634
153 654
774 641
328 74
302 84
109 235
291 403
356 86
412 698
643 971
642 351
370 257
148 220
811 478
346 383
256 900
935 312
868 323
765 314
629 274
538 455
713 479
186 375
658 111
231 325
938 496
296 52
157 469
851 258
148 180
268 761
132 390
48 412
799 894
798 321
674 199
578 335
797 473
754 393
300 380
633 722
459 210
30 353
402 862
278 298
329 260
189 550
839 530
101 280
488 540
829 256
269 522
569 401
746 428
515 506
520 610
360 940
151 256
395 770
840 552
397 753
546 906
729 288
553 890
334 842
838 715
145 737
685 610
942 323
703 494
413 966
87 558
154 707
121 280
921 471
186 463
610 260
851 281
684 854
798 181
101 679
552 413
401 704
398 896
237 798
775 512
366 886
341 272
475 688
128 478
868 196
654 188
80 323
674 456
878 623
888 763
876 812
212 833
368 441
847 295
316 809
741 379
944 446
373 419
387 617
376 882
728 200
951 400
845 430
499 26
442 409
469 625
174 648
442 200
827 621
562 315
795 798
695 320
168 617
290 883
416 215
481 326
227 364
467 222
148 396
794 392
525 201
824 594
909 512
700 945
188 884
749 240
239 742
327 750
967 645
288 65
264 700
515 436
176 718
335 59
977 443
272 614
45 620
932 354
451 393
257 928
504 664
599 42
519 926
722 753
400 673
606 941
520 954
652 329
642 590
132 571
73 257
416 527
578 205
961 491
574 419
856 272
245 317
268 110
363 836
396 561
484 837
171 549
167 176
825 648
269 447
809 395
686 249
27 604
353 288
540 217
182 831
698 757
510 289
789 505
159 442
905 383
739 137
262 344
317 415
914 677
203 730
196 673
434 181
986 510
573 585
159 423
541 992
811 706
240 254
606 556
706 913
657 537
511 722
388 880
477 175
448 153
440 628
58 457
169 135
672 435
641 308
476 258
763 499
501 3
463 676
923 289
420 410
132 370
274 141
502 612
911 626
471 405
772 152
495 628
281 847
365 222
518 131
617 882
454 33
841 607
637 281
334 865
776 438
133 174
136 291
715 817
933 383
786 116
584 133
829 583
283 156
382 669
115 645
572 754
699 730
567 383
648 376
334 782
472 141
465 386
488 970
277 271
389 422
201 353
47 636
429 787
293 860
869 780
768 114
468 911
981 620
708 799
743 826
357 865
458 171
800 669
727 517
502 870
279 933
860 747
550 266
177 219
452 12
71 698
771 576
564 677
922 554
85 285
201 688
345 65
816 217
500 269
263 77
9 419
880 278
795 277
411 902
753 340
769 621
293 649
228 220
174 840
440 218
346 158
364 187
900 409
127 189
340 558
667 276
432 921
785 876
662 769
633 981
913 541
700 507
99 574
287 432
371 465
496 341
651 463
756 166
328 903
595 963
623 227
247 469
750 327
226 530
552 667
623 570
114 420
290 138
286 579
428 575
309 422
159 816
54 307
624 545
538 129
364 776
193 477
965 520
260 273
204 134
904 570
755 827
405 957
907 471
408 384
306 606
482 723
870 333
818 570
552 741
590 267
545 373
106 372
159 153
570 97
240 650
528 314
546 199
329 421
550 181
115 555
552 520
487 481
220 318
691 594
406 508
453 577
213 499
769 802
566 219
43 599
689 739
352 845
557 63
724 589
548 652
353 581
502 576
326 775
791 584
888 731
504 697
282 824
375 619
338 913
232 454
686 724
606 379
803 601
682 771
174 598
229 699
464 39
555 115
345 570
269 485
436 509
791 172
906 422
530 841
959 685
506 635
639 938
443 7
747 486
934 535
525 741
522 99
182 405
554 571
463 535
184 744
776 250
309 106
189 839
986 438
749 505
958 660
273 835
426 611
462 63
484 301
708 516
580 157
169 683
336 514
363 971
817 320
493 646
786 648
659 482
256 428
214 554
314 574
577 47
464 327
563 560
230 866
88 410
227 837
576 844
575 964
848 752
82 763
719 280
177 880
851 352
332 208
661 961
231 486
663 400
365 513
747 882
317 383
586 614
474 890
29 492
561 828
958 385
233 239
539 600
159 833
446 61
139 497
736 100
334 708
172 433
228 301
741 734
544 970
931 710
486 12
614 446
697 365
568 154
400 538
229 194
683 913
766 659
102 729
294 391
741 466
288 127
580 435
561 598
809 821
733 834
351 121
709 931
621 295
317 124
574 935
