608 1529 28 61
428 476 53151
206 357 54000
347 409 60083
314 484 51245
359 372 35511
138 241 15811
408 433 41110
347 567 16155
62 145 34828
41 492 39446
50 589 22472
97 338 65765
468 563 28178
278 594 37216
41 462 63891
103 277 67624
499 516 58523
138 513 38949
19 231 44407
279 591 27019
348 422 53413
129 171 53038
178 438 52240
22 150 26019
104 158 13038
102 497 195000
384 535 72498
4 539 19925
355 445 56921
20 183 17029
117 472 54818
131 439 50220
164 522 52839
51 325 35014
227 247 40522
154 220 32388
150 262 66068
229 289 12166
355 550 11045
211 423 40804
229 435 44102
82 509 108374
480 605 32802
405 503 80623
137 197 45011
280 403 12042
136 416 75180
55 369 47096
386 448 17464
169 582 40112
319 607 26019
474 604 30017
541 577 54083
198 364 26926
239 402 55362
140 548 35384
215 538 84155
49 254 39217
58 210 63514
157 519 25962
77 306 23259
212 302 44721
432 437 57009
262 457 37855
75 113 40200
313 590 42048
113 503 47202
439 574 57585
20 141 33015
239 441 49092
384 417 22672
250 395 34015
4 410 20100
426 470 68359
217 244 51478
67 207 56080
301 356 49092
340 562 21401
105 569 40460
85 124 22561
16 25 21190
380 585 77104
413 595 52345
332 365 30000
410 539 33422
296 580 20100
80 198 17029
289 359 45310
82 252 77414
221 290 21633
22 242 41231
128 211 20000
473 517 42426
102 313 53235
396 602 60166
153 394 30265
101 207 39446
148 297 37108
122 447 26249
369 545 32202
237 505 33242
443 543 41195
372 391 59034
29 377 24839
248 262 41012
52 324 26870
127 538 42048
153 348 67742
59 112 52154
533 572 34886
65 243 12042
308 376 22561
321 552 65552
304 460 50000
189 279 26249
341 574 36878
15 318 18358
207 425 64327
13 597 10296
9 481 42048
231 245 49204
22 154 30529
214 299 32202
272 557 22472
231 400 27514
66 575 52345
26 434 53935
186 421 12530
202 349 58523
251 476 53160
315 590 33838
402 404 21378
526 541 29275
88 460 34059
262 566 31113
33 276 51971
92 187 39000
289 320 39812
431 605 39812
111 381 36715
3 394 15297
407 471 35057
17 325 51088
293 452 20616
461 590 39294
263 568 31016
362 484 73756
463 562 18439
116 603 54083
341 549 31000
182 506 45255
18 449 58310
222 239 37000
165 411 72125
246 554 50220
42 221 39850
133 186 12000
225 447 24187
93 231 50010
460 496 60133
363 543 46840
377 550 21378
167 525 26077
257 379 22847
343 595 43658
147 203 32016
56 436 14318
179 200 43417
276 512 14422
132 193 42942
95 423 49497
39 414 22361
284 450 48662
373 417 64382
481 493 26173
122 400 34366
48 277 56089
48 269 50329
4 446 79057
340 456 43417
240 277 65115
57 540 64078
254 396 78772
353 596 68622
199 295 28071
146 493 28460
64 477 18439
228 319 21932
130 598 20100
347 539 44045
323 594 42953
370 569 58249
405 418 73756
363 581 24187
51 70 17088
131 186 65513
251 524 19849
189 569 63569
383 449 112112
223 258 20616
120 362 37121
60 205 47434
174 302 41231
79 601 26019
453 546 20248
196 327 42379
134 608 20025
11 448 76662
60 360 45804
38 576 24042
260 382 58249
288 532 39357
461 520 48508
122 553 39560
147 218 27074
9 288 85983
148 472 30083
239 512 55731
181 560 22672
317 343 38639
64 93 42579
120 584 53759
430 537 26476
314 592 25807
47 309 42426
445 456 40719
387 484 61522
322 520 23707
167 500 58310
155 346 27459
72 427 15033
125 281 27295
154 476 74108
223 333 32450
368 603 43012
129 429 25000
84 151 23345
492 504 64351
32 504 45695
185 255 28636
17 142 27659
548 607 16971
195 332 61717
267 450 37000
402 542 47424
300 377 16643
314 387 29614
189 525 33956
259 333 50329
164 606 12042
271 294 68622
2 187 27074
165 433 62968
19 487 29614
312 545 20000
473 553 27074
240 334 14866
201 298 52000
444 601 11180
66 335 46819
43 405 50488
393 514 24042
233 352 24352
360 520 48270
411 576 42048
59 93 47011
244 306 59548
90 286 44721
322 357 26833
55 482 13601
68 284 41012
47 342 20025
44 604 12042
157 307 34132
455 545 66761
186 477 69771
2 282 36674
123 378 22023
278 323 24413
199 400 31064
583 600 19723
100 450 58694
277 543 58052
45 103 24187
236 523 30265
44 474 24166
163 536 36222
229 378 18111
111 504 25000
94 361 33242
344 378 60141
303 464 13416
42 329 48384
37 108 41304
152 438 21024
180 405 50606
252 310 29206
458 490 32558
296 493 51478
125 138 53263
128 324 64031
398 488 24739
139 270 15264
224 413 18028
169 283 32757
355 377 23087
58 313 45222
234 290 17889
177 233 10296
328 437 21260
56 406 61717
388 414 60033
236 526 35847
46 562 55973
283 326 21024
408 498 31064
93 421 50990
1 361 34713
310 598 61074
106 490 55227
366 578 124680
336 366 14142
96 436 36401
75 286 10630
241 513 43417
210 234 33242
142 325 33541
472 541 38288
200 489 38833
231 530 42438
6 490 65215
40 420 37000
35 104 48600
233 553 27857
118 390 47424
241 345 47518
43 374 45398
226 603 40447
105 576 48662
119 374 19698
192 360 26019
145 608 19105
26 516 46690
76 573 33015
457 570 54037
396 559 62610
185 195 71784
368 482 72346
131 551 59540
20 188 23345
139 553 30017
458 478 32757
201 478 44294
30 604 49396
492 557 56569
29 537 52773
63 146 19647
199 270 14866
503 573 55154
153 518 28000
79 256 52697
130 379 45607
158 359 51856
326 582 11045
140 509 18974
329 471 62129
561 605 50160
288 565 91810
238 265 173612
231 249 41976
451 581 70838
95 148 27000
359 434 61465
220 476 74465
246 367 21932
412 547 29967
293 356 68066
278 333 33136
103 208 29000
31 578 50210
123 385 32016
126 158 15232
274 425 24413
157 213 46098
44 578 59414
201 450 70576
331 382 25060
1 457 41304
468 507 34525
470 485 107229
73 447 23022
38 494 31953
415 514 38833
14 140 41785
345 380 41110
227 275 37696
121 336 28284
107 108 12806
82 598 24042
392 523 20809
39 193 27203
99 521 42190
117 597 33601
488 531 26306
220 508 17088
47 237 37483
465 530 37443
19 400 45000
166 529 43863
36 242 53235
59 586 42202
230 491 35511
374 419 64351
100 406 61131
329 490 63514
399 522 48466
64 579 19105
469 558 50567
95 297 40249
253 339 13416
310 379 50537
295 553 30017
147 424 67683
266 522 44272
11 417 33000
397 418 32558
144 557 38897
311 437 23022
264 419 20809
354 596 25962
312 369 19925
381 467 54708
156 475 40817
308 330 52240
190 478 70491
116 588 61855
46 445 29530
43 397 23000
101 425 47854
443 451 48083
399 408 58310
499 572 41485
259 526 48042
161 505 55714
249 539 104637
217 510 31623
106 190 69570
349 602 20396
124 159 55714
230 495 47508
248 361 42942
98 508 17464
401 597 37947
100 200 22804
252 509 80100
112 586 17804
112 176 30150
431 480 10440
464 493 40311
463 590 42379
115 190 23087
70 398 31828
198 542 34059
285 543 20616
176 454 10440
207 230 30610
15 533 21213
261 533 41340
57 261 33106
495 545 15652
148 541 37216
117 401 12042
30 454 55660
27 426 84646
5 534 54129
78 168 48466
257 592 29411
368 593 77414
92 414 78160
87 235 14318
356 571 72139
365 451 28000
94 587 20616
96 367 14318
17 531 78262
59 245 57706
259 278 41000
113 232 16125
37 107 33615
521 552 44283
48 543 30463
277 605 60605
233 519 43417
83 374 41725
524 552 26926
121 568 36878
257 310 40000
184 510 26926
90 522 54562
436 467 43738
76 405 88837
178 540 46957
455 466 59000
340 557 27074
116 566 50488
45 282 52802
3 69 32016
341 439 51108
169 170 79076
92 531 76243
61 165 20616
19 122 52498
82 130 34205
477 517 61188
18 127 45354
355 537 44011
425 547 46615
134 305 21095
271 485 125160
168 292 38588
332 535 37577
231 371 35228
28 259 32202
227 442 12369
152 514 30083
37 115 23537
34 307 77104
224 390 23345
18 432 48384
27 348 18028
103 120 32280
121 599 10630
165 281 56604
242 544 89196
241 416 80523
189 370 33136
81 98 64070
434 516 48754
145 264 17088
206 330 22561
170 250 10817
33 35 37336
149 222 42942
148 528 41785
39 174 43278
119 306 29120
42 490 68884
203 375 68469
322 461 48836
320 359 54626
395 587 68593
215 469 47011
446 465 52773
212 401 47539
125 585 18385
422 518 29155
38 403 24413
327 584 27019
55 312 55362
90 266 39357
215 572 83187
38 280 25942
214 404 14422
399 433 44385
421 477 71169
440 460 65552
24 503 52802
166 605 36359
150 566 47927
464 580 47802
137 343 35384
163 466 38013
347 468 56009
12 80 31780
74 268 37054
307 352 64195
7 446 13038
396 546 53600
27 470 60033
60 308 71120
112 324 63127
414 488 53666
73 177 42544
363 443 56436
106 329 61351
112 128 12042
343 556 40050
169 185 71449
225 308 53339
68 489 39661
24 356 21024
30 133 33541
145 305 16279
116 412 31064
323 475 31016
17 196 28425
124 227 23431
156 287 17029
347 410 29206
185 395 42544
207 369 64031
466 536 13153
75 79 26249
393 506 26571
292 510 72422
259 577 30067
73 308 58138
471 497 37947
157 352 43932
191 345 21024
32 381 50210
15 572 16031
56 96 37014
256 592 19235
372 555 30232
173 199 29411
321 332 15652
93 245 42942
403 591 26249
59 421 11402
268 565 37121
411 433 60440
277 285 52773
102 590 48104
491 580 45277
288 416 26833
203 218 24042
236 475 37947
397 405 52498
114 518 14866
42 66 47265
12 214 47707
82 310 59933
204 212 52498
443 581 61400
75 266 49518
132 212 55000
250 587 58310
124 442 15297
88 459 55000
558 597 35000
174 187 67417
165 576 70214
376 537 25612
339 396 60828
389 438 25179
265 448 90427
193 302 27659
43 109 47508
54 572 23409
151 508 77233
94 457 47854
97 299 194427
71 445 37216
300 487 26077
46 515 26249
571 601 15297
86 181 13038
47 505 17720
192 357 25000
462 504 47170
238 544 56080
348 427 30000
23 600 17029
357 461 46573
21 450 39825
57 318 26571
344 589 46271
170 484 41593
182 561 29411
114 209 18028
500 591 36056
53 584 20518
37 201 55570
312 345 41437
34 177 28653
270 400 32249
284 500 39459
263 432 45188
172 311 44407
399 606 56886
21 100 61294
273 406 56586
431 561 25239
287 446 57628
345 545 39459
446 530 60836
225 376 40000
268 426 25612
56 575 25298
143 203 71421
43 62 55317
346 394 28443
84 428 18601
154 544 60033
554 563 29155
569 576 24759
453 547 40311
85 87 17000
206 515 46530
472 528 25080
86 356 40311
137 556 28844
246 381 57000
10 517 12530
128 423 39812
219 592 54000
381 504 19313
254 559 83600
373 384 70264
295 473 30463
344 372 53000
382 383 42720
44 91 47170
6 42 30887
88 440 57801
350 439 55036
120 269 38079
423 465 41593
299 424 148189
351 382 56921
249 446 81498
171 429 42048
200 305 27857
501 509 52202
149 182 19925
454 604 64885
489 500 57219
80 480 16279
54 318 27785
167 197 63977
16 281 32802
203 448 74243
326 443 31016
92 584 58822
294 580 27459
91 604 44407
190 201 61685
353 433 47413
219 325 44045
38 569 24515
299 529 49010
348 483 26926
8 336 68797
493 580 45011
482 593 44777
170 362 82861
195 457 55902
19 29 34655
82 501 92358
189 337 38275
104 276 32757
93 579 28636
251 570 37108
472 479 39560
279 500 38079
168 217 70328
195 521 22804
301 398 32450
18 328 82492
96 246 29732
62 374 37108
229 338 27803
337 534 58412
34 205 68476
194 416 34132
46 206 42048
60 192 28231
24 168 25020
68 450 11402
205 307 118701
544 588 61294
334 583 14560
235 275 38013
67 453 39205
3 209 26077
17 53 23770
408 522 48260
351 449 33287
344 555 43829
32 160 36056
287 594 57315
489 591 59548
116 242 66611
8 366 80056
96 429 20125
409 410 50249
459 502 20248
160 436 57280
298 478 41976
66 160 41012
212 486 18358
35 97 60465
479 541 16643
407 497 10050
219 387 21378
215 533 68154
253 547 15232
4 184 24083
98 476 70456
137 500 51624
249 300 58830
143 581 59169
81 151 13601
344 538 60902
161 162 19209
98 151 60828
40 605 30594
130 587 41231
214 402 30083
240 583 20125
88 349 123556
35 299 140036
49 544 37108
89 319 52431
379 598 30529
338 435 50160
20 313 20616
133 586 43174
5 525 27203
207 495 55444
197 317 26249
307 316 19313
294 502 46325
30 186 33541
171 419 22204
25 513 21401
105 370 29530
57 516 57201
254 588 77006
92 282 34015
216 324 23022
132 204 37162
130 250 47539
506 514 16125
400 579 35014
276 415 34670
373 476 38601
52 474 49679
204 479 26249
166 420 60605
85 275 31575
311 432 54037
226 368 19026
182 511 18111
131 350 30414
274 412 43417
165 309 74431
317 595 22204
246 436 45486
102 520 85866
335 492 25632
455 495 57219
69 346 21024
245 371 26306
79 286 33015
414 531 44045
59 133 20025
93 477 52355
10 551 37363
46 456 24698
41 504 74007
99 195 44407
175 331 33000
426 485 39000
469 538 64405
95 446 55973
31 341 42297
45 584 55073
243 604 44272
26 57 69426
85 442 10630
268 532 92087
211 291 77389
183 313 32016
383 435 44011
406 419 29411
266 573 20248
554 567 41183
242 588 89805
113 266 30265
253 546 37802
247 420 28178
37 390 15652
273 575 48301
430 515 50249
304 440 52773
306 374 37363
54 57 18601
232 444 16279
22 570 47634
501 548 40361
24 78 27586
58 102 34886
6 273 41629
126 276 31064
149 511 20809
494 608 34059
162 505 48918
265 508 150443
367 429 25060
114 153 14866
102 315 44102
200 264 32757
99 457 40706
303 455 13454
168 560 20518
366 449 60407
69 394 33121
147 375 50922
439 551 27659
245 423 34928
245 465 42638
450 556 63561
11 265 17720
181 258 15524
14 286 56754
498 522 31113
468 567 52498
271 296 41340
328 469 19647
33 104 52345
41 456 12649
13 486 45618
454 474 58078
385 589 23022
185 365 27459
260 351 36620
162 342 55660
23 182 14422
182 600 21024
34 352 16553
9 565 37202
162 416 45222
263 311 21401
191 466 51624
292 560 38471
184 410 28425
14 509 29698
47 165 70114
232 503 43267
336 449 61685
302 533 41195
274 368 48508
369 495 33377
335 557 49649
82 361 52173
562 590 39598
162 194 19235
277 600 55172
203 265 138755
377 487 16279
108 343 44102
73 553 40447
120 327 45343
123 229 35341
216 263 44283
65 574 44272
172 558 36892
27 427 23000
177 352 18028
455 464 16279
244 507 46011
108 413 30414
76 418 29732
86 560 22804
320 338 29833
180 244 48877
1 94 16125
409 507 38013
174 540 84119
175 538 44944
59 423 65192
523 526 29547
364 480 21954
84 265 54120
440 459 15811
454 586 26476
424 529 108894
215 486 53263
27 483 38210
32 492 36674
456 462 60415
143 448 23345
62 109 67268
63 481 16279
415 434 40249
181 333 42579
216 311 33242
173 517 53000
503 571 47265
450 489 44598
16 513 34482
185 582 49820
342 513 37336
322 360 34059
159 424 53852
274 547 47802
118 224 70725
29 550 12166
299 441 47043
81 428 34059
36 544 56515
364 511 30610
12 529 45618
264 305 29069
140 228 20396
279 569 55172
74 565 15524
456 562 52887
327 484 75802
52 454 40311
261 318 23707
21 267 28018
445 515 21095
386 535 71028
97 158 82000
236 297 20248
334 393 42953
337 527 75954
146 303 20616
321 384 68066
31 243 27166
202 602 52086
363 375 46530
76 498 11662
420 424 59540
326 451 30232
358 439 38079
21 273 26306
319 354 22472
183 210 48374
77 129 31401
198 402 45310
83 244 46271
23 393 32650
83 405 34828
171 406 10770
133 454 49649
511 561 19925
205 360 75286
373 428 58694
118 497 57628
89 380 14142
66 221 55444
37 190 40361
213 316 21471
225 537 52612
391 499 53085
71 462 12042
28 323 12166
22 36 25807
232 601 19799
139 295 16492
156 297 44721
274 603 66641
137 284 30067
566 603 37336
375 581 44045
7 297 28018
523 541 28601
258 292 34132
371 530 28000
131 517 67231
190 407 53038
263 474 46098
331 589 32016
223 594 38210
219 452 62241
257 314 39051
144 188 35128
292 594 21024
123 589 35341
18 336 73926
117 291 30676
127 175 34234
11 386 65192
357 564 17889
373 552 16155
136 191 22000
174 261 35014
359 391 68352
160 467 49092
269 283 35777
306 468 48795
408 418 17464
249 487 37643
43 83 27459
478 490 11705
9 416 76059
208 282 43382
125 596 31890
257 484 46141
25 281 19000
246 563 42379
185 332 52631
293 571 43463
50 382 32062
410 510 47676
333 388 53600
29 487 30265
113 444 29411
177 308 59414
63 493 16125
127 331 50249
254 544 36235
298 458 15264
569 591 41110
143 375 60440
237 370 50010
237 309 35341
69 317 78409
196 387 18788
416 536 55660
174 193 45354
259 541 58592
180 217 43600
18 260 33000
337 370 37000
122 270 21840
475 594 30083
187 540 77878
34 308 48466
5 337 26420
280 489 53852
549 574 24187
161 527 39115
138 380 68600
100 489 26000
5 346 24042
312 380 45000
251 552 25554
133 421 12530
99 570 27659
181 223 31241
353 399 11045
417 428 40497
242 566 32249
37 224 32280
386 417 50010
11 428 42485
136 536 51865
31 549 12083
181 398 41183
95 465 42426
31 91 34205
179 489 49041
218 424 79925
210 497 105043
229 372 46390
8 121 44598
150 457 70456
141 183 40792
61 433 59666
205 308 78918
364 542 32016
383 385 13928
51 293 41437
27 72 26627
77 563 49820
353 606 60745
2 92 45804
61 125 48847
262 603 30887
255 365 25807
138 345 56321
538 572 83869
56 66 47539
10 358 42579
192 564 12042
226 501 94191
54 516 54644
201 556 63820
249 530 31064
18 437 72450
509 548 46519
291 528 77104
355 515 56080
347 507 61033
141 234 28160
124 420 39962
367 563 37643
126 359 58009
178 240 48847
26 389 27203
87 159 33526
238 508 23195
209 394 18385
157 233 37696
67 496 31016
427 527 46271
116 274 60877
303 466 50990
486 533 40000
66 141 60208
268 485 30480
69 155 14142
475 526 30414
10 213 24331
381 567 52924
418 498 22000
269 362 43909
12 198 20881
108 201 54571
276 434 37656
167 279 41110
48 443 37643
415 506 43267
62 433 76655
103 269 52839
453 496 32757
109 433 26926
211 528 24413
275 285 40817
339 412 11402
396 588 10050
79 444 26833
406 575 63127
267 298 15556
339 546 45310
134 179 27857
101 453 43174
501 593 26401
236 392 15264
155 525 33941
53 196 16763
14 164 46325
401 479 38275
209 518 27459
389 540 13038
256 293 61327
146 464 26926
107 224 28425
181 301 19313
195 587 72125
515 537 42755
178 187 50990
39 132 54037
409 510 46840
45 208 41976
305 608 10198
110 502 22204
144 335 21954
99 251 30887
64 173 19105
227 285 25239
255 326 26000
109 397 36878
151 265 74041
397 408 36235
226 248 56356
134 494 25080
339 588 61000
191 545 49729
494 576 38897
9 271 95635
156 594 46530
134 200 37855
204 577 27586
517 519 37656
228 354 37656
56 429 49041
518 595 160225
40 227 52010
50 383 18788
315 461 34828
372 378 45607
106 407 33121
192 322 27295
173 295 28231
64 199 22091
416 513 75584
25 138 47043
7 156 49244
222 364 32894
110 230 22804
202 453 30000
53 327 35057
226 361 71021
195 395 76217
232 571 31016
466 545 75472
135 265 144420
255 582 31145
14 90 24597
254 349 106231
361 587 27203
406 429 42755
330 564 57315
50 385 13601
248 603 57723
393 438 30017
309 576 51865
127 469 83259
316 358 66573
142 219 13601
141 144 45486
206 562 55145
27 268 88391
283 443 36056
271 493 61327
415 512 31906
2 240 58523
89 312 53263
73 233 43863
499 555 39051
90 164 50090
141 290 13000
470 483 42802
330 430 27803
45 120 10440
19 249 35355
169 269 23000
358 551 18028
332 552 66030
188 313 22361
143 386 35468
124 247 21378
123 435 23409
149 364 31780
211 324 66483
539 567 52811
108 556 42154
115 390 24839
194 532 36797
350 574 22023
256 452 55172
172 216 22204
376 430 26926
431 511 20100
58 183 29428
202 496 22023
137 167 61685
332 521 49366
73 225 11180
13 558 40311
176 586 17889
330 357 53712
522 606 51662
300 355 31780
23 583 23770
261 540 73171
75 444 20616
126 434 14866
21 458 40200
63 163 50220
81 476 37483
235 375 25239
302 486 32757
72 532 25807
67 101 44777
328 558 51039
72 268 86683
65 350 54562
70 301 40200
369 482 44147
8 44 46755
76 266 31623
596 606 43738
427 534 45607
23 506 44721
221 234 20100
17 584 38079
403 569 19416
535 581 65376
235 363 42521
246 467 17720
40 166 38601
38 134 34928
67 110 60745
227 605 65765
132 388 20396
152 415 33601
423 528 47170
291 597 30067
73 122 40460
66 290 57567
79 571 32202
70 531 51039
61 353 24331
26 152 12806
131 477 46043
146 163 54589
369 425 67067
28 475 21401
452 592 63953
98 220 16279
173 473 41437
333 398 36401
277 583 62650
187 414 76903
170 395 25495
79 293 55317
499 538 68710
411 494 11180
354 606 23431
255 451 16553
318 533 24021
291 558 19105
26 415 32757
209 595 133154
97 104 79158
272 340 39825
71 300 44643
119 171 60959
51 356 67543
49 238 27893
315 520 46325
222 506 63159
135 203 13038
22 476 65299
28 526 27803
381 554 33121
382 449 72691
473 519 13928
402 441 19416
282 584 49000
272 313 19698
270 295 18788
188 557 30806
62 264 43417
83 306 40608
17 70 69857
252 286 39205
159 235 24839
132 577 14560
31 65 31765
253 453 41437
266 286 50249
50 331 28284
585 596 15652
212 597 41617
474 568 51740
199 579 18358
89 607 33615
15 54 24352
7 95 52240
527 532 43600
4 287 60108
297 392 12530
5 153 49649
80 364 14318
51 301 36056
138 585 50922
76 503 78026
250 379 56321
343 413 51088
160 492 27659
422 595 189214
78 217 44147
110 491 18788
201 267 48270
341 366 212229
100 419 51420
223 292 37014
379 484 37216
18 599 60033
172 291 48600
164 354 27893
112 423 45891
468 554 38626
234 329 31385
111 300 71021
422 470 63561
250 484 38484
196 219 18385
140 354 42638
122 139 14765
97 359 74653
160 335 15297
261 302 43382
197 343 34205
341 358 84865
42 575 44385
67 304 24698
9 163 40012
384 552 72801
150 242 19209
162 513 61351
568 599 33121
86 301 11705
74 271 107466
357 463 56080
224 595 66611
365 535 43081
446 539 74733
65 604 41049
517 551 42012
88 294 52240
299 404 27803
336 599 35228
183 234 51624
13 212 38288
41 340 40853
341 578 87658
191 536 49254
153 209 26420
221 329 28160
559 602 12166
119 129 45880
81 84 21024
21 298 29547
476 570 63569
519 553 35341
208 240 35440
30 65 46487
546 602 64475
77 119 22204
19 447 44598
527 534 51740
184 287 48466
491 502 12083
7 287 48918
99 524 33106
287 510 55444
52 176 43863
172 324 19723
325 452 29967
111 462 29155
31 574 32202
62 411 63977
135 218 16492
178 393 48270
219 314 36249
440 502 28636
38 179 24739
268 288 95525
337 525 29017
344 499 56089
588 761
312 647
928 329
448 334
880 366
670 206
368 344
93 329
924 596
226 125
496 970
216 812
221 456
621 574
202 544
783 492
406 617
72 430
355 215
594 97
713 240
632 886
254 718
476 463
776 512
195 646
938 459
358 439
380 191
179 264
120 221
547 213
123 738
334 88
88 725
653 901
821 165
741 374
307 535
265 834
506 157
655 179
606 404
128 298
370 702
471 144
797 468
362 778
699 950
26 528
438 543
176 352
412 640
194 567
713 670
620 230
209 578
600 55
232 271
412 43
714 480
648 368
895 646
262 200
135 249
608 184
821 775
755 268
896 328
422 549
453 207
916 474
341 150
969 578
558 553
602 487
586 328
496 444
533 561
223 781
568 953
570 676
583 389
549 962
321 855
430 498
329 870
904 784
725 620
610 552
111 254
349 620
269 242
572 759
316 349
597 259
38 691
632 956
574 838
707 301
780 757
569 39
349 714
117 686
796 405
728 113
834 196
826 206
642 435
842 718
480 231
236 323
562 513
943 369
816 142
702 809
253 427
803 123
604 341
380 705
63 362
315 181
30 572
299 850
733 525
132 667
83 474
245 331
591 297
549 703
198 194
305 481
212 270
709 360
357 976
799 584
826 269
774 559
302 174
660 589
613 124
433 611
414 914
575 149
675 346
876 651
339 945
316 376
227 736
633 860
572 966
205 654
929 374
648 912
882 326
392 387
276 104
118 673
319 902
567 183
866 493
851 505
884 597
660 549
727 464
228 823
844 328
451 462
418 740
496 727
644 295
185 388
260 181
274 563
79 508
206 320
320 113
276 658
735 350
512 436
419 491
246 730
605 84
450 358
470 789
212 258
310 620
578 114
825 358
794 135
799 606
438 32
285 519
868 514
538 812
428 635
871 270
210 792
284 198
701 323
773 193
808 823
364 965
290 447
367 28
453 106
800 723
329 693
942 351
653 90
257 347
250 481
230 101
176 838
200 463
172 370
486 401
341 972
441 622
643 944
643 141
189 756
395 471
852 174
352 152
651 739
317 835
680 593
45 604
824 704
319 241
548 521
311 118
641 121
335 883
359 386
823 441
672 957
152 756
295 703
787 568
648 848
123 248
537 394
289 280
569 249
278 846
601 765
360 250
505 721
559 865
562 599
749 793
736 937
444 801
504 605
512 646
415 476
339 465
72 463
239 564
630 794
128 365
669 330
501 987
592 517
736 224
971 541
395 740
294 187
959 685
556 100
687 244
717 750
352 849
149 693
307 767
380 465
805 341
753 351
757 512
348 654
411 772
796 267
331 814
566 560
405 376
877 524
43 616
625 129
224 417
418 442
479 549
909 732
286 170
924 707
352 367
725 213
147 852
410 219
426 509
258 525
860 664
834 796
691 349
576 349
258 75
379 106
791 426
544 622
141 382
766 654
574 92
474 637
525 42
240 82
888 250
218 553
695 577
35 655
476 854
465 28
360 451
195 371
439 578
420 791
414 675
154 421
670 133
431 101
46 508
483 840
377 498
281 698
564 168
35 366
857 379
28 626
737 799
521 119
125 179
798 488
850 243
91 545
780 615
897 349
486 313
939 441
825 879
171 208
42 442
319 95
690 484
687 556
403 188
467 482
453 52
184 118
85 633
439 6
581 727
417 702
363 851
220 767
465 816
21 364
584 265
670 738
760 673
822 391
315 276
91 598
543 893
612 359
356 897
384 128
396 210
47 586
521 667
739 618
512 249
24 496
9 536
479 922
22 541
447 927
445 643
325 485
221 638
835 158
149 609
346 378
239 689
925 344
491 752
747 859
606 427
399 527
679 485
310 215
262 435
168 809
761 360
164 830
556 411
648 285
757 97
629 455
505 370
468 336
706 395
728 792
853 192
327 545
178 674
865 548
496 937
612 459
657 313
265 871
223 264
972 399
281 314
273 930
737 736
991 525
915 459
534 951
606 277
409 118
242 768
87 384
668 442
142 656
8 580
607 224
140 405
224 663
169 153
858 749
149 805
314 847
391 802
545 537
457 170
369 331
340 173
430 931
14 424
748 259
437 816
466 565
790 799
196 317
850 673
494 153
593 802
717 200
871 740
882 810
498 64
465 206
496 88
866 676
322 307
850 614
564 232
542 314
159 440
998 457
722 99
287 384
274 142
138 320
371 422
574 916
244 196
734 172
298 422
239 778
906 634
717 683
964 431
489 686
991 564
241 497
384 221
375 521
733 301
723 168
859 710
540 177
903 660
711 385
793 668
822 806
758 87
612 481
146 556
790 306
657 645
864 721
524 485
505 231
814 473
214 698
536 348
649 960
642 595
460 383
244 748
161 701
793 525
216 682
446 152
163 612
232 136
957 374
269 129
486 17
532 834
634 503
329 390
544 852
858 350
341 417
869 454
277 361
196 853
343 276
371 547
895 489
217 529
903 415
449 856
848 601
404 144
121 492
442 315
234 637
312 413
188 766
350 806
708 914
786 654
779 816
755 779
684 615
125 210
392 189
190 135
537 878
301 144
528 278
116 581
810 245
548 121
205 419
803 887
436 476
263 754
508 102
555 289
437 44
954 574
652 816
492 298
99 354
765 379
595 856
519 532
186 545
575 506
149 207
644 222
748 397
309 467
85 257
275 214
904 705
384 863
421 780
277 712
397 654
726 542
222 312
559 743
737 860
45 540
536 74
778 340
495 622
678 661
399 433
891 228
712 549
226 447
547 683
70 370
267 729
534 535
805 875
657 779
137 290
259 804
669 541
696 603
689 359
