646 1184 27 79
217 365 47297
314 327 30480
168 245 29017
318 378 56143
70 87 43290
355 373 20616
57 128 39408
68 317 28653
126 193 55973
47 104 104000
190 465 156263
244 622 71568
136 244 52431
314 344 63135
92 425 40311
6 239 41725
321 360 31953
141 635 48083
239 375 16031
264 378 39699
230 342 17117
90 549 71470
17 593 30150
278 524 99765
27 154 24739
61 195 90907
31 304 81320
66 505 25495
308 396 21260
456 460 23022
325 337 54626
539 645 72139
142 358 12000
75 444 38275
419 459 46819
73 157 55362
22 370 33242
398 617 13342
73 318 52202
288 560 40853
394 544 29547
625 630 38601
305 516 27313
483 550 25318
163 509 49518
131 371 15811
32 544 20616
512 608 188958
7 74 43046
120 534 35000
239 459 53600
20 164 56303
116 167 89140
163 443 42953
5 113 37014
193 402 49092
301 600 21401
8 115 32650
229 474 42720
64 507 54120
208 373 54452
38 305 16401
16 510 35000
126 629 61400
564 643 20125
462 505 27514
329 409 29000
604 628 22847
302 371 13928
248 373 34928
178 520 35355
194 585 21633
2 485 77621
320 428 34785
263 476 13038
436 454 24042
388 576 51856
422 527 42953
138 151 50090
262 536 28862
73 357 65765
127 369 26683
217 434 21471
168 535 22472
223 474 26000
39 261 76655
481 607 16125
27 395 37202
536 634 22023
88 227 39319
209 608 22561
207 598 70349
192 457 33242
435 538 70937
135 489 47011
148 293 46487
90 132 13416
43 89 45044
242 582 14765
103 577 54231
42 351 70178
106 490 26926
177 270 19723
357 539 39395
230 588 43681
401 413 22672
25 364 31064
143 430 32000
72 140 20616
162 283 39408
407 539 57454
32 632 37590
345 360 37643
346 635 37643
363 508 17205
175 323 64846
471 621 62129
44 589 29833
6 482 32573
479 605 12042
57 396 19416
454 642 53151
142 638 81468
28 103 41677
37 93 10296
260 425 23770
513 561 28844
581 622 39812
47 182 65391
46 303 46325
29 80 43863
242 302 45100
41 122 53151
456 488 84900
509 550 49000
438 639 62586
473 629 25612
168 210 70292
312 538 24187
236 413 27459
46 475 33601
24 325 18248
299 538 49820
59 433 14142
184 618 38210
216 237 41110
412 612 26249
210 376 13454
218 642 52612
259 267 44822
343 481 27295
304 379 60828
301 464 29967
8 426 36056
63 551 11180
209 571 20616
131 251 36620
456 601 76400
201 330 23087
341 621 51010
395 453 29547
135 598 39408
366 480 21095
257 330 18358
86 438 76236
262 532 20248
174 278 22023
423 634 39205
231 268 24739
343 498 32202
13 99 61400
234 635 38275
22 198 24042
163 215 60877
354 539 72069
422 574 33136
276 561 40792
297 584 27857
303 560 14000
160 262 34366
261 492 32202
235 534 40200
381 543 19416
67 561 40311
119 300 24042
211 275 162117
262 429 29833
55 239 33287
38 516 12042
284 385 57385
262 626 25080
142 388 70838
150 240 14866
94 567 55036
29 258 15556
329 511 25495
250 378 44643
100 133 26019
384 594 26401
66 93 78102
6 73 16031
134 309 31113
105 308 47127
260 613 13601
107 611 84119
318 568 30414
96 491 23195
86 277 16971
29 320 26173
211 452 60208
278 594 45891
190 391 102421
451 617 60729
19 513 31064
359 467 21213
337 353 61984
90 455 76059
14 276 30463
54 546 50120
216 476 22825
102 329 42426
340 638 26077
181 350 18248
50 335 17029
129 211 11402
199 529 28636
124 324 43863
516 614 32650
167 380 56080
40 583 40025
341 385 22091
565 603 54406
60 362 31145
395 604 19723
75 204 33287
442 630 39850
292 393 46098
101 563 22804
138 293 45277
337 631 19723
584 613 58549
424 524 74277
264 366 51923
183 317 46065
31 206 42012
36 495 17000
45 365 31241
306 624 28792
311 351 22804
447 496 31623
288 558 38210
195 309 76059
404 485 36674
226 587 12042
516 596 25612
134 195 59506
523 599 36770
233 493 36620
45 434 33526
517 622 40000
58 484 31575
195 495 32016
175 356 31890
62 471 54918
476 620 26401
251 548 32016
259 631 37336
205 348 47043
279 530 67624
176 485 22847
98 402 16492
130 206 18439
518 524 61685
19 474 30806
339 584 34176
173 288 52202
61 487 41049
43 69 29732
108 260 25080
439 608 55946
234 448 36249
71 73 44922
142 501 59076
67 646 44407
210 397 38588
141 549 16125
286 326 61741
176 404 21932
527 535 32016
82 403 41593
181 300 47170
118 242 39013
517 563 35000
505 641 22804
44 360 41110
80 258 46065
542 607 28601
471 643 69123
78 472 53600
102 409 33422
85 586 99298
112 507 13000
141 392 18439
22 227 24187
306 411 36069
17 45 54918
47 305 75802
33 551 52393
6 55 12042
256 395 21541
137 438 69426
405 406 35341
104 145 61612
52 600 36770
380 518 19105
421 499 63655
155 562 37590
239 482 63891
188 473 17464
112 236 27459
156 421 27295
7 189 41231
82 477 18682
308 546 20224
78 314 51010
13 192 22672
113 366 29682
129 440 21095
85 116 53740
118 531 13153
150 197 13038
289 572 37483
193 541 41677
357 646 68680
275 397 65307
66 165 52326
207 472 29833
253 492 36125
519 593 29833
180 580 56223
137 492 47297
477 483 42720
149 279 44407
490 524 26926
81 175 59008
11 471 36878
106 575 11662
71 331 46872
205 316 30676
171 313 76655
148 549 14866
62 171 57245
195 623 51039
219 623 45122
115 165 38949
107 481 20000
421 430 21213
176 254 20000
98 213 26077
109 461 20616
431 444 36878
233 453 28443
42 298 17804
199 524 102303
296 433 23601
120 446 30083
11 543 69814
267 544 29000
279 581 23770
328 437 31064
409 511 32140
449 514 33106
16 354 29411
76 320 30414
343 542 15133
28 69 23324
2 606 28460
167 268 14422
33 272 10296
179 522 28231
509 588 45122
107 111 34438
215 546 55803
21 70 14036
163 230 39850
73 568 29833
214 372 60638
247 619 46819
169 506 38079
363 455 19925
172 627 44272
301 367 47011
311 362 50040
342 458 21378
40 284 27166
71 568 39395
294 398 30265
91 113 39000
34 356 43267
319 333 13342
291 643 49031
509 599 50160
443 458 23770
368 564 15033
131 228 31623
74 574 51478
10 378 50606
439 563 152751
531 577 42202
173 455 27019
18 212 21932
34 88 29833
27 628 51624
257 550 34886
54 308 47170
133 433 36688
156 285 39395
190 269 26627
35 205 37537
136 622 45793
196 572 42154
7 479 29967
142 611 49396
23 271 29732
27 155 44204
122 499 41437
349 430 38184
104 278 73682
501 611 88193
200 448 50695
303 545 67683
228 371 21213
160 457 39115
135 633 13416
197 272 38275
83 280 24698
56 220 15297
65 126 40311
23 151 37590
170 218 74706
415 630 31765
269 438 116842
8 468 22847
387 521 12649
116 383 51624
88 124 74887
161 171 43012
489 633 43012
22 619 33287
199 275 200262
123 144 33106
412 502 20396
162 471 56321
591 624 21633
327 344 60208
410 639 18111
80 566 49406
171 570 16643
70 165 38484
292 619 31385
142 183 48052
311 415 68680
59 296 17000
325 526 41773
254 323 72450
337 514 68622
30 526 50000
217 356 33541
58 93 40447
42 565 11180
235 619 50478
153 612 13038
576 638 53235
68 458 17000
466 578 23854
217 534 41304
411 624 35014
189 202 26833
551 584 31016
112 597 37643
35 531 61847
77 602 46098
145 328 35355
261 512 23770
265 533 17263
318 366 50912
81 344 37443
103 140 36878
481 504 52038
166 222 160078
17 537 35693
317 640 61000
164 226 38013
296 425 43382
60 565 14213
380 424 53339
45 175 39962
244 581 64195
26 612 29000
42 445 44911
10 250 36715
242 401 68447
295 429 35057
79 216 50249
82 321 42720
238 292 30414
333 399 34176
100 591 65437
255 511 15811
99 331 39319
325 631 55866
252 309 17029
348 582 30529
273 462 57315
338 499 54129
26 246 28178
24 31 81939
447 615 51923
200 523 50606
446 534 13038
7 214 59682
408 418 54231
296 613 39925
137 253 17205
188 567 61522
447 598 84717
149 504 76217
441 606 24515
262 277 26000
551 552 52326
336 489 46325
239 315 59034
23 243 21932
206 274 44283
466 591 34234
15 336 35468
53 308 55109
492 512 50695
209 213 23854
178 439 94154
113 264 39051
48 377 40804
116 447 41976
310 503 52555
295 315 74250
272 552 44283
208 248 53339
525 610 39217
347 626 16279
575 594 33302
113 469 19416
449 569 31305
316 525 44283
158 320 33541
33 613 25318
194 335 11705
253 261 28601
228 242 20248
42 311 60539
38 614 27514
3 361 12042
486 512 39825
72 243 51478
16 407 78102
295 536 31623
269 465 182508
13 39 48042
365 593 33601
427 529 11180
557 634 22804
102 232 23345
24 304 10440
27 256 38053
147 203 30265
139 645 48918
227 619 42154
175 434 11180
578 591 22023
170 341 57559
360 589 20100
229 569 43681
45 217 23770
162 621 14422
222 563 13892
470 583 47265
180 245 22472
32 274 35847
419 502 44911
450 459 17263
475 507 39812
40 155 38079
97 611 111463
152 377 12728
41 548 14318
229 449 29530
170 454 62129
504 640 32650
125 461 30610
439 571 78026
224 286 76158
469 556 53151
48 322 15133
206 267 28636
17 314 62169
312 391 25612
246 352 16553
251 577 56648
519 554 36235
171 294 77026
141 177 62817
199 574 82492
497 576 51245
169 304 34059
147 519 56859
105 433 22627
14 229 42438
382 496 50120
508 515 13454
401 597 10817
182 437 58523
3 598 20616
361 522 18000
169 307 43600
324 487 72835
327 522 23345
240 467 65460
129 451 53310
179 592 18028
1 273 54120
84 428 18028
114 293 57428
389 646 24698
58 426 37643
174 594 53824
84 587 18788
541 571 34655
85 167 102616
233 390 12806
214 249 61221
169 470 43681
183 358 47043
75 289 40853
36 124 18111
46 545 47508
448 523 38328
558 560 14866
72 525 25554
327 494 29967
20 587 60745
416 438 76942
178 636 41785
139 185 34886
151 243 42048
419 561 52154
554 614 17804
128 330 66030
538 627 19313
235 247 12166
53 396 45486
490 579 37696
369 414 39357
6 334 26019
199 427 26476
112 413 30000
8 484 43081
94 386 23431
378 386 18682
132 151 43046
439 636 66611
368 478 49578
415 558 31780
233 383 29967
49 436 15000
585 590 22204
298 445 30067
301 540 62073
382 633 51245
351 460 36688
77 95 51546
321 403 34132
174 384 60828
163 342 40311
157 375 30594
39 192 33615
55 157 40012
358 498 22672
248 602 24000
110 538 37577
172 465 33377
125 420 10050
241 595 45277
252 627 34886
167 586 33615
114 186 57706
172 312 39319
464 600 14560
574 580 44598
2 502 12728
156 451 17029
335 595 35511
287 391 11045
54 105 10198
32 267 22627
350 490 42802
196 289 22091
231 249 25710
299 377 25000
337 526 31321
332 584 38639
39 187 25080
49 454 37216
440 617 33121
417 478 62201
367 464 54148
521 545 21260
331 480 13153
183 609 41304
7 96 46098
31 642 67912
139 241 48010
159 241 58052
468 514 44283
214 383 61984
94 624 24759
122 349 36401
170 436 60017
72 618 36620
417 533 37202
121 259 24021
374 548 45310
64 553 40050
26 324 47265
92 100 64846
407 474 23345
90 515 70434
1 159 27785
211 440 31321
19 223 26249
231 372 28284
283 381 39623
47 145 46174
408 606 41110
111 310 47011
147 399 51245
93 500 81492
274 632 19849
50 159 66038
416 457 25710
54 530 20616
345 462 17000
198 428 24083
178 339 27166
9 60 13416
307 506 45354
111 481 43012
466 467 40497
348 597 52498
138 148 22204
212 601 86977
360 462 44181
135 615 47518
62 161 22825
41 577 48010
341 417 51923
271 521 53535
375 389 39408
14 208 27295
77 191 53600
197 552 32249
84 158 28284
177 293 26306
33 108 18028
173 508 35114
221 438 79931
63 584 31000
149 503 26401
442 573 68593
9 573 41773
12 265 32016
154 381 26907
191 461 14142
266 507 55471
50 57 58181
257 509 24083
150 439 78032
99 347 34409
455 521 89157
35 316 15033
424 490 65924
117 301 136620
196 321 15000
386 567 49679
458 576 63325
8 165 41000
223 646 11180
483 599 39115
171 397 58412
355 419 101237
346 392 31257
285 471 87476
106 579 26000
136 517 17000
426 514 31064
38 554 23324
23 618 30594
16 539 80753
254 408 17804
132 271 10296
290 533 21095
471 564 58009
420 494 46228
98 127 25318
7 605 36346
41 251 19647
287 435 85703
193 629 19416
152 299 35171
188 359 48052
236 401 50000
422 479 46141
71 334 33287
335 590 31016
258 547 27000
123 410 18248
146 630 28862
224 538 61741
139 411 71176
140 531 54129
39 486 72007
256 453 20616
467 473 46390
120 393 21000
387 545 10770
51 95 51894
101 297 41231
423 536 28425
520 636 10770
133 590 37162
9 362 26571
584 622 42485
65 91 55785
214 535 38118
79 319 47802
21 544 31113
528 610 21633
111 149 38897
56 218 74250
4 216 48010
1 139 45880
16 569 50160
544 641 34205
392 403 37336
22 76 25239
64 146 21024
447 555 53600
99 432 32696
297 622 28862
280 435 18248
208 337 64846
225 639 18028
390 496 34366
515 635 23431
90 635 74673
171 398 78186
266 475 49031
265 290 21840
226 540 47508
224 299 18385
73 334 29155
247 393 27857
109 485 66098
60 603 48021
220 431 48166
514 631 67082
31 130 26627
263 620 25080
146 625 20125
297 339 44272
128 215 49244
3 522 22472
184 644 41110
332 581 51740
11 283 58523
87 115 11045
507 553 48384
365 534 50804
123 639 36014
12 114 45695
68 443 23409
276 513 40000
367 465 18439
115 121 13416
181 384 23409
402 541 21932
236 553 21633
249 372 39962
429 536 18358
10 357 16279
61 538 62394
277 423 16155
105 585 52000
583 633 54452
18 497 15033
119 620 27313
374 499 34059
216 637 56754
316 610 19313
618 644 17029
218 431 72339
5 432 23022
124 323 80895
490 575 36892
607 609 42059
353 514 37643
450 616 47434
495 623 34059
127 512 110571
43 463 55973
287 538 41725
267 631 71589
169 379 52345
165 484 16031
364 616 22361
53 194 26077
302 401 71113
163 330 61131
187 556 57983
275 313 57940
153 616 19235
83 144 19313
390 493 35228
56 265 41049
25 406 11314
282 329 23022
382 628 39825
180 275 87006
245 580 54589
150 552 25962
379 470 24331
286 557 25020
358 542 29428
78 592 14765
43 186 44598
225 326 19235
232 566 41231
298 488 11662
323 418 66641
547 619 38000
144 326 27166
168 214 38419
147 437 27313
240 559 14866
86 221 52202
354 645 21401
106 594 31765
523 588 28284
89 186 13342
43 368 20616
322 405 54452
202 491 31890
238 409 33377
164 219 49659
147 182 67476
154 256 41231
15 526 19698
261 486 57245
97 166 14142
1 93 49163
91 188 65742
117 566 95258
430 499 54129
332 530 48795
305 596 45277
158 226 35609
81 109 48508
37 185 25000
179 314 29069
393 619 54918
427 518 32062
80 117 47127
401 582 65795
411 645 57315
369 512 84534
168 376 73430
447 493 32062
586 637 76059
535 605 18111
52 219 20809
352 441 23087
340 501 38484
294 313 18248
160 626 18601
460 558 13892
51 494 14560
341 436 19105
414 556 57940
160 416 43278
268 491 41593
439 559 83241
28 143 44147
269 280 30017
78 207 46011
463 533 16031
30 337 58796
282 566 32016
83 326 39962
394 641 21840
67 389 38910
498 542 18439
130 431 58412
471 478 54489
95 420 31305
205 475 27166
90 151 50010
452 499 67082
551 613 59816
496 604 46519
110 252 34785
34 619 55579
71 347 36674
238 596 17263
20 84 65123
289 345 15000
139 595 68884
59 530 33838
30 208 24207
385 506 65000
400 453 35777
48 152 36620
4 237 12369
71 532 37643
63 178 31765
37 510 15000
63 520 38588
270 444 16279
483 589 16971
212 488 32650
429 532 26306
266 415 52154
125 191 23259
323 404 54129
232 329 34713
292 547 15000
274 444 29000
412 441 37216
204 289 34482
531 582 48010
20 227 83217
432 480 32558
319 399 29017
141 346 41340
202 529 17029
184 528 40000
376 570 10630
281 555 50606
191 602 35468
79 207 24187
251 374 76158
124 418 45618
74 199 50249
152 405 51662
5 469 36401
443 640 50120
545 610 62626
359 578 30871
353 449 29069
15 325 28018
173 234 47202
161 398 73546
43 72 59933
119 174 85493
44 273 35341
442 625 55946
57 201 48600
285 451 37014
84 226 26000
168 400 83934
101 339 30265
473 559 37014
207 555 64382
12 220 14765
324 495 28160
17 78 60008
542 609 57871
96 189 14318
185 510 36056
76 370 12083
333 537 23022
4 637 21260
143 349 27459
412 606 37736
500 505 26401
228 302 27857
225 410 19209
393 596 21587
503 581 53852
454 506 62097
187 414 36235
97 310 24000
211 338 47170
340 497 26306
615 633 41304
213 608 42755
258 370 26000
11 570 70385
479 527 14142
352 418 45222
237 281 20248
90 521 60465
51 361 10630
133 425 55758
506 642 34655
47 255 88527
291 421 53038
241 335 14866
36 324 31305
284 307 51000
121 267 36222
173 363 23087
448 601 40262
472 537 44654
81 314 70711
50 201 70520
203 328 28792
21 394 11180
448 477 59548
89 290 35014
446 516 34234
87 267 31780
75 632 39217
321 572 41037
283 562 66370
18 445 16643
154 543 44102
528 644 13038
118 228 36715
198 227 44822
522 592 27893
418 606 56648
183 388 38588
411 595 55073
115 468 25298
65 556 12042
110 195 87664
322 487 32202
79 281 43966
445 603 76158
222 244 69123
203 263 16031
28 291 41400
355 485 37590
273 500 60374
221 634 51546
350 579 12042
164 540 19235
325 336 50010
246 418 45354
255 282 62626
338 452 41593
214 400 68680
315 406 30806
405 557 59666
27 562 62362
300 637 37054
519 614 43105
288 387 79209
270 392 56754
200 576 20616
92 108 51662
49 385 11314
368 463 61008
534 614 28425
202 518 41725
69 103 47508
362 573 16031
204 505 29120
166 611 120266
114 151 33422
25 450 43417
250 306 36674
429 482 45044
82 483 35128
153 364 29155
52 134 29069
660 573
361 699
275 453
180 357
584 848
480 781
242 169
537 536
935 297
558 738
453 169
573 312
536 897
446 587
424 478
569 619
192 482
889 380
468 670
204 721
595 487
138 663
654 235
437 437
367 787
317 745
380 273
571 153
93 673
418 544
512 404
560 449
792 759
175 627
694 142
242 726
606 586
104 544
584 899
374 327
613 30
907 322
573 201
717 510
202 536
776 190
33 486
334 835
462 316
719 615
294 462
206 806
743 628
793 664
479 769
551 328
770 587
571 583
781 680
923 303
320 832
451 147
854 773
814 159
657 858
615 499
447 695
835 469
583 173
594 501
509 825
627 175
496 782
205 147
630 418
117 677
390 500
247 458
189 430
61 703
282 571
719 434
367 933
139 725
225 347
479 918
551 496
198 646
575 246
685 278
643 804
725 752
611 577
635 740
341 484
196 172
976 594
702 911
553 838
706 690
896 770
74 614
607 132
33 382
783 662
73 272
954 558
775 765
329 559
281 856
939 589
771 122
607 819
615 294
552 507
263 309
75 748
648 90
122 366
131 581
540 501
578 70
388 981
240 708
326 522
686 886
698 936
802 564
475 21
534 419
662 46
679 266
732 689
225 828
315 411
912 728
537 948
639 318
647 617
635 156
665 362
948 466
561 110
374 951
47 442
833 168
101 445
652 336
911 616
781 815
636 268
355 865
347 758
374 249
407 308
513 71
480 729
111 729
684 559
525 885
440 127
465 247
809 530
173 768
578 536
986 604
198 248
317 170
412 401
533 314
397 128
237 897
771 331
44 331
223 570
320 633
604 377
869 801
261 483
324 120
112 299
93 512
901 476
674 233
631 586
588 243
609 901
702 833
202 159
347 965
347 532
553 912
739 868
717 630
250 774
667 458
774 804
131 686
155 142
825 397
741 548
178 171
105 415
612 446
722 167
538 437
213 427
433 563
748 900
371 125
484 14
869 371
728 913
293 200
850 575
152 396
193 558
498 380
218 789
566 325
430 936
925 752
493 678
353 916
418 963
139 751
159 651
680 72
481 611
797 492
230 242
58 631
295 288
743 369
148 593
794 107
183 369
86 593
451 751
767 820
695 616
687 91
634 226
942 685
316 141
292 732
136 591
380 569
255 248
590 720
632 25
248 867
551 958
320 653
12 572
342 275
757 510
82 662
516 500
785 742
574 975
491 880
121 414
632 789
553 287
797 180
544 465
206 236
369 980
614 394
674 257
787 768
685 525
578 418
323 33
434 615
491 906
43 309
875 642
354 954
176 388
33 631
433 224
401 330
497 107
427 898
267 919
786 281
645 456
574 281
538 128
91 623
608 351
395 51
437 855
781 697
880 732
896 336
346 899
129 343
167 849
690 46
801 229
434 427
94 531
626 713
377 375
797 617
247 850
976 618
876 270
276 902
377 54
248 509
405 788
693 157
860 455
546 767
151 459
96 699
679 449
336 820
252 628
270 740
440 455
401 954
271 489
78 425
32 608
748 526
548 799
847 704
138 462
481 807
706 626
391 465
462 505
531 18
866 774
916 391
476 306
814 490
951 522
303 540
654 468
700 384
525 858
720 120
588 105
109 281
854 276
307 725
473 566
593 636
374 606
199 591
542 735
948 478
692 786
690 479
287 454
926 272
748 329
336 785
182 512
582 803
190 890
554 193
672 942
106 672
677 51
234 214
394 601
558 7
450 735
381 134
346 874
602 763
374 437
150 219
394 231
342 356
282 261
104 321
454 308
620 758
731 224
881 443
482 712
303 298
256 918
669 380
110 581
600 477
350 295
781 603
351 92
425 55
150 430
339 251
754 77
698 895
682 415
305 617
390 827
375 795
509 669
331 667
53 588
406 978
652 688
366 728
771 92
637 924
825 224
497 918
526 292
281 688
414 699
327 512
540 75
229 133
485 891
144 272
762 736
535 572
150 168
129 710
472 857
561 78
570 373
583 825
767 678
212 568
351 936
474 325
76 456
485 994
821 882
454 23
329 732
878 208
827 491
598 397
898 366
139 552
272 350
776 384
495 585
401 760
496 70
524 59
323 283
481 348
754 310
832 284
522 924
818 469
398 743
819 265
345 546
646 483
555 254
194 836
204 902
699 745
713 783
528 515
618 835
370 413
481 193
194 450
719 829
493 652
749 170
132 407
737 429
521 230
269 156
561 801
938 546
470 812
722 469
577 552
341 624
628 956
322 791
890 346
352 440
83 247
199 195
548 994
274 318
298 476
242 743
298 332
890 395
965 493
584 29
631 498
951 407
370 708
927 637
886 544
620 474
421 364
766 134
738 343
775 494
597 598
21 585
597 981
466 639
509 555
729 333
105 556
897 736
148 200
133 492
834 806
719 228
287 472
781 422
90 221
649 162
432 496
271 142
674 193
161 170
813 669
646 103
498 861
556 270
152 553
296 162
463 873
157 475
297 890
558 699
170 787
718 904
953 507
398 212
573 465
735 214
817 620
82 635
600 24
663 346
726 494
843 771
806 808
812 119
116 524
220 363
658 870
428 873
812 253
756 830
801 243
442 655
440 290
918 764
539 194
912 312
32 663
658 790
525 789
523 599
388 142
743 880
651 419
927 256
226 100
63 278
841 410
612 78
679 758
97 282
268 115
881 665
694 104
365 366
854 742
735 642
169 265
147 742
785 450
710 481
717 655
665 741
260 465
162 485
88 300
700 661
89 576
760 86
283 434
755 448
180 832
786 345
380 545
964 328
340 312
278 164
334 708
936 530
770 905
896 517
686 175
994 484
346 745
796 734
130 535
322 364
356 775
438 52
648 205
120 635
111 391
477 255
873 704
208 745
653 723
851 159
514 870
279 883
361 321
735 849
840 196
479 495
593 431
327 405
446 887
711 348
830 816
166 341
894 405
424 980
871 515
606 456
446 388
548 176
661 194
610 649
491 689
