856 1953 19 183
375 679 25612
236 394 13928
298 755 55073
209 277 21471
131 558 27295
226 255 27659
221 660 42426
269 410 57245
174 382 48083
129 737 30017
179 324 91005
493 793 31385
345 515 33136
481 681 40522
436 773 26907
87 663 21840
282 577 32249
47 102 51352
438 511 14142
145 773 48703
152 848 44944
41 771 44385
596 652 40200
64 414 29017
696 755 10770
327 769 50010
73 240 39560
408 821 34482
429 606 17029
24 682 71169
23 557 21587
200 813 29155
699 799 29530
326 691 13416
36 180 34713
374 659 37656
127 800 58249
47 473 23345
298 471 21000
252 259 33615
517 693 105537
229 297 40792
573 754 92617
507 855 33601
391 832 13601
272 407 26077
102 488 37336
501 529 17000
359 709 62000
368 616 33541
21 161 32894
13 223 32894
624 665 12042
567 706 72993
237 799 30017
659 680 50912
81 241 17692
446 522 13454
347 852 12530
200 458 22204
412 443 35511
51 218 52498
273 773 34132
404 826 33015
467 752 42544
133 738 36797
506 651 18385
308 666 16031
170 822 73082
177 492 21541
425 631 55362
192 237 40000
228 257 40112
119 721 23601
35 164 34785
206 616 55471
215 820 24083
58 101 25020
149 553 23087
98 802 35000
595 684 53310
370 522 57219
350 482 57306
463 533 21932
97 756 33956
653 817 21190
309 821 43046
603 707 15620
398 444 53339
195 368 40162
326 535 20025
379 641 40447
76 539 35384
664 694 20396
107 718 25080
479 546 20396
299 570 10440
371 715 16125
72 458 78492
195 632 38013
386 467 27166
231 293 36235
56 165 17464
651 850 26249
296 795 13000
327 329 61392
131 843 23409
22 213 54129
774 785 10050
36 701 33526
650 748 14036
16 338 24597
9 656 15000
86 380 22361
227 798 149405
588 672 33106
496 854 37014
346 647 45706
386 822 64661
388 583 32140
234 597 52086
581 628 36674
227 243 39205
409 684 47434
449 667 33838
767 801 17493
110 236 59641
457 788 13601
43 793 41012
26 485 55570
681 751 23431
83 90 30887
425 579 38328
179 538 46819
526 809 21541
347 472 30067
96 166 27586
318 320 13928
99 147 25632
183 828 12000
318 597 32280
172 656 44204
440 831 16279
209 688 29833
335 489 25962
584 766 20591
301 304 14318
104 794 32450
1 119 59682
201 844 27203
52 125 30594
234 470 42190
481 575 22023
657 792 31321
421 565 34015
143 510 63285
509 552 16155
200 663 43932
154 856 39205
134 359 27313
228 460 52773
435 602 22825
758 791 31064
485 795 40817
162 815 42012
656 660 34132
40 397 59841
75 275 31401
73 706 32558
517 588 52202
170 467 32062
171 343 29000
304 395 77337
376 685 17804
619 789 26401
114 308 22023
286 439 17117
46 839 43738
305 657 38288
30 467 15232
114 222 36125
142 431 36235
67 221 40853
406 817 19313
663 769 60539
93 606 44598
103 448 25179
486 546 114543
44 281 23409
262 797 42953
368 854 43417
260 671 32573
270 600 14866
538 748 23345
760 831 20100
492 786 48847
302 677 44407
55 383 34438
75 283 41869
508 777 38949
752 805 21378
11 265 68359
30 292 48301
415 478 28178
407 574 47011
669 806 27203
307 546 28231
237 249 56223
36 404 41231
19 464 40497
34 738 35847
124 624 49163
589 687 11402
54 274 41617
239 462 12649
140 363 19313
66 434 33242
294 439 43267
190 342 59908
193 584 12649
118 184 32558
293 453 19698
159 581 35903
301 791 30480
143 410 60415
345 694 26249
73 160 43600
4 615 46098
130 311 15033
158 616 148678
12 558 39395
513 819 15232
57 700 35355
559 767 23601
394 643 30083
512 588 21095
25 351 38471
147 675 23259
399 745 14213
164 260 42579
21 36 29411
139 838 35847
230 673 15524
112 218 41012
426 492 51400
187 415 30887
139 722 24698
133 702 27857
429 472 65803
393 428 35384
44 389 36770
262 523 49041
66 462 28320
587 833 18358
17 470 48662
304 791 37121
204 427 47011
78 663 59841
439 849 42190
93 208 19105
24 717 32280
160 699 21471
137 732 32062
389 652 38210
127 827 44553
365 735 21000
680 766 19723
287 308 38079
138 555 38949
186 441 41340
103 471 21260
27 449 53759
412 771 11705
751 797 57775
476 680 23022
200 248 31385
389 779 25239
461 851 43681
471 755 48374
219 603 17464
417 772 28302
261 797 40012
343 446 22804
638 673 28443
310 573 34409
155 721 75591
197 755 36249
323 479 62801
244 665 21954
16 451 38000
251 346 49041
84 538 68622
192 398 48384
428 625 36878
772 835 28460
128 843 39812
236 365 29833
469 573 116362
178 819 17493
407 583 35228
396 564 32202
495 696 37014
98 406 31906
400 537 45277
329 841 24021
256 350 45967
288 414 19209
762 855 32450
166 574 63253
322 355 15652
500 591 25942
400 458 31953
128 136 24000
116 725 27514
197 753 34482
10 373 58215
405 607 22204
525 582 57585
698 836 14213
650 774 24413
223 642 64195
16 242 42720
709 830 37054
43 672 54562
244 711 27313
164 626 37054
759 797 53226
282 548 26077
195 854 48270
653 802 37696
713 797 41773
248 663 45000
292 630 17000
350 366 16279
138 329 31780
313 542 48765
400 598 22136
619 655 19647
41 613 12806
334 428 39699
246 381 24739
442 812 41881
512 693 177685
311 700 31145
465 480 26926
50 422 28320
98 722 34670
88 629 29614
560 791 36892
245 351 52345
400 549 35847
197 696 29428
431 715 46872
28 551 33615
285 821 11314
252 531 40608
82 443 28460
372 734 13601
445 490 21840
3 811 24083
67 102 41881
329 627 55036
257 714 24739
221 743 62936
517 738 41195
382 809 40112
447 537 20616
159 720 41485
58 780 50567
49 846 24331
173 388 44777
468 739 14036
489 566 13928
123 472 39395
184 353 36770
228 714 39962
211 734 31953
629 770 40262
595 633 46174
534 553 30594
33 304 28862
191 367 42544
31 90 16763
30 170 39850
724 793 20025
103 856 37483
548 830 45706
461 674 14142
328 804 20881
195 616 28601
24 528 105043
205 567 48662
278 589 19416
594 737 46011
46 844 28792
295 645 26249
675 810 37947
81 223 55009
513 658 36878
161 576 42426
442 839 32650
704 795 69814
55 295 33015
151 297 58600
588 702 41110
243 310 26627
157 703 33838
143 265 18028
145 274 34015
107 511 34482
153 569 88865
44 267 72090
298 753 40224
194 509 14422
619 825 13342
570 710 13038
497 816 54589
590 643 30806
369 515 30000
488 540 11402
141 641 22000
280 495 49193
586 820 157267
448 736 25807
207 597 17692
234 498 36056
290 505 24739
265 691 55471
646 806 18601
577 783 80262
608 718 38013
561 763 32140
82 535 24698
386 387 60083
48 62 73573
602 840 26401
340 829 34655
385 502 10296
664 847 30265
440 667 12000
305 552 45398
178 845 11402
606 764 40050
124 382 40311
56 59 45607
450 554 26077
283 528 13416
184 492 40522
59 82 55570
111 390 15524
221 222 53160
40 434 11180
248 598 11000
89 306 51894
485 697 40025
557 615 30000
273 706 20881
507 762 11402
331 493 19416
110 842 40249
57 722 39850
191 485 44721
365 798 41110
70 741 72801
517 606 33287
321 815 23022
204 709 30463
661 772 22023
78 138 28636
291 736 28653
15 242 25080
230 638 33526
78 329 55009
197 218 23431
86 782 30364
193 766 15232
150 742 10770
426 834 30265
658 739 37443
584 703 31064
57 636 29428
425 602 66189
98 653 44272
544 833 45793
101 490 34438
630 775 38275
397 450 39446
21 242 28231
107 225 15652
34 133 43186
358 444 29069
406 653 28178
77 609 26000
319 642 74404
287 363 28425
814 842 17493
270 352 41761
442 651 32140
104 806 37014
178 704 30083
495 755 34785
357 608 28231
257 648 43841
370 835 16553
484 748 51245
31 430 90000
432 502 21840
140 563 43600
502 640 28000
277 688 10440
456 592 11045
239 727 26907
618 738 14422
423 684 40497
456 639 25179
481 742 102786
354 822 73437
383 413 23022
233 767 24083
497 627 46690
354 775 42953
332 704 28653
76 274 33287
227 310 35384
140 686 22204
56 82 57271
278 396 32696
335 494 42521
571 803 37855
38 223 25710
168 720 19698
90 119 19105
544 589 18974
554 836 61717
32 100 33422
22 394 38588
95 730 38471
94 782 41677
709 781 66940
116 694 21633
80 849 24207
93 623 21378
38 849 11000
163 761 21095
275 717 31385
511 550 30480
816 841 24042
739 795 66940
673 780 20100
35 626 43600
68 525 15556
604 831 36014
564 687 14318
343 417 39850
508 628 38079
276 425 23409
269 691 53413
262 299 40792
478 510 31890
72 400 71512
255 424 20809
79 717 12806
306 763 52431
561 639 12728
421 620 34540
358 657 31016
52 109 15297
61 153 62290
175 293 30364
171 417 37590
499 690 30676
430 525 60671
222 416 12649
147 284 58694
616 741 76420
82 806 43324
112 778 17464
133 476 42000
409 504 37014
261 759 25298
317 364 17692
799 818 25298
24 79 21024
321 427 41340
167 401 20616
477 554 70456
374 493 43566
233 317 32311
29 251 43932
244 278 26000
10 419 59076
472 520 41195
644 678 29682
256 455 72125
504 633 21024
716 823 18028
32 422 14765
53 98 34366
300 723 12042
208 804 42297
335 546 39205
276 312 31401
278 432 31305
114 543 41231
421 744 28018
473 731 24839
520 817 25962
382 431 55731
50 349 18439
590 842 29682
315 571 26077
50 526 39051
238 639 17804
485 739 67357
727 828 28636
443 728 31385
85 465 40200
389 805 39459
280 696 47434
314 811 35228
108 809 12083
435 840 15811
372 804 55036
117 622 33287
28 445 48094
156 848 34713
665 711 16125
409 423 38601
93 572 22361
64 835 50537
385 711 10440
323 463 43863
290 595 10198
5 741 127264
116 163 26173
234 801 41340
411 789 41785
481 649 34713
210 494 58856
403 464 43566
335 569 55027
6 37 17263
609 751 45177
35 560 47096
212 279 42720
676 823 28862
474 721 27803
343 772 30414
226 776 21840
148 680 27313
111 654 24187
621 834 21541
375 578 19925
513 739 41785
191 643 30676
187 341 28160
28 391 33015
54 773 46530
462 558 55570
28 783 46325
481 712 48836
26 336 38328
397 437 39812
361 570 24839
122 854 26306
54 850 23000
18 568 39051
584 644 14142
39 700 25239
346 500 59203
218 812 55785
207 318 44102
527 698 74813
47 398 17804
298 856 31623
61 576 32202
47 128 47011
59 288 25000
719 835 75584
217 678 36139
573 634 181604
250 309 55902
326 794 39812
84 656 23087
211 372 22672
253 798 40719
636 726 18358
75 833 22361
153 180 58694
149 666 37336
279 851 34015
652 805 22825
157 804 10817
253 365 11662
237 541 55082
205 224 34886
18 425 52555
95 452 29682
302 437 28320
392 701 21954
527 595 61984
808 856 35355
148 766 22472
418 719 31401
45 250 72111
96 574 67082
154 753 42485
132 431 39598
307 323 56223
357 645 41617
641 791 29428
30 805 37696
325 844 29000
119 423 60141
590 814 16031
77 803 43417
149 363 60836
241 782 58000
34 618 39459
484 514 32757
97 144 16031
745 752 25060
346 503 37802
144 855 43932
95 693 91411
14 88 58258
531 567 50010
574 583 63789
92 776 46400
36 333 49041
18 524 21260
22 627 39115
194 552 14318
37 202 39812
28 672 34525
269 529 48703
157 584 21213
95 185 58310
419 694 24839
196 634 35440
356 550 20100
158 611 63891
157 328 16279
73 773 35511
270 768 40025
189 599 18682
270 353 37108
434 677 42202
391 493 33377
560 671 40497
692 855 56851
336 448 56436
202 830 24839
505 836 18682
657 729 36249
173 789 42048
292 757 27459
470 594 13892
441 831 17117
256 366 39395
514 748 34540
312 591 39217
185 730 26833
540 799 55714
295 457 36222
7 541 39825
355 761 32202
55 413 16125
303 613 13601
322 725 43463
433 549 17889
205 689 28844
159 357 61074
729 851 32894
300 334 27586
366 642 47170
34 680 42059
375 563 13038
360 686 48270
378 396 23770
123 330 24331
367 497 40804
17 559 52839
3 768 45607
149 800 47508
271 508 25495
616 632 31890
812 850 32650
420 644 32062
796 843 34366
517 618 33956
80 111 25612
229 676 13342
88 354 79057
116 345 29069
206 611 29698
626 779 10050
124 300 34986
266 634 45891
794 806 21471
30 757 53000
210 534 11180
69 794 12369
189 351 32650
528 682 43417
417 661 33526
457 586 16279
122 366 47508
401 838 29833
352 519 29206
160 774 33242
270 519 34482
390 654 17088
77 481 57009
56 669 12207
441 716 46228
106 340 38079
494 666 34000
424 530 18439
614 719 49010
313 352 26476
235 513 21095
160 818 25632
276 579 23431
778 853 16763
558 622 34928
143 269 10050
459 567 61033
196 469 30463
705 790 45541
279 541 14142
422 648 18000
79 150 29833
527 684 15620
402 615 19416
475 620 46615
552 834 37736
247 798 124064
6 58 21471
72 430 89320
186 290 29428
743 843 15811
78 400 35057
181 547 107564
81 439 29120
281 389 27203
620 744 30364
297 398 33015
142 371 31623
224 531 36797
37 780 41593
369 642 66272
331 617 13342
808 816 19647
44 596 56036
20 690 25710
102 518 40200
68 83 49396
378 564 52802
515 746 18028
599 745 53235
218 337 62370
475 744 37108
146 591 41629
25 189 32527
138 841 31953
216 788 21633
11 691 59397
343 835 38275
397 554 62642
65 602 78772
208 623 18385
177 621 18385
242 784 32202
118 539 29614
329 816 39205
187 190 27785
706 774 41617
539 600 19723
224 252 22204
147 169 29069
316 614 44283
73 273 16492
82 728 21095
149 287 55000
472 764 45343
447 670 34000
306 491 36139
254 570 25060
177 426 34785
110 247 15524
487 750 21587
84 578 19105
97 750 34132
438 789 18601
324 484 38588
184 600 31241
428 715 42107
56 806 30017
413 460 16401
121 159 35847
59 309 42720
224 567 29411
388 407 17263
339 710 22847
301 758 23409
338 451 19416
286 342 45967
144 692 45011
464 521 26077
528 547 27659
55 357 45880
289 720 38949
308 494 31000
528 687 23324
575 712 50695
51 844 40497
141 324 11402
234 594 38484
404 480 59933
46 629 19416
419 847 38949
99 359 29017
307 479 16155
14 605 40012
705 708 36249
68 582 43932
66 677 24166
199 820 81302
353 787 78447
152 799 16279
283 589 18385
299 339 29069
660 662 11402
108 382 45706
3 856 49406
52 845 36056
291 808 34409
311 443 54332
11 69 60877
367 601 23854
153 546 141152
121 357 55758
364 597 48301
105 832 21932
26 601 25632
520 653 32450
263 608 38013
240 818 54562
5 403 35000
221 705 47011
247 697 44944
448 602 29682
39 57 41629
39 734 28460
353 537 29017
80 322 21954
614 661 65924
120 727 29120
26 658 63977
126 759 14560
265 269 22627
277 419 17117
279 461 51313
540 848 13892
135 605 20100
476 793 16031
284 659 28178
41 408 35000
134 147 28160
13 322 22091
535 806 28862
71 171 24187
42 95 55227
212 541 38013
27 136 56294
523 803 29155
85 480 32202
792 823 46043
375 536 15297
265 390 22023
155 474 75822
362 655 36125
260 749 18439
502 747 28601
468 704 15811
449 473 22361
164 635 37643
233 801 27019
697 740 30480
231 359 27731
84 179 53712
661 822 71449
162 427 49010
449 731 26019
379 689 13928
429 764 31016
180 333 24698
333 404 45222
2 773 16553
395 411 24207
334 723 19698
342 390 26019
629 775 67365
266 532 13416
51 280 30806
414 719 20616
43 617 21024
592 807 19105
650 785 19416
220 692 26249
55 645 12042
504 585 25495
193 680 33242
202 230 16492
121 289 31765
541 593 30463
11 761 42579
559 587 10770
264 547 138827
215 720 39623
292 641 47634
4 147 75133
362 603 17263
462 828 35440
205 252 38471
158 649 18111
61 246 35805
219 749 22361
40 302 22136
60 176 10817
518 540 10770
271 356 32573
64 250 43174
313 519 29120
319 725 38626
313 337 14422
71 591 55227
332 754 39357
127 465 27019
74 320 11402
435 755 41231
228 747 31064
399 752 13038
205 259 20248
133 680 47011
501 728 30594
167 220 34205
337 753 45541
268 469 49041
85 166 72918
371 393 10630
64 370 42426
303 420 35114
241 380 61984
197 280 59464
214 276 27514
249 541 21932
560 758 18000
104 599 40000
659 810 51788
177 834 15297
86 454 36497
14 135 42485
106 284 34409
484 538 53600
241 294 66940
28 43 42579
703 766 29000
229 823 31575
7 192 16492
408 771 18028
205 484 54562
509 674 18385
10 847 54120
708 790 14422
64 251 73539
188 267 49244
329 663 73410
350 369 26683
43 588 55326
703 804 31401
132 655 37216
416 543 15133
423 527 45122
592 744 34655
275 682 38601
267 393 38601
247 842 40112
266 499 27459
9 156 23854
151 657 29967
558 828 58310
547 742 141354
232 317 27203
296 740 36249
33 301 22804
103 736 26000
22 643 41976
460 714 39825
178 468 30610
730 750 38897
638 830 42953
264 586 28636
67 662 40804
261 482 57428
228 405 55543
115 330 43324
233 498 23601
275 587 42012
83 119 15264
49 421 51420
163 725 27893
510 692 31828
319 515 27785
34 148 26476
469 634 65788
284 678 52345
463 483 18028
306 500 16401
47 488 47802
85 127 28320
355 725 45277
92 417 42544
309 412 40497
315 751 34886
376 493 45277
764 852 25710
268 754 40311
126 256 58181
374 810 21260
137 529 47074
20 499 41881
223 319 58523
523 594 49649
330 852 31890
640 711 32202
378 607 39217
178 421 32757
231 709 55902
505 698 10817
88 775 70831
266 815 28792
179 304 98671
63 101 10770
106 678 46690
441 477 50249
64 719 46573
531 770 29069
166 356 61131
426 585 30017
1 409 27074
118 621 11314
3 433 35468
162 321 26926
198 459 52402
237 240 55946
344 382 35228
77 150 42059
26 191 30463
282 427 45804
339 797 17493
207 267 45277
327 663 32062
472 852 37108
1 62 63820
466 854 58523
492 621 28460
203 320 31385
198 506 13000
128 677 56321
448 471 21954
632 782 31000
194 461 11402
455 575 41183
813 824 32757
45 251 11662
148 703 12000
42 653 37202
514 706 55946
261 350 51865
205 514 54571
19 241 74706
495 568 18028
476 724 25807
49 332 19723
96 583 20224
268 565 26907
270 314 36892
291 367 34132
120 183 22361
16 381 18028
519 542 51245
663 813 60166
211 330 27019
756 802 21633
17 129 29000
200 598 27459
67 848 23345
292 545 46098
94 632 37363
398 731 18028
174 334 28320
182 509 10050
361 610 15811
786 787 11402
651 812 33242
553 800 34059
463 566 12042
255 530 16031
158 455 41231
435 471 17889
207 428 10198
429 517 32650
76 182 26476
141 791 39623
360 407 27295
402 821 25318
455 712 35468
570 610 21378
407 686 50488
150 803 41012
281 596 46648
659 724 14142
70 521 20224
124 233 43081
172 538 45804
655 825 17889
246 534 16125
27 760 38601
585 657 56921
39 328 57079
186 823 29275
104 165 34525
163 355 40200
53 330 36014
240 773 31048
79 803 31113
179 272 17029
113 795 19209
530 776 49649
275 733 23195
326 646 21260
348 382 33541
567 770 50912
55 457 50931
89 807 22672
228 396 38897
159 777 36235
200 430 37363
193 284 59034
432 747 17464
4 340 10770
96 258 26401
62 119 25239
635 749 22361
413 612 49930
12 677 35128
124 232 26683
214 579 14213
317 625 30150
456 744 29069
101 445 25710
377 847 11180
23 613 46065
93 764 36401
67 156 40025
223 849 25495
84 695 25632
459 706 34015
371 428 38013
231 763 28425
665 833 33106
511 789 28178
48 426 46043
556 825 10817
512 672 18358
49 754 33287
254 299 19105
750 855 59093
296 310 36346
488 518 17720
35 671 23022
394 814 39459
312 530 13416
411 580 61717
302 434 16279
563 695 16155
403 762 28636
261 713 51225
170 837 30414
388 580 13038
20 532 44944
387 822 34886
137 410 29411
574 686 13892
297 444 65000
306 561 40050
136 449 29275
373 761 39395
125 425 55362
428 597 25080
196 532 50695
211 722 24083
748 785 25456
162 282 84095
18 631 47381
582 824 161059
100 257 22472
63 445 21378
465 784 22804
499 532 18601
535 728 24187
608 628 28443
363 705 48083
402 557 17804
96 789 36892
91 504 23195
154 352 23324
109 579 22847
98 139 32985
535 646 13601
204 321 57940
447 811 28460
89 592 28160
50 608 45222
444 593 19647
480 826 53460
36 784 36892
345 725 21401
487 730 45967
433 670 12649
222 796 24413
151 792 22204
321 781 33015
15 36 25318
140 574 30364
398 668 37014
139 401 25080
201 524 60374
486 727 26907
324 379 45804
147 340 74947
409 585 35384
537 670 26401
73 818 36688
105 780 41437
272 388 19235
508 581 12369
517 702 46098
216 820 106400
595 698 35057
41 311 51865
395 707 41761
302 397 41629
433 811 25020
4 45 22472
720 777 24042
155 423 46519
565 620 25456
209 361 50359
80 654 41195
668 799 56639
203 254 33526
528 589 21954
71 446 19849
512 517 72180
242 451 39000
426 657 56294
551 672 19235
364 625 19235
297 358 69354
222 543 17804
290 633 48374
11 25 37162
176 727 11180
225 526 60836
488 668 54424
263 718 18439
416 622 23195
516 810 37590
370 446 49041
100 349 37483
757 837 14765
164 267 37443
438 550 39962
149 210 25495
113 485 38588
80 355 26173
320 361 34000
38 80 19416
158 742 152237
436 850 29732
286 294 34713
443 732 49092
199 289 27586
15 21 13038
542 850 15811
633 684 58600
91 585 39446
167 838 36125
363 708 36359
37 282 19105
89 146 43841
297 449 35355
279 593 28425
33 707 46239
341 415 27295
467 805 41000
469 754 48104
146 500 47707
40 765 33015
58 105 27459
56 719 33000
722 734 44822
445 783 29411
16 576 39825
315 803 39357
243 573 13153
238 561 20616
203 597 35341
51 853 13038
336 736 51313
184 270 36401
123 817 32757
231 491 38013
369 746 23000
127 574 86649
11 373 38949
130 410 55579
334 625 18974
217 829 14866
5 185 67742
125 235 18358
451 827 19313
720 826 19925
27 677 20025
250 285 26000
271 628 41231
413 714 46487
756 838 33615
545 791 34409
259 689 13038
32 349 25612
20 196 35355
279 729 25000
168 289 35735
239 434 22472
17 767 48260
60 486 16125
285 309 47127
58 577 38471
500 647 44045
198 567 57245
562 699 18788
44 245 24597
31 62 22023
36 392 22847
300 317 37577
203 318 24021
360 563 33015
296 332 57009
193 678 31575
124 344 20100
92 201 19416
385 640 24698
468 513 40012
208 330 47011
316 418 38949
65 336 40012
201 495 62073
612 714 31906
158 466 59363
676 716 19698
170 757 40608
175 238 34713
515 688 53759
134 675 25456
2 459 30067
3 314 38588
46 770 43932
91 633 32558
70 403 42107
89 639 11180
96 173 21095
610 710 20518
338 553 15033
311 771 40000
683 741 33971
643 814 38601
192 444 12000
551 783 26683
520 693 37802
412 821 28018
226 524 14000
40 176 35735
148 572 28460
391 685 30017
627 735 40000
135 661 20025
800 827 17029
474 582 14866
441 450 53451
564 607 81253
297 604 34886
451 465 50220
545 641 34205
3 154 53759
37 548 20616
27 437 25000
19 294 19026
386 745 32249
87 327 11705
219 260 25298
623 804 37000
198 637 29120
523 797 70456
49 704 34438
105 685 32450
51 197 61033
304 411 81835
12 131 15000
753 856 43566
107 263 33121
399 596 28636
343 370 40311
9 562 38079
305 851 27166
271 550 34482
65 235 27857
319 345 33015
262 339 32450
97 838 40311
340 615 42579
498 801 17000
493 617 18358
26 367 31016
336 602 65069
220 636 16492
88 325 27459
152 562 28460
250 288 26926
382 723 35355
68 90 57009
4 346 63325
206 368 22627
429 693 83187
190 294 13601
652 752 15033
363 536 47202
578 695 27857
226 530 39446
156 662 28302
312 424 20000
32 50 28636
565 846 23087
168 199 33106
50 108 28018
453 561 21024
770 839 17000
384 681 36056
180 392 14866
775 837 22672
113 697 12530
216 457 34713
269 501 49041
172 562 35228
77 742 50804
603 671 46755
325 605 24187
315 523 33838
85 508 60836
173 411 17263
129 733 21024
324 538 77162
206 854 46615
241 496 63655
751 759 39051
266 709 69065
480 777 57871
92 605 50488
82 309 26249
114 287 30480
489 494 22136
122 496 41400
14 661 53759
691 794 49244
130 137 41231
490 832 10050
41 303 18248
314 768 13601
602 631 24698
462 727 23409
328 644 23087
9 662 28284
481 609 34205
361 713 29833
234 254 19647
478 855 37121
110 253 73980
480 784 33242
359 638 33287
87 769 47074
47 136 31780
476 659 37336
17 587 52498
174 723 29017
342 849 28636
74 188 61741
29 503 17720
449 604 41437
470 767 35903
8 382 48836
24 547 124310
61 569 31828
362 707 11402
248 400 27659
403 507 23022
258 356 59506
171 776 36797
109 214 30067
536 563 18868
572 703 27166
646 794 26249
77 571 13038
526 556 53413
611 616 84812
335 566 30594
401 636 32388
452 802 19799
352 768 21024
155 698 101119
161 701 16279
93 115 24207
49 565 32202
201 280 30806
512 551 33838
518 848 11180
238 293 32140
139 636 36056
183 622 52498
179 580 19235
215 333 32894
410 692 34176
304 324 49254
223 439 41110
384 751 40853
264 405 28460
453 763 14318
113 296 27893
71 530 57585
315 797 69462
155 836 115104
32 648 17029
109 125 34205
45 64 72719
71 776 49729
8 100 28284
338 800 35468
380 454 16492
496 642 23324
8 640 26173
280 844 41000
560 626 38275
632 683 11180
23 829 23022
163 377 22847
575 649 13416
262 594 14142
210 335 46043
683 782 27857
62 90 12166
737 803 33106
379 630 30463
331 391 32202
22 236 32016
601 736 47508
596 599 45607
515 694 49649
537 787 76236
700 726 34482
615 829 36715
396 747 45011
227 247 25962
165 669 19235
402 408 45453
516 780 31780
187 510 34713
39 311 48466
483 494 25495
110 394 53075
233 624 48836
227 740 32202
622 828 57306
31 68 54708
397 765 86470
523 737 17029
37 230 42438
244 432 14142
511 825 37216
202 638 38210
622 796 28320
384 759 19849
86 521 54342
57 726 19105
172 785 26926
590 697 37014
390 510 68154
105 490 15811
7 444 17889
524 568 34655
8 349 31064
366 496 56080
213 497 22361
389 626 32558
754 846 24739
329 497 39408
172 699 42544
297 731 26019
452 730 19313
238 453 17804
734 804 54918
187 478 17205
105 391 30463
184 539 30806
63 783 38419
305 426 34482
351 596 32202
58 490 33526
728 732 57000
168 215 32894
74 361 37656
606 618 11180
28 617 28018
15 784 24739
555 816 29155
6 282 11705
283 682 33242
120 479 84593
296 754 81786
132 603 18385
214 807 33615
24 150 22091
293 763 14866
636 692 36674
115 852 22361
387 614 44385
69 599 47096
663 824 70036
468 819 37162
387 745 62370
844 853 36139
291 601 41231
191 213 30083
483 489 12649
555 808 23409
219 431 41195
371 635 27203
736 808 42297
455 649 42755
165 719 30529
464 507 48374
2 436 12083
482 688 60415
293 475 34000
14 354 59397
198 442 29530
293 709 45695
94 195 11180
477 836 33541
381 553 21541
117 533 12369
13 725 38328
123 852 25000
117 463 18439
100 640 38013
12 66 18385
20 469 37121
100 502 46615
637 839 27893
348 431 45177
132 556 47539
451 800 29411
437 677 36797
175 744 30414
642 746 72090
124 640 35847
31 786 31048
753 755 52202
311 732 24698
592 845 46400
164 779 39850
374 376 16492
2 506 28443
348 809 15620
699 818 35440
48 409 16031
162 634 68964
95 653 41400
287 790 22847
106 217 23022
531 629 30529
198 651 18028
317 334 39000
337 352 19105
563 686 32249
53 211 29069
295 788 27731
419 664 15524
153 161 19925
267 318 68593
344 640 22825
238 456 22023
97 167 12806
210 666 46519
123 347 15232
399 652 21260
363 800 51923
181 405 15524
503 647 21213
42 693 36688
94 241 61294
717 733 13601
121 645 23345
142 715 36715
67 518 19647
161 180 42190
557 829 18111
99 134 12649
218 313 62177
190 286 31623
612 648 14142
516 638 24839
274 509 23409
97 855 48877
5 762 49649
174 715 12369
29 522 31623
274 674 15811
516 673 14213
383 586 42720
126 455 55218
482 713 30232
273 459 22825
383 405 22204
212 274 28844
34 572 14036
3 555 26926
376 780 44911
256 466 62626
51 778 18788
420 678 15652
42 520 13000
266 781 13601
146 276 25710
78 248 28601
264 383 30414
572 623 19416
23 408 51352
9 660 29155
185 487 44911
383 460 17692
454 521 24759
31 525 63285
103 808 43186
106 147 63348
53 123 39408
146 214 15033
596 745 28601
309 443 24839
757 775 24083
57 139 26571
631 840 24187
10 245 21095
418 614 30000
128 743 31064
112 839 23195
459 506 43600
212 249 32894
152 540 49163
44 188 48703
170 386 41012
259 630 26077
151 229 43566
165 316 42485
440 760 12042
296 573 60539
89 214 34000
33 671 31241
410 726 53759
327 735 44204
620 690 25612
499 709 68352
169 346 23409
181 607 14142
213 643 43863
166 258 10296
567 637 46872
614 822 34482
59 250 41231
84 172 56436
431 526 50448
46 853 20616
780 810 47297
667 760 22472
252 630 43290
514 567 75802
532 634 44294
92 524 58549
430 458 36235
1 423 16401
125 819 30529
145 249 35000
7 593 13342
50 809 34482
502 711 19105
543 622 24187
182 539 19000
373 377 25318
209 419 34205
536 679 23022
187 390 74953
125 513 20100
386 752 40447
246 569 44553
617 793 36715
483 533 16125
290 823 42202
558 796 19849
294 341 11402
162 577 99035
232 300 25298
5 487 49820
225 556 27203
126 350 60745
99 169 29732
357 628 35355
283 544 27313
539 552 28653
400 670 44688
60 765 13038
336 601 23022
118 552 20396
45 615 59093
212 461 33615
78 549 12166
289 295 37483
244 502 24352
491 763 52240
153 576 38275
146 306 55362
660 679 16000
199 216 26401
220 169
397 338
209 387
387 731
700 942
212 869
395 228
836 392
531 236
657 581
626 668
484 75
718 709
463 547
758 140
697 115
909 526
299 561
701 836
106 710
759 127
77 444
428 785
973 538
611 634
143 507
429 71
305 913
344 667
556 496
166 235
835 346
645 402
405 904
678 445
783 144
215 852
704 734
510 842
464 21
479 814
529 988
347 906
644 538
379 710
401 477
428 155
246 183
114 644
807 352
369 470
204 629
531 921
358 330
890 282
519 660
548 859
231 879
483 688
504 1
702 71
183 221
236 914
441 672
179 557
471 62
502 184
114 218
567 653
742 904
349 615
177 256
434 304
746 580
931 471
306 334
951 597
154 358
952 537
685 730
754 789
531 716
156 192
565 252
742 222
798 872
89 389
426 502
233 658
171 219
307 171
373 539
439 915
828 807
584 983
669 291
612 899
565 916
296 756
856 372
232 904
479 149
232 464
546 638
258 874
382 778
758 308
808 380
219 626
18 513
665 746
370 437
62 555
582 142
454 934
704 645
572 55
276 279
169 200
528 13
877 251
846 732
499 944
837 441
198 599
870 664
721 203
465 126
930 546
543 798
493 87
717 388
362 908
292 768
425 566
441 126
581 782
166 384
557 884
630 202
571 401
722 444
627 753
611 883
358 307
264 627
320 765
410 878
649 129
971 560
340 182
469 242
764 77
262 396
190 114
511 223
441 850
955 706
844 237
469 278
770 96
125 829
686 664
689 478
512 644
688 271
602 891
851 189
318 736
518 508
361 594
516 280
658 309
766 459
194 706
498 10
261 254
157 624
587 301
806 118
954 314
301 308
538 33
252 301
642 977
320 104
667 823
690 554
588 611
691 809
115 495
399 212
408 843
310 286
839 805
81 735
311 451
392 379
881 203
104 325
369 520
223 813
782 559
193 785
494 406
893 776
755 514
452 901
733 593
654 104
512 899
348 290
126 467
249 628
840 158
902 219
405 777
329 436
704 412
593 858
540 169
555 118
729 740
463 422
751 322
315 561
7 553
917 361
347 139
239 817
255 732
831 467
853 481
819 530
189 583
52 464
423 244
220 683
480 39
396 293
767 801
733 138
11 592
906 418
655 560
673 92
14 528
131 341
379 279
451 714
373 700
476 440
35 441
814 549
294 579
846 717
877 364
693 280
505 423
696 436
842 642
852 560
787 292
948 283
633 736
136 760
710 509
115 690
617 752
262 336
778 265
598 288
438 320
324 306
926 502
258 602
723 612
932 418
360 249
351 495
622 530
201 865
958 439
362 806
461 738
709 783
605 162
458 688
862 223
291 99
183 460
534 453
223 715
702 817
889 249
69 582
387 147
248 457
812 568
807 459
623 408
443 28
461 817
617 395
302 238
280 680
606 38
596 125
506 724
33 577
528 797
289 607
300 381
242 367
912 594
531 606
823 493
758 558
749 685
753 571
139 806
696 711
550 33
568 390
411 525
572 704
93 400
453 839
153 413
495 920
315 900
104 627
829 127
787 478
628 66
180 517
288 389
686 137
834 587
391 741
695 826
676 751
382 614
835 421
730 658
326 714
485 950
785 395
819 366
813 685
617 596
274 376
226 327
505 505
682 704
747 255
847 298
358 210
267 757
596 261
783 587
697 378
623 184
810 505
45 435
810 701
154 478
877 792
787 679
411 642
740 470
497 882
652 639
312 838
582 227
296 842
677 643
939 365
531 417
778 862
679 116
800 425
921 297
881 663
878 419
547 537
528 594
617 291
630 504
650 750
286 886
792 123
733 478
57 477
676 345
945 388
405 11
414 166
586 544
152 323
582 886
444 750
700 907
815 170
939 310
538 933
620 274
479 779
247 167
598 806
661 326
492 762
898 296
470 673
682 850
551 106
394 576
505 635
706 614
428 805
164 656
828 333
210 156
277 591
250 580
272 221
174 828
757 504
420 961
94 289
745 416
904 404
182 364
459 31
256 494
386 343
422 47
711 296
726 781
384 91
355 82
378 405
522 743
387 212
257 910
364 628
216 336
229 489
412 122
371 31
697 153
600 958
231 697
762 866
915 696
206 666
925 245
122 312
427 340
908 309
317 277
492 43
590 51
723 870
738 182
905 738
550 510
138 600
69 707
861 534
248 478
483 980
432 132
133 164
189 715
362 866
305 87
657 837
612 23
761 196
950 654
785 635
591 69
535 370
95 535
520 3
651 933
466 184
603 73
263 889
289 715
241 262
319 881
596 94
307 517
813 757
130 445
839 500
141 733
290 667
579 721
883 410
349 684
284 168
285 75
392 366
681 894
797 248
302 298
633 816
725 298
320 963
178 601
507 353
763 661
265 804
391 976
483 189
292 353
524 976
745 884
354 637
901 562
315 547
103 229
777 377
220 112
970 433
571 736
295 595
436 447
130 748
575 67
665 106
552 703
585 212
197 328
543 317
282 308
473 193
370 259
343 358
566 104
933 428
580 456
632 27
991 415
199 839
166 356
745 275
292 944
296 283
671 136
345 29
195 410
735 344
433 764
520 91
883 480
631 448
240 678
496 251
595 228
971 407
133 670
598 60
446 398
290 523
680 48
802 571
938 596
419 905
13 605
639 231
951 676
728 90
197 897
563 233
240 617
606 298
809 245
123 175
649 294
420 847
273 191
936 257
893 476
341 961
951 422
79 515
302 644
205 655
382 231
854 546
281 101
598 570
767 527
131 330
570 606
272 325
167 498
245 514
700 395
371 116
423 546
409 948
952 328
821 309
941 621
798 592
914 755
856 323
469 806
487 611
433 734
862 822
328 897
399 943
716 332
151 688
268 271
554 83
435 894
886 445
793 496
652 480
98 411
816 281
420 473
519 445
266 527
838 843
285 147
91 769
718 454
577 854
400 407
249 785
231 669
855 410
571 423
793 745
86 485
430 837
881 274
556 690
334 669
846 333
957 688
506 322
375 373
602 530
551 958
644 734
721 351
543 245
327 209
170 565
349 831
546 211
426 586
535 208
95 368
702 629
895 437
612 124
384 103
415 203
529 653
186 352
665 426
311 947
254 813
319 291
310 786
344 126
449 72
414 812
562 211
385 867
911 643
949 471
833 853
232 122
285 856
627 224
958 413
726 622
518 422
131 704
584 710
610 838
494 999
722 633
589 243
306 480
56 544
279 66
479 259
531 828
773 112
372 934
422 878
129 613
577 198
458 326
688 385
592 165
205 757
813 578
881 429
902 663
802 610
883 340
754 462
326 118
942 529
783 310
486 660
833 197
155 181
536 897
795 460
347 845
713 671
561 845
500 21
549 727
360 224
618 965
413 148
549 784
929 525
501 869
66 435
208 474
900 545
387 935
139 586
36 567
810 878
981 556
496 124
180 679
575 553
764 679
900 387
520 321
714 432
630 928
896 625
587 531
281 434
86 662
296 484
604 932
511 468
631 430
866 650
392 82
668 675
672 901
237 710
449 950
491 2
402 857
869 499
253 375
43 399
410 434
496 773
409 600
404 323
492 302
487 466
336 567
816 214
377 453
651 490
252 833
140 773
807 843
266 938
752 164
502 303
196 243
203 252
914 237
700 311
584 153
600 428
318 179
346 865
564 665
74 570
535 104
843 602
18 404
453 245
673 170
854 508
586 944
930 559
447 859
591 510
545 675
218 641
203 432
797 385
298 822
207 363
343 382
79 310
63 516
126 787
184 437
531 951
445 269
172 615
838 134
469 746
497 578
316 133
47 317
729 335
814 203
690 171
526 33
415 766
207 794
372 80
273 890
909 467
276 251
418 627
290 57
504 481
575 915
393 434
269 503
177 414
54 531
501 109
391 504
168 627
110 668
672 633
485 200
704 745
358 353
329 235
474 944
382 469
850 758
654 874
238 427
