816 2172 23 102
397 580 26173
257 420 45177
143 219 13892
63 177 73824
117 333 42297
287 630 18248
95 461 28000
103 727 38328
397 490 38626
443 504 24187
509 527 48549
417 430 44721
4 74 23087
240 632 34713
336 753 44418
423 514 36235
418 481 37590
255 775 27659
157 620 12042
596 600 29547
437 635 31953
405 542 43186
132 554 61400
2 363 35384
272 313 32202
385 579 29017
165 504 15133
117 219 42012
288 333 28425
156 800 25554
56 478 46872
466 611 16279
86 466 49204
581 675 21633
526 653 43417
601 743 35228
246 449 46011
206 480 65521
302 605 37216
32 567 20591
391 692 53413
154 294 29000
542 705 64405
118 428 34986
487 517 45651
36 59 31064
63 218 34059
241 548 15000
298 602 30150
490 788 49649
75 688 26000
8 517 78435
233 455 38588
374 516 38471
7 698 14036
359 415 44045
287 713 26627
205 212 17205
370 807 30610
87 600 49769
263 529 34366
122 713 22804
190 448 36401
714 742 47434
72 474 39661
322 595 45177
316 526 27514
361 471 23087
442 668 26926
377 424 25942
567 812 61131
154 529 39459
114 450 62290
451 757 51614
248 668 15524
683 785 18868
124 622 19416
344 431 78447
12 769 45000
9 478 37802
208 533 14866
327 346 18248
524 732 26000
593 598 12166
282 644 17692
126 507 14866
541 627 42942
594 665 13000
214 391 23087
420 551 36125
319 562 11402
142 372 37656
297 401 20591
258 435 37000
237 671 26926
108 430 18439
368 394 41000
227 688 34670
205 729 57689
68 204 27659
172 801 75472
14 666 31401
347 687 26249
276 462 32388
78 525 50010
548 577 41617
182 800 27295
152 338 21932
583 771 64498
110 728 28320
185 777 51971
542 631 34059
10 374 40025
457 655 19925
108 683 55027
203 268 22561
86 272 40012
255 432 37736
256 265 71868
29 333 25942
459 798 16031
52 416 39699
120 488 35847
110 294 34928
190 538 45122
151 799 44654
355 745 50329
237 442 36222
196 730 17493
18 598 17029
547 584 25239
148 714 38000
383 568 23022
345 793 27019
189 256 29120
49 133 45343
52 145 41110
335 477 16553
487 501 26926
92 376 37162
51 196 24042
402 698 19235
31 172 44283
105 612 54489
580 601 14213
440 752 68942
578 756 26249
13 625 25495
402 443 39812
615 713 17464
91 214 46872
423 574 50448
270 793 48083
581 679 36056
74 485 32894
571 722 51884
248 774 41881
794 801 50329
344 358 31016
465 474 14318
616 771 26306
310 620 18385
475 604 19313
252 461 34713
354 701 38328
649 790 28443
509 609 46325
322 639 77666
332 362 37000
224 477 14036
351 621 19000
397 797 40706
34 242 20248
609 664 24042
185 321 60133
560 734 71512
561 573 52479
610 627 54818
337 354 28160
113 347 18601
283 587 17205
442 814 68015
142 240 25239
412 707 14318
245 732 33242
91 692 34132
377 793 21190
16 115 47634
633 789 20000
475 617 18028
391 502 24083
291 298 36497
215 519 27074
602 637 20616
133 734 65069
215 410 37000
432 766 30594
69 194 13038
5 42 27857
139 387 22136
343 600 56009
26 531 38639
65 67 30364
266 363 34785
245 451 57201
224 335 15652
353 505 33615
12 535 90028
495 758 37216
177 204 32140
401 712 62241
22 476 49041
709 806 38079
328 399 21213
176 522 49163
155 412 28160
592 621 24042
473 776 32757
62 452 33302
525 693 45177
390 507 19000
211 509 30150
271 424 26077
413 563 35468
185 553 57428
316 483 46487
158 248 63032
52 758 24083
207 700 24187
487 520 35735
122 615 22204
232 640 10050
351 592 17117
345 467 47381
516 782 43081
88 367 51478
549 642 18682
341 584 21471
207 472 17000
27 369 18385
397 814 51923
78 307 33971
47 692 20809
113 697 16000
182 277 44283
492 764 42802
511 521 33106
86 92 31016
145 738 34015
188 355 41400
101 652 55027
262 388 23345
357 636 25000
501 520 49477
115 591 46872
257 273 33541
210 279 47802
85 748 59841
418 709 62370
319 786 52038
191 298 47539
533 693 34713
338 438 23409
594 801 43290
536 764 17029
185 235 53814
344 380 34482
10 454 54009
66 728 25000
200 503 22472
305 592 54009
124 695 61555
374 703 26306
233 764 32757
343 487 33242
45 646 52240
431 638 35228
558 780 39217
508 772 35341
740 748 15524
297 591 63953
55 358 62482
336 395 23345
1 150 21213
325 655 32280
81 792 25298
105 661 35341
510 702 33838
187 491 19698
727 745 39051
122 518 21260
237 814 51245
736 743 57306
427 667 47096
353 514 31016
386 576 36056
82 267 28018
230 428 46043
4 116 30594
147 657 44204
389 654 62129
187 541 18248
284 347 57009
394 641 28160
531 746 32202
317 368 33106
11 394 36359
266 799 43463
161 395 27203
173 532 28425
618 682 11314
171 718 25020
21 505 15811
400 447 10050
82 361 29732
480 679 20000
311 359 37216
443 795 20396
127 506 34176
528 688 43829
527 649 36688
69 722 103078
7 402 24759
221 639 24207
609 636 15264
535 772 96607
360 521 18028
178 799 17464
295 542 57940
417 748 25554
288 508 39623
272 408 25060
439 448 38275
101 267 36056
570 617 64661
72 688 39962
315 539 29614
519 627 53310
227 640 18358
410 503 28636
192 469 62769
100 203 47634
262 537 75133
18 747 57697
556 621 40608
90 251 26907
1 244 23431
5 265 33242
201 373 34928
459 658 35440
95 287 34886
503 569 14866
250 667 27893
313 674 29530
685 755 44553
45 60 40460
422 454 25000
363 799 28862
79 210 39560
22 586 29732
13 144 23087
91 190 17692
326 475 15652
108 134 31064
166 729 57689
137 558 34059
155 273 28320
504 812 23601
160 687 30887
338 684 34132
715 816 48662
463 525 45343
576 684 22023
317 787 29967
348 528 48166
221 595 19723
57 577 119520
386 637 40200
516 612 50636
631 731 11705
19 218 28425
299 522 21401
154 500 20616
192 681 26926
148 742 40522
622 695 60415
370 568 55758
356 400 48166
241 787 39205
98 701 24166
28 475 16553
22 84 44011
670 756 34205
727 791 35171
748 810 11314
388 726 38471
156 182 17720
420 738 67007
286 338 19313
177 352 45222
185 552 42154
227 359 28231
326 604 13038
100 454 32202
251 601 36497
608 624 22561
438 576 22361
197 585 13038
571 696 36125
45 755 32311
383 768 27295
64 526 19647
174 243 28653
207 609 15811
428 433 44102
62 690 39000
488 644 27019
42 565 65795
292 506 36359
458 543 15264
8 236 10198
74 247 31241
458 471 45695
490 601 28018
410 700 27203
68 455 48765
73 481 27295
177 523 61400
341 376 49649
163 729 25080
62 453 51420
27 456 25495
283 389 14765
261 492 31145
473 547 56080
216 348 23087
128 449 10817
108 432 32202
20 78 35735
184 320 38184
9 228 10630
26 735 23022
79 246 86313
271 793 17263
170 525 68264
110 750 40522
138 658 23409
272 466 41231
74 366 53310
415 578 19235
453 627 49396
258 436 31016
99 775 51108
145 707 42059
538 702 25495
694 783 19209
31 801 31890
197 648 18788
766 775 18788
3 710 77337
267 770 30150
101 646 60828
44 387 27203
130 479 37054
601 797 27203
595 639 36346
18 262 55946
681 747 19849
325 429 39850
192 301 54406
5 230 38588
66 299 18248
177 324 49497
121 373 41400
722 802 60133
24 279 45277
63 324 59666
52 250 31780
490 712 73355
81 553 30150
87 608 13454
606 693 56303
158 251 59414
46 737 18111
77 729 68250
426 530 40311
13 138 38949
465 555 32573
129 662 58523
149 608 30887
798 802 58694
544 678 31780
578 670 18788
66 176 48374
328 701 23707
24 356 64195
36 212 30594
288 420 55227
696 722 28792
373 374 36056
386 545 34438
477 513 20125
19 445 176233
302 678 35847
40 142 66121
38 350 44598
8 473 37736
340 598 29155
72 528 57706
40 632 20591
139 484 33734
320 605 54562
529 750 27459
139 793 50000
39 488 25807
219 777 63561
347 481 24207
710 792 25495
518 709 55362
393 507 29275
2 218 38079
4 485 39560
172 585 45486
673 691 53852
414 480 13601
358 431 64281
339 456 23345
60 755 19416
61 163 38210
140 279 43417
402 711 34482
130 337 32016
51 184 24597
227 465 32757
70 309 28443
474 555 28284
373 682 21471
84 99 50249
582 696 22204
163 166 41049
34 133 35228
68 735 60440
3 535 79076
72 555 26476
261 810 38210
80 689 26627
274 762 13601
561 743 49518
448 464 62801
107 777 24083
159 189 40497
12 801 137801
266 523 15232
13 28 11045
175 554 48600
319 389 56321
383 469 53600
201 408 38833
199 421 39446
313 575 38275
69 582 59237
55 431 48703
99 476 28862
33 115 45541
316 760 30083
43 785 19416
275 794 31000
468 541 60000
139 614 28844
82 462 28231
25 694 75166
413 777 15000
135 318 12530
375 542 38013
93 425 37736
516 673 62169
32 70 34059
284 540 51196
153 342 34655
317 548 21213
164 650 23707
474 670 34234
450 806 55227
141 532 30000
214 502 14866
254 470 33971
254 560 45706
42 433 16492
275 801 38053
95 804 35014
618 774 16553
208 291 18385
635 740 29000
41 219 59093
346 394 19647
44 753 30414
85 432 38013
371 666 15811
613 669 20881
531 677 36620
50 605 69642
319 645 20125
305 438 26926
28 658 39000
35 248 14422
314 414 27659
205 441 81841
57 150 42579
105 499 21024
325 579 39013
317 577 29967
277 616 35693
523 803 27785
327 735 42059
111 626 37696
217 371 96462
407 769 32558
95 489 30364
456 661 34366
176 814 38118
128 193 29411
78 170 49729
352 523 23770
8 721 42202
460 550 30364
319 698 33526
25 800 61717
130 181 25080
129 234 31780
116 301 55082
536 799 34366
126 390 12806
270 714 26627
187 587 26249
47 734 13601
276 417 51788
265 524 39408
129 754 25000
65 203 15811
133 781 26401
75 716 14213
3 508 43000
84 476 30594
296 744 42720
260 730 22136
225 431 31145
494 709 30017
49 426 24739
344 759 34785
175 381 16155
108 785 62032
410 765 14765
68 486 12042
491 562 39812
663 669 38897
83 652 18385
39 107 12369
198 554 16492
249 454 51039
29 738 67030
181 669 25632
238 510 28653
486 787 51662
125 385 25060
181 479 45277
454 563 18358
46 399 29000
161 649 44822
400 435 41110
170 223 30887
143 488 39294
555 688 27203
99 300 50990
12 708 35609
514 590 10296
338 375 14318
558 643 44407
648 769 52402
331 527 29069
316 653 22672
74 663 52355
49 222 51039
334 728 31016
424 431 59666
35 105 46840
47 91 38910
246 456 57009
107 282 24042
43 811 24759
35 612 50249
112 584 38588
246 544 67424
607 748 43278
50 111 25020
61 302 22361
603 604 21932
9 56 49820
7 711 17889
437 607 22091
92 566 18788
49 570 15264
10 249 49739
270 446 15524
397 712 79025
19 451 43417
45 685 39408
269 321 51624
226 345 15811
541 587 14142
17 695 41773
83 312 29120
44 470 54745
103 572 42953
157 310 14036
173 426 50329
260 305 54120
355 433 51352
165 812 16492
99 195 56009
141 662 39205
132 785 39205
81 280 29017
640 716 15652
14 40 43046
56 259 36715
93 398 42297
746 766 45000
54 200 30414
358 759 22361
159 178 46840
537 763 31828
120 146 34366
708 769 36235
407 515 24187
69 350 37054
370 723 19235
54 569 12369
17 517 24352
198 685 49336
7 319 40804
259 802 37643
188 480 30000
747 768 57801
337 701 50990
275 749 22472
721 776 28601
56 798 54424
76 619 35693
16 401 47096
353 384 42544
73 418 53535
341 794 49729
356 435 35355
457 600 48332
364 585 22361
437 735 36056
504 795 36235
289 621 29732
687 697 19925
168 725 29000
158 264 42297
629 633 30067
385 573 43932
591 705 38013
337 808 34015
97 391 17000
153 325 43046
660 746 41304
290 315 25000
236 721 47424
401 591 60415
107 413 18028
240 416 32249
99 281 43046
157 767 13000
431 623 91022
331 737 21587
170 602 63891
33 759 41437
240 335 12806
521 620 20000
408 466 28425
54 174 72567
251 743 38484
102 562 32062
35 318 42720
552 553 49649
392 619 51865
67 249 21932
36 589 57000
19 324 92650
295 719 20100
329 469 60539
592 755 33242
48 185 47434
416 758 28071
421 805 49366
46 109 27019
463 693 28231
243 726 29833
76 411 14560
152 375 14560
445 557 30414
194 350 27514
310 801 166865
304 602 30480
85 430 52345
207 636 13153
183 747 49031
30 267 33541
127 327 20518
165 754 15000
563 588 13342
156 540 26401
2 757 29411
294 529 31623
395 546 44553
33 705 48083
26 437 17029
232 425 31000
76 168 23345
9 510 18385
472 609 26627
565 581 17029
471 497 40804
266 352 35228
179 575 15133
266 803 18000
158 736 21190
82 528 21024
65 249 14318
5 557 17000
169 614 20025
610 690 63655
482 761 10817
70 567 31241
497 543 41231
17 487 48010
50 634 19235
206 414 62177
518 806 35847
67 203 34525
511 584 33121
306 596 22804
241 317 15000
44 614 38601
271 345 38471
370 378 15620
147 779 45793
160 347 47043
279 691 33941
518 615 12530
549 560 36222
309 722 181662
466 721 40706
55 391 26926
215 453 29069
148 672 48042
450 630 47802
153 579 21095
104 726 27659
245 445 83409
114 709 34525
59 212 34540
336 514 24515
503 809 54231
111 398 42544
362 747 48466
409 619 40522
705 719 61098
686 727 39395
118 745 14036
593 726 45880
229 681 54818
212 680 37443
622 767 49041
655 687 32202
493 601 43186
269 575 16643
65 100 41340
451 732 28653
296 638 13892
131 561 38328
341 594 59666
386 438 44721
380 542 52173
632 707 35777
29 117 41037
159 474 40817
158 743 57559
275 585 38897
162 586 14318
298 545 26683
315 501 35847
110 193 30150
152 260 26926
560 744 51000
458 497 30150
88 678 34015
607 740 36715
184 544 69231
127 735 38210
258 356 36892
67 516 51039
42 557 18682
385 788 30414
111 163 31890
37 380 36878
101 458 56143
71 702 19849
141 173 19698
312 651 13000
324 512 39205
561 780 44418
52 707 46400
480 581 40249
276 471 15652
150 577 162099
38 720 46098
260 750 48765
339 369 30480
152 438 33242
58 308 27295
556 592 33242
324 548 52555
631 684 42059
135 618 17889
248 365 10770
422 498 34482
4 247 17117
233 635 30414
149 659 19849
134 497 11000
206 440 66030
464 702 38013
209 296 17804
81 717 21932
17 501 40497
1 751 23345
403 468 52887
196 289 22804
167 633 39115
490 493 28284
314 689 25554
324 577 93477
284 464 31623
38 617 19313
143 379 36069
259 771 30414
366 725 26926
193 728 26401
68 635 32249
124 517 61033
385 561 56321
419 626 38601
485 816 31385
71 448 39000
94 776 18868
27 499 19647
126 651 29833
336 384 24759
478 540 23409
46 636 42154
150 741 13000
245 265 40000
62 472 11402
658 781 45880
506 586 44181
166 367 24597
159 256 42426
642 692 54009
364 648 26249
510 540 28653
186 252 18788
280 708 27586
465 578 39623
53 741 36125
48 321 37443
326 350 22361
202 435 41000
235 321 43267
102 468 27857
473 584 48374
545 684 33061
310 322 96177
74 479 35735
379 589 61131
293 642 53852
619 663 51788
489 520 31145
281 469 45000
284 628 39446
127 346 34176
291 533 23087
254 530 25495
207 357 26420
252 343 29275
48 777 37643
440 679 13601
243 409 40804
591 676 30000
28 604 14318
384 395 15232
432 683 33956
132 497 75000
341 776 16125
754 812 19416
65 454 50596
439 712 45541
369 499 34059
432 775 39560
236 611 49769
336 423 37656
284 418 47802
759 784 30610
353 706 31401
271 467 27295
77 733 24166
55 97 23195
542 750 52555
423 654 20000
370 647 24698
222 570 52498
623 672 53759
144 571 42190
316 742 49244
15 96 16125
303 565 10050
263 730 25080
24 441 47011
85 766 26249
318 782 20396
89 459 62370
460 559 25080
607 746 23324
206 404 37336
700 765 15297
193 671 55317
174 796 19799
406 809 22804
34 781 13038
183 378 24515
193 299 21840
152 305 46325
683 811 13416
133 560 28284
113 457 32573
487 608 13038
114 762 43566
156 284 62370
10 422 43382
259 478 44553
453 690 30414
255 683 28018
178 363 15556
265 496 44553
71 538 20591
217 535 126151
196 263 14866
47 293 14560
506 677 14000
638 744 44385
255 278 23537
72 348 36797
71 190 32802
33 784 15811
505 590 24698
446 742 44045
370 383 46530
606 742 27313
333 508 30232
342 457 47170
86 376 26926
290 595 43186
229 619 13342
587 610 26249
226 793 22804
419 729 41000
564 814 43081
23 223 18248
158 201 59228
236 643 37443
100 107 27295
177 455 37121
187 468 44598
103 813 31780
24 268 19209
351 730 33121
500 544 66408
88 544 21000
132 715 35228
421 770 20518
28 222 35355
171 173 29732
123 462 42154
8 124 47760
571 798 45222
58 214 16401
63 330 29069
416 495 47424
334 750 29155
29 379 41485
429 712 51856
103 427 52469
740 810 23345
306 343 38833
104 657 43105
199 599 42190
38 326 32388
237 564 32280
50 699 56639
230 433 27514
178 189 52326
99 660 57271
18 537 59203
553 792 12530
123 216 18788
436 488 21095
365 668 12530
18 593 26571
242 739 13038
356 441 47424
79 88 25632
110 128 29967
156 478 33838
38 815 25080
522 564 18974
96 741 26019
88 302 48847
545 576 26870
498 674 34785
493 788 44643
16 434 25020
303 773 14318
271 377 10440
55 308 39217
192 195 40311
682 782 18028
461 596 49578
128 661 40112
577 641 49254
73 113 43139
168 411 28792
147 809 101671
404 495 28601
85 746 36688
137 659 30529
491 786 29411
51 621 51088
48 563 14142
280 515 41000
199 634 40224
323 498 24739
44 171 36069
220 691 30364
486 735 59211
241 512 19235
740 764 47170
409 629 30150
352 455 18028
407 648 45100
654 753 38949
172 197 47508
128 246 52953
33 308 54818
586 751 38079
43 300 58830
206 752 26173
160 284 37054
15 469 70605
23 78 68000
171 711 46325
217 508 43658
277 771 36359
347 418 48010
230 756 10440
239 492 29069
202 589 49769
180 201 23345
227 232 24207
5 256 76236
667 680 21471
604 625 27295
339 673 10440
492 536 42544
139 169 15524
188 675 24739
177 241 47885
11 162 40262
213 550 42012
242 349 53600
120 379 30067
723 763 12166
29 551 19849
44 119 38210
293 549 57140
49 530 32016
445 496 20881
45 198 29411
54 167 54672
372 513 21541
349 739 45044
23 816 44418
261 462 22804
385 493 42048
250 758 15811
543 554 31765
160 628 18248
732 757 47170
582 603 45222
342 573 15033
453 519 39825
9 238 29547
314 791 37108
295 705 59034
153 655 29411
424 623 88142
357 700 35735
342 600 24187
84 660 49769
409 789 19416
231 523 42579
415 756 34828
366 619 43417
177 512 39205
5 670 68542
130 354 10296
78 485 43566
473 721 13454
464 628 52345
66 522 10050
46 633 55154
390 621 34655
666 778 31016
129 141 57689
448 724 27514
275 376 43186
95 630 44045
55 784 52393
83 534 44654
274 709 23000
79 544 38419
295 334 18788
386 685 33526
573 780 24597
511 620 51614
228 349 23537
103 382 12042
52 680 52811
136 174 39217
11 586 43267
546 649 31401
401 434 53852
428 745 43186
97 642 41195
340 388 12207
39 644 15232
184 500 34366
83 126 23000
6 489 21633
138 459 21633
654 711 44147
712 788 53141
572 727 28071
103 550 37363
665 801 48508
246 500 19698
45 312 45222
674 703 34655
137 780 19849
104 147 41231
379 738 67676
339 516 62032
146 656 12806
232 359 41773
192 411 17029
429 579 47434
607 635 33838
382 419 27857
574 654 58523
596 713 68469
129 402 39051
179 482 22472
319 654 50040
286 576 14866
6 595 26401
229 332 18788
56 89 45354
470 484 38013
20 808 19105
645 698 23601
532 718 15297
188 581 37947
303 581 25080
105 671 24021
198 650 50990
37 731 19105
294 500 37656
734 739 29547
243 362 39560
210 733 28160
532 711 39925
243 796 11000
116 816 34176
526 701 54562
15 244 16763
145 273 12042
376 794 29017
299 728 17263
373 703 40497
341 473 41049
464 510 20591
44 169 32140
425 599 36346
30 688 26926
421 716 48083
254 345 45000
41 553 58215
299 671 48836
452 690 17205
345 744 27295
129 532 48042
160 429 40311
20 479 29428
119 654 31305
82 123 29967
18 362 43566
164 170 30083
17 539 26000
25 783 93600
90 248 21000
573 659 41485
149 517 31623
167 357 24698
204 455 44688
340 726 30871
219 488 38013
389 786 14142
620 665 102961
89 242 63127
134 430 22023
452 706 30887
208 672 28178
161 509 33377
209 431 33838
278 300 38328
225 424 35693
383 647 28018
153 385 36892
106 752 90802
569 779 16492
726 796 22472
112 665 23770
205 356 85235
247 725 21932
276 497 32062
280 552 45277
268 279 51624
10 703 49497
151 266 56045
180 618 22804
290 322 17263
60 592 37363
442 797 29206
205 427 28160
282 436 22000
639 804 25807
124 473 54120
77 166 21587
374 782 40497
59 356 69642
288 551 33838
321 588 38053
102 491 40853
30 75 20518
19 330 12530
111 302 38275
188 314 16125
450 804 68710
101 770 43278
26 292 33287
55 502 32757
87 659 32573
97 431 43566
384 514 22804
286 438 15524
287 461 16279
116 715 43267
34 459 55866
216 528 35171
286 684 22000
297 676 57009
367 733 33541
310 665 118680
549 734 63953
79 733 34000
50 599 31623
179 648 34409
370 763 15297
108 132 68797
362 593 24083
186 461 35384
56 459 52086
96 285 12728
320 621 57801
269 313 41593
167 636 43417
77 210 22023
594 794 34482
473 622 55227
174 409 44654
201 253 36125
270 546 22847
676 705 49041
112 620 82219
256 524 60216
58 91 44407
85 108 49477
305 351 54406
405 750 19723
320 544 57280
136 167 20616
37 623 40522
148 606 31305
80 206 54231
445 773 85000
406 503 42059
310 767 26306
347 697 11045
70 815 34928
262 657 40000
217 288 22091
98 181 37336
522 671 43600
120 143 24515
158 774 51856
128 456 58258
148 424 36125
242 734 38328
418 518 66910
194 720 43186
27 339 27659
380 731 30414
505 706 18000
574 706 36770
115 308 29411
73 518 27659
709 762 32894
306 461 32894
419 572 36056
574 610 13038
92 179 34176
40 666 70093
221 489 28636
83 507 34785
99 278 39000
584 594 55073
234 504 14036
469 768 38210
256 474 35805
37 191 25612
24 140 40804
460 813 18439
358 784 28160
291 304 10770
589 738 34366
494 800 33838
3 41 91548
228 702 25962
50 302 51662
12 81 55073
223 381 13038
151 536 20224
61 367 16492
119 753 12042
198 381 46615
238 478 11402
215 406 15811
23 381 24839
182 616 36674
63 523 52345
404 477 40460
353 509 48166
235 552 20025
599 634 17029
89 228 16971
458 646 47539
236 264 49769
170 381 38210
218 451 31890
179 761 18439
161 353 51865
627 690 60671
106 679 19105
5 756 46861
204 787 50804
141 426 59169
315 322 32757
149 624 11180
538 739 39812
461 713 39825
39 777 23259
80 550 46011
331 760 40817
117 508 32016
16 308 40025
321 422 39217
582 722 45100
527 760 23770
446 714 13038
136 789 39205
380 705 43012
43 715 23770
70 720 21024
95 186 26306
101 361 21932
382 427 51245
200 765 17804
659 780 31016
126 556 26683
195 301 27295
142 752 58009
125 788 24759
360 622 45100
519 809 36401
418 494 45310
549 744 50448
436 644 15000
25 277 65000
705 759 40608
191 208 55444
30 770 43267
348 799 35693
46 167 56921
534 805 56080
311 686 23345
37 684 47634
399 737 32450
3 772 18601
301 411 58189
515 708 34409
197 769 50329
40 707 42048
423 590 31828
416 632 54452
610 706 45541
269 761 15811
163 367 36056
521 547 38288
25 274 25179
344 623 30017
64 606 53254
503 779 30017
202 447 27203
450 762 104890
562 795 31890
320 393 43012
41 792 65970
297 396 25020
580 797 33734
715 785 31401
301 725 53535
399 633 51624
328 331 26173
566 575 39294
390 393 37014
290 501 31780
505 574 34234
41 710 80262
94 376 42154
166 733 20248
338 631 47413
84 677 10440
254 484 45398
17 124 50160
435 447 36235
175 198 40224
396 397 47297
393 444 22804
275 364 50329
235 515 29155
84 506 19723
534 652 31048
562 786 46325
218 330 28862
285 741 19723
387 546 48415
539 695 24759
289 351 22023
35 774 44204
222 658 32388
501 539 24083
274 494 37202
556 651 13342
258 656 22825
378 747 54818
378 768 22136
429 628 40050
139 546 40719
316 606 54009
129 165 29155
213 404 33242
193 661 35468
5 496 22000
582 625 45486
169 387 12530
368 787 27166
88 733 39812
86 94 25962
387 753 44283
95 450 63789
216 536 42190
180 774 35805
25 450 126905
167 200 47265
23 715 32573
12 280 47043
400 589 29732
21 590 12000
91 724 23087
186 520 35440
324 330 80156
110 449 33242
309 812 80895
395 649 51352
2 451 41437
312 646 21024
237 668 36401
246 691 78243
57 162 33242
515 552 34482
612 782 26000
22 751 32650
75 421 44654
309 403 125483
583 783 61855
318 612 22361
568 807 66272
390 556 24083
300 301 15232
127 292 31016
435 656 20248
221 804 40000
297 397 57628
462 471 31401
50 398 40792
107 644 12530
411 725 49031
20 130 41869
331 653 43278
117 143 37336
448 702 49000
398 419 19000
85 417 56036
64 463 30871
118 311 29000
383 597 43417
131 743 39051
188 414 20616
676 814 42720
371 778 31241
711 718 40000
252 306 18248
135 682 17889
213 460 24187
176 719 51865
373 618 21095
53 285 29530
421 699 48166
189 757 30017
558 561 28653
533 672 33601
30 528 36688
113 481 26306
624 659 18682
58 502 18439
233 740 38419
203 220 33615
101 534 45607
98 328 32894
360 620 16155
343 596 51108
420 778 39051
106 440 27857
653 760 13892
178 348 39205
30 421 44777
499 661 23345
345 484 34986
168 366 12083
156 494 50359
411 681 36125
123 528 27203
571 802 31305
67 220 23537
158 180 55109
224 372 30887
421 534 35014
403 504 30017
191 291 53141
36 145 57140
48 588 24042
265 445 57245
199 716 54589
525 808 48549
457 596 36235
335 416 24739
102 795 20616
253 611 31145
426 470 37802
668 671 43012
424 672 61294
54 503 20248
439 724 52326
398 599 48415
90 365 11705
4 816 31623
521 622 46487
533 606 54083
547 622 42720
96 244 13153
116 247 33838
123 261 45398
363 803 33734
454 588 19416
483 760 27459
204 486 19235
67 673 62769
121 408 57428
298 684 38897
353 609 61400
25 762 22023
423 505 35057
119 711 28302
450 639 93941
138 144 31145
348 536 48260
723 807 15133
369 612 28160
531 660 22472
343 520 23195
472 700 12649
112 511 36222
273 412 30083
118 686 21401
93 599 25318
355 675 27019
258 268 57070
310 315 74250
74 181 51196
199 425 43324
389 574 14318
229 747 54708
250 680 38897
440 480 16279
353 590 27857
180 373 16279
23 132 40522
434 724 45100
363 757 35228
399 613 26173
423 753 47127
281 329 31780
391 642 46065
493 561 37577
387 395 61294
35 135 42802
657 726 47634
664 737 32249
511 547 15811
345 638 54452
140 441 17117
468 519 155416
14 778 31241
559 758 34928
78 808 36878
764 810 47011
457 713 64815
155 257 12530
613 629 31145
745 791 46861
283 610 10440
72 159 17692
104 174 36797
232 716 15297
603 625 16971
329 476 16553
349 702 25612
133 222 59540
100 282 27586
686 745 14318
545 637 21024
524 757 44911
605 678 33015
410 453 48600
60 651 17000
109 609 20100
105 369 46840
120 202 22672
109 664 15297
159 348 39560
302 367 32802
429 439 26926
661 671 49820
213 495 12042
22 244 42802
699 805 10050
717 792 10630
403 795 32558
346 586 48000
298 637 30232
413 454 36674
54 104 62290
244 751 12083
325 687 11180
694 771 31575
53 597 14318
355 791 49244
154 184 23707
359 465 28071
156 418 58249
37 344 42485
244 329 74061
87 624 19849
114 806 13038
56 802 42107
443 645 25612
667 813 42953
15 383 56143
131 736 49244
199 699 21260
437 746 24166
11 346 26833
562 645 25000
20 337 33377
16 91 51000
235 704 44204
183 370 19209
493 743 52000
64 316 32573
36 680 27019
222 617 42154
535 710 11314
465 670 32573
445 565 78645
600 659 32650
571 625 47297
155 778 19313
217 666 111790
234 443 14765
605 699 62241
15 329 80062
309 720 37483
191 623 24698
648 704 19209
327 394 28018
21 423 24597
42 445 45255
257 738 37855
660 775 18439
98 354 32757
32 662 46819
3 117 67779
200 410 25000
393 621 48260
12 172 63600
517 643 84202
264 643 42720
377 714 26833
78 816 59237
617 815 41037
337 526 21471
366 663 34655
45 554 28018
416 707 54452
546 790 14318
75 640 23345
365 442 20396
626 729 16643
102 403 34655
144 798 36674
234 402 43186
190 724 21024
407 704 37590
125 579 13038
109 636 19209
542 731 31953
304 525 33541
434 439 49193
97 209 31890
655 697 25962
397 442 59008
93 311 55866
735 787 64351
771 783 28320
307 485 24083
110 334 25060
650 685 21024
662 815 27203
142 632 50000
35 671 47297
350 603 19416
51 289 33615
573 600 30806
9 89 20616
605 805 57974
349 538 17493
507 805 55902
305 685 40012
226 484 25179
176 564 48301
478 616 40522
496 557 10630
69 720 50488
225 467 14318
433 675 56080
643 736 46400
168 619 42154
170 637 57940
154 263 52498
15 597 24759
211 664 34655
779 809 60415
26 746 22847
517 608 41976
218 231 16763
53 807 101607
210 441 33302
407 708 17464
18 763 52402
464 540 35341
83 651 23345
43 278 45541
164 637 41231
138 798 13153
172 769 24083
242 459 55543
320 678 48836
305 755 55803
469 681 55471
38 194 52631
137 643 68964
123 239 10198
564 671 36235
61 111 22023
470 614 38013
550 689 38601
18 388 47000
176 676 12166
200 357 31623
57 641 70406
311 425 60407
550 813 17720
653 701 35693
209 638 24042
59 589 35355
392 663 26077
606 672 45343
224 513 19647
121 201 41976
6 221 15232
176 705 52887
537 723 23259
714 793 32016
189 524 47854
132 175 25298
433 581 55866
152 750 55543
583 722 24042
446 790 24166
565 773 24083
108 497 40719
293 734 16155
742 790 44407
54 779 24839
456 673 29530
173 718 19235
68 233 35847
70 662 45695
46 664 33106
376 776 49000
468 491 27731
292 677 31401
525 602 21401
146 435 22847
1 96 17720
37 631 17263
76 229 32558
292 531 26926
467 638 32985
613 633 42638
404 513 37336
41 117 84646
13 604 15264
99 255 49649
490 580 19723
151 764 10630
202 379 21213
44 711 51662
436 656 20125
189 363 49518
307 479 16155
93 419 48374
69 309 78588
375 750 56824
10 67 58694
424 467 25554
520 595 39051
276 430 43841
47 739 38210
425 716 37162
361 462 21095
32 812 52887
41 185 30083
380 759 24839
264 736 25060
368 641 36715
403 812 45011
48 413 37121
163 626 13038
79 279 40000
477 495 50961
133 530 42012
239 536 42720
139 270 30529
315 695 26833
559 667 34409
583 802 56303
164 381 56613
332 409 29682
535 717 26476
137 517 49336
171 470 44045
427 680 40311
13 658 37216
280 553 40460
258 282 31016
211 527 31016
134 276 33242
248 251 43829
483 649 19925
203 282 53141
165 234 18439
463 526 33541
191 684 49041
11 57 37202
274 800 58078
309 567 20616
392 629 20616
245 524 36235
373 782 34000
264 611 38184
94 466 39560
73 713 21471
254 744 32000
212 427 37483
323 674 29967
460 667 30414
235 482 50990
444 507 43600
296 549 35384
261 276 37483
449 500 42485
98 669 24597
550 727 37483
331 701 40608
359 425 56586
483 527 30083
634 699 43382
389 610 10440
305 730 57628
318 682 21471
291 525 40311
164 386 31048
68 437 49041
145 589 54589
512 548 18028
392 669 29069
212 356 82928
482 704 23022
392 409 43909
145 412 37014
444 805 53535
142 224 24166
174 789 48549
509 664 28636
515 704 30594
243 332 43566
164 198 61270
311 572 51157
144 625 15524
98 613 29411
392 613 31828
14 155 31064
254 426 48508
214 692 45122
206 513 26000
507 534 63561
272 566 23324
11 641 39812
749 801 21471
785 811 22091
24 258 51108
80 404 26173
273 738 31113
34 658 50249
40 412 46573
31 749 14142
220 673 59682
225 638 23601
260 263 26173
116 300 50220
350 582 55082
186 489 13342
269 323 20000
439 628 37802
568 597 37054
427 729 45177
415 428 37577
629 789 19799
293 692 13153
429 788 51971
256 670 35468
321 498 30806
492 810 22672
396 814 25318
217 772 31064
382 572 40447
106 773 21190
689 791 26420
16 58 30017
625 696 49739
268 691 49244
121 674 32202
448 628 44045
313 408 48508
153 457 35609
416 477 27019
151 455 41773
41 777 55172
43 116 42012
23 175 33615
63 231 31575
311 415 42202
246 279 88600
771 802 51088
125 429 44045
261 417 29411
131 558 31241
434 712 35805
86 566 35000
121 703 12083
161 527 46530
179 364 28160
81 535 42450
253 264 50359
62 353 57315
83 646 33015
647 768 12806
296 642 31575
106 303 27019
334 405 18028
60 312 16971
398 626 31257
78 223 64537
342 385 44407
85 607 38601
146 436 18788
483 790 41617
303 679 30806
228 510 21840
117 379 40262
490 25
205 180
106 774
579 241
111 272
649 938
898 407
488 864
802 705
337 723
421 33
216 900
901 606
29 611
521 38
668 642
554 913
677 87
172 123
617 311
849 334
479 77
523 290
277 622
855 844
394 138
419 642
900 595
101 683
287 317
317 937
972 490
616 569
814 605
470 691
137 554
575 478
926 555
225 703
7 574
197 764
101 298
507 236
832 428
452 360
743 262
754 625
264 748
840 536
263 442
417 490
86 544
542 7
803 173
672 566
851 696
451 11
683 616
154 580
421 386
276 484
821 251
212 119
655 354
299 674
508 600
328 665
335 132
978 595
970 524
757 675
241 273
737 845
601 248
272 331
621 165
256 543
583 322
308 549
84 448
189 852
319 283
381 382
463 118
414 194
389 868
613 890
317 525
807 685
499 703
719 642
360 857
228 408
414 875
696 917
507 30
695 563
686 272
500 152
264 696
356 313
963 369
166 459
757 131
457 646
22 361
237 700
426 242
770 261
472 561
262 467
412 959
707 814
801 881
631 612
549 235
131 711
159 369
858 400
171 674
377 769
741 882
306 256
504 909
645 764
381 405
421 89
445 574
945 450
649 284
531 797
484 279
810 570
409 268
436 717
745 195
577 843
872 632
785 427
265 583
897 482
3 508
166 698
903 629
89 585
205 669
795 115
699 426
588 872
493 4
296 186
496 468
654 796
417 533
60 613
814 767
502 984
476 766
229 260
716 752
784 337
460 43
238 488
524 363
970 435
261 522
761 208
617 188
800 431
535 335
857 454
277 918
879 474
732 158
492 303
556 606
285 108
242 215
328 845
422 755
651 259
831 762
635 64
406 512
225 775
670 913
940 313
78 390
195 238
731 655
591 458
596 148
469 591
967 588
556 153
440 483
308 882
469 336
289 390
808 203
418 778
156 657
294 659
317 111
181 538
30 453
795 244
626 415
716 539
270 560
749 301
167 548
97 475
693 603
869 210
289 248
65 746
190 145
173 710
323 642
655 952
869 578
520 308
25 498
709 497
767 463
233 326
795 697
653 159
131 305
206 150
248 345
321 165
958 421
261 815
490 854
504 659
814 732
308 246
24 522
308 66
803 622
707 144
505 43
120 200
393 564
581 224
478 703
312 680
99 515
517 723
662 896
421 814
798 505
477 196
187 266
66 624
233 648
869 728
470 475
351 250
728 64
451 493
471 808
120 240
242 171
320 311
289 637
321 816
759 411
728 460
388 828
81 594
830 847
343 920
377 277
871 781
500 191
308 589
218 853
537 130
244 677
913 307
753 754
516 21
523 441
712 886
67 724
434 461
595 966
609 408
422 120
750 611
438 553
511 557
730 528
603 649
573 414
490 597
538 186
552 180
298 480
43 344
599 404
485 423
665 878
606 297
659 603
998 519
503 998
188 369
409 374
362 809
86 404
570 966
686 344
320 57
430 706
922 374
379 485
285 779
598 983
321 796
250 73
691 774
921 587
406 75
717 283
508 117
183 117
736 301
670 167
89 706
494 549
32 512
823 363
650 316
516 459
392 636
717 97
422 907
629 820
633 900
613 497
762 478
409 57
718 799
266 246
790 674
941 597
433 439
271 151
827 308
658 289
111 365
213 617
782 221
624 526
207 337
496 970
347 293
670 130
231 204
325 873
488 699
622 199
272 500
350 43
412 659
623 49
33 655
10 471
410 744
376 732
510 472
375 891
725 450
611 59
141 672
583 514
507 309
178 460
577 42
806 345
623 776
516 393
806 420
724 87
906 320
389 415
695 580
673 221
366 444
390 52
800 359
578 648
567 694
223 450
714 262
165 621
621 639
915 425
987 394
65 466
500 532
860 197
255 868
410 816
695 183
832 210
607 161
52 586
247 715
59 398
163 335
56 518
368 226
766 800
204 450
62 669
309 356
298 742
860 356
702 462
248 376
846 512
173 511
129 351
679 736
408 246
688 520
445 216
105 314
667 667
196 648
222 677
381 149
508 437
689 711
32 387
248 585
508 695
951 408
344 450
69 266
744 415
164 631
721 690
439 565
759 927
166 166
843 276
871 239
283 722
288 145
408 619
676 824
412 309
854 644
121 478
696 889
345 272
627 341
771 728
205 309
428 838
715 484
973 343
564 94
823 482
370 291
812 244
456 884
208 295
907 580
493 124
39 497
825 735
612 282
48 390
733 818
307 837
730 359
792 460
590 279
334 120
602 912
204 688
667 926
581 730
948 331
330 227
585 758
808 817
88 483
89 272
409 279
315 772
438 637
401 546
588 935
679 598
820 184
972 420
858 321
453 101
370 415
106 731
779 304
789 718
448 955
289 69
30 479
828 339
258 844
370 694
562 890
755 866
896 208
636 923
478 969
507 610
248 157
152 217
593 371
660 335
738 330
298 282
456 527
809 528
432 145
897 452
631 401
344 357
148 841
293 206
661 30
775 665
564 937
803 743
937 295
532 503
425 317
338 525
547 408
768 390
453 940
299 54
754 554
130 449
86 696
241 814
192 822
453 332
236 299
407 399
96 280
555 817
98 488
790 550
569 792
931 367
274 738
513 628
53 343
368 840
990 500
576 19
815 170
853 528
907 671
184 420
614 819
892 317
330 830
528 427
333 30
166 316
652 775
564 720
66 354
956 650
946 718
432 926
315 893
457 57
923 293
287 741
137 611
837 334
592 586
431 422
686 112
384 953
638 962
659 856
539 21
688 100
253 412
632 844
553 729
576 384
930 613
914 598
330 461
685 398
383 171
603 899
790 259
903 310
444 835
420 686
695 244
801 451
744 860
864 746
908 562
428 733
656 172
490 985
414 439
493 925
614 467
598 877
918 625
227 481
917 257
719 734
692 213
730 889
558 481
17 556
722 211
266 423
351 160
782 246
556 389
723 516
674 967
249 335
382 25
736 559
511 823
231 689
931 392
400 355
600 58
300 865
749 365
503 374
404 386
374 365
703 329
872 372
682 805
213 659
760 88
864 610
603 859
444 164
442 614
928 506
647 223
773 276
389 965
24 642
126 508
482 688
675 250
174 299
481 645
651 428
382 633
348 783
84 366
568 604
453 115
331 494
36 374
136 527
610 125
420 725
478 224
545 441
484 383
172 386
701 779
262 307
99 426
857 266
332 613
737 613
638 367
896 781
546 954
943 668
707 798
912 406
305 404
816 232
696 294
770 690
372 758
288 850
570 555
858 303
49 572
238 872
807 847
156 833
882 415
646 696
727 864
737 426
513 259
263 342
174 836
882 455
513 577
971 545
447 874
953 695
640 40
712 664
597 209
730 125
156 422
493 580
213 490
449 468
562 492
152 191
278 533
765 617
393 115
483 786
741 280
103 616
792 629
351 189
506 4
710 387
533 758
766 505
158 383
403 159
625 112
355 204
331 939
483 522
494 48
4 450
846 401
970 450
440 390
141 308
196 208
84 520
602 530
715 336
316 831
838 858
638 52
304 193
819 217
439 186
507 972
590 66
261 900
323 341
890 750
91 763
29 341
443 726
456 178
424 891
235 724
53 631
819 154
592 830
821 594
410 710
911 769
621 554
488 240
920 322
347 70
628 746
706 199
754 393
122 413
181 828
745 457
374 920
955 388
718 144
531 713
870 645
259 211
827 789
341 958
893 699
224 171
695 952
315 405
788 880
642 25
619 330
874 179
347 212
490 218
986 439
135 466
553 644
936 532
561 267
