815 1409 23 117
532 568 25298
341 423 36014
514 599 20809
3 75 138679
259 324 30414
500 700 69836
198 576 17000
176 570 43382
239 775 25000
201 447 59076
141 343 33242
41 647 50695
380 506 40497
244 581 26173
112 517 41012
445 519 53339
95 639 21633
457 479 35511
509 707 19849
432 787 18385
550 640 61717
509 731 42579
690 756 30676
45 562 44181
582 721 67179
494 615 18385
197 597 42579
380 579 30414
412 451 16553
66 339 48052
454 590 35440
258 274 63008
224 306 30083
130 735 24187
57 180 29833
196 482 20591
271 661 34015
346 693 45277
103 308 49163
217 560 22204
69 411 19647
107 365 15133
164 578 16763
169 802 33601
396 504 29967
172 512 68250
251 526 45177
28 647 28018
165 505 20396
74 393 25495
67 341 23324
746 782 34655
44 724 20591
33 201 44598
252 797 55326
413 695 13038
184 506 41629
469 736 11662
273 789 31241
191 345 62032
84 289 24839
234 401 37336
538 569 55362
424 756 36674
325 337 20125
529 532 31906
622 740 54571
608 706 26907
722 752 29206
488 565 73430
346 360 15000
330 455 14213
159 557 21954
304 712 45277
213 614 32140
457 621 38079
234 690 32650
326 527 20591
81 639 17088
103 721 59816
161 601 18682
496 796 32696
159 501 50249
252 657 13601
86 544 37121
384 481 52773
766 797 15297
23 69 32757
420 794 37443
210 280 78102
208 664 37054
227 480 60877
166 302 17205
300 685 17000
205 521 30364
72 131 65391
651 682 28320
40 335 73824
194 266 38601
157 765 55946
25 301 39205
169 633 28443
162 548 51971
128 290 14765
139 675 38013
13 149 49254
242 717 24739
450 735 23409
478 639 13038
1 21 44294
216 517 48104
393 453 47539
29 667 34059
681 807 17000
354 422 44418
420 569 27659
252 388 96021
278 728 10770
197 348 67357
72 89 14422
71 471 37216
385 407 87000
285 536 49930
83 367 17464
213 306 15811
283 362 38288
515 753 11180
241 774 27803
297 312 45310
442 652 13416
148 778 39850
187 386 24839
40 197 71176
163 231 24698
143 178 39699
214 401 24413
16 21 16279
150 194 37590
351 805 25179
93 756 52555
298 370 44045
469 601 24352
559 637 44553
55 210 23431
414 464 36878
381 498 77936
348 617 11180
228 692 13038
721 760 67417
640 777 37202
395 509 38275
4 96 81541
349 447 53759
82 621 38601
623 788 57489
698 757 58249
51 387 15133
268 661 34015
12 764 30463
311 313 35847
512 664 33734
135 247 45177
317 498 43829
361 744 60415
260 733 18248
106 493 30463
159 179 25000
51 186 41012
100 537 35468
112 653 53235
280 359 73539
31 272 26683
365 712 17720
155 625 16279
504 711 33302
235 458 30067
46 630 28636
388 797 55036
520 554 33956
54 580 23345
648 748 23259
369 630 32280
404 524 36222
282 662 29155
79 392 25495
411 487 52802
76 296 20616
438 611 37855
336 687 14213
25 92 32388
325 483 40112
303 734 52202
607 741 107870
470 694 28792
437 810 20616
57 436 21401
218 753 25612
49 550 27019
316 345 47885
222 616 20881
334 406 73430
377 814 33615
190 655 16643
208 734 33242
318 516 27313
18 80 45310
446 588 29000
336 677 19209
201 408 49769
273 685 23707
237 484 33287
447 550 48260
401 690 28636
46 59 34713
194 325 19235
402 472 33015
237 740 27313
62 558 60531
223 815 19799
51 613 24698
684 710 37483
276 513 32388
387 613 12530
302 571 12083
456 674 31016
100 217 26926
209 609 64281
73 698 117107
280 617 54406
400 410 15297
77 158 29155
215 712 64327
543 622 40817
172 180 54818
46 749 31890
231 453 64444
310 459 13038
541 725 16279
508 529 37802
76 697 65795
776 798 31765
661 694 22204
551 588 30529
259 712 33015
252 317 108467
90 103 50804
128 754 34986
422 430 20809
350 396 37736
140 804 67912
35 122 17029
372 526 19647
239 650 50329
97 701 46174
21 315 28018
108 225 31780
70 282 75895
129 349 10817
246 272 23431
185 524 13928
178 545 33526
702 795 17000
307 506 32527
268 476 13416
194 337 18028
244 539 37054
172 189 27803
187 258 53160
51 757 45000
286 578 25000
161 469 29732
394 713 28320
390 570 62642
127 645 19849
78 100 14142
123 356 15620
171 469 21000
651 675 48384
586 689 36125
9 551 28071
398 751 40050
469 598 40311
168 802 49649
113 672 63063
87 367 18385
115 460 42000
230 507 37216
213 224 25000
156 569 46530
114 121 55326
252 357 63561
539 722 60075
19 634 23409
136 199 57706
147 526 29000
226 444 15133
475 747 45277
155 397 60605
379 383 29155
417 684 16763
673 777 46690
467 638 32450
24 178 55317
379 715 18385
104 232 23431
574 707 27586
39 301 39825
207 329 36056
327 448 15297
492 520 33838
150 341 31064
30 412 47539
432 759 14318
235 807 18439
365 488 18601
254 373 26627
491 793 36222
340 674 16763
293 531 36770
344 418 44385
105 543 27514
383 523 14866
351 605 44944
98 770 24021
226 264 31064
645 670 41049
49 342 61008
201 523 14036
543 636 60374
226 530 17029
332 654 33136
285 688 28178
133 635 54231
430 620 45177
254 528 14000
249 586 11045
181 734 51662
537 560 49820
224 449 58138
437 518 10770
383 408 35511
154 638 13000
282 287 22804
691 778 12530
107 259 41629
206 626 25456
427 724 10630
339 404 23409
425 691 26019
325 464 33377
319 414 50090
813 814 34438
224 359 67624
180 460 25495
389 792 56080
154 285 30000
151 659 20396
329 768 40361
381 411 23770
701 809 27459
24 159 41725
512 619 19647
142 677 35000
175 588 70711
544 686 24083
167 453 60877
116 713 70292
111 454 16125
330 605 51478
91 384 34713
40 666 57454
483 496 28862
293 683 29833
157 545 59615
680 805 50488
56 438 57315
716 802 42202
642 809 36249
137 404 20616
122 611 15232
24 553 25298
472 484 30232
11 399 15652
350 711 32140
507 720 33601
27 48 20881
75 184 59034
106 198 29698
29 296 57689
209 769 53666
270 410 37643
100 173 51157
109 125 65947
374 497 47854
73 527 67357
88 546 43174
162 677 14560
551 708 28160
448 496 16125
207 780 64125
90 300 25456
74 167 11662
506 756 55973
105 433 24187
287 733 23431
35 611 27459
602 723 23537
342 349 46872
208 733 17804
145 798 21024
357 409 49649
180 658 46043
399 644 29833
278 463 43186
400 650 26077
508 527 11705
652 808 22804
12 43 18682
229 438 22136
46 785 35228
357 534 45222
96 494 17720
74 218 21932
38 534 54562
23 487 39000
48 395 21954
139 709 12369
390 595 32757
565 712 80623
34 433 43324
680 742 32249
419 731 41485
235 250 37336
231 352 14422
548 598 55317
42 654 56009
294 715 25239
73 465 25495
315 377 19235
408 715 11180
99 670 24698
442 808 15620
85 655 22672
53 475 35355
277 807 19849
223 593 52000
487 779 24166
499 635 25000
149 514 34785
293 667 19925
573 666 31953
284 477 16031
214 815 23087
332 611 22825
462 479 28601
2 520 30232
83 87 25632
48 376 23000
101 269 28178
287 664 43139
97 313 58694
703 791 67602
59 610 27295
31 37 14142
598 653 18111
596 693 52173
97 809 51400
429 584 18385
719 729 23022
41 784 42048
61 266 41773
52 314 43909
59 749 17205
191 217 21932
397 426 41629
130 386 69354
202 583 24698
531 563 19235
721 757 39357
41 292 64031
202 689 40497
306 614 29547
212 570 38210
263 567 26306
75 96 35228
86 657 54562
563 696 10198
426 479 11662
276 566 37736
136 606 39319
134 771 35693
461 591 48094
71 160 42802
255 300 16125
164 642 34132
120 661 32249
14 570 12083
253 442 15620
242 748 33734
445 586 23345
134 236 29530
440 629 12166
17 321 29833
5 258 50000
187 774 21190
83 450 34015
261 744 34713
260 734 13601
170 803 17889
150 170 18868
425 518 41437
30 570 61620
155 298 55145
545 659 13601
80 686 14422
21 358 40497
74 281 28160
586 653 39825
218 525 22472
201 443 52038
489 636 24042
198 312 13601
513 566 15000
52 368 34366
224 535 40000
417 419 18028
315 474 36125
573 706 16643
270 650 42297
737 807 18358
318 514 36401
184 620 69771
16 315 34234
522 556 10630
273 508 31016
418 678 27514
487 738 31321
421 557 40361
307 781 32311
264 546 36014
141 277 22672
24 676 12166
236 811 23195
548 649 44407
34 254 44777
310 646 34409
278 440 28844
478 603 20224
113 425 18358
410 650 31780
610 785 17692
169 339 28636
98 769 52010
136 192 54342
88 618 41000
109 740 46271
583 629 34366
28 63 23707
215 304 26000
414 727 53085
302 382 10050
182 435 14142
49 640 47802
34 710 39013
671 757 147330
308 529 38471
29 151 57567
2 253 52240
27 509 46573
244 812 40460
503 580 16492
309 714 39459
327 806 25318
451 540 34886
603 768 24597
55 280 81541
146 457 28071
66 524 16279
56 635 53666
180 452 32894
22 87 21954
4 585 21213
295 590 15000
267 747 76000
54 480 30414
628 708 36222
322 505 27803
354 629 35511
547 554 57454
46 618 22804
126 204 24083
383 561 23431
143 501 31401
38 538 69527
265 755 14765
584 751 20616
70 378 27893
682 761 41400
322 800 23022
648 717 17464
256 723 37643
648 668 20396
97 311 73498
352 750 31385
110 242 20616
240 650 40311
679 786 32249
262 431 34366
152 607 28320
249 653 32802
549 596 33302
237 461 70774
161 566 31385
408 773 24207
133 544 32202
234 509 31575
183 443 16031
294 561 50040
23 738 12728
287 662 43012
192 491 13000
656 710 29833
68 700 30414
263 615 15811
189 662 41037
401 707 20616
281 393 24597
25 173 58898
259 364 42426
275 565 25495
33 443 38013
303 549 66212
192 793 34886
613 757 23770
256 571 75153
392 425 46098
88 722 15297
52 218 46043
533 800 44777
69 405 19105
120 761 15556
156 364 35171
618 752 39115
328 585 24413
441 635 14142
199 801 36125
680 704 41773
104 286 22204
81 416 17029
382 571 19209
295 454 29069
283 376 53535
373 528 36401
634 724 30414
421 637 33061
195 609 35777
534 657 62225
149 578 31828
19 724 20616
32 647 53151
467 725 27659
409 745 39357
484 740 18385
304 324 19313
553 587 35903
236 249 37363
370 621 40249
446 628 25456
274 703 106621
387 582 51865
209 663 48260
558 600 51624
43 636 23345
660 802 57271
492 723 12530
497 507 43174
183 309 55973
89 372 31064
253 520 34828
243 244 18439
187 804 47434
153 246 19647
20 290 15000
155 344 28231
175 436 45188
579 699 10770
177 811 11180
490 587 45310
81 646 76942
186 477 21633
147 340 17493
409 534 72069
102 247 20248
539 752 46519
6 44 16643
458 681 27731
430 711 37802
80 766 13601
276 376 57983
485 677 49031
533 656 13342
308 685 18028
167 218 26019
432 614 32016
294 577 42426
405 784 13038
340 595 15232
633 730 38601
655 765 23601
211 584 25554
127 697 27731
318 592 29530
272 795 30871
403 811 41976
55 126 47096
607 745 42953
358 630 15232
8 116 46400
196 319 67052
260 360 43105
114 216 50774
151 296 16553
426 573 32062
631 704 24352
61 212 27586
236 689 18028
182 587 31064
165 668 27074
553 705 31575
97 471 35341
391 610 23259
233 771 34205
119 364 39598
481 716 18601
374 730 19698
569 589 25080
364 407 64475
577 624 39051
43 764 12207
405 511 13601
447 801 64498
111 463 26907
157 803 29698
245 400 36056
220 361 39408
104 624 17889
42 63 30480
284 718 12083
177 653 55579
29 688 45177
76 178 29120
31 430 36235
297 709 13892
338 741 57983
8 631 17088
464 483 54083
342 652 15811
760 806 30594
394 558 54745
406 471 41146
476 649 37054
135 389 26926
116 730 34670
57 743 17692
473 523 47011
450 612 30414
417 756 74465
266 325 28284
153 815 11180
348 597 51788
700 776 41400
152 745 23259
233 463 39812
343 681 25612
44 802 45541
564 597 30463
434 806 24187
119 439 27295
247 773 65765
38 91 34132
6 724 19416
215 759 17029
314 525 20616
465 527 72450
433 643 28018
188 244 32894
355 669 50961
12 636 11045
5 274 37014
105 510 20248
188 812 37000
328 786 29833
49 751 31780
490 695 26926
251 674 39962
253 606 22361
452 726 15620
251 782 21378
47 562 11662
91 534 38053
209 770 32558
206 642 21932
668 772 28862
24 179 36497
428 608 41881
183 447 38949
370 462 45222
141 807 32062
135 399 34409
452 658 19849
54 303 45222
36 316 18358
222 535 26000
499 544 28302
44 168 23770
266 320 45706
162 641 34482
346 366 49659
200 255 20591
102 644 44688
160 406 81302
66 404 40804
323 366 38588
399 792 52802
58 767 13000
424 556 20224
125 764 26173
275 698 166012
106 672 28844
416 683 24413
65 470 11662
129 801 42154
218 314 25298
108 420 14142
431 779 30414
173 537 24759
98 209 10630
58 355 10817
156 225 49396
265 525 11045
203 238 25020
591 788 22023
210 449 24187
211 429 15524
353 355 23195
8 654 66287
280 502 41304
146 608 22672
433 510 23345
246 795 29732
368 649 12806
142 649 49679
211 361 17000
31 702 14142
288 800 18248
597 617 56648
35 63 28160
522 781 18868
461 704 32757
227 812 23770
457 762 23087
665 676 44181
640 673 32558
124 299 25000
584 744 52839
108 138 14142
5 140 52953
671 698 204824
335 706 15133
45 197 53263
313 563 10440
598 641 65513
64 386 30414
480 773 26077
14 483 33061
50 483 21095
86 686 26870
67 147 60440
240 775 17464
101 559 59666
201 473 41000
261 398 14142
413 490 16279
536 696 18358
146 573 25239
708 719 28302
97 541 54918
23 262 27659
68 148 29275
174 517 31385
94 627 19849
112 174 41725
7 8 37162
17 747 42521
68 99 19849
262 738 18248
359 604 51971
36 345 41231
584 808 38118
612 735 22561
125 292 211603
11 792 48010
472 740 38471
493 672 28284
279 367 13153
231 515 10630
60 732 26683
218 265 30480
350 504 20248
269 587 26627
70 542 51108
536 541 49649
280 604 45310
193 616 37483
561 767 49041
344 392 15556
242 663 26000
67 176 50990
161 513 27019
319 665 34000
20 30 62008
37 519 38079
79 344 29120
347 812 17088
426 462 26420
115 726 51108
95 603 18028
125 623 169434
1 546 30480
26 166 23324
239 240 22361
453 692 18868
213 568 29833
264 783 36000
140 258 41761
520 602 34000
1 552 35057
606 793 29155
19 758 12649
41 511 53712
296 688 53600
542 572 41976
52 219 23087
416 655 11000
46 628 34205
138 604 51000
39 92 11045
72 746 53460
247 581 43105
70 323 14765
16 737 22561
227 581 31828
343 458 33242
323 378 28284
412 754 12806
585 739 33015
645 776 27857
369 813 28160
632 812 26249
279 782 15000
267 377 26077
25 456 51662
414 665 62201
264 495 29155
466 514 55471
53 747 28284
385 759 30529
549 734 50090
73 789 70711
163 352 29017
117 181 13454
36 279 36878
225 407 27019
200 757 29155
129 575 12042
56 332 55218
2 220 22825
193 775 33615
685 789 35014
153 223 25632
261 336 44283
413 482 24352
333 769 48042
117 512 19849
695 705 24698
291 327 12000
199 693 29411
669 673 40608
331 414 41110
60 152 31321
246 380 35468
94 410 35440
82 762 15264
530 780 21213
356 468 48010
288 356 29547
333 805 57428
299 590 16031
160 243 50010
50 266 10296
362 393 19647
106 219 24739
602 793 33541
70 375 55227
348 634 66272
214 223 15000
89 526 41677
263 739 32757
124 547 34015
468 656 18385
166 571 25495
283 486 14213
20 128 19416
199 257 70178
516 592 18601
103 616 37121
197 435 29967
137 335 60531
168 502 19313
2 547 37736
26 571 28178
511 784 21190
290 291 47802
247 415 44147
338 732 19723
171 598 35014
451 718 25495
396 728 36069
148 810 43863
682 709 55036
230 663 34928
219 649 44721
342 808 35128
429 808 23259
62 600 24839
518 625 26907
257 542 75000
40 348 53339
416 478 29120
369 610 29732
316 456 23409
149 626 48104
2 554 52811
99 763 25318
178 727 76531
132 643 18111
251 372 46141
110 621 24839
65 576 26926
320 341 40361
395 574 28178
248 391 18682
117 664 29732
371 777 69814
600 713 48083
34 679 22847
175 743 64537
174 220 49092
228 509 43863
379 408 10817
149 599 21840
436 743 30017
92 540 74324
351 455 40792
384 794 44204
138 716 51196
118 783 25239
176 390 42544
648 772 13601
227 632 23195
167 753 16155
260 375 21024
203 434 29000
636 679 60828
361 485 48549
317 779 28178
573 608 29275
364 439 24021
627 790 12649
186 718 24187
171 736 12530
196 796 79649
440 771 39925
417 533 41231
366 572 39205
186 284 13153
277 321 21213
324 364 59203
748 772 13038
34 786 17029
437 700 20616
158 286 25239
169 427 34525
310 423 12649
596 801 26571
157 459 38471
560 791 42059
47 500 24739
61 320 24413
77 135 32016
255 698 32140
82 230 54571
62 633 46390
289 675 28071
363 456 28320
7 497 49092
482 564 19723
6 758 13038
137 427 17117
195 742 39459
540 671 45354
226 495 13601
84 297 30364
93 579 33615
40 45 49204
699 815 18385
109 622 19313
95 205 35384
375 733 12042
307 424 16125
138 420 25298
268 694 20000
382 547 26571
47 625 50636
3 620 17117
132 468 17205
216 547 32558
83 345 18868
126 280 71028
299 403 17889
305 446 16643
594 674 33541
516 624 18868
106 576 21378
15 466 42202
347 503 29000
700 810 18439
627 796 32249
334 722 15264
37 144 27459
692 731 40012
735 791 51420
9 588 14142
170 331 13892
91 544 25318
36 594 12728
264 552 30414
118 780 52802
90 721 17464
260 378 25495
21 474 32802
165 221 25807
121 547 25000
661 687 41617
123 288 17000
444 530 15524
385 787 15524
138 660 30463
559 562 33838
339 374 51157
384 499 25000
23 32 41773
214 574 25495
775 790 32650
199 575 62936
181 619 30480
297 661 28071
145 697 39699
291 434 37336
275 607 175283
7 609 23195
419 799 14318
298 678 14318
748 750 43829
232 578 23854
33 309 10050
589 794 45607
32 611 38118
481 633 54708
85 683 10440
535 650 50804
154 467 32558
110 750 24698
587 705 48600
119 732 30414
258 703 99247
328 489 30463
86 766 19416
66 720 43417
271 687 25000
485 641 25239
10 131 23770
614 787 30806
272 593 30265
261 271 38419
163 755 43417
305 391 77885
322 799 23345
303 714 32000
538 589 65437
539 719 36674
77 415 32573
122 647 29155
26 728 172722
401 699 30017
158 624 37336
221 772 43658
64 241 40497
13 467 50090
717 769 16763
22 746 34886
480 714 27459
444 780 24759
85 190 30083
488 741 31145
37 272 25298
430 702 27514
167 515 20396
373 684 25000
601 736 17117
185 335 25080
25 363 43186
473 561 59076
292 498 125363
250 737 13454
189 664 43046
97 696 54626
510 622 27731
69 381 30871
678 755 24083
305 749 20000
522 567 45354
543 679 37483
56 441 47074
133 229 56604
97 118 53151
747 814 91137
78 345 57428
121 124 37577
417 799 21213
425 778 23324
592 767 42544
134 403 25456
311 768 21213
371 640 78090
278 354 33242
505 555 24739
222 568 16031
423 646 40000
502 660 17493
132 605 34655
369 785 34482
30 39 25710
676 727 56436
397 666 60299
123 555 39051
376 486 59464
18 388 17000
9 628 25000
84 139 13928
163 678 48466
331 803 15524
495 552 11180
136 342 35384
489 585 16125
248 813 24597
161 574 58052
101 557 17464
582 754 38210
245 449 40311
207 458 59481
13 638 40000
94 796 34438
102 243 44911
392 418 52345
127 145 14866
347 632 26019
500 559 27074
13 15 48083
18 431 46957
289 691 28844
494 567 42802
232 599 22204
10 64 45891
14 266 24166
130 612 18868
42 631 35341
4 615 45618
326 614 53075
241 521 22023
238 582 28071
17 475 26420
144 422 36056
724 758 13892
120 709 30610
333 555 34655
154 296 44102
360 378 37736
389 642 50220
185 608 31145
626 725 23707
191 560 33136
270 775 30083
175 729 59666
203 582 38184
156 439 38079
142 268 34482
29 190 32202
200 698 30414
28 591 30017
492 554 27459
93 699 35128
229 431 23854
456 594 17464
204 564 27785
455 461 65123
368 486 11045
179 269 29833
531 667 21190
82 457 15232
131 521 23707
182 197 17029
301 595 11180
267 321 43382
92 671 80231
445 593 50249
551 729 29732
199 596 38897
670 763 38949
53 140 52154
435 597 16155
428 720 22136
65 649 40000
491 723 39051
60 607 50448
330 740 67067
536 725 56586
111 233 32202
49 398 43932
619 658 22472
71 644 37590
337 464 27295
107 712 21471
477 718 24187
221 505 38910
528 739 47043
394 441 48260
78 363 19105
114 653 65115
34 643 44654
238 290 26420
701 792 28862
637 798 34409
250 444 34540
202 586 34015
195 680 50249
248 814 42059
561 624 53339
144 430 42107
14 50 19849
326 532 41231
514 651 65552
312 493 20025
415 577 40000
428 762 31000
466 763 31145
338 365 33377
96 781 34482
307 556 16279
15 149 19235
143 421 37336
402 623 64031
465 565 27166
349 575 17263
10 22 26077
459 765 23707
57 460 12649
79 155 24759
256 257 97124
742 770 47000
480 580 37336
115 188 24083
572 693 33422
353 371 55946
448 790 26476
3 184 84504
402 788 53339
164 206 30232
205 329 39000
774 804 32757
204 245 35903
29 659 51088
546 783 50210
24 501 40817
27 228 43966
212 266 48270
177 236 19313
470 476 16031
113 289 33734
111 295 30414
281 362 28160
669 761 27586
58 353 16643
11 701 36688
503 726 25298
334 546 34540
358 474 21633
193 760 22847
519 583 30610
425 121
99 559
148 853
368 981
571 34
690 637
601 771
616 805
308 59
644 173
367 235
413 984
462 383
775 324
416 397
458 93
509 46
813 842
679 614
810 329
446 82
670 171
731 895
607 411
813 199
14 601
315 722
627 884
567 294
811 267
197 783
690 903
213 328
421 910
666 860
755 173
199 769
801 717
817 242
617 567
637 917
615 843
431 989
681 651
578 537
366 68
524 535
295 716
190 469
762 339
920 325
348 631
557 34
211 253
751 518
736 800
196 149
288 419
359 34
925 685
722 306
668 748
638 863
653 128
330 584
594 670
701 284
436 455
703 912
61 308
379 231
679 255
984 517
385 653
264 929
543 361
334 302
786 148
453 526
830 800
601 227
532 683
713 151
354 540
573 236
837 773
689 160
360 131
691 247
925 387
804 751
818 231
269 829
782 446
577 199
293 949
448 242
507 770
423 440
800 150
583 463
312 242
884 417
352 354
459 920
374 602
896 638
762 652
510 943
485 679
68 685
197 603
406 517
154 612
250 153
644 768
150 246
459 190
877 658
313 505
99 606
679 871
445 801
65 622
467 993
704 515
495 413
829 325
146 425
695 77
653 195
464 875
781 802
114 652
333 270
103 446
646 642
748 654
349 527
561 86
498 57
268 584
541 395
172 764
509 418
536 641
748 246
407 451
413 378
683 327
550 349
916 715
243 776
491 339
471 543
815 639
636 314
349 327
577 440
353 197
250 721
236 577
436 649
395 340
423 748
34 613
395 659
704 645
669 674
673 343
219 693
150 164
851 154
168 573
232 95
751 274
147 648
571 369
601 447
203 178
159 256
625 485
175 360
227 883
584 659
919 284
616 125
268 169
128 181
581 265
791 139
50 458
855 427
716 345
594 800
717 477
612 496
353 581
94 389
967 379
243 361
163 718
846 350
706 491
603 175
412 315
565 154
128 261
514 762
766 536
151 530
742 287
851 509
276 779
893 556
111 585
807 124
394 633
350 608
119 570
402 733
875 474
267 767
827 516
769 621
469 142
274 229
357 735
751 850
519 736
423 670
370 369
94 666
333 798
508 103
140 666
581 927
845 325
839 460
817 456
631 162
477 698
303 198
299 180
741 483
238 795
293 249
409 29
176 676
471 108
731 181
899 801
104 507
380 892
957 397
7 520
35 427
601 74
879 600
111 290
233 508
737 868
332 946
438 140
417 613
753 334
461 14
298 567
608 476
796 451
263 532
223 777
930 431
600 11
987 566
246 662
483 74
90 748
719 165
706 586
357 650
85 236
324 648
906 282
509 315
370 341
99 254
428 801
373 524
822 338
809 384
677 967
551 249
285 318
73 655
535 342
325 531
467 598
80 642
943 405
782 223
44 599
174 279
883 580
329 32
856 524
288 889
933 421
212 318
641 283
519 223
342 573
505 256
386 609
462 59
771 164
817 872
351 367
697 413
708 326
480 53
397 785
68 321
865 573
733 354
922 476
809 396
403 952
567 190
533 875
661 350
704 845
468 786
370 154
586 634
252 548
715 363
916 669
641 680
757 231
681 296
129 470
529 69
445 554
729 141
93 333
252 200
663 540
155 431
143 804
504 858
435 678
274 428
114 771
297 425
455 813
885 739
408 68
774 558
108 333
151 547
349 677
784 167
849 630
911 636
48 354
706 167
314 626
403 43
465 642
223 405
708 221
395 870
645 731
102 271
295 693
459 40
88 301
271 321
251 828
716 940
54 600
268 350
778 728
850 541
632 106
922 340
821 857
343 295
788 253
404 11
434 543
368 672
719 794
306 735
111 784
508 591
223 498
353 242
775 495
296 793
571 973
96 634
633 658
690 926
434 190
790 604
262 315
877 690
772 480
722 917
855 285
676 459
700 363
303 292
590 240
390 829
428 595
380 814
772 662
536 432
152 794
645 295
302 881
415 501
525 629
663 640
576 691
147 515
169 806
771 863
882 544
462 896
846 379
639 483
213 136
452 497
730 857
850 654
106 724
746 754
114 495
191 359
484 140
193 704
315 41
194 394
794 393
769 512
699 120
870 292
214 209
380 718
54 677
544 866
763 186
538 669
538 101
630 276
208 153
609 862
502 616
86 705
728 387
965 534
406 438
459 333
454 861
240 693
320 578
416 227
538 972
234 401
426 56
532 59
304 579
907 266
582 212
519 639
233 274
726 719
699 467
773 357
563 955
192 573
315 637
770 895
926 625
391 980
665 471
45 470
54 515
362 574
310 954
465 129
780 385
598 722
781 897
785 752
518 511
572 390
711 627
232 221
124 811
419 768
265 866
556 732
929 462
327 767
478 913
686 939
163 231
251 694
380 389
415 663
326 378
156 602
456 507
166 750
82 534
632 184
292 909
257 360
597 654
406 614
727 226
940 466
366 892
899 439
480 155
525 275
882 466
428 845
842 753
851 484
482 273
833 137
846 664
297 143
886 261
438 296
35 352
468 946
800 776
581 337
402 141
79 591
262 622
146 339
189 442
310 87
460 119
631 419
49 542
443 762
299 901
566 459
728 740
545 509
794 106
283 368
534 541
508 266
682 477
962 561
266 694
336 920
874 490
793 680
770 313
39 588
44 393
557 627
293 760
138 434
353 598
327 324
390 356
256 798
228 237
296 206
873 323
142 731
164 508
383 966
177 687
623 454
294 61
795 705
64 643
612 910
337 393
219 747
746 182
771 225
121 361
654 489
220 658
392 372
684 767
232 716
66 504
562 209
748 603
488 900
108 485
937 734
553 656
578 768
383 21
693 865
685 93
933 346
883 512
327 961
881 454
674 542
360 90
182 236
165 851
501 660
503 925
635 971
336 362
474 527
430 333
795 431
333 59
108 736
394 74
600 811
251 226
674 702
657 606
760 752
414 973
538 465
486 351
595 211
236 482
206 594
392 306
446 873
346 213
480 426
669 263
650 868
454 726
306 616
801 493
356 450
120 483
202 656
671 842
590 251
441 848
886 797
201 224
570 345
720 642
297 533
100 211
487 722
130 224
663 413
568 597
545 268
450 746
283 474
446 449
897 217
390 578
258 506
752 215
371 496
619 409
240 563
454 604
442 919
551 826
513 89
335 469
570 226
395 845
951 420
818 792
263 557
522 290
141 684
308 819
389 500
370 734
70 372
310 551
675 446
498 264
483 388
989 400
266 794
457 477
402 246
195 797
698 53
592 834
662 425
571 636
312 780
337 95
337 524
422 871
146 836
906 619
698 813
206 279
264 304
737 704
471 722
895 287
313 110
583 712
921 370
357 146
43 509
671 633
441 312
224 197
647 360
86 758
290 109
663 739
369 774
899 679
114 272
124 294
707 98
230 699
480 98
740 886
364 939
556 938
957 628
555 794
183 137
210 534
895 725
686 202
537 14
444 705
345 44
464 666
183 500
339 123
410 653
847 295
430 606
318 848
956 352
683 626
876 557
864 406
302 494
545 691
427 415
441 996
609 265
841 792
300 414
540 220
466 738
508 794
121 687
443 718
247 296
609 145
824 440
490 452
266 460
395 489
792 885
501 158
276 919
710 177
438 176
679 919
370 33
410 923
865 537
598 927
950 455
799 419
757 86
395 274
81 474
751 693
210 805
767 415
844 807
518 437
393 808
410 804
130 386
696 694
657 335
577 152
501 833
834 400
496 89
126 505
407 273
439 481
137 643
268 206
431 40
446 9
253 781
