852 1784 9 351
334 449 37121
217 240 37696
132 398 91395
719 843 43046
238 271 30463
62 806 44407
412 829 49163
422 851 26306
93 736 45277
151 165 39699
256 852 31048
93 189 37643
145 268 104120
421 476 28284
392 569 28862
557 766 18028
334 777 45011
369 617 29155
422 852 40361
67 250 25554
70 383 18868
367 533 20616
35 287 52154
561 600 43417
436 739 31401
200 703 45891
775 777 43863
125 333 37696
377 500 50090
33 777 28320
90 692 28653
137 264 29155
609 650 18682
427 795 50249
135 584 35468
716 764 28284
103 723 19647
77 254 25710
192 528 48508
390 578 40817
172 568 22000
196 707 27785
335 447 61685
431 757 30067
438 609 19416
343 553 14866
682 801 17464
13 842 38053
302 718 30806
533 596 66272
247 471 37202
72 730 25942
171 627 12649
70 273 25807
211 698 45255
57 480 22847
49 51 49820
362 784 23022
224 374 68007
64 661 20100
52 541 18788
635 728 27000
24 763 26420
89 401 20616
2 236 41773
168 192 13892
100 737 22361
242 733 29206
174 829 40853
70 452 39925
320 625 63135
97 788 40249
315 512 35355
161 577 36878
563 635 21378
198 219 35228
332 538 16279
168 813 57280
382 842 13416
70 586 43417
330 429 39319
24 773 60083
630 635 56613
453 477 29530
49 390 21378
205 713 33941
63 384 48270
416 822 23345
95 615 43829
579 753 11180
550 760 20000
533 577 14318
326 336 42379
229 636 16279
515 565 39560
636 655 38601
458 610 46239
261 500 31623
277 498 36235
105 136 34059
51 769 75060
98 379 18974
615 789 29967
62 190 25298
392 747 50636
141 663 22804
460 706 26870
158 690 36401
92 488 20248
334 775 34438
317 489 39825
152 534 12083
214 291 32202
17 340 29069
90 491 40050
55 369 42012
38 777 30000
56 70 37643
17 502 12207
31 650 12806
278 763 40000
123 790 24413
176 312 24042
78 561 22204
755 808 43932
505 834 56080
130 737 29682
310 462 42720
267 531 27659
276 547 48052
154 786 23259
315 625 25080
204 832 50000
549 553 15000
401 812 12649
159 326 26019
22 379 37855
551 667 31016
180 688 44911
338 550 13342
364 798 42297
86 745 44102
364 725 52773
123 597 10817
122 501 59775
97 365 23409
396 823 53907
227 412 32558
36 558 55785
36 381 42107
159 508 12166
16 687 18439
342 489 15620
426 428 14318
160 804 19105
94 693 25962
18 836 32650
481 824 49193
100 247 10817
196 613 52498
68 586 37336
148 447 60745
629 799 57428
3 495 10630
50 140 42154
337 808 23022
539 787 12042
494 535 30232
459 741 28653
35 639 52431
513 754 22361
243 823 37014
21 736 44385
514 663 18439
394 600 57385
108 206 90697
32 197 46573
303 374 11705
439 674 75664
236 837 41012
320 543 10440
85 293 28160
296 374 26019
116 823 52839
137 711 54708
235 414 41012
56 499 46325
137 328 38419
236 456 29411
182 723 47539
639 715 12728
581 599 34928
307 318 12042
699 700 50804
557 772 15000
135 295 21213
571 574 21260
43 91 49244
153 820 21378
409 710 17804
378 675 39051
15 254 34176
731 843 28018
664 744 24187
29 324 31016
435 831 58694
156 305 18385
246 254 28178
367 577 16125
358 715 50961
47 229 27785
260 713 46325
487 542 19416
331 731 33734
35 173 50606
328 474 58523
16 211 36878
641 693 47381
430 435 10817
271 360 47202
109 824 42720
429 608 13928
140 370 30083
201 297 13000
249 666 39205
517 708 18682
344 840 42202
207 352 46840
257 463 40608
341 350 39319
21 189 14036
134 493 64498
87 293 33242
180 350 34482
481 498 25298
144 830 16031
160 285 35057
332 649 16553
309 693 47424
142 447 71568
203 682 15264
194 661 14142
330 353 31385
201 688 39319
236 441 40497
301 373 34655
22 549 17464
513 558 27586
103 645 35735
256 386 33422
189 257 37108
163 555 21932
46 483 116181
44 399 15524
111 169 26173
353 507 24413
501 527 15297
449 473 15524
133 663 16155
143 507 28636
583 811 54342
286 361 21541
503 510 10630
422 777 31780
680 765 43382
329 345 28018
159 638 54589
50 844 49396
14 352 43186
28 756 16155
462 559 70264
362 848 33242
210 671 33106
202 799 22847
789 792 19105
420 432 50537
248 743 27893
687 698 56886
322 764 19849
575 815 16553
385 774 16492
265 530 64661
149 180 41725
98 244 53151
15 610 41437
177 359 13153
124 486 37577
239 432 42720
529 801 31575
418 672 10630
542 747 52469
36 125 19416
498 824 52038
233 647 15000
317 619 22672
30 494 44777
237 625 52612
523 644 17464
96 140 61131
266 600 48260
387 663 17263
291 831 49820
153 154 48508
389 615 33541
208 288 57245
472 677 47413
132 190 75690
597 702 15264
222 795 46519
507 608 29275
538 708 14318
381 410 50774
21 535 56036
312 607 27295
235 308 21095
309 750 44777
310 600 22561
471 786 37947
106 484 35735
140 437 45000
28 240 57009
122 621 48508
389 620 72719
56 199 182036
228 622 21190
484 706 31305
164 368 27203
570 840 43174
127 248 50537
216 797 57201
31 33 12806
220 447 36069
452 546 44385
38 88 44911
358 417 19723
464 821 70803
760 779 48301
206 564 21954
376 717 42450
293 521 38118
169 390 53038
784 828 22847
134 397 58034
372 659 43417
34 96 47634
99 647 17029
58 576 23707
296 782 39051
48 731 37054
420 635 39850
457 717 30414
37 267 14036
427 837 23087
216 322 34540
386 706 51157
88 805 42190
12 342 38210
147 346 19026
327 830 56859
225 484 18868
197 416 48301
71 291 47096
261 464 65460
22 330 41761
234 304 11180
706 758 20100
357 656 29000
184 483 58189
31 777 30364
616 746 26077
63 241 14142
504 788 45222
107 694 36620
185 404 57454
244 479 42953
395 583 44418
475 721 23345
69 122 43012
800 820 41437
344 509 28636
423 819 27019
186 716 47508
353 608 20125
128 285 23087
202 438 23087
229 439 35847
235 706 35511
772 844 60208
154 776 51740
331 640 15133
367 802 19105
250 784 33541
127 491 14318
599 658 37590
78 198 23195
747 759 13342
131 415 33242
293 815 18439
227 607 21932
573 781 31016
224 451 30017
491 592 41195
465 705 20616
305 388 18028
499 515 20125
276 659 46043
245 545 21095
57 408 36401
217 674 11662
224 641 21095
53 380 43012
183 518 17000
126 221 21954
305 799 27459
225 492 22672
769 774 33121
87 729 47434
574 587 37855
187 398 17263
66 581 51430
222 737 36620
79 271 34482
59 217 66098
68 651 24083
427 455 40249
74 658 67897
53 304 104938
101 480 35693
360 823 61294
734 779 15811
180 757 50249
68 253 35384
65 701 34205
276 699 31321
169 443 55785
152 266 12806
476 631 30610
180 201 14866
89 412 28636
677 759 15556
14 803 49649
235 386 31145
36 410 42720
272 825 81413
250 525 32757
485 572 37802
32 569 39962
113 636 45804
102 725 57983
200 832 41012
165 633 22847
115 571 35805
566 622 34785
178 279 30676
389 416 32311
276 778 16492
575 676 11180
464 631 39825
374 726 33734
181 531 23087
409 681 18601
724 767 40719
552 773 55973
611 739 20396
319 374 67602
477 646 22804
471 837 41012
615 620 47676
155 722 23707
271 566 31623
14 691 25060
237 269 40112
759 780 12000
79 466 23087
574 667 45255
142 335 29547
126 612 32757
339 564 17804
225 724 23770
450 656 42048
352 669 38079
404 437 37014
596 720 31906
110 803 32894
116 340 23087
171 524 29614
147 282 39408
545 766 21587
355 777 43081
141 271 29411
9 423 13601
41 805 25080
215 507 18028
69 830 61327
366 643 36674
404 654 25554
158 554 31780
238 466 12000
229 469 26019
198 562 24207
87 521 24413
25 460 21260
298 390 46325
129 435 32650
200 279 17493
55 617 37483
270 599 23431
530 761 15000
294 423 49163
61 324 60836
163 844 14213
174 689 67535
32 820 22204
398 413 67268
209 404 52000
287 323 46271
409 603 20881
622 834 36069
288 440 14318
384 628 50120
289 747 49659
436 825 40311
159 405 77698
240 674 29275
420 686 32696
588 697 90050
121 216 34015
384 439 29069
184 744 21213
215 724 42048
300 843 12649
424 748 37947
19 397 42426
547 659 12042
421 631 15524
86 380 54589
357 852 40000
149 350 19235
400 850 17804
287 417 39812
474 526 27893
86 176 27295
676 704 42048
4 255 31953
133 312 29017
1 474 44944
609 799 43681
42 191 12042
425 502 18601
349 719 33242
91 755 33121
35 243 52802
99 510 33541
75 153 22000
8 176 25495
482 845 13454
551 571 17720
224 319 131472
348 359 37121
657 662 50804
192 605 44407
635 686 54083
392 840 70605
381 817 26000
159 399 17088
633 695 15620
268 539 21840
323 652 39623
453 475 37696
1 679 14422
25 653 56080
685 746 15811
331 364 40608
2 471 34015
199 638 52953
193 242 37121
326 532 51865
145 259 19235
99 233 20025
451 693 50448
55 255 44553
250 410 21932
502 514 10817
682 742 53852
131 769 42521
481 540 38471
261 770 56036
69 621 13601
56 586 39825
164 307 57245
185 406 39962
74 682 51478
155 414 37736
283 848 33242
426 660 33136
458 657 27659
50 105 24739
464 598 67357
601 820 14560
350 583 48795
208 478 53141
271 622 47011
346 846 30480
522 849 49930
82 392 32527
122 657 55462
251 432 26019
604 813 66400
575 788 32650
204 711 42638
10 24 37643
209 220 66483
589 831 36056
219 562 24839
622 729 15811
347 395 48301
315 724 41629
588 752 46615
621 662 35805
385 769 25000
457 829 36878
298 511 43966
310 623 51245
448 594 37483
368 849 43417
1 328 74330
112 575 16553
202 722 21840
581 658 10050
473 805 21633
627 828 13038
545 741 11180
209 378 38210
313 531 42107
404 557 19849
309 598 54452
160 321 30067
580 828 19849
527 657 39357
256 357 16125
367 592 37483
604 605 20616
74 413 30480
121 797 60075
67 226 18868
499 541 18028
529 658 34525
559 755 81253
168 605 37483
96 531 50478
430 636 35355
245 741 13038
77 391 52000
113 655 27857
729 834 23259
340 798 20000
205 494 29614
384 660 14036
143 429 40706
478 488 49254
14 841 49336
310 559 53367
66 658 57428
516 645 37121
85 274 29833
104 580 54562
163 683 30000
281 773 56639
261 750 73007
174 812 39051
486 603 33302
462 705 28284
157 574 53666
637 699 21095
191 450 10817
201 371 39294
172 669 28302
466 823 52924
690 776 58052
44 326 10296
230 736 15297
118 712 43932
455 613 12000
755 848 75604
139 290 36878
20 378 28160
75 158 38588
538 649 20125
202 851 29069
444 755 60745
493 544 17088
291 738 25495
419 631 54203
365 788 44181
178 200 23601
10 566 41146
19 671 39217
25 758 13038
302 830 46098
698 704 27731
652 687 27295
517 805 15000
509 566 47854
95 453 35014
432 461 16279
66 95 27313
318 679 57489
99 134 41012
69 144 68600
584 819 38184
151 441 42450
270 646 13038
297 686 33541
306 552 30265
576 827 18788
234 260 23022
58 603 28071
243 403 34928
98 590 62968
156 606 31064
120 613 37483
554 601 17088
319 568 32249
270 581 32202
79 396 21024
505 704 28844
588 602 60745
46 637 45804
632 728 43186
162 460 13038
207 651 13601
261 821 23324
490 835 31145
670 765 25000
325 634 11000
596 625 30529
22 429 52479
80 367 26401
493 671 41593
501 528 27857
123 614 20248
89 380 27514
139 586 16000
148 799 71197
425 579 14318
415 511 81025
304 306 51400
110 296 34928
82 569 16763
129 810 35847
717 829 10050
675 760 21190
15 648 38118
537 756 33734
13 669 48384
638 703 20100
429 825 52498
83 833 25807
398 490 65215
4 467 27659
640 731 41340
603 710 34366
65 145 55543
30 497 51157
493 666 37443
123 203 29698
354 673 53451
61 470 67119
677 780 11045
403 798 48508
41 94 35000
188 680 25000
66 477 36222
201 239 39850
103 523 16125
692 808 35847
455 612 58694
64 194 27203
44 783 43186
148 810 39850
204 783 33526
363 567 43174
500 770 53852
388 606 15033
626 738 16279
112 788 26077
205 230 37802
11 53 26627
584 678 43012
236 427 41049
43 283 22561
521 570 24352
15 121 54708
182 516 45044
597 614 22825
389 792 27785
308 804 30414
276 681 26077
108 182 45222
109 406 40804
18 483 52173
113 831 48166
147 333 17117
488 561 66708
246 354 17720
440 446 31257
166 808 35440
794 814 11180
231 763 72615
213 710 18439
231 278 68066
187 519 16031
412 457 29000
387 556 17117
646 675 45607
65 809 29411
326 399 11180
702 790 13342
555 741 44643
383 541 13038
32 158 42485
154 506 41231
291 626 20616
52 56 22091
249 405 33377
222 587 10440
83 95 21213
37 207 43290
237 739 61033
90 248 35057
518 647 40497
352 803 19849
294 548 21954
283 755 57489
240 428 71169
298 516 26077
266 400 35609
252 632 37577
258 681 25495
277 351 10817
104 268 41437
114 504 12530
370 393 33287
287 823 43566
80 592 39699
362 627 29155
23 598 60299
244 324 28636
722 851 32527
141 642 30871
102 364 51196
196 838 44102
87 834 56080
165 836 30017
355 775 16125
680 776 54037
190 398 86163
107 345 45398
618 667 14866
8 412 20248
434 808 47170
648 718 10198
221 612 22204
212 408 21587
385 524 30594
109 363 24515
54 714 19235
531 793 24042
514 753 20224
211 440 18385
286 346 24042
287 358 28425
106 492 13892
371 688 15033
115 124 25495
398 835 50488
518 806 46098
81 496 17464
370 567 37336
209 733 29155
71 616 11180
94 517 33302
494 497 24166
578 769 53339
184 664 20125
340 364 36620
263 306 54708
49 643 23022
188 765 23601
436 845 41725
314 632 33242
296 568 38013
330 608 38471
205 727 44721
275 699 42953
226 828 36497
665 836 58796
271 556 35355
314 392 52887
345 468 12207
255 522 54083
74 620 80411
87 344 45651
332 841 33242
209 766 56294
299 657 40200
244 343 52086
156 495 65031
255 536 39925
72 135 15033
389 618 49000
73 178 12207
164 536 10440
77 610 40050
85 114 11705
495 628 25080
279 711 28320
108 751 17889
718 797 28862
29 634 25239
305 606 14866
133 573 30000
75 776 13928
461 833 27295
508 638 48083
649 735 44922
299 610 10817
375 705 38210
61 421 12083
5 420 44294
273 452 42190
75 601 15652
374 451 42379
86 89 41340
264 280 26401
117 783 27019
221 778 15033
399 783 38626
478 561 48042
332 782 49649
487 615 23770
738 847 20881
150 728 32311
577 628 43174
377 839 16643
653 767 47096
444 712 11402
79 556 26401
175 335 32527
454 788 50329
74 816 18000
138 671 39357
221 258 20000
627 784 18868
472 615 38013
413 742 39661
35 424 30806
186 764 32140
713 727 37736
96 313 25000
602 697 49204
260 380 161793
496 512 18682
38 334 28320
270 477 29833
26 217 58189
136 844 34000
131 167 43463
260 497 104139
668 839 65008
158 776 43278
212 292 14142
120 707 16643
582 762 24413
411 737 13454
356 549 44922
376 579 37216
397 503 49396
102 843 27803
179 804 32650
525 784 18385
45 161 14318
795 827 18385
132 518 89185
193 779 25807
162 706 32311
206 751 73007
540 762 14866
214 432 40162
176 607 20025
118 166 59397
107 171 21024
198 347 51614
93 480 34986
49 578 39000
428 802 47297
165 838 20881
543 611 11402
325 476 14866
37 651 42953
439 660 16971
262 735 48042
34 683 35228
238 360 26000
8 86 16401
286 787 15297
548 588 50774
35 731 48052
124 587 30806
356 709 28018
57 727 25554
193 447 21401
188 278 29000
29 668 42012
345 694 21213
60 200 46615
342 665 33015
212 306 27659
273 522 26627
540 614 27203
624 670 25495
186 381 22561
166 337 22847
166 712 33015
548 602 26000
251 833 40262
150 274 23770
215 625 54148
80 491 31953
186 434 55036
552 745 51662
771 811 14000
201 616 43566
309 641 39850
416 591 31575
411 714 13416
745 781 26420
29 325 21213
644 751 39825
407 562 32249
417 850 17263
17 556 22204
425 753 20248
173 715 27459
12 535 33956
294 819 53226
251 780 32573
183 647 30017
329 559 48094
130 222 37336
375 465 32016
76 246 39812
241 384 45100
442 602 28636
121 354 24597
195 587 25318
330 767 39294
373 764 34059
138 316 51088
26 811 28636
59 395 61847
34 691 26571
207 669 56604
129 430 29000
64 771 16279
448 717 10050
193 589 39825
15 77 45222
438 650 16125
492 512 23537
226 250 12369
242 779 18439
203 791 19647
376 425 35355
485 785 25080
506 820 43863
70 253 29069
4 307 56294
60 703 27074
299 458 41049
328 806 40224
800 822 33242
108 723 26173
303 319 56223
83 475 27295
137 204 21471
153 506 29411
111 443 48836
234 408 34176
277 582 32650
144 311 26077
407 478 36125
334 749 11000
155 321 39205
307 520 61555
23 656 50448
344 690 45453
486 732 41677
102 331 20591
51 375 13038
487 789 20125
52 70 31064
42 656 50912
237 391 59816
544 671 31145
218 738 27857
351 599 38079
329 848 43139
39 689 55606
230 727 20518
396 807 29206
509 763 68600
76 673 11402
57 93 28460
418 678 31828
157 232 52773
561 696 36139
33 650 16000
489 665 26420
189 463 16492
598 821 63388
101 281 12207
208 407 50329
182 645 19209
293 740 40804
360 834 44147
78 562 17889
144 846 26571
576 732 33015
406 824 27019
104 754 31828
386 470 37363
356 813 143694
44 336 41881
441 838 12728
341 431 23195
630 757 30000
323 687 25000
470 590 14000
282 716 33422
675 733 22023
510 518 55326
518 672 81345
213 423 30000
258 603 30529
220 335 34928
7 703 43417
444 559 69340
46 700 19799
354 592 34132
208 365 33526
76 77 23022
454 630 31385
24 573 52612
97 119 25080
133 781 34670
13 68 25807
622 796 15652
742 816 35014
3 826 13038
210 666 36056
132 730 19235
168 445 50000
372 710 49254
67 558 34828
126 276 18439
36 361 51352
749 775 40460
555 844 24515
684 820 11045
325 421 22023
301 302 44181
197 569 34785
39 48 34234
448 719 44102
300 689 49477
337 712 31241
523 751 35341
328 790 38013
704 834 57628
338 626 16125
615 792 29614
10 509 39459
349 725 49244
148 156 57385
300 719 47381
87 796 42720
108 689 174917
307 567 14142
112 446 32016
168 269 23770
431 630 25060
143 608 33242
313 368 24739
85 740 27459
521 740 38626
491 537 40719
433 777 32311
265 665 39013
265 695 15620
589 810 52402
459 775 55785
158 569 55660
272 445 17263
356 553 51313
13 290 16125
329 468 30594
308 484 43081
614 791 24207
54 222 43566
314 570 28071
284 577 11402
341 402 22361
53 263 11000
395 402 48662
352 793 29120
477 581 21471
228 796 14765
478 696 17029
146 177 28178
128 496 34366
676 834 63032
635 757 54562
11 86 50448
357 433 28018
735 768 53009
677 747 14142
292 306 26249
434 743 50000
4 520 31623
231 680 39661
82 747 30887
403 640 13928
173 639 22804
61 98 86313
459 545 24207
178 617 16279
172 319 17088
693 726 47297
509 622 34176
337 755 47074
218 675 30594
133 642 15811
1 526 20248
446 788 22023
510 647 26249
732 795 24597
243 798 48260
495 826 14318
612 613 62650
40 48 19235
467 617 37443
264 518 33242
42 464 52154
467 679 22627
773 814 33242
126 778 10770
256 470 39000
564 644 51865
122 144 106621
566 642 46690
119 288 34928
355 459 53852
22 356 50090
292 408 29833
347 712 32450
209 242 28231
13 172 49820
7 515 65368
48 339 26926
769 809 18682
460 653 56824
275 637 41110
790 806 19416
118 395 41110
175 220 18601
121 246 16763
611 825 57871
68 452 33541
253 586 24698
708 735 34409
469 636 18601
36 817 22204
589 734 21587
385 809 26907
259 385 41183
220 242 62298
128 720 14318
358 850 21190
307 370 36139
223 443 46098
130 157 32249
519 551 21932
162 724 45000
284 596 61131
224 500 117098
301 797 14142
410 525 27203
126 699 26401
336 532 15297
328 518 42720
485 522 38288
328 702 31257
61 590 74061
481 567 53235
554 684 11402
379 479 33615
127 592 42048
456 837 15264
691 768 48836
232 471 42953
582 801 30017
75 554 13153
454 504 41400
300 731 33838
125 147 48270
277 529 21401
355 609 42720
585 701 28443
460 767 30150
65 415 51624
179 308 10050
15 718 36674
356 429 53226
273 565 26926
263 304 94048
327 648 18028
619 818 34000
233 280 20125
113 746 15264
92 152 17088
134 503 20000
340 807 26571
368 536 23087
397 493 30067
319 382 41881
326 405 68659
582 791 26926
605 813 64514
120 348 28284
73 572 28071
591 822 45453
245 766 24839
16 488 34525
507 724 36235
222 732 36892
372 602 36674
421 634 15232
177 196 30463
590 758 35228
316 671 15524
168 482 45486
231 344 58694
391 458 24042
473 749 41593
28 59 88769
308 706 32311
195 486 39319
21 265 74330
398 519 24839
669 803 34409
317 818 13038
551 618 27659
248 434 39217
216 301 52000
272 436 44147
104 513 18028
537 692 28443
5 759 29155
20 270 17205
714 837 22672
184 665 26401
445 845 16125
49 375 46519
212 794 41110
6 104 26019
355 629 42202
207 267 47927
161 495 25632
377 631 50160
147 716 50220
50 437 17088
672 678 33106
686 757 20591
339 748 22361
348 707 19105
286 333 28862
211 288 26926
397 672 21378
427 714 25000
427 456 15232
27 437 41037
9 486 38949
638 832 18000
137 280 20616
49 465 30083
79 807 17117
7 56 130782
76 254 31064
267 849 22472
240 756 50804
432 475 51430
550 734 49769
365 454 14318
226 784 38184
340 425 43012
349 843 18439
413 816 23087
142 629 13601
91 170 16125
260 408 45541
652 823 15000
15 797 16125
400 600 62008
573 642 19235
111 715 43463
140 393 10050
84 375 30414
173 443 54644
324 668 25080
91 186 53488
48 300 39699
30 205 26833
252 728 21932
278 680 49659
473 735 29155
609 629 24207
127 354 22825
458 528 43932
6 595 27803
248 322 56886
182 511 38288
489 744 34540
501 604 18868
546 849 47539
721 847 20248
386 590 43267
693 782 41437
227 579 19925
5 251 18682
63 156 37577
474 614 15620
169 394 24597
92 534 21587
185 363 15652
343 479 19849
624 765 20616
286 539 21932
165 695 23707
303 568 35000
128 826 26077
2 786 11180
218 646 42048
283 525 45343
97 288 48836
525 848 30150
237 320 51478
103 223 32757
226 580 24698
12 619 29732
85 815 16643
444 623 61984
43 410 45222
385 595 43566
366 394 23324
723 751 27074
255 369 21954
176 745 24000
551 835 33838
625 724 55317
399 508 18974
361 558 20224
318 540 52202
251 420 44102
520 536 21932
195 222 28636
463 765 34000
445 813 16763
645 723 41725
594 719 28601
762 791 31953
214 721 43046
580 754 52839
80 802 13928
475 847 24187
26 59 12207
372 442 30610
19 544 17088
40 564 30232
343 668 77666
148 241 30676
429 709 46325
282 373 28160
275 547 11705
48 424 25632
161 628 19799
107 774 39560
232 820 67067
37 849 11402
376 457 31385
289 542 28862
262 775 56719
157 587 57489
252 563 16279
416 789 35847
170 755 22204
530 670 10770
734 831 47011
187 571 23022
93 257 20000
105 844 36715
745 773 31145
232 247 20809
350 771 21024
533 673 79310
249 532 43290
211 687 48374
213 372 46840
572 785 33734
72 584 34059
428 577 45651
655 661 36056
291 338 14318
213 603 44418
526 679 19647
594 829 39000
38 449 30000
519 571 14318
249 316 70000
389 667 39294
114 575 26907
516 560 22804
117 832 23022
218 626 16401
106 285 35468
210 493 52173
28 166 21095
84 468 10050
234 306 41677
157 800 62801
378 406 22361
51 107 42544
117 508 38601
550 831 42297
251 461 18439
551 574 21213
351 529 20616
383 565 12042
18 146 41881
171 774 27586
443 560 56824
107 362 24739
1 711 38471
664 818 22804
688 746 13416
414 851 18111
101 814 46174
183 233 23707
110 332 36249
53 86 49980
378 599 41110
116 243 51865
377 476 30017
42 631 47854
89 829 49244
23 42 49729
125 817 15232
371 746 15811
96 691 40804
455 827 41437
87 228 47043
601 684 14765
539 558 32650
30 713 12000
244 379 51894
119 788 22825
239 297 33000
29 839 40608
294 602 21587
198 623 18788
272 356 121248
311 346 23770
614 762 28231
348 700 26019
345 362 49204
98 324 50804
591 667 23601
101 794 42107
397 418 13342
533 592 34928
167 769 45706
6 580 50040
296 303 24166
541 565 17692
274 728 22472
318 567 18028
262 749 37202
560 645 51088
73 200 26833
245 555 50010
151 761 40522
122 527 44598
517 735 33061
423 603 51078
146 359 37483
167 298 49336
170 283 46043
237 482 60440
3 128 23707
289 569 33302
599 824 22361
464 770 23770
655 685 19105
160 606 30083
298 578 46174
515 785 38601
327 718 13000
390 643 34828
313 370 52393
41 693 37537
530 624 19849
750 821 54571
593 802 22672
528 657 23770
24 281 24207
685 688 19235
129 469 15000
57 794 31064
115 574 43290
60 785 53263
243 287 29732
433 656 17088
501 605 30083
321 388 16643
47 217 48374
102 349 21378
377 419 31145
54 427 34482
28 808 37643
413 490 14422
45 720 25495
111 400 45277
459 555 47011
271 387 33000
380 401 18385
310 561 34176
443 715 50160
9 295 36401
277 599 40262
337 444 32894
68 290 19026
7 199 51624
555 775 56798
372 697 37121
198 444 53339
149 688 41785
80 593 12166
365 630 41231
192 269 17088
133 753 28601
12 494 12042
400 715 53000
39 40 21401
51 774 64475
20 599 28018
45 284 26173
295 398 61057
329 755 81345
580 595 33838
407 696 29682
709 825 14213
279 617 28425
419 500 19925
129 241 42755
51 578 68593
72 398 73348
743 808 47170
563 632 34828
175 459 36014
285 496 38184
96 136 53160
96 370 52631
2 761 45310
288 478 40804
301 322 36674
223 644 16125
530 633 58249
126 700 57706
584 730 33302
395 407 38013
179 235 14422
259 585 28178
502 556 25179
191 256 29017
41 517 28178
153 601 10630
65 585 32757
319 842 28601
526 540 37121
58 732 30594
311 846 11045
14 793 21378
181 267 34409
443 645 52773
266 417 36125
259 595 21401
131 809 35847
81 315 10296
34 768 45706
173 424 56356
100 411 11000
208 402 61465
508 783 30265
138 588 22472
36 333 45277
219 395 41231
39 300 22361
223 748 31385
436 482 44294
428 628 32062
81 128 37202
150 504 12530
88 598 42638
268 787 33734
156 384 54644
27 567 39013
278 463 48826
426 439 47434
161 284 33615
265 836 38328
171 362 29155
240 593 53759
543 625 61685
404 772 22204
125 716 43681
44 134 42107
61 634 11402
239 420 46872
462 468 44654
472 542 31385
584 752 43566
447 810 48104
84 694 24083
534 561 53085
95 475 39962
273 546 13038
132 672 43186
570 740 25554
47 194 25239
576 795 30414
437 654 16031
654 772 16000
296 726 38949
683 735 49396
396 466 25239
332 768 29155
52 499 24698
181 207 42154
62 398 72443
384 495 58009
357 450 20125
312 781 18000
27 393 24083
139 382 59397
505 823 63820
258 576 23195
64 149 25942
388 722 27019
474 540 27857
71 239 44283
19 752 31385
446 698 42720
385 701 23259
88 656 42154
236 613 59135
524 580 26019
11 306 41049
380 812 29155
692 743 27203
276 710 40112
423 442 45880
366 705 13601
610 662 19026
803 841 31000
212 637
336 223
658 717
226 682
466 422
979 449
74 704
590 82
159 352
517 182
541 37
345 57
213 869
303 817
850 657
690 299
614 161
240 155
54 441
382 572
380 121
688 926
483 902
493 153
620 859
632 519
334 669
721 543
572 952
394 30
498 778
397 317
508 786
340 786
744 191
903 526
234 793
465 825
767 108
780 125
412 890
531 889
851 512
83 571
687 707
142 181
603 580
771 142
868 324
358 713
859 373
124 802
563 22
262 282
171 719
126 824
439 84
194 299
639 509
103 697
548 927
216 490
569 674
601 537
976 358
369 493
930 490
198 848
925 678
155 800
501 533
152 404
158 703
289 491
402 278
801 695
824 694
724 406
617 200
721 639
691 768
423 367
401 465
826 387
548 338
580 69
521 287
456 869
615 47
753 588
806 532
703 326
430 111
377 890
380 468
303 756
619 382
633 912
115 558
296 285
467 128
711 133
846 212
978 475
352 737
634 778
880 410
869 174
332 634
318 875
800 283
587 324
541 565
552 349
217 367
647 196
116 627
681 480
621 357
210 192
798 640
924 721
235 570
222 342
899 545
147 252
765 631
669 738
563 618
292 320
966 342
137 446
575 145
86 529
151 389
354 771
157 591
35 419
161 859
319 697
575 182
494 720
734 845
966 623
989 412
205 132
936 576
542 670
578 525
547 366
314 192
719 320
380 278
368 231
578 788
585 708
308 348
435 298
73 602
612 747
674 701
647 838
393 766
262 724
284 166
723 522
926 325
840 792
819 301
808 516
899 419
244 908
788 216
673 33
444 685
567 93
192 157
165 693
595 795
548 496
268 820
895 211
156 546
284 85
344 644
856 551
227 401
409 186
394 122
192 498
539 880
833 780
472 632
617 559
227 331
220 169
385 362
727 429
47 660
146 679
534 501
546 761
256 549
147 610
382 54
794 123
229 836
629 400
413 626
3 484
662 323
473 45
128 324
473 504
721 829
812 609
651 574
421 545
692 433
459 674
166 263
255 325
814 205
360 973
661 802
920 474
603 107
523 240
589 604
412 77
442 233
317 296
135 557
464 18
587 807
295 215
777 783
612 222
496 489
686 588
571 660
439 615
696 213
629 965
409 700
793 656
305 279
788 586
2 528
908 477
461 440
508 398
174 822
818 669
215 712
540 851
430 131
182 275
970 415
445 5
450 971
403 784
552 22
168 564
307 135
727 310
248 792
984 516
817 786
372 558
584 210
837 859
170 779
525 357
84 245
135 266
315 563
430 166
155 664
144 575
474 138
913 608
846 490
705 688
647 745
962 552
716 235
655 349
393 373
197 867
454 530
475 31
545 310
97 352
172 386
304 907
529 489
911 278
870 705
745 112
860 629
904 625
294 929
459 8
578 725
500 39
281 670
605 796
416 950
759 372
964 597
574 116
278 756
497 358
700 773
2 458
306 52
280 658
238 924
756 830
582 749
844 596
711 281
603 953
551 949
74 576
898 645
187 567
819 427
676 886
701 151
351 860
934 559
444 806
467 708
60 536
744 513
448 543
794 156
640 174
586 467
341 95
681 962
499 247
835 404
955 575
697 471
182 196
715 112
581 506
321 554
274 849
692 859
776 651
473 767
738 929
524 853
734 257
179 159
612 248
954 532
874 434
337 658
661 144
597 390
809 332
710 663
254 750
204 693
290 705
524 539
83 311
885 605
305 933
848 366
646 122
526 986
385 600
651 918
606 21
861 529
203 901
145 784
616 663
934 395
566 830
584 177
568 740
330 414
872 303
824 746
446 344
318 687
797 312
654 449
638 201
84 471
224 418
79 586
755 288
623 28
606 457
704 179
393 674
7 561
365 610
676 418
452 50
146 295
888 486
285 285
609 75
269 468
546 808
957 310
342 384
724 274
97 468
495 983
505 443
537 932
518 794
146 348
762 166
615 139
648 652
272 249
662 655
715 881
543 597
583 444
460 466
501 837
801 549
534 603
794 869
364 697
524 768
603 637
649 336
273 181
102 335
833 247
733 482
840 842
618 332
485 649
667 82
441 843
533 871
345 947
192 815
379 503
583 393
236 231
286 243
630 95
847 739
445 721
636 845
449 454
800 360
390 138
487 917
840 335
624 222
208 661
825 397
563 603
576 866
335 257
398 430
426 847
236 599
414 489
541 960
365 529
679 382
668 947
460 93
300 615
815 830
229 104
645 812
160 728
188 326
382 420
684 333
331 83
277 456
751 628
646 785
54 473
353 48
650 710
674 772
343 26
292 591
115 779
476 989
906 778
604 154
102 517
558 360
621 279
352 269
706 839
85 604
511 221
109 525
924 236
669 790
977 493
595 148
106 761
897 256
399 865
164 531
243 402
236 712
507 307
185 757
838 198
928 425
880 460
229 626
909 763
880 768
302 546
362 169
275 798
45 533
715 683
724 331
378 65
252 727
734 591
367 863
978 537
262 609
132 785
386 401
746 833
48 457
430 702
181 772
88 256
86 371
695 942
451 556
263 393
530 43
695 957
404 291
408 750
601 179
408 687
957 512
771 424
883 274
727 384
708 414
496 409
805 142
144 772
554 200
295 668
266 908
418 351
499 330
246 388
130 705
545 145
260 372
572 331
205 278
702 677
907 324
609 126
929 451
346 539
286 578
616 472
118 402
983 390
161 843
252 335
43 398
491 597
590 866
311 390
747 669
723 627
694 56
957 432
709 749
226 576
423 896
354 573
754 350
388 285
76 347
166 301
896 794
877 786
583 739
587 92
710 868
513 752
864 696
755 840
179 245
236 219
246 587
360 429
511 538
177 682
281 414
323 37
368 476
912 674
543 233
744 421
377 156
725 775
434 535
903 431
660 687
498 733
571 422
522 936
474 382
305 157
551 938
517 405
578 592
115 218
99 650
774 234
699 166
378 962
562 154
845 325
822 191
880 223
379 547
126 545
888 660
358 845
508 770
216 832
682 254
663 895
380 696
567 555
495 853
874 745
336 540
89 268
615 649
603 557
883 695
581 160
275 67
308 96
33 504
292 404
605 978
259 884
366 179
17 454
105 475
792 702
657 584
415 575
567 321
440 408
119 445
224 645
409 211
157 280
264 536
375 790
395 298
548 557
535 456
686 281
539 540
733 64
464 276
315 795
739 563
384 915
850 389
295 145
692 393
46 308
630 291
126 236
156 195
955 385
218 563
101 670
605 303
820 340
617 826
196 183
381 860
754 906
132 306
174 643
724 489
406 30
279 273
783 243
887 587
657 81
886 650
711 79
682 732
430 506
567 767
851 193
683 811
670 92
338 926
426 62
517 378
548 248
140 427
734 144
224 305
416 597
470 602
401 832
397 80
276 295
431 519
775 844
521 343
420 707
236 490
761 579
299 70
543 93
533 552
438 394
798 178
433 806
377 972
853 166
81 425
598 128
955 497
790 503
727 558
553 446
619 846
451 397
435 568
353 181
272 598
470 166
859 583
390 172
425 681
666 848
348 831
934 370
496 939
590 525
396 696
512 96
918 399
459 775
407 265
489 807
151 262
457 611
451 409
556 116
343 909
115 600
893 447
137 738
347 221
977 549
601 346
373 402
221 550
261 568
354 400
282 821
470 86
235 283
536 247
858 643
656 186
555 740
370 338
271 552
708 644
287 864
610 766
414 865
210 534
615 183
757 532
952 375
530 632
604 525
635 24
856 847
481 84
557 324
271 491
885 539
293 53
145 375
384 299
430 959
346 361
673 242
344 593
765 897
647 724
222 270
914 438
658 71
950 622
493 561
117 650
422 450
569 258
274 425
269 140
294 256
264 172
540 977
489 288
318 864
215 907
733 116
384 755
824 840
975 598
411 513
850 457
227 784
741 277
544 790
548 821
