958 1648 22 122
51 542 41485
248 283 25298
632 710 13416
453 634 31623
318 496 39850
224 627 78447
564 815 46755
554 650 35847
548 746 66098
356 793 20248
169 270 23345
107 717 34482
672 683 56604
91 363 27074
600 652 21932
318 943 33121
363 868 22561
381 642 68884
62 723 21095
327 854 18439
130 199 12649
319 754 17263
136 316 24000
361 607 43417
347 414 33242
299 598 41761
21 577 11402
603 905 55973
213 416 37736
492 950 32388
209 230 42544
291 461 34482
210 735 70725
742 941 21260
144 696 16553
204 932 54818
558 615 31145
239 448 29155
587 916 34482
104 215 21401
608 718 43600
235 282 37108
77 304 41183
261 751 21471
109 237 25710
224 452 22472
316 731 25807
829 857 42297
153 927 59942
430 616 19313
181 785 10050
672 898 21213
408 735 45310
55 919 36235
924 950 24739
208 287 26683
462 504 16031
257 857 11314
664 863 22091
544 954 24759
460 570 32558
230 670 50160
334 445 36892
356 903 23259
153 260 46819
846 956 29069
644 834 25554
482 684 16279
470 566 31241
154 717 10296
834 935 21378
325 600 26926
352 724 33287
494 853 26249
194 775 18788
68 300 43863
257 655 20616
544 931 36014
94 476 30676
284 840 46325
103 612 13000
371 450 20616
331 924 17029
58 637 10050
176 519 19313
384 602 27514
211 483 29614
447 776 47854
23 404 27166
28 496 45398
456 505 19698
643 831 45398
141 829 30887
120 382 21024
294 301 13416
109 375 34409
250 846 28018
463 656 34234
240 703 37736
371 465 13000
5 949 36056
124 615 32280
34 402 19105
55 433 22204
52 207 25080
255 898 35000
830 893 38118
348 391 21095
228 547 32894
203 629 15264
273 431 39051
565 814 48010
568 957 48260
227 709 34015
127 382 27731
61 892 36770
84 741 24413
580 796 85000
529 840 46174
455 756 38118
57 820 43463
263 863 38079
256 446 13000
11 417 54626
379 415 37216
647 651 19416
384 569 24739
138 816 38275
205 841 27459
327 907 14866
471 677 55902
578 925 61685
1 359 42059
508 556 32016
168 810 23087
288 526 36674
463 764 44011
17 723 33838
352 885 36674
378 730 27514
360 638 24187
201 697 25612
319 630 24042
47 322 12042
592 751 12728
617 703 15000
829 855 35847
25 929 20396
19 773 49649
509 591 14318
380 714 78772
416 429 34366
69 856 19723
719 936 19235
332 845 38626
674 881 13454
481 791 22472
369 552 34828
66 508 14765
226 700 14036
148 908 25239
435 576 37121
238 303 31890
71 540 32202
623 651 36056
653 710 25318
117 607 12083
517 890 15524
221 370 13928
150 195 24207
25 511 50961
457 831 32062
627 654 54672
693 699 15000
357 481 47074
311 474 33615
596 859 18682
535 891 38484
41 135 49000
719 747 21954
349 886 13601
139 735 26683
113 278 39051
19 311 27659
559 838 51196
579 936 28160
695 874 22023
506 840 25239
336 665 55946
220 832 47043
20 181 65276
453 515 37108
427 685 24698
239 744 32558
572 814 16971
500 798 111647
194 514 33242
198 400 37216
247 421 24759
521 750 36346
396 947 40050
207 412 35805
171 560 23537
62 951 16553
697 949 46065
41 167 40050
346 376 19026
522 901 44553
334 468 16643
695 838 30364
620 723 46872
114 601 36125
351 765 26173
217 923 34482
30 922 25807
143 911 37696
575 899 17117
590 598 52612
236 394 14866
89 115 22000
563 809 38118
724 885 34366
189 914 28601
393 788 32016
188 481 28018
419 454 29206
165 414 26173
488 943 35903
433 727 12530
585 697 45343
522 713 34015
77 283 12042
52 141 28071
169 872 34785
42 207 25710
168 617 11662
100 193 49406
81 290 29275
322 540 22361
344 532 14000
581 712 40804
132 421 33422
517 884 11662
647 649 31145
80 131 20396
780 848 48301
237 304 44204
289 852 30150
381 737 50329
461 638 26077
19 352 15033
5 330 28284
58 296 38328
175 556 48826
12 650 35384
502 743 14000
146 473 37216
106 541 44598
344 737 39560
387 889 35114
354 804 33015
580 774 52000
549 738 28636
462 624 30887
137 453 19723
447 595 30364
679 680 52802
370 539 57871
16 104 31064
135 722 36056
68 942 36014
183 593 47424
737 795 34015
353 578 32757
20 805 54120
64 633 68680
117 422 27586
418 873 60828
53 493 22804
546 821 31385
83 279 20616
159 560 37216
289 535 39319
310 700 23431
4 718 14036
129 410 21633
392 858 33106
503 748 20000
174 882 31890
195 649 26420
400 861 51884
356 905 41037
219 734 64885
237 375 34366
18 856 19000
136 175 44688
199 394 30529
299 337 24352
508 687 11045
284 430 24083
238 749 13342
663 677 18385
577 833 41012
34 670 34986
415 561 23431
609 617 28018
121 869 35511
501 784 42202
365 669 24739
295 319 24739
175 687 30150
18 192 24083
3 162 38484
706 826 34713
615 745 23087
816 900 31780
374 639 27295
209 757 48384
96 335 21633
218 476 57000
412 579 30871
724 792 42638
640 655 32249
76 146 27295
47 71 32249
262 640 37947
269 678 17029
105 542 59666
361 573 44911
176 314 39051
101 275 29530
400 478 37656
270 711 63789
78 388 10770
51 588 39115
654 740 29411
59 728 63906
349 451 14866
469 729 51420
219 436 47127
807 907 48000
562 611 16031
308 628 13038
569 958 30529
267 593 67417
99 553 20616
40 825 14213
368 621 32280
575 955 21024
777 900 21541
494 772 40162
517 539 26306
666 938 45188
326 600 21190
637 844 38949
179 956 25942
561 876 59059
56 485 33106
464 734 17263
610 870 29000
243 539 44553
528 847 17000
200 332 43681
274 290 28160
12 368 33838
41 940 19849
352 622 46755
289 563 25962
650 921 26683
436 464 11705
219 479 30000
158 229 28160
329 618 43909
329 824 28231
81 89 26926
297 809 12166
368 921 64661
43 813 52038
521 833 16553
27 74 19235
607 896 31241
187 807 20518
331 766 22091
147 851 30463
72 199 26476
859 894 29614
285 395 20000
249 657 19235
203 664 22361
206 725 22825
532 888 14318
631 879 27857
93 951 17117
255 957 31385
704 882 36346
372 476 90427
358 815 29428
202 715 55731
603 706 34000
729 954 23431
2 499 17464
271 860 12042
248 406 37947
705 934 31048
261 934 18974
505 941 27019
122 355 33601
467 646 37947
116 417 44204
155 180 17029
142 512 22847
62 197 57723
525 801 32016
389 753 30806
819 866 14560
187 317 45618
462 816 23601
63 668 28792
623 647 40706
153 661 19723
540 796 65970
455 830 41773
323 433 15811
534 668 36235
33 62 56727
213 524 30806
527 747 40200
524 554 28018
55 745 35000
94 784 34928
112 471 24000
704 714 26000
569 636 40012
99 654 39051
477 727 31016
777 816 22847
268 520 61847
596 750 19000
345 915 34713
193 374 34132
337 771 13416
208 357 14142
461 537 30265
539 850 47508
112 644 39051
183 391 32016
424 680 12806
471 758 23431
725 865 30083
603 712 45277
423 709 13928
531 554 25000
210 847 16763
270 373 60539
150 262 47011
159 165 27586
80 928 22804
622 772 41049
42 827 14036
376 397 12000
122 673 16031
431 938 31385
66 428 38601
661 688 15133
462 900 35341
211 696 20125
436 475 16000
30 752 32802
478 676 31145
103 786 21954
51 196 39115
267 359 50537
5 339 33615
414 824 36770
603 903 51010
406 894 18358
317 460 43267
518 519 44147
394 664 43932
490 948 31828
463 487 28844
367 950 27731
810 811 35468
582 914 41037
210 220 26249
369 459 20248
378 725 12369
405 771 16125
266 899 20224
606 828 57706
369 691 41037
689 740 17029
624 763 21401
582 952 38275
4 428 38949
161 555 14318
263 639 48083
556 909 62097
272 680 52326
566 818 37696
290 306 29155
780 906 20248
474 828 48466
184 640 31000
515 578 48765
559 942 41773
53 656 53310
218 369 38013
409 779 42202
280 289 30480
440 642 46174
258 623 67067
66 687 22804
9 610 43012
51 458 15000
53 427 18385
533 923 27166
747 749 45453
770 858 10770
220 743 13454
459 691 42450
58 624 23601
39 129 38949
177 765 20000
606 721 35000
59 356 30083
186 465 24166
361 667 66098
303 855 57245
820 949 31401
326 708 17000
334 867 40792
137 634 33601
249 509 22361
778 859 36125
113 166 62266
808 913 37336
903 905 39051
259 288 38210
814 877 21000
40 240 30806
88 429 24698
381 454 46872
101 225 21095
518 666 29069
85 455 12530
541 726 29155
641 839 12042
136 675 43863
149 170 14213
419 888 15652
413 826 50922
709 733 29069
310 616 24187
345 472 37537
193 663 15811
102 530 10050
248 648 29069
409 512 20518
298 534 59933
609 810 17493
37 898 27295
707 768 35468
66 110 40025
256 717 30017
776 781 20591
212 917 51971
351 586 16031
548 797 13000
50 387 23854
1 615 43046
291 638 37216
344 938 51971
193 599 23345
178 360 32202
8 537 32985
330 483 13601
197 563 25080
312 536 54083
183 836 33242
244 480 13000
213 614 39294
321 608 15000
426 523 27659
167 248 18028
400 628 20881
101 324 36139
46 874 39205
557 798 14213
36 447 29069
498 550 18788
547 740 23022
121 530 28160
277 613 23195
603 681 37947
858 874 18439
166 439 36878
166 391 38949
798 910 60605
141 732 18385
401 574 60745
538 540 50329
732 827 20809
636 958 22023
276 279 41049
328 717 21932
490 619 51884
8 831 16763
694 952 29732
713 901 14765
37 672 16279
15 717 27295
61 631 32280
910 955 27313
259 526 13892
277 756 35777
406 596 32573
898 957 13416
192 511 33242
68 135 34482
206 730 10440
299 771 29275
235 775 21190
215 286 23324
147 200 35355
98 472 159531
70 296 24597
44 416 32016
369 784 32016
29 148 40025
589 668 54708
67 495 18385
107 457 22361
159 652 41183
91 869 41976
43 780 55866
542 588 12207
376 627 10770
17 79 22204
2 68 41231
164 253 27019
134 354 12649
782 943 39812
82 590 20591
83 156 43417
311 828 34540
38 782 58138
215 333 49041
380 916 47265
304 886 50000
477 761 20025
105 887 37363
59 111 10198
134 804 31780
778 894 11402
94 218 29732
450 588 21378
494 757 21095
551 746 40000
119 715 31385
390 630 92228
60 326 27203
64 98 64203
626 762 24187
254 383 15264
825 914 40447
728 933 17464
289 633 45706
373 403 16553
39 551 14422
119 357 29155
42 412 15524
230 843 48042
61 531 32016
295 301 149091
665 841 27514
468 694 34886
196 516 12042
295 754 35468
406 521 51971
555 822 52173
747 754 54083
289 620 27514
584 642 19105
46 820 47011
108 215 30232
701 813 49980
175 608 32249
585 742 23770
378 798 38484
317 807 55227
367 836 33287
530 806 59414
815 866 21840
60 618 38013
121 946 21587
45 591 48260
225 302 18028
122 682 50448
698 835 28792
435 790 29428
220 503 32249
26 543 45541
232 788 41195
382 708 12806
163 483 18974
790 935 18028
366 860 27803
219 475 45044
90 413 48600
766 924 15556
222 696 13601
502 832 44654
377 531 33302
614 636 10198
279 892 40719
72 421 11180
56 171 23537
707 801 42012
558 899 20591
36 234 34785
56 851 18358
738 811 42297
252 806 46615
452 697 51614
126 477 35903
106 919 17804
265 875 13601
16 769 32202
100 491 30017
167 648 16125
385 492 40025
584 795 20000
374 491 35341
316 796 16125
80 434 33015
276 879 12369
547 689 12166
458 516 31623
32 137 39000
43 906 50567
787 799 25000
18 69 19235
48 802 33106
706 793 35511
231 488 22472
252 946 12649
229 902 17088
281 493 21024
130 236 26926
674 857 22825
24 815 42297
151 562 22825
237 864 34713
553 740 22023
124 173 21932
698 880 27893
227 644 26833
575 910 27857
7 500 141767
690 728 33615
350 663 16643
30 514 37162
500 955 50596
171 313 38053
480 877 18000
73 427 35171
214 501 10198
318 628 37443
107 256 33615
51 264 31575
271 366 32280
106 255 46043
396 912 38910
116 889 58830
640 843 25456
27 449 14866
48 86 42379
143 595 41231
612 786 17464
506 529 40608
343 683 41773
513 873 49244
142 545 31828
190 861 32450
46 838 39446
93 723 37336
87 546 49092
89 892 28284
425 805 36056
212 815 46530
473 698 22672
70 637 50488
515 746 43417
83 97 35847
543 827 36674
14 478 36346
292 882 11045
495 636 39661
264 393 16279
614 650 34828
23 368 29206
374 678 10296
221 520 46487
288 362 39000
118 347 33422
271 899 27313
123 440 34655
2 300 37202
583 692 30265
252 490 40311
274 306 23087
253 683 54452
294 364 34886
185 821 10770
22 274 28636
455 786 19235
13 662 31780
76 702 17000
361 783 21378
564 755 24042
248 894 29000
234 781 33242
65 395 40025
249 591 17464
470 818 18028
710 780 42190
82 644 41976
172 221 24083
577 900 19849
223 848 26173
318 488 41593
114 465 28071
140 587 50567
367 593 70257
278 439 37736
32 146 38639
54 101 38419
15 936 27295
314 767 13416
108 148 36235
125 320 31048
439 836 31064
464 953 17088
444 933 20248
198 308 14866
602 832 22204
118 482 10817
751 760 11045
605 876 28792
241 526 30000
298 796 28018
1 267 66491
140 380 49396
286 420 22804
499 695 10198
40 243 10770
214 552 44011
95 226 11402
269 371 46228
205 275 26401
297 633 32062
216 814 12728
403 917 14000
286 333 50249
173 391 12806
260 927 40311
259 362 13601
323 727 19105
243 370 49396
207 732 22561
550 646 13892
855 857 47202
466 881 89140
160 902 39217
797 800 27659
514 701 55444
321 675 14142
258 466 45804
212 564 10817
28 729 18248
902 940 52773
145 735 50090
297 840 49193
853 893 15811
811 871 39598
549 849 16279
128 874 19026
116 537 13038
37 253 22361
628 920 30610
227 834 35735
245 276 33541
388 693 15000
318 920 12369
511 750 14318
185 536 32558
14 510 47802
26 338 18788
437 503 32249
305 673 24698
613 677 18682
565 604 28601
361 906 74250
304 854 31241
544 721 15033
10 99 23195
141 293 18682
441 693 47424
851 895 21095
9 896 15297
144 222 22825
162 657 31953
432 716 46615
790 845 25942
291 571 36797
533 592 54818
345 351 25000
391 426 48260
22 347 16401
322 774 38275
4 688 12728
8 417 33287
492 924 38949
49 629 29682
539 635 56462
136 538 42297
24 866 39395
120 127 34886
263 307 29614
487 913 35228
43 701 15811
395 447 53141
39 797 24000
399 829 33422
131 592 11402
26 527 30871
10 553 12207
144 456 10296
642 876 75710
738 871 35847
353 587 14036
541 847 24042
39 803 41195
157 945 17692
580 930 57871
124 348 22361
232 562 19105
497 822 76792
22 673 29155
755 917 42802
33 226 14213
404 776 66030
681 948 37014
158 228 23022
106 568 15033
296 763 27893
334 438 21633
437 748 22627
336 947 13454
599 639 42485
329 789 37202
147 428 25710
315 769 42953
174 292 26926
36 143 30480
149 442 54571
272 865 29967
193 491 46174
729 944 55731
109 864 15811
338 579 25000
182 820 34713
84 602 43081
25 692 31780
338 412 35468
509 657 19235
293 407 37363
223 241 43658
187 398 18974
233 266 50695
189 329 34928
479 635 23770
342 739 34234
558 745 34655
38 231 33956
110 909 71197
593 836 62129
169 401 39000
470 713 28636
684 824 32249
246 340 34986
452 820 20396
120 326 11705
308 823 18028
280 852 22361
13 310 42720
246 692 30083
346 397 23022
75 908 13892
155 667 41593
582 659 48847
149 684 36056
487 764 37537
95 951 46861
151 232 19698
31 787 21932
147 895 27514
149 482 31828
158 658 12369
850 884 34366
49 788 39357
368 804 32311
513 572 44283
65 804 34366
246 812 23324
97 115 26077
88 712 43863
74 235 36620
423 909 12042
247 316 56303
379 451 23022
282 604 14765
375 844 59439
753 833 27857
178 643 25179
152 748 36770
373 711 14765
163 330 23087
238 527 23409
61 682 38639
268 617 54406
275 699 20616
111 711 27313
195 651 33242
125 932 36056
823 920 16553
189 684 37643
29 174 44385
604 767 13416
73 591 44000
78 467 36770
47 540 19105
393 611 53759
21 504 19235
12 305 31145
101 699 23087
126 233 34000
449 714 80056
57 182 15232
14 409 40497
136 736 14866
52 293 30480
472 837 138798
335 594 36125
212 755 23345
775 922 11000
878 912 23259
431 545 26306
413 429 25298
359 500 46228
419 532 13038
184 881 38910
377 524 36235
708 799 33541
466 855 171143
281 340 26019
401 460 51088
760 933 20881
258 769 23854
225 265 20125
484 934 16971
21 637 27586
63 626 19313
190 619 24083
35 774 18439
79 92 36674
119 208 18385
442 776 25179
414 618 23431
101 302 13416
407 655 10440
210 541 39051
366 865 32388
162 309 19313
567 904 40497
44 594 32802
572 931 47202
297 616 69921
185 312 38275
317 570 42755
186 678 19849
159 625 17720
17 896 47011
644 709 26926
335 681 26173
102 363 38053
92 422 41725
424 761 20248
343 669 21401
402 601 63388
501 595 35693
82 307 21932
251 518 48166
75 724 30806
779 923 39115
653 848 21260
339 947 39560
75 885 15811
157 877 10770
303 527 32016
446 641 17000
448 849 27295
348 593 26926
833 844 25495
16 507 16031
337 556 15133
411 954 31575
176 938 34482
305 621 20224
486 679 56223
450 542 15232
44 686 38184
594 686 47011
164 761 30414
35 567 38013
23 621 12042
414 625 22804
188 202 27019
525 707 34059
440 928 48466
744 821 39000
767 926 23537
48 589 39013
513 606 63253
143 372 53000
723 852 46957
151 394 20000
250 764 14866
425 536 64498
31 153 23324
55 918 33615
90 793 41000
204 862 59203
336 841 42107
548 551 31257
823 862 59464
470 522 44283
27 157 34928
937 953 39319
4 66 42107
284 309 39850
57 397 45277
278 505 14422
261 434 47043
177 180 24207
320 565 21095
480 945 22023
170 442 47413
53 685 27203
780 883 62769
204 944 54644
365 459 20000
800 915 24042
372 953 50220
648 720 15297
911 937 22361
45 162 32696
332 423 22825
304 864 20025
545 737 50606
697 742 37643
97 485 25495
420 908 15232
35 904 13000
245 879 33136
128 499 26249
659 703 18682
720 907 57385
357 698 49649
127 468 24352
475 890 38275
115 892 20100
432 792 23345
356 728 52469
156 818 45891
690 751 39051
107 446 36069
95 362 36878
375 753 47424
153 608 48021
812 929 16031
180 573 14213
179 228 27857
223 251 29017
179 658 16643
74 449 10630
234 911 26907
105 402 25554
893 897 26627
453 925 16000
383 812 15620
123 584 34525
467 550 29000
106 323 40262
91 868 29732
357 791 49041
340 808 28284
582 789 31145
84 568 42720
831 839 41677
690 705 18601
114 371 35847
61 879 19647
441 443 46174
486 669 57009
405 556 39357
343 552 10630
131 217 32558
443 498 42802
292 357 35903
101 205 42579
174 791 46228
407 843 36014
780 813 38897
559 819 52887
606 773 40311
371 629 41485
174 716 39560
132 360 40447
33 197 26420
431 510 39560
387 785 26401
15 154 25554
752 883 37014
194 916 26306
330 912 19105
20 63 63506
671 897 18111
203 269 38949
50 762 25632
282 926 31623
242 367 42012
280 535 21932
318 469 10198
573 870 39661
383 657 50922
37 164 25495
298 731 15000
391 408 32527
324 523 16125
392 770 26907
28 469 55758
689 846 22672
485 895 36715
100 897 34059
671 939 22204
81 159 35693
932 944 16279
410 586 15000
239 694 28231
133 438 28792
365 842 31906
390 645 66491
744 867 25239
101 163 55973
546 744 15620
705 872 31906
314 431 54009
327 807 45222
527 936 18439
448 549 21213
112 834 27203
806 861 17117
231 400 33541
161 486 50990
145 467 38328
357 715 42720
175 675 12530
96 948 32016
567 608 65000
81 682 34670
53 281 18385
168 609 25554
128 770 13928
49 151 14560
489 762 19799
101 878 43012
722 819 43566
102 760 53935
833 856 41110
405 733 20224
186 374 25298
10 160 55543
236 863 60208
152 711 29000
153 688 15811
345 765 10198
435 935 32696
250 956 41037
67 84 21471
496 782 27785
497 730 14560
417 630 42012
485 560 14142
257 674 12369
90 826 15000
735 739 17464
313 787 21024
186 371 34366
9 837 34000
25 583 30232
277 612 20100
162 284 43139
460 574 30000
639 664 31145
17 607 23537
160 229 42450
44 879 35847
364 645 39850
84 528 36892
213 631 38601
557 865 22204
495 597 47707
54 396 20518
254 812 20224
174 432 16000
216 877 15000
845 901 66468
220 646 42012
22 404 38833
616 700 36497
252 619 41000
759 801 38118
691 842 40200
555 691 39051
415 434 33136
7 492 26907
313 851 44102
726 735 39000
73 685 24187
234 937 10198
496 943 46530
386 610 45222
515 803 48270
820 874 48052
289 809 38013
389 833 17464
150 640 41012
869 946 25080
395 501 30000
566 901 13038
235 244 31113
585 924 26249
662 900 24698
384 958 32985
478 779 24083
358 841 23022
78 443 26000
504 900 33015
173 408 36249
358 665 16401
130 736 54571
117 361 39408
7 242 77233
92 93 37216
89 485 26870
88 581 42579
632 653 13153
140 925 47011
8 457 39560
224 346 53852
67 597 40224
201 385 43012
369 822 42154
302 388 23087
132 611 37483
234 884 43600
149 660 10296
3 254 22627
382 445 26833
601 671 24187
598 771 54562
506 633 74330
354 597 35228
206 272 26306
156 470 42438
444 728 21840
44 245 15133
71 538 24331
3 929 35128
110 200 48836
581 603 31385
3 192 46690
6 781 27659
434 484 40311
108 507 39598
778 940 12649
571 731 53852
573 783 41761
444 868 18111
437 441 67624
77 389 54452
106 726 30017
38 758 51245
580 802 15297
523 875 11705
172 520 40460
272 424 52479
62 620 44204
140 916 58669
241 251 44272
161 842 40000
341 803 46755
309 430 50912
649 651 27586
576 817 25554
137 146 37014
417 645 49739
311 773 55444
209 670 62241
142 795 29411
125 411 50010
60 325 30887
139 739 16401
284 616 23345
265 426 30017
98 896 36674
22 660 38079
278 794 16000
590 771 30083
177 386 14318
586 800 17464
103 350 21095
211 330 31401
133 744 21213
266 271 29411
285 683 25318
643 839 17493
283 907 24042
111 152 11180
181 301 26249
385 924 36401
311 606 38328
198 862 50220
355 531 33615
237 349 23601
438 927 48508
534 626 22825
60 789 20518
24 720 68884
22 118 33615
165 306 27459
60 600 29275
11 889 37483
401 570 33015
140 353 47518
399 857 22627
209 939 49366
325 625 24042
355 650 26077
244 814 34000
294 390 10770
497 679 29614
396 878 25318
66 718 44385
526 763 29732
138 777 31953
659 952 27295
783 870 12207
16 258 41110
757 853 29530
191 841 12166
273 320 20025
20 312 170488
807 854 41773
79 422 14560
214 285 26306
418 877 12042
656 913 21000
95 138 31401
437 498 51000
178 264 17692
838 942 29732
853 939 24042
221 479 12083
237 886 30887
61 377 34205
474 873 49649
242 500 64537
350 613 28460
98 837 22023
45 506 54083
295 749 58181
235 922 11402
70 419 50249
216 418 20000
191 396 13342
274 673 17029
113 794 28653
514 752 35903
344 454 17464
379 484 37656
589 805 21587
175 321 23854
155 341 27659
451 605 16155
533 676 24207
6 850 35468
364 390 37483
31 661 11180
721 830 15264
50 489 11180
539 825 53451
107 719 15000
260 445 19105
104 507 34928
86 87 44553
87 930 26571
134 683 45541
172 734 104000
398 807 33956
302 699 16401
24 574 43081
184 262 13000
132 638 19925
506 591 89051
502 503 16643
222 697 39395
146 835 39623
145 646 52355
247 736 67624
576 758 39051
119 202 86585
13 430 43600
475 635 47074
328 887 36797
34 209 50774
333 420 44643
11 116 61465
341 410 26077
342 918 19209
918 919 36125
743 832 38601
287 702 28178
287 880 28018
230 759 34785
658 808 27731
494 622 15297
139 342 25632
634 835 19723
583 902 29732
133 867 36014
473 880 12806
300 392 27203
632 780 39395
652 799 20000
294 785 30887
32 702 80056
471 639 51971
528 741 17000
77 406 47927
904 930 29120
217 928 12166
29 188 47802
127 582 14318
543 829 23022
64 891 34015
38 817 15556
557 860 28018
190 817 40262
16 315 28601
201 224 75769
374 599 25495
211 794 29206
768 772 19000
472 915 18974
556 733 49679
182 224 24083
280 891 37736
411 729 28844
315 507 17464
698 704 23770
307 863 52697
69 662 19105
561 605 42012
85 786 16155
24 398 41000
1 593 10198
512 795 22472
341 667 32016
65 776 54918
86 802 56321
766 941 17493
365 552 27000
544 756 37054
178 393 24000
288 624 41629
85 897 47434
196 887 22204
464 890 35355
126 272 48270
606 931 41037
333 525 25318
220 741 48332
123 642 29000
151 203 39825
529 633 34000
132 291 38000
458 641 17889
493 812 28160
273 510 48826
154 887 39051
716 792 60465
55 233 26019
519 666 40000
331 367 30806
129 797 34366
660 776 67543
72 562 20000
849 871 37336
344 888 17804
604 926 24042
518 883 39825
76 880 18000
209 759 59933
317 872 14318
339 838 46669
68 722 42059
96 686 11180
324 875 15000
261 705 35384
333 768 28231
328 516 30000
6 170 37855
399 655 19416
597 921 36715
676 861 58549
54 191 11180
240 268 24187
211 456 28862
386 472 71847
489 571 89805
105 114 60729
68 99 29120
48 425 51923
74 945 28653
403 437 60308
169 256
393 123
652 123
352 720
325 158
103 624
210 107
598 912
885 256
464 102
530 962
208 544
681 187
609 488
670 891
909 719
839 260
620 171
788 639
395 988
645 239
193 605
158 556
471 246
597 116
714 919
821 515
678 599
898 656
782 453
318 732
995 490
752 195
686 791
326 846
50 593
137 441
557 593
961 426
148 715
515 143
725 874
857 397
344 546
717 94
341 134
351 819
367 929
555 777
457 928
624 820
741 826
599 58
364 231
160 356
333 664
358 76
674 260
402 398
243 695
294 569
789 238
423 931
879 183
141 555
394 717
217 441
433 133
637 180
657 309
379 803
518 809
646 54
824 496
833 661
984 555
536 232
345 305
842 282
538 425
275 605
504 692
362 598
236 431
672 655
327 915
296 883
332 508
300 615
350 434
444 479
809 266
772 262
21 508
738 215
382 571
344 629
918 234
441 105
665 692
340 261
509 483
655 659
878 717
671 794
199 393
657 894
882 675
589 278
385 678
392 396
533 660
306 209
653 736
322 615
553 905
857 276
180 636
974 622
254 715
483 501
207 564
595 422
198 290
715 516
104 339
238 746
384 102
927 407
509 771
518 421
537 846
272 817
153 490
466 143
445 794
959 505
713 196
203 337
883 476
743 854
658 444
27 573
277 159
274 309
988 528
377 661
859 647
151 623
815 780
541 773
382 391
338 744
683 869
910 369
368 641
787 523
538 68
268 640
515 124
31 399
687 107
322 208
118 424
248 621
252 240
513 183
157 796
470 358
140 632
310 659
85 776
213 274
887 613
411 765
730 409
928 337
606 826
541 57
909 352
460 982
344 70
222 234
847 821
253 881
615 716
489 293
936 685
174 693
507 572
375 229
644 169
625 663
806 451
796 765
663 817
775 182
612 511
513 783
394 630
256 83
953 706
572 748
645 557
382 254
31 354
731 849
961 609
729 764
280 380
310 161
407 292
292 501
88 526
865 700
765 536
540 445
11 480
72 739
300 397
101 758
288 139
771 310
326 54
319 263
741 204
483 627
515 67
546 95
750 801
565 560
549 791
134 355
61 626
794 475
519 746
583 303
694 954
225 826
155 745
756 269
152 158
138 719
772 497
346 561
596 92
498 837
519 200
673 58
490 15
742 311
474 534
117 451
636 107
161 419
644 863
808 868
922 758
738 262
294 760
510 400
852 809
549 671
593 814
301 272
121 306
155 191
131 742
591 714
466 381
93 297
57 350
687 487
219 593
366 275
316 576
648 627
276 184
357 578
848 197
592 75
758 484
527 224
718 137
114 530
853 680
967 583
710 236
825 177
246 601
537 884
912 603
761 849
486 987
628 981
679 298
801 134
445 839
462 750
415 93
480 999
334 273
718 933
556 268
187 567
221 616
520 677
607 525
680 125
722 175
782 612
240 917
312 697
739 447
926 696
445 818
509 334
621 567
604 975
707 486
391 778
343 828
160 383
305 252
258 668
265 711
518 236
654 855
206 679
329 186
210 166
436 642
819 717
244 778
394 553
390 185
454 727
697 911
342 187
566 74
889 387
179 328
79 477
687 368
950 355
378 40
206 615
202 268
569 322
634 657
943 379
787 654
876 429
165 494
234 544
410 427
947 611
400 246
132 236
577 840
889 299
746 251
471 481
517 971
72 458
102 328
185 184
176 533
45 463
96 745
620 750
27 626
410 358
607 692
617 298
397 41
285 536
30 331
535 333
837 494
632 335
263 734
628 94
302 456
231 118
934 324
470 948
341 295
590 225
490 997
223 266
399 71
582 826
529 757
102 546
378 216
397 53
471 287
784 860
580 530
434 343
684 772
403 343
161 583
474 707
555 188
797 839
246 289
623 450
915 389
705 565
710 878
311 463
229 639
554 365
324 521
580 940
785 536
694 343
831 674
516 820
838 296
456 653
102 377
317 943
271 271
612 45
371 686
319 487
716 161
685 448
871 613
147 374
557 398
500 587
58 694
364 389
262 790
244 204
570 398
391 327
98 610
345 331
468 441
275 758
632 868
52 564
210 851
831 504
607 766
558 332
314 73
942 495
671 361
683 649
282 168
635 898
624 835
56 446
473 310
570 874
678 247
544 5
62 683
625 738
895 795
311 319
230 769
631 569
392 606
557 660
975 383
956 547
813 625
74 694
11 537
112 374
573 493
90 763
777 509
937 657
174 645
316 190
528 370
319 634
81 409
528 29
584 548
447 923
437 550
639 707
192 127
613 76
755 700
234 448
633 605
17 371
319 365
376 127
103 200
78 528
323 407
332 393
662 248
264 176
771 91
910 703
407 724
693 68
647 459
611 165
637 435
784 558
797 419
951 459
654 825
102 662
738 359
748 402
116 802
600 214
432 625
289 250
262 508
794 721
726 269
686 932
256 400
803 116
510 493
263 561
687 354
523 481
419 893
864 182
285 887
566 904
403 799
106 688
365 832
241 378
613 780
757 904
717 613
681 422
269 842
484 56
973 407
195 866
311 348
969 438
72 485
457 92
263 536
17 396
439 725
57 305
136 296
425 165
305 636
572 380
530 793
800 184
398 286
728 488
412 582
327 808
200 408
296 480
467 342
510 859
744 539
898 343
455 286
120 269
533 604
648 228
908 436
682 891
378 884
374 515
225 740
572 133
629 416
238 133
927 380
862 430
603 787
368 968
494 710
690 54
509 428
179 254
370 526
43 535
586 178
194 474
502 762
602 667
272 691
677 709
276 447
401 499
751 471
573 338
744 607
862 265
379 769
179 809
920 281
531 809
650 647
625 630
254 491
167 299
734 154
163 786
244 657
483 574
816 203
167 564
752 685
859 781
693 274
251 645
430 913
401 31
600 536
580 761
581 982
303 538
801 322
833 132
932 525
84 740
256 481
664 259
556 852
583 705
816 821
632 851
616 402
609 851
495 651
555 983
299 355
840 745
497 181
809 742
232 518
829 761
288 676
788 320
443 66
800 849
578 9
676 77
550 71
180 759
156 614
328 727
650 194
620 648
562 728
413 236
716 378
869 362
396 921
96 464
704 821
701 712
140 457
208 580
820 865
405 776
542 496
607 635
602 701
46 365
94 387
413 535
256 576
110 505
163 657
625 66
371 573
408 735
343 729
472 58
475 389
15 435
568 103
356 295
214 800
366 125
292 152
272 103
939 562
347 283
740 190
852 412
992 570
175 777
916 556
486 374
385 469
760 719
273 726
469 658
813 316
403 371
362 476
418 594
906 532
962 651
898 575
674 864
353 734
657 909
482 178
716 628
446 173
807 249
815 636
42 334
214 367
141 385
462 420
681 581
21 357
460 839
736 871
471 687
45 680
229 331
456 784
650 382
183 840
213 324
471 75
256 417
261 139
309 407
257 832
160 321
993 470
646 928
348 405
681 957
605 178
500 419
762 427
597 255
601 958
391 309
680 611
744 718
542 642
783 790
499 430
113 394
433 937
706 291
500 4
940 353
232 164
745 459
793 706
935 738
379 89
466 721
793 687
739 647
330 864
814 468
95 585
683 207
532 170
589 475
817 358
85 603
609 619
910 303
53 494
459 972
666 640
303 716
590 795
228 709
495 616
916 649
848 609
391 434
292 184
649 416
429 816
961 402
46 296
288 696
934 396
786 752
381 899
920 422
146 521
347 963
517 552
504 279
562 46
803 146
164 818
141 845
616 104
805 395
756 527
429 251
692 228
546 582
377 596
439 216
318 93
257 871
6 447
617 540
195 653
157 704
359 446
724 888
795 580
758 881
724 641
603 896
298 444
607 229
517 638
949 535
213 202
919 256
375 154
624 860
757 112
387 227
55 431
798 803
630 240
472 628
489 43
264 385
774 336
206 878
130 647
349 673
828 207
730 692
532 248
772 914
620 190
800 876
369 85
568 173
85 306
534 554
661 500
564 706
576 269
70 323
435 230
236 818
466 459
453 520
920 310
169 873
503 347
829 578
365 103
293 261
600 328
777 527
353 220
313 564
966 555
830 856
911 592
763 390
96 652
820 670
556 318
681 830
701 357
503 936
87 658
880 217
320 595
721 679
539 179
351 652
882 241
699 694
161 454
118 286
663 215
425 581
552 111
400 448
313 846
438 457
836 351
504 231
845 668
455 665
94 259
41 608
343 199
557 9
197 710
957 389
832 447
417 343
191 343
188 379
624 555
226 492
803 468
550 478
221 153
926 495
768 454
310 797
552 443
617 120
321 874
716 577
679 514
479 424
516 382
513 617
674 918
51 628
697 419
723 715
528 158
247 155
397 134
592 583
690 526
799 510
478 522
380 176
414 572
313 124
197 159
774 245
204 772
56 667
699 596
119 248
518 45
173 448
270 464
