673 1604 24 126
137 172 42544
44 208 47518
5 588 27166
487 489 27295
165 346 33838
270 405 24187
455 593 34015
182 224 60407
232 649 36235
262 462 36770
72 300 46043
411 455 49204
412 604 45607
502 551 13000
167 607 99639
184 272 135989
15 112 34785
367 423 40311
280 570 56009
425 633 38013
268 518 98813
43 284 47634
25 315 50359
446 654 44643
119 635 55579
449 608 55579
269 524 62394
548 656 77473
132 201 13454
582 651 16643
598 642 14036
11 425 32000
170 604 43046
486 562 34886
45 297 47011
176 299 56859
121 660 66408
200 568 32311
45 623 14318
212 609 48166
566 624 41110
102 139 56859
427 490 33838
415 634 36139
95 146 62650
391 443 34886
188 463 34366
97 310 26926
23 313 18028
63 591 40311
358 592 22204
32 499 35903
20 88 56859
50 458 70228
144 277 17464
267 594 24331
141 662 27586
41 619 51088
530 582 78772
558 630 32650
11 21 22204
86 342 18028
182 467 61400
108 442 47885
35 116 23000
32 533 61351
152 251 34234
415 441 32280
168 231 35511
122 261 36359
145 457 32696
13 51 38013
381 661 49244
236 347 45793
569 621 17088
226 639 13601
1 136 35468
231 354 32757
144 383 59481
39 217 54818
616 664 24166
16 430 18682
31 33 41485
260 594 40361
298 617 46141
129 268 49518
314 497 31321
26 219 28018
37 142 75027
626 640 15524
124 557 32573
189 610 59548
156 453 49659
498 571 29155
32 572 33422
370 481 41773
174 357 34540
421 643 43046
274 601 44102
125 256 47707
155 590 37121
53 625 42953
250 292 50488
216 526 41617
151 174 42202
36 43 36878
58 629 18439
14 288 32757
622 672 36497
448 467 22361
324 568 42579
209 662 54406
271 525 29275
419 548 25807
398 530 37643
68 568 28284
147 252 14866
106 490 38833
73 324 44654
406 481 47802
63 400 48301
364 424 21190
255 621 26249
256 520 70612
10 177 56727
363 540 37108
176 283 13153
308 620 28000
201 567 15133
55 578 36139
397 401 42438
46 384 35057
207 230 56851
192 216 23409
148 203 31257
469 575 42297
307 504 29411
53 347 38118
461 555 39812
162 261 49729
95 234 39925
232 338 32894
41 145 19416
263 395 18358
273 421 37054
60 251 40000
254 523 20616
143 356 20809
23 626 50448
321 537 50695
139 541 21954
585 659 49649
448 536 29530
73 161 46011
12 23 36878
36 284 45398
134 491 60803
45 98 23000
255 485 27313
181 559 44385
142 155 102142
69 629 58523
190 511 37121
7 343 145671
120 652 83241
60 172 20125
75 467 22000
332 486 39598
312 542 56294
2 464 32558
304 468 33242
92 273 85510
226 605 16279
511 525 35903
28 420 40311
384 605 13601
186 627 25020
332 495 42638
380 589 54562
61 181 44407
344 646 39000
121 665 57201
177 670 59363
376 649 29967
386 518 42190
218 408 31385
39 267 65490
6 56 58941
609 652 33015
236 638 25807
78 394 40853
333 577 34366
264 603 32757
50 199 30610
416 661 27203
236 492 19647
433 653 44643
253 484 57697
434 521 19723
47 124 40460
152 349 47885
9 306 26926
338 661 44294
130 474 21401
463 564 87367
44 607 32016
12 299 98595
307 611 42202
126 278 30265
107 203 39051
108 654 11180
238 241 79076
182 346 68593
4 125 61294
107 241 29155
408 505 46228
451 666 24352
225 300 10050
203 372 24413
350 616 26173
23 223 31890
168 584 42048
9 372 19235
264 418 68066
49 353 18601
169 252 48795
156 528 28601
599 671 24083
3 453 23022
46 226 60638
318 547 57428
422 501 62610
261 430 38626
155 545 55009
478 644 40112
154 586 14213
210 227 42012
7 112 77936
20 295 43012
169 532 49336
388 490 17720
149 398 45967
270 501 21401
121 242 87664
360 564 48021
618 642 66189
57 528 13342
373 446 50220
179 197 32757
306 334 32558
106 531 12649
16 261 41195
530 586 57280
332 408 42720
340 499 19235
275 418 44944
370 444 35000
146 425 111946
18 455 22361
64 93 22561
165 274 25318
41 473 24187
315 648 43829
129 326 45343
446 492 37643
431 462 48466
484 501 43566
365 553 55543
6 484 35000
167 562 23431
403 612 78230
237 512 51478
77 602 20616
148 238 69260
131 526 55731
105 383 26926
622 631 31401
349 515 60828
19 380 31145
67 139 59059
290 444 26571
124 587 17117
216 249 21024
86 413 25962
552 570 43863
132 553 84723
322 563 32140
93 138 20025
448 602 36715
386 463 11000
305 365 41617
1 486 33615
227 533 65513
625 646 14213
85 619 46615
650 672 31623
224 518 52498
185 513 38328
323 428 38328
400 670 52811
59 545 20000
154 540 67231
373 492 52469
124 414 33601
493 557 40311
52 428 34234
232 391 11045
64 596 33541
151 423 48104
393 648 37696
362 383 26401
132 337 63159
206 535 56036
60 356 28018
9 34 23324
66 175 17720
362 572 42048
64 312 26571
35 632 34132
312 597 42638
136 332 36056
26 210 53009
71 593 24207
305 553 17117
11 258 87464
76 593 41677
232 381 47297
237 537 46690
158 181 47096
229 537 43139
177 505 21378
261 580 61984
328 438 25179
74 76 42544
54 456 42426
379 566 25000
186 286 33015
113 118 82006
411 506 31623
128 229 42048
134 183 56321
56 86 19209
122 564 31016
118 207 45541
299 573 20518
215 433 23537
44 147 27893
304 419 45277
290 571 20100
457 460 15297
150 482 47043
50 613 23854
6 219 41437
57 303 52173
147 607 48010
7 571 88142
343 618 216707
203 658 24187
162 361 15297
47 328 45343
167 482 47854
30 385 17029
48 88 33734
360 456 44204
116 273 52924
80 122 36770
88 584 36401
75 448 28425
81 645 25318
461 595 41437
82 656 31064
105 144 63032
64 438 38013
283 452 27203
70 475 34713
43 133 23259
222 411 40804
504 607 108931
107 344 32757
436 665 18028
228 468 28425
26 185 40460
137 153 51856
118 572 46573
83 448 66287
186 534 56859
263 530 28071
495 626 38484
166 569 47508
157 370 15000
161 359 37802
97 389 31305
27 53 32757
100 539 37802
155 406 54129
258 425 81006
238 288 46043
31 191 25179
282 285 53038
368 371 46098
132 365 91351
225 245 25807
122 360 37947
192 526 26077
40 634 19723
131 636 43863
233 469 39217
5 392 18788
34 627 24698
77 282 46325
537 556 71568
77 404 19925
258 633 66189
93 247 46819
356 436 12369
302 511 38833
83 91 20125
483 671 35847
253 515 25239
250 496 60216
30 586 32450
331 466 35114
129 336 173217
158 266 24352
530 540 60208
195 350 14866
426 435 45277
205 357 36797
336 417 46000
107 306 52802
209 490 39013
128 583 35777
468 476 32016
456 576 46098
223 450 22472
317 546 35847
21 65 68029
160 464 28320
394 522 38897
74 595 35114
139 613 30480
20 167 125399
224 276 39623
368 652 64125
369 426 50922
454 563 27659
13 197 34015
153 600 53740
291 529 60415
234 474 32202
297 422 57201
276 518 13928
19 431 15620
168 585 80957
327 553 66491
204 354 20518
230 574 38949
230 323 38897
14 79 28636
156 563 22672
25 466 23195
442 547 53935
402 470 92574
143 663 13416
223 458 41340
70 233 36235
166 339 32894
91 429 26000
247 643 33061
40 471 11000
78 608 43863
546 593 44553
110 248 14142
29 407 25080
103 485 14036
112 469 24166
115 461 41049
197 603 66400
197 623 11180
310 592 41110
136 495 29155
189 284 22472
193 324 36878
32 123 42638
221 487 31257
12 313 43600
235 358 21095
320 594 29069
600 639 27000
296 630 21541
265 653 46325
281 283 26420
195 335 32558
430 580 48104
60 390 51865
275 323 38079
92 432 66038
22 189 74673
282 326 23195
40 135 57201
106 427 14318
328 557 34525
202 209 50931
341 550 15000
31 531 21378
142 556 28425
283 494 59933
299 647 29614
183 185 13038
166 174 42048
375 532 17029
269 429 20248
22 437 71063
58 297 40719
39 249 24839
33 47 30594
6 159 48010
331 423 38275
519 633 21932
118 362 71589
438 596 46690
349 394 61294
127 454 15264
68 540 24698
209 653 49729
51 257 41231
52 574 33242
280 488 39623
84 445 27295
198 546 58138
264 310 51865
212 371 31385
279 661 71554
599 620 37336
567 573 96675
13 179 21024
154 659 34670
92 668 55731
436 628 21213
240 479 60926
440 555 20881
246 540 41049
484 513 55036
114 137 40608
274 429 32249
20 482 77698
193 568 34015
452 620 61400
240 483 30265
38 307 43324
50 132 45607
86 294 31145
79 627 41773
35 273 32802
349 382 18028
517 527 13454
180 314 25710
369 413 58181
17 508 26249
158 363 19698
1 171 12042
42 318 43105
147 169 50120
199 443 26000
81 134 29017
335 397 47508
155 556 76295
224 464 49041
298 478 32249
422 560 34409
33 259 17889
138 438 30480
87 270 18788
207 645 39408
65 351 22825
266 316 38328
319 353 23087
341 345 20125
476 660 25000
365 392 31016
376 655 37483
135 351 28636
280 435 16492
456 463 35000
327 381 29833
272 335 45100
254 439 13342
294 413 30265
195 616 24331
260 267 23770
8 515 41110
514 520 18439
453 547 32558
256 447 82735
528 563 38000
84 562 20616
154 363 49041
427 662 47885
2 75 53460
282 404 51624
127 448 53824
229 512 25942
465 601 15811
197 257 29967
322 448 47854
207 630 50695
96 514 60440
111 325 91220
401 633 18788
422 663 61847
136 532 26401
144 647 61522
18 74 49092
557 587 29833
161 306 60877
281 452 19849
314 316 43012
39 594 68884
109 601 24166
492 549 23854
361 420 52326
146 617 15000
128 243 30463
446 549 38601
318 460 59076
298 535 53310
351 425 89185
246 366 39115
229 583 26077
264 560 60745
393 637 41110
36 222 42000
70 469 30414
239 351 15297
71 85 13153
81 558 71847
477 497 43324
242 628 52498
310 358 28018
333 410 34886
320 523 61327
405 472 22472
69 293 37947
150 486 26926
555 619 50478
187 384 48010
109 182 86406
9 203 17720
355 544 13892
622 673 33956
144 635 52631
508 565 59908
18 284 60836
217 294 32802
50 201 35057
87 472 12207
385 417 46615
44 538 30529
281 286 64140
617 667 52202
14 119 52479
286 620 43932
423 637 26571
253 608 58796
156 311 31257
471 588 33136
340 624 25710
205 313 51264
327 337 25495
379 441 31401
242 660 68884
71 619 42379
240 559 57245
12 450 24739
286 671 29530
96 325 19647
115 595 55444
323 574 53009
210 488 56080
336 500 29411
115 555 15811
76 115 48795
222 275 47127
60 382 44922
158 246 13342
172 352 43278
120 598 13153
260 294 24839
102 443 41593
324 554 37656
120 368 31385
270 560 28601
215 265 50010
149 291 60415
93 632 34059
269 460 58873
105 672 37656
360 463 48508
110 234 63695
14 238 21095
151 670 34234
622 624 68884
364 571 64351
105 163 27893
138 669 28000
493 542 31385
228 548 19105
104 617 30414
486 538 45177
366 568 50010
174 393 21378
4 242 53740
400 505 37121
89 588 35384
480 565 55471
343 434 22204
126 249 41881
339 670 38328
184 258 40311
27 347 11662
12 223 21932
118 227 18868
38 504 35355
649 661 53000
102 649 41231
22 412 36056
265 592 41110
216 298 51010
339 621 24839
361 470 12530
638 646 21190
414 514 40311
53 309 40012
28 480 18028
143 251 23195
113 230 93536
223 626 41400
523 636 45188
2 182 13416
230 630 33615
58 69 54818
64 138 25807
399 456 39812
71 115 40719
178 478 38588
113 119 28284
354 367 22204
305 588 34655
526 641 73007
197 527 70214
328 596 36139
46 548 79429
104 298 45541
15 475 22804
380 462 50010
445 562 35777
135 279 40706
187 407 39699
50 450 55946
44 396 17088
265 577 22023
275 506 46755
139 307 61000
300 335 56824
523 594 66708
3 156 42802
359 479 27659
586 659 36056
321 600 66491
183 472 27893
20 55 46239
336 395 33287
17 437 25000
184 335 95441
459 653 25554
259 328 20396
76 455 22091
8 608 22361
125 476 69116
114 665 48754
420 462 50478
420 431 46098
547 549 56851
572 672 50912
386 564 96747
121 539 55082
191 447 15000
97 235 41773
37 321 70178
633 664 12207
400 578 52393
16 360 20518
181 366 13928
323 630 15524
73 403 12649
39 526 66219
63 670 76551
172 390 45486
437 565 33541
53 311 30364
170 461 29275
80 162 24759
181 316 70385
57 193 21471
324 528 37216
527 560 36222
541 579 50961
170 190 14213
114 600 59481
232 327 55866
253 449 32894
350 397 11045
28 374 25495
287 480 51614
41 42 39825
114 121 13153
221 468 16125
312 493 28284
198 646 34540
336 385 90802
303 322 30414
304 476 16553
237 556 66708
137 356 39623
589 604 46755
117 394 42720
524 576 35128
164 244 12806
63 578 34059
250 651 13454
202 259 28178
432 643 34015
379 552 39446
281 620 65788
387 472 18385
117 220 17000
261 271 56143
93 597 42059
16 301 25942
80 470 28460
159 219 17493
169 171 11402
571 636 77162
102 391 24187
213 483 37014
145 190 56400
395 398 23409
172 356 14142
262 287 12166
121 628 68680
32 227 14142
329 480 17029
301 399 15652
42 460 36497
190 302 45453
108 318 45541
264 389 69462
231 477 33302
177 218 31575
116 597 31064
146 351 66408
260 449 19026
83 346 35228
56 342 11402
3 347 29017
341 593 35128
31 47 49769
160 326 36674
30 211 10630
149 500 50000
409 585 17088
212 416 37947
139 443 35847
322 602 30887
83 127 66370
418 558 44011
243 537 36014
161 403 53339
214 251 66483
413 426 43267
96 111 74813
348 482 37000
42 108 12000
228 304 46271
142 321 43081
243 321 50922
36 411 49204
85 593 18028
288 574 91417
62 199 27893
551 578 13601
373 638 63032
272 434 35355
184 616 61098
473 555 33422
302 525 62968
316 497 60836
292 404 17720
101 188 16492
280 426 46065
105 650 15556
242 289 60033
289 663 15811
260 608 55109
395 500 12530
149 529 54037
95 130 38118
125 447 71589
8 394 21095
417 530 38949
145 196 14036
171 208 16553
280 533 19698
103 339 16279
348 408 46174
26 513 22136
71 555 42048
55 502 20591
605 639 25298
266 363 18028
584 585 121202
209 355 38601
295 348 33526
433 459 32650
252 375 34540
408 486 44643
347 547 48332
490 662 55946
157 498 16125
205 494 51614
405 501 30083
155 481 64195
457 524 41340
2 326 30480
71 76 51039
31 106 18788
131 248 47707
258 642 49336
42 654 17804
302 457 64031
89 622 37014
468 487 35114
290 370 13454
83 269 39962
7 636 92698
61 324 39115
175 541 21024
184 618 25807
25 559 68949
355 669 43139
102 232 31828
37 46 85493
320 378 11180
319 411 28653
512 583 45044
77 292 26926
136 640 19235
401 616 15811
302 580 26571
135 667 40497
286 534 54781
83 547 38639
249 278 19647
378 594 21213
140 218 33121
211 586 32802
274 346 45607
53 107 70064
19 589 51971
254 424 14318
559 648 57940
205 452 52802
261 361 53000
524 601 36770
544 653 62241
427 531 25080
384 600 39925
443 613 15811
122 162 36235
511 589 23601
219 488 22136
306 479 62032
365 573 17692
177 400 37590
79 148 39850
358 410 21024
169 375 48042
343 606 11180
80 564 25495
176 494 65000
99 343 29833
29 489 30083
109 274 47043
368 598 41012
101 465 44011
127 453 19647
143 289 11402
79 238 43278
402 581 37000
445 538 19235
357 393 44045
89 392 43417
309 625 17029
21 425 10440
493 561 36892
156 612 24597
390 583 30463
178 369 29120
190 589 24759
173 196 12042
156 454 43417
413 614 58412
135 553 77414
30 530 44045
100 121 32016
218 503 19105
182 536 61270
163 299 33422
83 318 41000
380 604 56754
94 265 34176
332 503 30676
147 579 89554
68 582 50000
86 449 41629
186 671 33015
295 400 37802
198 373 56613
234 300 36715
228 419 28862
15 469 25495
371 598 64008
468 539 31241
210 645 19235
397 425 83600
383 657 40522
489 548 67742
213 308 27586
256 509 30017
59 406 25060
482 562 48010
150 408 31016
29 100 29530
510 610 78262
315 331 32202
437 508 35128
180 477 48549
220 330 54918
158 316 34986
99 434 22023
396 445 34670
68 246 54231
257 603 59034
219 513 16763
109 224 62968
149 651 55803
419 656 56886
101 109 47297
15 70 17464
82 509 15000
178 644 24042
281 534 39357
126 298 46239
31 293 24759
295 578 56798
258 371 78102
149 250 60008
117 512 41231
444 481 49092
17 610 64938
114 187 22825
290 364 54120
527 603 49406
398 500 24839
263 398 15264
636 641 45695
297 507 50249
25 180 17464
317 345 26401
163 631 41110
16 122 34828
355 510 21401
51 179 23259
72 245 33242
287 565 19416
54 188 37363
180 316 41000
408 503 33106
487 548 43105
293 531 13342
57 543 33377
61 568 33422
52 345 41231
89 415 17205
422 507 12369
313 569 43658
441 667 78772
534 635 39812
138 247 57628
650 673 10050
300 397 65803
378 608 24698
254 320 55172
455 550 35355
170 473 51740
72 335 29275
496 529 34132
204 367 19698
216 535 20100
178 552 38288
181 359 22361
214 484 38588
74 284 56859
236 549 35341
69 531 41400
483 599 32573
205 569 40224
37 548 163817
207 558 65970
65 279 22361
382 522 34132
33 388 30000
200 543 20000
74 189 44045
383 672 32450
25 181 80000
254 636 57315
203 306 32573
87 387 15652
199 391 26926
132 573 94668
109 276 57454
131 377 27459
481 498 42638
54 465 13454
542 561 36222
292 303 44598
295 505 21190
55 551 25554
459 610 30610
374 581 33121
138 510 60108
94 209 36069
465 576 26683
119 657 36125
241 658 23022
190 473 55902
169 208 10770
245 272 25962
3 311 30150
250 543 26306
433 610 44102
10 670 17029
406 545 24739
111 656 61033
12 494 45354
362 657 39408
9 334 40608
74 115 55036
24 604 16492
49 345 26476
206 617 52431
5 365 21840
202 669 34886
256 304 53712
123 533 33615
376 609 27295
622 650 36715
230 288 87658
121 187 18111
303 602 37483
113 288 41869
227 645 26926
407 489 24207
326 516 67602
48 168 46487
177 408 36249
312 596 17000
287 437 36359
315 559 32650
69 125 42107
206 474 54037
561 587 13342
396 607 30017
247 508 48918
478 614 40249
462 480 19698
446 619 46325
341 546 29275
532 640 30017
315 466 49980
399 580 37483
7 606 135074
163 647 32985
297 663 73682
146 667 49092
69 98 43863
153 352 46819
182 274 77929
334 671 32016
99 225 46098
231 591 34409
285 529 12166
579 607 106118
183 387 31241
458 532 36125
180 231 50596
43 235 32558
112 575 41869
131 475 48260
237 590 45354
28 462 33061
44 169 51088
113 207 100185
84 167 10770
200 582 28844
17 22 69462
431 511 45607
213 240 43932
18 76 21633
4 660 23770
406 444 16279
80 402 118271
82 304 54342
441 566 14866
29 221 19209
59 444 25080
572 624 67119
212 376 53824
196 460 19026
246 363 12083
377 641 24042
38 611 41110
551 591 47074
308 599 14765
145 473 25612
132 199 64133
217 278 44922
154 316 63411
484 515 59666
41 654 40804
543 651 22023
140 495 41773
164 545 27203
62 443 17263
201 450 29682
188 386 37577
291 336 32202
255 313 46872
5 305 28160
450 458 50774
286 599 16125
242 629 46011
516 529 32696
339 569 25000
226 384 28844
238 646 87046
509 656 33615
199 232 30806
214 501 34713
65 425 75293
306 403 43966
637 648 27295
492 638 41231
59 90 32000
150 562 31048
3 547 43932
2 160 29967
66 252 17029
329 668 58241
28 402 46043
99 521 10296
91 346 20100
330 512 52887
352 390 12806
382 583 44272
412 437 69642
424 636 63388
199 337 59666
90 330 35468
94 666 26476
235 410 19723
344 625 45177
461 604 47434
409 659 33061
123 340 21471
369 614 13892
438 669 20616
222 389 67801
70 248 46690
573 615 12042
96 414 52038
452 494 62000
512 522 48021
338 381 26627
20 348 61400
47 259 39294
239 279 20616
349 522 39115
101 518 39395
257 592 65008
317 574 66468
182 464 31623
166 670 37483
67 655 40050
63 151 76420
361 402 89493
58 242 46098
51 662 19925
99 575 34482
488 533 39825
376 661 48260
157 571 23022
410 592 14318
517 560 27659
405 484 41340
113 362 53852
11 416 43417
475 636 59841
260 378 46573
507 517 19647
305 471 22472
163 650 24083
176 277 56321
161 479 17263
184 343 191719
401 425 50000
228 487 31953
307 579 16000
155 164 54203
385 585 117038
377 636 35355
79 635 41049
31 490 40311
68 366 55973
141 666 24839
89 566 31575
662 666 36000
253 342 58310
142 481 166337
62 613 12806
447 520 67119
221 539 23409
3 27 20248
410 577 21213
75 77 40162
103 140 23022
129 291 141156
144 657 50990
542 597 84646
210 533 64257
159 435 27166
299 494 88295
48 584 17117
212 368 19235
88 167 182132
193 543 20518
83 429 31765
324 612 65192
130 234 12042
213 393 31385
43 333 10770
240 393 49041
372 627 14560
11 371 41110
194 328 17464
153 243 10770
325 561 26077
311 612 11402
418 491 55803
82 256 38471
53 612 38053
365 615 22361
451 662 36235
194 669 29428
476 539 33838
577 592 26401
118 645 32696
86 260 39051
111 514 21024
185 472 21260
10 218 44643
352 583 38210
19 462 43278
109 465 27459
45 58 46000
11 65 65276
38 652 58464
148 627 20224
148 658 18868
114 153 66708
471 553 24698
578 591 50090
61 161 33242
422 517 23087
394 608 32016
284 433 40497
180 466 27586
229 237 42154
345 550 27166
251 501 77492
314 477 35777
95 397 66483
135 634 58523
18 36 52555
348 505 26926
631 673 35847
480 668 57009
97 222 69231
353 411 21213
38 607 143569
165 429 12369
409 497 28302
247 510 78026
7 498 78924
213 620 20616
592 603 65000
405 513 46669
556 590 41629
64 597 42048
60 152 28071
368 609 50537
432 565 63135
90 290 16031
207 296 35805
262 380 42720
264 491 50090
6 253 51884
440 619 40497
184 195 76400
214 349 73410
117 522 51788
95 206 12369
285 496 31575
431 525 20025
48 502 26173
100 221 38013
267 294 22361
243 600 58822
133 284 43081
588 634 33971
387 491 25318
25 316 40719
141 257 39623
49 550 39408
112 475 47518
474 535 31048
346 536 23087
35 643 45188
43 222 61612
467 536 10770
145 302 63789
244 545 18111
268 464 15264
369 570 33136
240 648 48104
217 413 24166
101 386 38000
67 102 37643
137 665 21954
185 405 28443
485 495 39395
269 318 13416
395 417 25456
236 309 15133
611 652 53254
615 631 34015
538 562 45453
544 610 75273
91 165 17692
18 411 50010
319 428 24166
175 375 35000
145 173 18385
291 516 69203
619 654 32450
49 319 19313
565 668 33838
497 585 22472
163 615 26173
445 607 62936
524 580 62201
56 426 34886
141 265 35468
421 432 39850
309 638 18028
257 662 46872
66 541 36222
356 665 26907
54 576 16279
199 327 58941
238 658 76164
321 556 43909
123 570 71421
194 259 17692
99 233 65008
192 474 28071
87 264 50922
70 131 34525
187 600 50329
370 571 14866
272 521 33302
75 326 40361
552 644 55027
238 317 91482
442 446 22204
63 367 36014
133 215 15033
77 448 34886
92 581 41304
34 671 18385
84 607 89376
141 592 45607
627 635 51088
24 412 41761
292 602 27893
78 439 34132
241 344 10440
123 499 19105
566 622 58694
329 374 17000
31 388 41340
35 597 37443
13 531 55660
183 491 20616
242 297 36346
96 561 27459
375 458 48549
340 570 68000
632 643 46487
57 563 43012
310 603 37643
357 452 67186
24 189 76551
499 624 42107
230 296 24042
271 431 32249
107 625 63246
204 231 42048
104 667 47434
570 624 66370
297 623 54818
173 460 22825
73 554 45607
98 197 31890
171 486 30017
78 220 13000
215 653 51662
13 427 51624
60 349 44283
323 558 33000
292 496 28018
495 640 28284
158 366 43174
161 554 21471
319 506 32016
12 567 38288
211 659 50359
149 582 52202
364 439 30000
90 444 13454
69 447 60531
299 567 100185
188 456 17088
41 440 30232
4 629 39812
209 451 31385
289 436 20248
47 447 43863
46 489 12083
575 606 19647
432 668 44011
96 124 33302
519 616 32527
26 134 44777
353 455 42953
519 664 13038
301 360 38053
110 474 45277
189 433 42012
458 640 26683
152 214 45607
504 579 24021
369 552 33015
19 511 47707
34 186 23324
47 191 49366
9 671 33015
376 416 56223
342 449 39013
29 487 22627
166 205 59034
48 591 45651
134 418 69116
65 239 23345
102 655 34886
78 117 25807
277 281 51039
56 435 46228
595 604 33061
244 512 46530
384 407 38013
222 506 25239
374 668 57140
778 196
830 805
742 662
151 649
542 294
315 443
111 195
221 402
709 498
793 296
466 101
665 263
264 686
609 511
187 185
655 922
413 849
510 693
530 884
920 261
444 104
473 814
701 271
505 804
892 443
370 480
723 655
499 945
73 631
975 568
251 760
458 439
262 800
697 478
313 950
461 674
4 534
644 44
281 281
507 258
622 768
657 749
425 682
779 122
254 653
39 612
232 806
945 341
532 626
636 188
295 708
526 605
716 623
702 860
937 304
330 386
806 610
208 653
105 351
189 505
818 543
639 176
876 335
290 877
472 166
724 138
641 93
867 573
222 706
203 192
579 703
286 84
760 551
507 742
823 752
528 705
836 714
185 362
635 499
619 983
438 501
102 735
740 743
848 148
581 690
318 371
321 535
952 308
491 317
105 319
749 761
423 986
312 882
355 740
343 177
179 857
393 619
254 676
236 110
87 605
728 892
617 122
763 288
394 249
557 375
259 743
713 553
657 737
739 846
247 186
120 811
176 152
554 462
109 567
562 740
290 950
164 377
472 463
582 466
507 8
107 580
633 949
431 406
201 832
180 703
332 285
774 686
102 464
880 816
305 174
209 226
624 232
415 703
409 502
473 212
745 209
134 535
311 862
669 145
776 269
334 695
2 459
190 540
604 417
618 787
398 207
752 129
673 511
898 665
832 197
800 343
217 503
94 502
948 530
34 362
776 636
83 284
891 510
363 442
857 818
794 520
601 966
564 348
81 389
737 774
777 335
858 152
960 385
776 173
564 810
779 184
171 514
631 774
775 377
707 143
637 359
836 259
386 294
285 687
909 439
844 507
818 811
355 518
393 25
344 511
677 466
89 578
712 896
463 740
573 821
226 757
290 219
825 600
282 829
347 86
632 786
278 655
634 609
612 169
851 599
634 223
295 803
704 515
883 389
718 337
346 189
465 508
786 169
330 766
423 479
983 561
520 54
744 414
261 491
416 718
298 241
315 324
805 253
354 457
172 362
88 643
461 632
680 247
798 868
278 129
25 553
456 453
68 677
120 426
509 544
925 391
594 144
235 175
306 162
401 660
674 637
81 410
607 532
476 189
773 447
684 550
189 611
90 492
91 381
263 108
888 523
356 898
249 200
297 262
843 641
213 537
741 139
269 419
185 315
739 263
140 729
305 668
433 20
270 816
279 369
614 918
471 886
943 624
338 583
367 708
914 518
273 346
844 850
706 764
304 527
558 922
270 83
339 970
741 799
447 587
769 895
621 413
302 281
492 176
382 411
663 384
847 759
650 361
455 719
884 721
696 439
459 888
581 494
187 551
104 303
951 694
850 691
234 742
295 350
877 262
486 537
225 616
349 242
590 327
288 130
667 899
608 850
817 661
114 682
539 266
735 505
658 85
725 434
676 622
367 626
745 632
265 886
700 289
934 445
842 437
909 480
582 620
700 752
514 619
223 355
42 475
796 683
482 572
797 576
184 876
850 782
555 184
266 836
488 947
118 352
856 408
781 211
415 686
741 473
315 80
970 668
566 207
563 133
766 304
441 387
567 649
319 389
213 91
681 560
558 631
769 763
713 661
867 230
194 461
352 100
461 186
138 486
521 641
897 374
341 803
173 528
743 364
383 649
824 497
669 937
586 963
526 416
899 528
152 328
563 300
849 520
875 371
523 35
378 322
95 293
493 70
690 495
617 663
480 962
728 171
564 85
214 253
234 357
445 343
507 863
548 155
176 462
547 400
41 577
988 579
728 930
335 542
286 782
407 591
146 476
605 143
534 311
771 398
200 400
952 640
795 116
351 111
930 632
660 885
854 292
386 87
501 991
748 547
855 708
316 506
83 339
63 608
821 226
979 478
384 670
500 644
493 844
325 346
181 805
481 303
508 90
970 622
405 571
75 705
539 940
376 968
259 570
835 376
172 321
434 101
361 370
272 737
492 609
725 771
650 904
542 894
388 930
421 741
235 88
366 415
170 540
428 869
291 839
182 328
597 751
450 312
680 695
636 159
95 328
824 135
658 692
214 766
805 730
280 388
659 239
342 737
676 369
755 681
787 678
530 683
696 902
648 800
702 212
400 766
651 785
560 781
497 912
717 930
836 837
712 851
889 420
801 752
90 659
198 162
592 974
518 258
328 525
598 771
292 191
169 199
121 667
950 413
353 274
797 503
489 930
54 301
879 195
743 451
294 471
764 274
809 183
57 647
375 450
44 623
291 765
360 538
669 656
237 882
676 307
748 238
878 690
964 454
81 268
450 404
946 651
287 514
927 322
791 240
675 61
857 255
482 618
262 582
393 866
114 744
354 820
570 858
132 403
349 473
141 810
248 433
909 749
281 577
764 908
394 59
155 798
245 105
173 428
198 299
683 822
562 893
264 217
291 586
793 613
896 719
941 596
247 739
729 188
400 419
645 419
300 221
791 756
89 456
805 138
110 635
890 564
688 134
210 898
839 615
353 810
89 363
596 653
733 705
54 690
689 669
555 658
915 317
411 323
541 249
804 539
577 745
20 437
232 842
449 572
827 466
287 550
206 862
840 167
793 651
644 978
443 899
460 323
636 238
839 569
741 304
381 355
106 283
484 418
575 313
535 573
203 120
686 857
381 691
902 313
674 85
633 859
464 991
867 623
134 448
962 343
985 462
957 541
203 849
515 291
556 839
37 399
905 363
370 667
564 684
249 342
519 775
257 871
292 919
494 6
712 441
56 540
717 836
823 698
331 615
521 808
37 564
208 101
780 90
225 380
568 58
424 785
617 75
754 625
649 168
371 310
567 322
371 82
389 219
414 10
619 717
725 406
747 288
514 346
268 650
447 362
677 605
713 222
676 491
173 561
190 657
478 557
533 321
310 916
403 79
490 268
637 458
179 258
810 385
659 616
29 540
728 218
221 276
480 5
354 931
393 271
442 476
666 596
596 356
806 412
577 112
546 364
853 632
587 31
378 753
646 735
601 91
85 761
558 439
683 527
977 511
128 643
524 112
314 714
202 546
393 72
153 546
350 714
439 234
432 931
311 834
804 309
710 465
520 382
547 354
