701 1508 11 164
64 427 30000
116 577 34366
276 348 54120
312 668 45607
379 465 47854
100 175 23000
423 445 58694
189 577 18358
360 683 23000
94 150 22091
137 437 49518
273 519 16971
434 460 16643
286 511 44598
571 658 16000
526 698 13342
96 400 40262
198 268 15811
238 303 51894
319 629 29069
192 318 25239
76 85 30414
157 701 27857
158 541 38639
468 670 19416
54 67 127863
185 350 11180
669 684 30067
223 605 12207
196 230 38288
351 432 34132
121 512 18028
1 246 66753
251 684 27857
263 652 60902
68 228 11402
170 588 23770
88 404 29411
378 612 36401
16 333 41725
289 499 45177
289 302 18868
62 131 55902
55 456 84095
407 546 27295
28 684 11000
80 384 49244
180 464 17720
372 479 65000
275 547 40792
137 496 47074
83 677 40719
107 586 32573
362 411 12042
267 451 13928
283 674 27659
184 292 36014
66 332 44283
18 90 43081
87 530 10050
235 383 52811
458 478 45541
264 476 60440
528 653 19105
256 436 17263
152 507 41231
94 102 40817
41 482 18439
401 564 59135
244 507 18682
192 336 17263
261 527 80225
26 546 39395
165 537 27203
260 418 44643
398 696 28636
318 472 48877
222 287 54037
172 404 23770
633 664 38328
206 474 22361
131 175 66242
9 220 55073
180 538 22847
113 659 36401
213 510 36497
224 693 62394
19 450 58009
319 697 47011
255 285 37162
213 291 43324
164 563 46690
59 260 20616
346 523 56886
328 534 62682
159 224 16125
140 426 34655
554 599 21213
539 562 33121
477 501 53852
45 234 32249
202 515 22136
7 543 29833
249 294 13892
229 690 44045
536 597 42379
575 600 10198
499 693 37947
442 471 44643
264 418 44204
149 521 43829
166 473 65742
524 652 26019
158 273 45891
552 647 41437
89 198 21541
147 195 36249
319 596 41773
40 361 59008
37 141 56303
130 141 20809
467 655 70711
141 341 67268
265 560 45607
12 653 39812
264 515 49092
441 555 23345
298 652 53852
1 464 59414
619 700 19209
70 231 17263
195 243 17000
11 478 12166
288 650 67882
320 561 17692
8 333 24083
105 694 11180
395 661 16125
241 391 34928
243 622 38013
20 696 13601
384 641 22091
77 206 74953
93 233 30806
292 700 40249
376 542 46065
465 631 26077
380 425 32249
128 416 22204
250 349 13342
281 630 33242
238 560 16155
264 678 34000
2 419 59405
395 448 14318
208 610 15524
212 488 30480
16 399 32558
203 650 34409
179 301 66408
7 170 25710
232 545 26173
355 474 50804
313 699 33956
18 481 40112
51 536 35903
221 502 14422
378 574 22204
410 487 15556
2 670 24759
437 473 46239
38 75 37202
463 570 41195
242 363 19416
109 321 45011
419 447 26420
182 447 49163
557 623 18111
52 677 30871
61 185 59439
42 628 27857
183 327 23345
88 147 29275
44 470 59237
136 194 58464
16 30 54406
227 355 39205
291 406 27586
503 587 11705
216 361 41437
114 431 20224
129 367 31401
370 640 56223
379 433 42450
186 477 17464
70 90 51010
318 336 35847
246 464 41400
311 447 36014
27 142 64288
278 625 35114
177 656 20224
35 607 40792
78 396 44944
119 246 42438
315 330 49254
101 650 51420
405 655 30414
364 588 50695
11 433 41195
46 226 13038
255 415 17889
554 637 27019
394 586 29428
414 540 61270
14 81 26420
278 431 18358
121 304 35847
233 498 37590
248 611 41593
368 584 21095
156 576 40460
614 674 44598
23 181 35171
69 88 23087
297 389 25000
371 566 14142
154 221 46487
281 597 37483
321 537 34366
13 602 36620
249 668 61814
164 648 15264
284 408 31828
398 666 38288
563 674 46271
173 395 22472
386 497 65115
111 347 79057
627 667 13038
35 680 55362
6 508 60440
629 667 14560
400 682 21024
42 226 25318
87 108 36674
168 448 64133
187 689 28443
381 585 20616
116 469 24515
26 603 13454
56 499 29000
296 701 37121
322 445 16125
574 625 48877
108 530 35128
495 640 44598
26 157 34482
115 632 26833
2 468 14142
450 579 23087
112 354 58694
347 651 57009
370 672 42521
238 429 39408
515 548 42154
272 674 45222
276 690 44181
210 581 21840
236 268 12649
612 625 37216
4 636 85147
293 406 20881
107 673 30017
299 452 52202
311 601 22023
142 516 43841
202 346 71063
299 651 60828
470 670 49092
323 605 20248
409 620 21024
50 179 92763
82 432 71120
76 378 27203
11 311 28018
91 536 51225
522 661 16763
12 387 24739
137 446 49366
7 260 38419
27 516 57140
37 310 62241
118 240 25962
273 325 36125
345 371 48466
351 653 38013
403 492 19209
136 208 17464
55 100 17889
98 244 41869
15 421 155438
532 695 31890
238 265 50090
240 698 55227
72 639 73763
406 486 10817
380 635 25554
60 180 30806
158 207 24839
164 674 32202
271 554 33287
219 572 31016
154 544 113252
426 442 15232
455 539 30067
138 360 64281
285 480 26870
295 571 56515
64 138 34655
495 627 22847
329 511 34000
354 374 29967
328 329 28178
358 563 39661
142 443 15652
308 477 28160
227 563 42000
145 615 36401
405 512 20616
132 690 14036
152 244 28160
165 321 16279
139 432 34059
97 343 37855
539 549 23087
646 699 47381
92 197 64815
520 594 35341
25 402 52773
44 307 43417
114 165 61855
179 262 59548
17 39 33971
39 470 50695
96 194 61774
225 231 31401
136 610 28320
47 495 44045
172 195 49649
117 459 32650
134 562 23022
29 137 51430
125 338 38897
199 408 46239
255 568 56859
217 618 67779
110 573 25060
283 614 27166
225 359 39812
555 685 29411
234 521 16000
21 122 48083
263 562 21378
298 364 54708
293 318 45277
257 550 60141
337 444 15033
304 558 37577
25 595 27659
548 678 44777
41 317 27203
200 291 43566
110 191 33136
325 518 21932
102 185 57940
235 338 55326
19 27 38897
567 611 44553
109 496 25807
495 629 15232
569 692 39560
70 225 22091
319 667 35114
149 583 40361
121 579 55902
144 547 57697
205 483 12806
75 290 11045
316 317 33242
146 166 56009
254 489 25000
143 671 55036
158 305 36014
157 217 46098
7 59 43463
157 352 41437
35 341 46098
130 682 46011
66 640 57219
113 503 64815
422 553 28601
335 619 11662
80 328 67897
350 532 50249
154 343 128860
165 550 41881
127 317 28231
177 694 32650
30 399 39850
201 487 10296
30 481 30887
232 649 49396
36 319 53254
68 114 20616
250 414 41400
285 589 22561
43 56 35511
123 519 22204
24 117 33242
99 481 14318
125 595 29155
69 155 14318
1 250 76059
349 641 123065
533 592 38013
58 668 14213
19 280 36770
218 370 70937
140 654 41437
93 457 23345
120 576 44598
168 532 61847
199 323 19799
117 230 54708
214 284 42755
29 373 21024
96 208 29000
55 342 150748
418 476 49649
354 436 49193
356 578 13038
491 655 30364
150 647 18358
344 380 72125
91 428 24083
126 248 36674
314 459 35735
278 380 31048
413 625 26249
480 642 42953
344 457 33838
374 600 31623
251 620 27659
175 559 45541
110 265 39459
298 403 51971
14 654 12166
10 376 59481
47 529 59034
29 485 22023
551 647 27295
181 504 35609
527 636 82389
529 601 71561
34 95 15297
39 243 49820
211 288 19313
119 549 49497
337 356 37643
32 492 33136
232 520 48826
161 447 69893
230 246 23022
77 474 79259
47 594 58873
372 513 12042
105 656 13416
131 508 53235
369 490 37336
356 397 23770
271 272 31145
111 156 11045
186 307 24021
301 507 49396
155 677 33061
168 651 56648
473 535 49336
8 203 22472
238 444 25942
324 651 47096
19 148 17804
272 563 49679
294 599 11662
196 266 15000
69 158 60415
621 650 16492
10 585 38275
27 626 47170
205 281 22472
308 316 20616
199 223 15524
65 302 21095
9 83 49204
85 537 27019
174 592 54203
431 635 27459
632 654 16643
357 418 36014
59 453 10296
6 191 38000
220 481 36056
57 232 14765
587 651 39925
191 483 31575
580 678 26907
110 552 26019
81 193 23345
143 366 23345
435 458 19849
72 695 24352
95 368 44598
20 666 13454
390 466 29120
40 132 46872
506 683 12369
34 594 26077
135 220 29155
310 680 32202
181 322 35228
128 252 34234
95 466 32894
170 568 27659
142 504 32202
334 659 25962
22 317 30017
374 463 59464
54 462 50220
204 638 42059
217 488 19647
167 628 50488
409 619 15033
18 220 19723
135 399 62097
629 640 36014
350 452 56798
39 195 49649
113 412 50000
517 664 83648
226 501 63285
192 247 12083
63 401 36892
4 101 25298
217 701 25318
122 149 34205
23 66 42048
480 589 14318
133 535 15652
92 472 28601
321 372 25942
303 552 41304
389 391 31385
197 498 64405
237 637 26077
346 517 51010
452 532 30806
292 699 15232
129 269 41617
335 700 25710
345 487 39205
70 112 29155
351 528 50220
253 492 37162
171 671 47381
21 149 43012
374 377 24187
412 650 55579
625 679 39051
350 639 38210
52 88 42190
86 430 41037
97 488 31064
221 658 24759
20 134 70292
227 358 23770
290 367 55000
49 550 27659
175 270 31780
3 482 58830
348 421 13038
183 381 26833
392 427 22204
403 475 43681
4 527 27019
121 626 46011
30 333 74061
383 416 48466
104 533 52173
180 505 17493
244 301 47676
425 683 40817
161 432 65521
275 500 72014
102 290 22361
50 411 33242
346 515 62129
185 551 28862
42 160 47297
209 366 25179
397 578 21378
85 114 34928
251 409 19000
12 484 24839
187 642 40311
67 275 85755
31 209 51478
233 434 44643
137 373 47043
144 307 52953
153 230 29069
34 466 28284
284 692 12806
77 571 20616
439 542 59363
17 308 49244
5 287 81271
157 618 68476
186 308 31241
382 529 45277
13 187 33734
39 622 53600
18 609 36770
332 640 29411
22 422 19105
12 70 54083
271 637 17029
75 115 26019
277 604 38079
294 309 66287
172 541 56886
104 572 31145
438 687 20100
179 645 35341
269 411 30806
54 526 35384
126 535 29206
74 663 44407
279 430 49336
141 490 41976
228 259 54708
417 531 37537
196 549 26926
125 393 26833
229 276 33526
118 401 51039
43 167 46390
266 383 32016
303 639 32000
207 519 44011
247 318 33242
252 661 23259
401 698 24021
23 504 59135
376 530 62650
197 258 11402
585 656 26926
286 328 39661
569 648 21954
122 633 56859
169 525 17493
433 686 38079
317 482 31623
279 514 27459
416 455 25710
453 479 31048
257 604 39051
146 341 63063
272 599 22361
183 542 61057
516 676 76026
362 394 18248
660 673 20100
504 676 75133
114 259 65115
4 113 67978
79 643 40817
436 463 69354
494 561 84060
313 684 27731
25 536 57385
30 99 21095
228 498 26173
545 649 49649
387 484 11180
547 631 46325
312 565 48765
207 305 22672
141 277 29155
656 694 22023
16 207 35847
239 391 19723
254 340 45000
190 396 39623
137 681 50931
36 529 84345
476 523 52773
290 345 78549
75 345 72498
298 398 48826
321 662 47539
216 461 45354
424 553 33526
283 486 48508
80 641 63032
32 681 37336
37 680 63600
519 680 48847
300 536 44283
60 505 41000
486 615 29275
103 382 38013
361 461 58310
356 429 12207
597 630 15811
277 490 24413
128 235 36235
426 590 28653
84 596 21024
234 608 14765
9 12 38949
264 548 58249
138 439 31906
71 129 30676
73 468 19235
215 663 57871
15 349 21024
82 243 14422
319 640 47202
427 439 31828
108 188 36878
177 327 39699
205 630 26833
38 140 27586
253 514 37643
209 280 76236
164 614 44181
107 394 46872
319 627 42202
379 419 16031
287 448 30463
33 329 44553
402 461 28460
508 669 16031
363 565 44654
72 173 33377
443 504 19647
221 571 17117
373 485 29000
83 399 67082
53 436 20616
296 449 54406
1 329 25942
166 643 23345
279 513 57983
156 377 44944
363 577 23601
161 339 68000
206 295 55471
235 252 13153
182 601 49649
451 477 26077
218 640 81615
386 417 41195
215 533 37855
320 360 39051
39 424 41049
321 550 41049
474 616 31780
334 556 67417
34 671 30871
26 116 36770
396 454 34986
297 327 35128
366 445 46174
364 403 27019
40 342 37947
53 609 15811
229 246 67000
502 531 48083
72 578 24166
439 617 38079
525 547 45310
25 428 20224
334 509 12042
530 585 160112
520 649 46390
96 136 17263
270 536 40497
257 277 40804
500 613 38013
278 574 38079
233 323 66121
189 420 39825
122 162 36125
292 313 39459
139 697 11705
219 668 56569
434 605 70520
32 163 25298
628 665 32696
50 385 56356
350 695 67186
37 400 27459
12 90 73000
282 390 81933
550 688 61392
121 558 30017
92 130 52953
27 148 44385
52 82 28000
253 588 38419
76 479 32311
435 687 26077
137 662 59666
17 470 46043
418 543 26926
104 663 38053
219 610 42438
349 414 34409
121 405 15811
252 522 15811
179 394 82037
129 646 39000
240 282 99745
20 652 42202
610 668 41869
60 538 27295
328 642 86128
388 609 48052
52 351 56400
194 554 44283
272 294 32802
268 463 47539
103 438 32650
420 469 10050
446 473 43417
291 293 13000
407 489 32249
159 174 42202
477 613 26683
47 151 60877
126 524 42379
74 195 67357
384 540 12530
490 604 37014
201 566 13416
6 669 57009
38 632 22825
226 628 41340
175 508 66408
89 463 37014
95 151 34670
355 618 33541
5 524 18248
359 575 61221
311 478 28231
16 305 33121
199 497 58249
67 169 96835
166 211 32757
474 593 34482
159 242 45880
214 623 39623
149 523 78772
260 608 23345
340 407 28284
231 359 38588
43 296 120033
45 583 33015
3 215 21095
276 421 64475
237 554 35355
23 78 35440
293 472 73437
434 472 53488
276 538 30083
43 212 147492
239 241 24759
92 336 34409
343 616 20000
191 699 54589
419 631 57974
575 576 34059
493 685 70178
115 673 13601
140 632 30000
570 609 46325
602 689 11402
324 587 20591
6 175 38328
313 669 14866
26 352 25495
251 619 25000
42 124 34059
270 597 26907
398 689 14213
68 431 30232
189 309 60465
284 557 37121
413 425 20591
181 649 40804
22 553 25080
85 278 42544
516 626 48166
306 499 24083
113 636 53712
263 455 22361
61 452 49254
456 559 41773
298 666 15033
361 456 16763
7 418 26173
233 392 45891
201 410 16125
62 591 221504
327 386 42802
194 237 16155
555 676 78262
357 678 15133
430 492 34928
111 371 56089
209 598 37121
218 387 14318
367 673 31000
77 154 51971
4 99 74518
512 558 28844
85 165 43012
391 617 18028
79 473 61814
14 140 48549
502 569 49649
204 451 17464
44 176 32311
501 634 16492
25 393 57559
255 588 57070
111 377 43290
211 643 21587
521 523 64405
519 607 34655
168 556 35847
87 360 67912
213 486 20518
593 616 23345
457 635 46325
440 449 38419
237 283 39825
558 685 58138
405 491 32016
116 407 38118
632 660 28160
392 617 32062
12 528 42450
28 508 29833
184 619 20881
344 427 29155
320 683 25962
396 672 40162
282 691 14318
330 581 46530
478 601 27313
502 571 16643
174 693 51245
202 548 46271
65 254 13000
24 459 33541
450 467 17692
144 275 46487
209 390 96255
375 390 21260
207 273 40311
83 155 15524
163 446 15524
433 564 35114
475 524 42544
136 554 65215
134 365 69203
10 530 121840
254 407 32016
440 701 25179
66 78 11314
51 300 15811
385 620 31953
269 292 48703
331 590 23022
190 454 14213
120 371 20248
261 503 38601
119 365 54672
262 493 58249
49 496 25179
143 445 27659
307 308 25318
493 558 35847
197 434 59076
586 660 42802
325 541 41593
496 550 46615
327 497 43909
160 634 53600
448 661 20616
69 305 64257
51 265 35114
364 415 80081
144 500 50567
152 512 21587
175 624 21260
304 626 18385
352 603 14036
59 514 39395
250 505 66731
233 605 58873
133 163 23345
443 516 41629
391 439 39051
233 457 26420
98 301 77795
462 698 41761
493 512 55036
485 604 15524
182 339 32311
80 548 78492
111 345 50249
408 510 15524
266 338 30017
339 432 14318
339 447 50249
477 500 54120
298 475 36674
110 483 43417
128 287 52326
171 520 45880
151 529 22472
92 257 48083
454 676 48166
47 627 56303
368 390 42012
67 628 136400
84 139 34059
467 591 166208
199 239 50160
146 288 30414
216 559 29547
74 172 48332
200 223 17000
273 541 47802
284 614 22804
268 374 44944
184 409 22847
342 582 25612
77 295 51039
517 523 10296
292 335 26401
37 96 55543
147 404 23324
231 575 59908
495 667 12806
47 520 41485
299 347 13038
145 682 55543
598 671 40224
45 149 57559
202 641 114390
193 657 27019
262 586 38601
222 248 47676
245 429 39013
280 423 40311
22 41 17000
125 444 45277
451 501 41037
375 671 37483
173 397 21095
373 496 12042
23 332 44418
395 695 33734
471 555 45122
162 679 38275
40 582 21541
92 353 14318
302 315 28460
71 552 38288
151 382 45222
178 333 32062
241 327 38601
156 600 29069
453 514 39825
57 545 34482
509 659 26476
8 621 12369
198 347 34828
266 549 23022
261 570 65215
69 83 22847
38 115 23345
86 253 21378
47 232 39000
179 591 73790
357 580 18248
154 417 75710
14 660 37577
460 498 16279
81 262 40000
548 641 103817
99 333 79699
94 647 22204
146 369 41593
512 645 60108
333 650 34482
184 411 41231
301 655 89554
31 390 45000
79 166 39051
116 420 27459
285 568 38601
211 659 23431
76 574 26926
130 277 44011
3 74 50695
171 322 32016
274 638 30480
36 697 53085
346 664 130648
49 321 43012
59 234 29833
124 160 53226
13 20 48042
93 498 25179
318 353 45277
366 598 36878
174 482 71847
132 459 33242
123 518 18788
358 618 24187
43 330 19209
115 660 21932
441 558 46043
429 578 22825
48 112 12166
17 44 50922
33 328 44553
57 332 36401
86 492 38471
76 537 29069
494 633 21213
444 595 24083
271 283 33287
500 501 43417
67 501 56045
79 567 65146
191 573 32650
222 556 34409
262 645 60407
17 422 33242
56 167 45000
321 513 31145
93 228 36401
203 288 70880
286 365 26077
367 394 53263
45 644 55444
50 394 50448
315 340 43324
354 463 69354
584 691 16971
170 253 30806
159 363 52402
638 693 56859
314 361 53712
40 314 27731
16 178 32140
342 421 33061
507 645 24597
10 542 16492
196 393 25000
145 318 19105
77 658 13000
31 671 43290
484 596 20396
105 585 13601
51 281 22804
34 520 41146
388 481 46065
309 420 31016
236 347 29411
177 381 37162
331 471 23022
21 644 22472
188 320 12166
432 697 39051
643 659 23770
9 135 45044
430 513 37577
112 231 24739
82 622 38949
224 289 38471
1 33 58189
331 493 64405
88 677 23770
285 678 25942
481 609 40460
258 259 17088
166 437 44272
1 511 28862
160 638 37855
293 326 26077
116 242 20025
5 248 48166
422 424 36249
46 160 50931
5 128 57454
101 113 53339
154 616 109385
523 664 84054
125 266 29155
534 540 42720
21 612 33015
462 526 44654
119 539 51039
193 590 15297
183 297 23601
114 278 31780
29 437 14866
133 446 12166
210 546 28284
572 680 37483
233 460 35805
44 468 45277
314 402 18028
211 412 34785
89 261 43012
94 185 35847
156 374 39812
168 324 18028
204 634 12042
118 438 33106
186 613 10050
478 686 21932
6 630 14866
15 250 13416
287 522 14422
415 480 31257
447 601 42544
174 224 50249
100 131 58694
435 686 44011
499 665 45804
310 610 35847
63 433 27074
183 389 43566
177 544 20809
394 411 28636
28 669 31321
606 612 48836
99 388 47676
61 350 60926
216 536 27659
503 651 42012
14 262 35468
350 551 30265
47 57 34540
14 586 50636
160 693 46174
338 383 23537
296 330 103484
66 396 43863
237 615 28460
20 298 26401
128 263 33015
361 582 54424
369 437 35000
120 190 29000
197 259 17493
466 671 35341
304 441 18439
503 556 40853
315 581 18788
53 570 48415
330 449 57245
398 602 16125
469 603 23707
26 407 31385
470 622 19925
506 561 12806
326 615 30000
612 644 13892
124 306 44598
298 524 54342
264 346 79310
564 687 24207
237 486 44418
61 299 10050
119 562 63561
84 653 40792
333 621 25239
337 429 29017
493 657 28460
373 688 30414
127 274 28018
103 106 26077
326 406 29732
336 353 26926
552 646 58138
224 302 22361
249 554 26249
476 608 18358
354 600 15811
161 670 41677
204 267 27803
13 689 35000
48 256 13892
392 457 31113
666 696 13342
521 583 10296
414 534 20518
240 438 55444
212 701 40000
245 303 32894
188 494 88527
201 442 30610
240 526 67201
348 690 20616
8 607 55082
109 137 43841
179 385 119971
64 439 41049
361 559 28636
210 440 38118
102 675 51010
56 665 49649
347 377 45651
8 178 40497
279 372 61098
375 466 13416
332 545 32249
518 680 39446
366 423 71169
80 534 70661
2 73 11402
9 677 47043
130 336 36715
66 370 42059
73 176 21633
24 229 40804
291 510 51894
323 391 46530
544 656 39925
158 172 56436
130 247 43863
531 623 29833
265 483 33377
557 692 33971
148 280 38897
494 679 67978
191 313 66851
535 611 35693
164 569 32140
383 455 31241
4 650 55317
253 364 30232
157 440 27459
295 569 31241
520 671 50990
540 641 33242
284 623 46755
322 504 34540
200 408 50359
85 574 32249
187 365 46690
161 622 19026
462 525 54589
607 680 48754
45 606 17205
50 362 34438
267 316 27785
199 214 57035
281 536 19105
228 635 27019
271 599 31145
316 451 29017
36 47 68505
166 288 40817
231 354 63600
247 336 26077
314 461 29411
42 46 25632
257 258 49041
142 445 50636
87 376 58241
86 279 21401
382 458 25318
312 533 39623
58 565 61351
433 465 14422
48 90 14422
478 529 61033
282 584 27514
72 245 57280
528 677 38910
492 681 37736
108 633 109000
597 624 19647
443 676 79228
54 169 31305
418 580 37121
225 672 46519
345 566 44822
268 377 35000
5 652 29833
557 569 17804
396 676 54037
222 567 37336
345 426 45011
159 592 58694
251 385 51478
84 484 32650
390 691 67779
79 509 41785
62 508 53000
123 680 42107
371 576 36069
227 474 24207
95 594 19026
71 675 18000
12 18 65734
275 525 25080
67 500 46519
87 188 52697
430 662 21587
76 372 48260
425 506 39051
295 648 13038
173 235 29614
106 687 25807
360 425 56223
485 688 17493
120 396 44777
344 392 14866
256 354 47265
573 646 48795
6 624 31890
331 685 35114
491 579 26683
381 694 10817
138 376 44721
198 236 13038
357 543 35384
124 628 33941
589 678 29732
194 682 71784
286 642 67268
129 290 63506
428 444 17263
153 393 26077
127 482 21378
117 153 34059
58 249 70007
169 275 38013
2 631 50636
39 422 15264
368 691 30017
91 300 27295
150 551 21633
229 230 69893
341 490 63506
176 468 21024
345 410 43966
413 506 38897
647 675 35057
300 560 22472
229 538 21378
98 405 30676
458 529 35903
484 653 25495
106 382 24515
65 340 49820
425 625 38639
606 644 53535
63 631 28018
306 693 20881
81 657 21095
287 661 18788
447 670 53254
509 643 26907
573 699 31780
116 489 21471
130 400 49244
90 112 26000
281 483 24597
417 502 42953
174 274 47096
126 475 54424
63 462 33526
97 593 34000
21 162 31064
112 256 21471
473 611 64031
141 678
764 232
778 433
504 490
321 617
100 383
344 815
574 533
593 342
703 947
705 156
564 316
240 679
296 244
62 708
605 479
782 325
549 380
411 41
288 677
456 901
789 354
491 161
52 573
131 492
871 572
384 69
90 296
487 648
573 435
564 16
369 693
122 733
597 72
621 570
628 206
635 602
318 290
757 348
44 518
797 369
959 372
986 478
799 277
405 845
950 348
590 149
501 352
484 706
168 245
144 431
668 331
506 381
854 153
23 380
956 459
558 162
768 555
384 832
56 660
328 394
55 280
773 154
614 895
880 500
489 203
924 260
537 805
644 390
510 313
222 352
254 493
775 229
729 420
296 320
453 807
850 783
481 195
424 593
177 793
309 221
696 331
623 381
595 268
483 802
378 764
590 980
646 367
398 422
509 364
149 471
595 697
575 820
256 374
612 75
689 615
938 674
283 89
552 433
39 388
496 514
291 353
696 59
721 502
750 926
698 85
256 283
554 987
472 702
171 380
396 327
499 340
443 520
517 810
295 294
845 546
83 561
751 94
166 636
418 255
321 112
422 935
676 509
961 406
163 537
364 621
830 379
272 587
232 323
605 645
30 330
35 564
394 653
243 623
595 387
706 612
441 671
638 920
629 270
337 270
588 633
446 86
514 57
836 259
673 697
519 596
675 371
425 52
413 902
254 396
631 104
283 113
117 563
876 828
638 377
407 328
901 589
657 449
860 483
913 383
726 286
458 932
377 669
800 729
482 759
463 595
992 432
346 500
868 181
350 790
536 93
685 400
249 526
850 442
62 388
787 247
765 900
608 511
230 176
81 642
500 127
654 224
719 891
151 279
270 407
850 312
233 712
546 951
795 550
418 226
138 383
640 674
332 217
719 669
708 356
159 564
544 737
378 414
685 795
678 784
391 250
228 894
566 554
896 338
134 406
867 710
638 465
710 595
513 9
927 536
480 567
959 623
726 727
742 797
780 454
82 445
931 624
556 289
701 556
566 390
832 813
349 538
670 799
876 485
512 291
963 347
874 695
546 798
64 612
130 589
493 316
551 149
605 813
377 861
255 555
379 401
734 675
180 469
681 845
776 87
698 863
844 526
708 339
256 121
213 453
131 612
645 663
357 585
767 625
74 714
111 270
268 553
357 760
875 512
271 773
489 359
549 683
535 730
529 746
368 845
423 457
269 221
245 606
290 860
177 419
174 564
874 355
391 405
198 299
75 417
777 678
800 657
666 494
853 395
851 215
32 622
561 644
504 839
391 781
437 15
122 425
686 44
759 706
750 755
286 807
199 704
295 540
498 574
914 479
295 331
685 741
152 315
685 728
774 637
821 741
964 596
700 877
312 688
338 393
153 444
209 113
898 489
202 422
354 126
621 450
919 421
826 311
830 336
829 600
692 577
704 184
745 520
113 321
69 506
925 498
850 341
819 353
654 695
584 236
544 939
471 747
504 92
671 809
363 494
702 497
683 702
735 874
166 726
153 701
974 493
360 201
529 184
576 509
440 542
141 291
623 677
183 491
200 549
666 254
911 539
575 567
8 530
930 711
603 868
362 290
283 939
351 392
17 570
71 727
272 418
634 286
860 595
609 700
442 354
898 664
219 502
289 832
865 673
473 283
574 914
43 459
199 260
825 522
340 735
201 678
510 34
251 298
642 42
512 637
502 243
407 272
448 759
488 669
415 367
595 32
646 964
391 370
445 833
715 181
534 847
731 915
674 90
205 572
132 813
118 219
761 840
570 292
505 441
676 884
609 16
664 855
614 858
139 549
217 257
270 518
457 233
228 524
272 716
611 447
650 625
793 123
84 516
357 714
663 391
312 99
705 722
883 543
728 778
130 270
375 248
191 269
491 534
512 889
99 747
263 757
250 590
802 844
325 833
716 197
830 569
6 563
770 356
442 55
755 389
530 879
361 245
632 871
151 495
212 492
406 734
520 830
663 268
746 152
593 770
693 102
486 376
477 637
721 80
655 893
924 574
366 140
367 231
453 100
168 492
496 78
392 665
703 220
283 512
948 544
353 40
879 342
323 443
393 827
427 215
225 596
27 464
592 836
678 115
58 540
584 784
93 489
805 164
435 423
98 637
758 160
601 44
341 27
766 246
840 570
744 299
379 188
612 720
434 654
889 714
345 672
348 877
857 328
693 158
423 819
267 788
546 420
809 383
144 414
580 297
509 649
711 713
386 259
936 643
855 527
547 624
320 68
372 726
302 173
460 972
588 193
487 681
697 852
572 795
935 439
882 280
909 314
820 805
392 480
472 105
96 651
539 917
251 139
83 325
439 554
732 763
169 671
304 118
440 750
368 796
249 887
415 117
334 938
693 517
654 506
579 109
377 877
283 548
339 929
324 635
853 190
830 127
503 463
605 327
643 123
589 990
774 819
298 461
772 491
114 761
387 639
109 439
466 781
60 633
195 594
126 802
695 456
687 943
315 808
777 883
525 152
907 556
811 207
233 848
173 587
505 724
242 414
197 381
787 379
759 650
389 144
377 518
783 772
320 142
55 433
165 463
531 927
224 610
832 695
734 119
788 497
397 262
362 573
323 796
797 761
476 419
834 796
700 525
159 358
467 830
435 331
433 297
811 541
232 503
346 62
292 850
933 515
24 510
386 872
660 53
739 934
246 252
381 484
327 784
264 802
347 220
197 110
803 469
922 704
611 94
152 510
576 277
95 399
546 26
780 647
433 341
682 183
270 700
861 581
524 653
660 792
419 835
629 530
364 868
515 394
725 591
394 604
455 868
851 302
756 733
707 684
918 727
646 856
868 649
131 285
129 249
562 530
725 305
781 790
76 404
492 872
367 113
609 202
985 382
582 207
110 394
772 182
307 270
445 987
905 330
547 825
421 471
760 677
876 375
234 422
546 208
130 835
249 749
459 572
448 880
262 161
193 323
238 387
808 742
533 103
546 526
366 447
298 636
603 308
298 256
291 77
762 920
311 200
850 796
465 549
280 278
278 532
427 729
723 464
408 977
972 412
297 687
596 203
757 564
99 326
747 250
569 59
470 271
282 298
786 700
240 352
459 179
640 344
274 830
490 911
673 551
404 706
651 646
551 914
101 296
372 168
709 143
719 100
518 664
261 707
36 578
672 41
760 747
899 427
740 921
277 485
284 690
625 259
817 124
146 329
116 297
927 599
