550 1078 17 71
328 515 53759
328 546 29155
1 311 35228
67 547 19849
144 431 61008
343 382 25060
174 270 53310
34 82 32202
239 470 40025
125 516 24698
63 227 38275
147 372 48094
215 346 24207
219 318 55471
105 234 82765
144 294 15811
169 342 62201
258 270 46325
2 79 53712
245 490 10296
315 540 44011
41 52 16279
374 512 20616
320 420 34713
84 466 66483
509 512 51662
236 487 29206
275 475 40817
241 527 27659
239 537 79076
121 292 38833
341 479 57489
92 170 32558
181 195 42048
270 502 71784
37 221 55073
155 543 80056
166 388 44721
312 356 60415
127 360 24166
448 482 50210
206 469 27785
40 195 13454
58 324 41049
244 296 24021
73 452 84481
128 550 15556
321 502 44407
177 320 72533
60 160 43278
40 464 57201
121 534 42720
442 528 10817
71 219 75961
233 290 11000
240 322 35440
291 459 15232
84 486 33601
240 492 34205
93 486 58000
318 537 28862
34 343 32527
202 433 72615
468 484 55660
103 437 13892
202 389 46957
59 327 58728
103 153 19647
361 415 35057
148 545 28443
322 390 25239
289 525 17263
369 512 58310
120 406 47760
61 527 10770
51 264 36401
480 519 76105
216 360 30806
241 306 53535
137 455 32016
329 457 32650
33 394 116662
104 539 31000
382 482 53488
352 435 35609
148 335 97015
187 510 62650
251 525 11705
14 164 53263
274 517 69065
59 290 68264
296 391 40112
228 478 16492
237 526 176853
172 325 69123
378 431 65924
275 512 64444
240 331 69203
390 408 27295
81 528 68884
278 468 29411
89 396 29530
206 301 27074
3 243 37696
106 388 64070
7 309 64140
167 418 46325
101 386 45177
272 296 46530
247 275 58052
192 281 63008
136 405 34015
85 326 30529
179 273 11180
300 367 21024
31 446 66761
3 186 43186
93 471 58694
26 161 28844
219 239 67119
493 517 46957
35 135 16125
146 491 54037
137 176 25942
237 504 52000
262 485 24083
93 305 42048
146 440 44418
44 242 30083
63 218 72560
65 353 12083
117 358 44944
178 205 16031
252 514 21260
147 392 32650
95 345 39699
97 169 39560
97 395 32894
62 340 69289
165 526 70036
347 350 26907
193 321 52393
49 246 36346
87 504 14866
185 432 76158
50 462 38639
192 282 49518
29 402 49769
60 376 47011
200 460 19209
238 322 21840
315 412 57009
30 459 42297
220 472 39925
58 268 20809
74 323 84599
65 256 39051
29 439 60828
244 391 49092
202 544 78645
212 295 47413
434 536 63812
118 435 19698
460 479 49092
62 107 20025
20 97 73573
99 505 28653
336 521 11402
404 439 38118
86 113 40817
292 314 36620
84 148 71470
24 26 73980
57 357 36249
24 428 26000
5 282 185691
367 524 49649
239 426 16643
175 462 15524
145 528 27019
104 479 44944
128 169 53488
206 542 34655
99 438 133765
194 439 56648
425 447 31385
366 474 15620
298 441 33242
19 91 62290
53 361 27459
8 232 19698
454 506 22361
139 454 31321
501 536 41761
193 502 48508
461 535 63506
215 280 32558
66 269 29155
127 231 39205
339 515 21401
82 476 40817
258 299 19849
144 463 67357
21 444 25000
66 183 16155
12 394 74202
4 131 18248
205 311 20248
476 503 46872
85 250 33136
192 401 25020
469 550 27074
207 321 64514
9 281 38079
138 365 100439
150 393 35468
373 450 26571
19 242 36674
28 360 19698
110 196 24698
349 544 73824
221 495 35511
69 429 21213
153 224 23854
161 534 30871
323 387 45618
111 353 21471
278 381 21260
191 429 44102
154 481 74813
383 494 17088
284 461 63506
208 250 49244
50 177 41725
315 471 60415
81 145 46011
248 351 55227
18 23 25080
235 299 39051
149 436 34059
259 385 10440
107 153 46690
378 471 17692
45 73 53151
289 407 15811
173 523 29967
357 361 33422
98 246 22023
382 448 22672
174 523 19698
12 447 44181
172 358 57280
195 418 45398
88 494 46690
407 548 30806
292 351 41869
64 259 33121
352 479 18000
136 168 36125
5 340 25179
226 305 82855
229 484 77820
204 252 31321
108 419 45486
157 382 50931
45 162 47802
181 418 59203
416 448 80231
272 391 72719
214 415 14318
251 430 10198
89 239 89045
402 483 46065
125 544 53075
222 402 45100
151 158 35468
268 285 55154
134 498 18682
246 312 35847
163 460 106780
47 202 63071
38 60 22136
222 436 51039
254 474 24739
457 541 74061
190 378 21260
196 548 21932
342 542 27203
533 547 35440
108 160 65192
304 397 24759
10 36 39825
16 354 46690
306 317 45000
288 397 31064
277 414 10050
2 236 72201
149 222 53451
36 287 28071
511 530 37336
98 356 25495
356 549 50120
162 510 73546
10 276 22204
120 451 16031
96 507 18788
171 462 22561
252 373 46043
276 337 19925
209 277 17029
99 172 66851
212 265 73824
106 424 75584
32 309 63632
295 498 31000
150 380 45188
56 362 31401
11 75 67742
1 178 29833
85 535 28284
411 477 62650
10 104 67007
283 502 16492
131 526 153444
94 416 18974
378 423 63008
297 385 15524
62 493 59615
120 420 70434
303 464 29547
299 408 73335
91 175 36056
240 338 26401
292 319 111221
19 421 68154
279 386 20248
313 509 29155
412 425 41183
440 491 50606
163 467 17205
270 408 57983
262 495 51894
103 224 35341
246 374 41400
213 218 27459
307 533 52498
140 429 22847
64 73 73410
72 79 57871
183 267 24042
206 342 40112
141 462 42953
124 464 46011
454 467 34713
16 27 39812
372 518 35511
210 445 38013
183 198 38601
133 475 46615
410 506 36249
52 260 23601
42 167 35468
144 291 29732
140 328 33526
372 392 26173
18 255 50160
132 334 53600
227 418 47539
225 229 24083
453 544 49649
203 376 38897
136 398 40311
16 423 24166
234 335 105019
225 497 37108
71 372 36014
460 467 89588
71 318 24515
150 160 34928
29 334 43186
202 244 31305
246 365 43863
11 409 26476
199 521 29069
354 463 27803
230 241 37108
130 257 42720
470 532 40497
316 504 34670
363 543 24331
37 495 42755
342 519 76551
158 395 30067
52 257 23409
132 149 39446
219 537 28320
99 358 11402
239 532 31401
513 544 42438
411 534 75133
60 108 58181
127 375 20100
28 127 18439
265 417 28071
357 415 21024
428 477 36222
389 484 45706
293 407 44011
86 420 39217
43 236 68964
37 317 65276
312 365 44011
211 245 74202
155 500 85440
256 259 46011
213 306 26173
293 359 41231
388 424 30265
304 508 36125
219 372 111198
158 169 26173
215 414 21095
117 381 27659
249 507 23000
155 373 58694
26 534 29275
144 466 25080
258 523 22804
199 324 54918
264 297 13038
8 76 70711
380 500 44181
102 246 43081
116 121 11705
65 385 30610
190 412 12369
212 398 65795
105 132 65069
47 358 53009
44 55 29833
324 348 62177
147 518 39623
13 22 14422
70 292 204362
106 323 97514
88 411 26077
113 265 30083
333 350 50448
438 513 61131
92 325 26019
273 340 20396
3 77 58009
55 158 47202
154 164 52697
220 263 35355
118 352 36222
262 302 14866
60 308 40200
376 422 66910
97 550 67941
208 331 47539
35 522 40608
38 393 20809
197 231 27203
348 547 37656
173 317 40804
500 543 40361
56 491 67801
229 399 39294
208 326 43324
34 476 49649
111 422 54562
423 431 35384
11 397 36401
17 465 29833
392 518 12000
243 415 25060
23 255 56080
362 491 74733
177 421 43012
234 267 86093
88 270 27203
232 492 13928
94 531 45486
93 403 23601
216 224 29069
55 395 36056
159 171 17000
197 542 28178
410 454 21954
28 231 30871
111 376 60033
191 510 49193
316 344 41231
180 310 47424
10 539 53935
338 377 52240
4 504 49000
226 486 78645
506 529 34482
303 410 22091
10 337 22627
188 233 28443
25 228 18601
362 416 48166
147 432 44721
38 376 34059
213 302 73355
413 547 12806
21 64 56569
109 291 52202
6 538 50695
302 306 69426
257 449 31113
72 292 146779
433 484 60407
31 435 34015
33 304 14000
332 489 61522
45 420 65031
157 491 71568
488 507 40608
52 130 34482
208 232 23431
97 328 77492
291 294 24207
156 473 34713
346 414 13153
14 154 70711
45 496 51245
16 253 49497
263 472 15620
143 380 18111
273 493 27659
6 103 44147
223 329 48332
18 444 48166
86 473 36235
186 307 72180
3 57 20616
151 441 29411
400 481 30067
396 531 19849
310 316 40249
274 443 72035
330 443 33106
223 541 60440
17 120 54231
68 261 34713
76 238 45177
13 193 17464
112 389 10050
448 470 82492
112 399 30000
141 159 38275
520 526 80156
138 145 67268
483 527 27203
412 455 29069
247 475 43267
114 526 208147
146 186 53038
232 250 46325
137 516 94874
195 464 56080
198 279 24515
80 134 38000
470 503 39812
42 418 38471
179 493 17889
286 297 27731
268 547 73007
135 432 35847
185 388 41437
187 421 80660
143 376 29206
122 421 28443
152 387 84172
112 296 36620
235 523 44102
309 335 113018
319 355 18439
37 283 29682
290 293 31906
342 480 47539
1 470 46325
57 371 27785
186 456 15033
73 496 11705
133 478 51078
115 279 21024
339 546 23195
161 351 15264
330 511 59034
141 398 47802
190 425 33956
92 474 34828
44 445 56639
43 228 25962
100 422 13601
4 180 17029
122 177 48384
373 514 34928
20 69 37202
230 306 39051
155 204 52839
399 484 54406
30 343 22361
363 419 81056
107 245 69116
20 328 15620
35 185 85094
54 103 26420
290 310 56036
179 274 48918
186 223 65795
31 308 46011
132 436 56321
48 90 13416
14 534 69462
170 172 15000
81 163 102956
113 417 13000
151 285 34655
119 120 12806
30 34 48847
91 361 41012
29 417 34132
40 124 69635
103 245 35341
210 456 31780
400 430 42720
256 488 32249
255 446 48918
316 325 32202
32 295 46690
83 473 41304
29 113 42450
250 326 33615
140 546 21587
66 225 16279
35 348 66242
11 476 47011
65 252 53000
79 236 65620
208 492 11180
123 510 32388
118 364 28071
344 474 31385
200 479 37162
269 272 43046
444 452 22204
429 450 78518
226 335 29428
456 533 53740
17 406 22847
138 189 77820
277 451 44283
496 510 18868
18 452 50961
45 320 66242
344 379 52154
264 353 27019
7 457 29069
31 352 23770
359 407 48010
32 234 38897
61 404 29155
270 411 48374
167 365 27893
333 347 58249
378 412 29069
187 339 27459
15 281 37108
193 428 27803
23 217 21932
142 324 60828
188 250 60877
222 377 61847
79 487 56859
214 462 38013
123 191 20809
54 490 23601
46 137 19000
438 544 25298
383 390 31064
300 528 46098
282 401 36688
78 81 35355
54 538 56080
194 218 32000
196 251 26401
35 324 89989
251 407 26926
154 383 92973
166 424 45651
83 156 13892
33 409 52010
15 401 48549
229 497 52773
159 405 35440
63 451 61270
176 412 43139
22 487 13601
267 332 28284
201 493 20000
30 294 37643
90 483 29682
42 464 59093
261 427 12000
329 405 45222
313 524 22472
252 353 55866
315 472 53666
277 346 16971
378 425 49366
193 477 26173
148 541 58249
285 501 39051
284 327 51856
194 404 53141
95 373 36620
387 434 29833
299 338 78645
227 549 14866
287 460 58873
50 141 16492
113 156 29428
37 502 29000
331 377 82079
203 308 31385
238 240 41773
204 373 63632
317 523 46098
42 195 16279
249 510 96021
344 366 39459
16 447 69065
72 319 63071
11 288 52631
48 404 23770
70 384 80050
4 87 46174
33 508 28792
308 376 44294
1 503 59942
39 277 56754
196 520 11000
121 165 52479
46 455 20881
208 240 43186
142 185 75133
148 291 41773
136 159 40804
24 355 22561
92 344 38000
21 286 15297
229 272 18974
89 532 81786
101 403 72450
338 390 42544
249 256 46819
176 394 37736
23 181 20616
115 269 36139
106 372 158824
35 261 65000
433 468 37216
189 313 48703
138 167 94244
127 201 38601
184 290 70682
372 424 83355
284 484 34525
116 292 37643
206 530 50249
412 540 34015
341 364 10630
179 517 50249
76 233 57280
298 536 36139
12 508 22023
104 124 65490
102 313 61188
330 530 74947
41 260 11402
345 347 34482
323 538 38626
67 68 10296
242 361 42059
96 514 35128
429 510 77698
15 333 37537
262 306 63600
131 520 77524
133 458 31385
168 212 10630
129 158 14560
202 349 18028
65 488 29069
220 540 32757
231 517 73007
118 341 21932
300 478 57009
325 504 44147
221 317 56639
13 321 55227
211 490 64900
266 432 20591
2 499 46043
76 188 47539
303 337 20125
418 549 48549
77 243 61008
207 275 36056
135 522 32757
15 347 47011
61 230 21954
101 115 19925
331 535 75928
168 398 62129
26 248 63820
181 217 17029
119 420 68768
458 475 32894
260 449 17804
24 411 64661
10 464 46043
43 499 61098
165 314 53038
367 442 30067
260 387 72443
78 138 17088
35 142 80709
107 375 57280
51 271 42450
173 241 33377
416 532 82292
109 148 27203
100 204 11180
301 542 22091
64 452 49518
19 97 35355
216 368 48466
307 413 43174
370 495 67119
191 546 11180
133 300 35903
110 520 30480
330 517 46011
406 465 40497
443 517 20025
53 445 53235
477 502 41037
184 250 46325
47 381 63506
106 211 116812
117 172 18788
125 263 49729
182 464 73389
170 254 29069
311 426 26683
90 402 40311
70 499 30265
383 408 13038
231 511 56462
155 192 53085
125 453 13928
110 164 50040
162 496 69318
154 430 51478
322 383 47096
59 379 44721
430 525 21095
132 331 60008
75 503 54644
7 335 100225
143 150 43012
353 422 53759
334 498 62426
109 459 55145
91 122 32650
126 480 22804
139 276 47127
93 315 39051
128 206 40311
102 365 18868
8 492 23537
96 450 23409
51 203 29614
79 355 27659
31 104 36235
233 289 46325
74 152 98473
25 384 36620
322 481 48466
209 452 44944
327 379 51157
48 402 43186
408 494 16553
305 403 24021
154 534 97801
139 287 21260
222 235 59682
207 236 30000
133 228 51157
9 345 28636
125 220 73980
166 185 22561
201 375 21401
65 259 35805
387 449 61294
374 509 43863
19 361 40224
85 461 61000
82 470 62801
58 130 17493
266 372 56824
104 446 48166
154 400 59203
77 462 55570
18 209 43278
109 440 37802
53 357 21840
469 530 64195
91 214 34409
89 432 53235
3 371 38949
324 336 57454
218 465 33956
245 437 39115
77 171 43417
271 286 13928
47 278 54562
116 161 25318
111 264 27074
247 458 13928
46 176 12649
114 504 50120
75 476 56045
149 334 53413
49 485 37054
157 482 20616
153 437 13892
199 336 20616
479 539 38639
198 234 51614
431 471 62008
27 288 30806
247 524 38897
197 511 36000
123 339 20396
104 352 38471
155 281 56321
36 200 45706
67 413 24042
18 217 27203
305 386 79630
344 468 50160
74 388 51000
16 431 50000
505 513 44643
276 454 39395
95 530 58830
1 205 19313
159 462 31623
22 79 58052
280 346 51788
370 512 28160
126 216 64327
94 522 33541
152 521 32202
83 398 59540
173 222 43324
349 472 56939
148 466 34059
27 253 27295
161 292 42379
80 105 65765
264 385 10630
248 292 86331
138 182 31145
204 422 23022
281 347 28862
368 434 37483
56 427 39962
84 471 70711
396 522 20248
210 371 25495
397 409 17493
109 491 63008
107 493 54083
187 515 12806
131 180 26249
376 393 38328
178 470 23409
79 319 17000
138 529 45541
364 435 41183
266 318 56613
80 234 30083
129 151 29017
121 314 13601
63 406 57567
205 426 27459
282 419 130050
151 298 33377
20 469 38079
507 514 33601
384 478 29614
299 523 33015
126 441 42012
78 529 40025
466 545 17117
39 181 15620
283 317 57983
369 370 71421
39 418 60605
359 548 48083
330 350 39560
5 179 43417
398 473 80604
531 532 84504
110 154 46957
175 214 30529
152 388 105575
6 368 50990
174 502 47927
211 538 41231
267 489 68007
86 439 54626
16 425 58181
234 489 92698
144 545 27459
47 505 38013
9 155 43382
129 169 22561
312 418 17000
321 369 75000
87 316 34366
49 98 21024
253 354 29155
100 252 21954
89 537 66030
25 478 15033
63 485 63032
68 427 38949
360 375 36056
131 237 25495
85 184 42755
176 425 51352
271 446 53310
119 280 38471
114 325 75133
69 140 26833
383 481 51039
216 519 35014
152 323 97252
30 463 63561
189 442 26000
82 448 60141
272 399 32985
301 530 37363
124 446 55000
167 182 84024
69 469 46840
257 501 23345
325 344 46872
254 366 20000
13 79 57706
332 497 16401
234 279 65460
105 134 46872
41 449 14318
453 516 16000
150 363 45222
394 516 126151
255 444 43863
444 6
371 945
557 340
65 628
989 408
848 282
465 387
250 636
865 523
743 830
327 49
228 104
376 845
153 827
936 517
293 151
539 643
677 717
651 422
720 468
733 688
388 853
675 742
323 856
470 961
251 839
276 115
864 358
446 588
405 160
828 772
377 474
260 76
386 115
616 142
774 855
410 782
876 709
646 738
663 782
726 241
643 804
474 921
650 357
614 591
185 193
65 383
443 611
525 803
545 460
784 693
710 244
613 372
878 269
673 338
518 202
577 345
662 263
154 550
869 730
441 660
962 318
565 719
725 632
783 627
255 422
576 224
571 215
742 498
413 973
623 26
359 953
667 587
780 123
385 14
188 670
510 374
657 936
349 896
360 475
652 971
405 89
499 552
320 271
220 546
512 580
79 584
291 775
569 90
437 623
589 428
56 510
235 291
543 141
847 523
809 550
682 405
544 794
13 407
847 610
274 378
577 848
891 292
796 789
314 522
799 102
942 319
920 758
414 257
121 736
798 657
153 399
477 559
21 603
293 384
210 867
46 452
870 791
601 638
593 648
199 871
560 443
678 528
731 797
99 265
784 335
882 362
739 444
715 372
677 254
62 646
361 567
532 942
360 513
608 128
475 456
166 193
651 920
760 897
718 510
529 464
683 187
868 664
368 198
606 970
475 310
662 75
388 249
381 601
911 665
714 343
724 204
896 311
163 757
884 562
506 564
468 185
701 376
508 432
897 697
235 863
601 545
742 921
119 786
154 844
691 91
620 831
439 459
720 394
50 478
516 417
38 469
383 693
362 738
553 426
189 181
575 489
463 29
955 381
82 629
656 750
672 897
270 428
178 554
696 113
528 308
647 503
176 624
581 954
232 208
695 516
937 559
369 829
470 683
654 792
112 713
829 402
307 417
693 219
819 847
919 373
122 356
813 699
858 608
462 13
779 439
438 869
260 603
649 684
574 302
861 201
431 466
479 698
569 400
629 652
847 322
655 733
502 683
550 5
172 253
458 755
397 652
468 335
876 324
239 425
345 350
597 740
481 946
221 409
452 679
851 386
242 618
148 629
349 447
346 683
414 887
45 627
233 674
494 42
264 646
416 688
658 386
571 375
150 370
906 260
561 808
525 900
303 876
769 558
217 579
136 702
828 599
300 102
72 459
727 721
753 602
718 266
352 734
754 648
729 230
564 181
499 768
147 278
771 659
466 531
632 77
263 451
650 280
258 393
313 759
743 704
215 391
966 379
987 418
468 889
746 852
632 683
89 432
312 393
635 620
900 508
973 593
385 766
157 477
689 319
748 691
776 883
294 90
137 674
148 618
396 208
221 903
121 635
381 189
409 508
174 369
760 666
719 310
337 721
540 977
806 437
513 763
709 855
274 76
273 309
461 717
541 237
829 726
432 442
102 586
479 2
594 794
565 908
191 882
205 266
84 550
416 717
599 31
332 896
556 559
417 808
254 680
821 197
639 229
55 536
246 562
197 510
708 478
488 379
887 449
306 591
243 471
964 492
414 559
374 345
688 199
727 846
285 662
674 508
986 383
890 800
782 399
409 138
94 510
877 497
644 671
907 480
584 200
128 339
925 460
248 871
834 795
788 638
325 117
328 878
539 769
592 378
22 414
83 651
872 340
618 399
493 183
948 639
898 793
593 838
88 471
561 976
802 304
462 868
513 818
591 321
659 27
826 553
536 841
902 360
850 687
337 667
246 224
146 506
870 646
73 446
431 150
251 727
491 991
764 651
319 374
801 238
735 99
143 398
268 701
177 329
677 46
888 692
169 149
671 374
583 116
292 59
491 493
183 399
179 700
962 558
400 607
249 310
452 633
474 422
548 664
122 679
264 728
301 44
711 877
289 801
220 211
583 247
631 673
583 397
525 147
464 559
609 786
945 720
549 593
588 448
839 621
283 173
731 69
240 175
485 28
552 181
347 846
739 519
138 712
307 199
622 95
94 423
808 267
862 773
355 623
903 299
55 280
490 630
437 287
742 334
591 978
917 435
709 681
608 319
764 753
224 148
446 133
740 244
817 528
592 664
691 668
86 260
730 888
191 213
543 309
463 358
520 913
410 202
831 862
220 485
538 422
347 134
697 828
510 650
366 223
756 911
98 460
755 453
455 51
258 237
157 290
540 557
78 483
489 924
370 68
351 810
485 962
834 813
770 353
209 698
481 169
421 648
151 443
523 766
293 291
396 864
785 598
286 515
897 255
477 256
255 613
939 373
257 743
452 790
663 576
230 461
378 508
417 943
914 642
714 289
381 782
416 59
65 579
27 382
726 910
792 558
250 103
554 881
673 560
829 438
516 846
39 339
812 585
657 495
86 244
918 415
689 46
846 357
101 713
695 190
576 135
370 720
553 927
140 691
106 793
437 670
585 987
696 927
816 473
568 103
489 73
581 271
222 835
248 542
754 301
571 24
835 233
796 820
189 225
421 297
804 415
944 615
63 304
383 221
697 505
591 237
97 697
583 745
728 455
