647 1859 24 142
25 204 29120
481 641 21213
194 437 23195
36 103 63569
161 483 39459
308 502 31828
368 448 32280
144 489 30480
357 558 37336
8 185 65460
182 303 32985
66 196 53451
284 512 27203
475 628 23707
15 510 56436
353 646 30083
95 235 81541
80 446 50931
473 565 43738
387 532 18868
22 34 65000
124 453 46648
189 460 33015
38 265 50931
472 488 58009
286 338 45255
3 200 70178
194 320 47170
168 208 35384
506 589 28443
18 63 77078
30 633 36688
244 565 36125
132 317 40447
117 360 46519
192 608 165873
1 592 128798
376 378 17029
69 449 52000
370 469 43046
194 422 49204
12 228 58694
288 555 21213
212 390 24515
203 568 38897
306 544 22825
117 242 41049
54 286 37000
125 135 23195
38 105 47854
445 550 34205
145 269 94021
403 410 39560
7 255 63561
362 626 31321
584 630 45277
88 325 41231
377 549 30676
13 207 40249
158 175 19105
35 143 39560
6 455 40522
12 422 21024
248 449 41677
163 538 29833
249 319 45277
307 592 109590
223 567 47011
148 576 31064
626 644 47854
177 221 31401
144 583 23854
178 451 52326
160 215 45398
499 644 12042
26 240 22136
363 392 51923
137 201 50220
503 633 44911
278 574 10296
172 363 24597
71 570 63246
526 641 24083
169 210 36069
381 600 42012
70 135 57723
174 223 21095
209 555 25632
57 476 19105
190 295 25000
101 388 23601
468 551 34059
105 610 51894
516 628 13038
320 381 87419
45 229 35355
287 483 29614
447 502 38210
266 536 30871
298 340 41037
343 358 48010
44 518 53160
218 446 40200
88 293 85147
164 353 16279
238 388 52393
450 610 25495
388 524 35228
5 410 80529
49 153 80225
37 236 35468
36 131 55154
87 616 35468
107 243 44045
255 302 70880
304 339 18788
265 600 41437
489 539 46098
291 585 42953
383 542 45222
356 381 12042
110 573 44654
13 202 61400
200 260 22672
218 593 16125
80 196 69065
179 325 35228
452 523 17029
89 451 45695
97 405 63063
15 40 62394
141 579 76059
40 591 20248
457 511 23087
400 532 15811
2 195 24739
22 288 58241
10 423 38897
285 444 74953
154 613 13342
179 293 67179
239 618 36674
72 627 49092
152 372 39051
62 601 20396
274 318 96540
175 305 21471
44 552 30806
51 324 51624
442 523 23707
322 455 30000
252 260 13454
340 355 54672
265 356 50606
87 416 44045
8 550 49336
530 565 36235
231 475 30067
116 490 74330
220 535 35057
533 608 30414
512 534 50922
15 569 23087
205 473 21024
59 296 30000
203 580 36235
206 511 27857
156 164 47127
89 188 66370
248 574 30364
251 529 28636
148 418 17088
238 400 25495
334 584 47802
294 346 23195
290 558 60638
380 412 24515
130 536 46098
304 483 28844
79 386 45343
10 115 37537
262 282 43863
246 265 66753
448 597 14318
488 646 36674
458 604 35014
169 547 50249
362 572 26000
151 207 57000
406 629 77253
84 86 50359
34 487 34482
180 473 12207
201 312 188024
21 212 36674
25 625 16492
312 549 17804
59 216 32016
362 499 47539
182 210 14318
18 614 57775
206 446 14422
297 636 14318
81 113 33242
52 587 28425
589 599 20000
89 378 38419
289 487 32558
22 642 47170
164 414 28160
60 137 48754
287 339 18439
106 570 57706
48 148 39661
21 533 37216
313 607 72236
72 130 56356
57 268 62097
68 268 49820
122 216 14560
454 524 11402
60 214 41049
178 188 12042
322 497 44385
317 496 47011
5 433 63285
368 548 52345
305 615 38210
587 591 26926
233 488 72443
251 306 45222
379 586 42438
284 364 10198
387 534 60415
136 632 28601
530 539 33838
282 406 21213
61 263 50804
172 392 37537
388 517 30871
279 411 82976
327 551 65115
183 616 33106
225 379 48549
152 529 62434
288 638 45277
256 551 72993
417 597 62801
85 88 57385
144 599 37643
54 171 13342
370 531 26401
94 344 57245
45 514 54332
81 159 55082
227 413 53852
297 394 49497
444 458 73239
241 401 27785
58 331 27203
89 178 67720
36 429 24597
131 509 26907
313 323 65460
183 319 44598
496 549 49031
31 224 14765
375 608 28018
215 607 17804
48 68 34482
130 338 29428
309 515 22136
287 570 68884
249 624 46519
398 536 38079
409 577 24042
161 311 44553
117 248 64405
169 182 25495
122 634 24759
108 172 13000
42 512 57035
405 578 32558
413 570 15264
404 553 49497
180 268 69203
140 544 10770
37 268 34713
309 536 20248
253 326 45100
175 607 65521
253 255 48549
86 539 197254
57 471 26173
298 428 24021
306 314 64351
27 282 90443
132 541 37483
545 597 56036
111 439 46872
45 497 42579
244 539 28160
60 201 85376
74 102 36878
450 563 47170
349 607 69971
135 348 60745
232 358 46174
194 423 48010
501 548 60638
253 434 48826
192 457 54818
207 467 49244
358 575 34928
146 176 33422
305 391 47424
124 512 55570
414 646 19723
341 639 63063
36 640 28160
217 247 27514
109 192 43278
94 315 20100
113 581 25179
93 539 40804
289 357 41231
221 231 36401
128 637 34409
544 562 37656
51 467 56303
302 443 45177
507 548 32558
146 581 32202
32 330 23022
274 348 73007
209 288 29547
171 286 40608
60 237 27731
465 486 14142
35 135 28284
40 343 63812
203 560 60033
62 141 52402
60 616 49406
346 445 49031
257 641 33615
207 425 58523
449 571 39000
190 327 43012
90 184 62642
301 573 37108
214 352 22825
33 566 40608
201 361 116276
174 520 36056
40 587 18028
54 625 16971
73 168 49041
351 617 22825
46 543 32558
20 271 43909
17 333 62968
299 512 25179
146 562 46615
53 95 43829
347 410 11705
207 639 58694
117 475 20518
20 308 34928
148 424 34655
98 556 60008
492 589 62000
173 418 11180
11 257 16279
69 574 47043
156 638 18028
177 628 51352
87 509 24000
379 634 26926
426 501 23259
277 440 23022
314 519 33242
39 93 71561
453 623 55317
503 596 38013
71 339 21095
25 608 12083
7 142 62682
373 633 41049
22 290 34886
350 381 94874
118 401 39661
181 392 51971
69 464 26926
268 433 39925
400 431 18868
442 470 32757
298 302 25179
64 174 42521
313 349 45277
208 279 55362
391 562 56009
263 647 55227
622 639 45880
492 563 36878
73 634 75432
224 586 26249
161 333 55973
542 614 55543
403 621 38210
320 422 79158
250 254 11705
28 114 42720
318 436 129808
395 643 50606
295 430 21541
156 167 18028
442 452 10770
248 278 24000
270 531 55803
173 645 34713
332 467 40719
281 615 32894
34 78 31385
405 541 56303
253 393 52154
335 523 65031
132 344 49396
170 446 75392
185 210 36235
269 439 24000
129 283 19209
155 229 14036
247 332 31016
479 557 24839
58 123 42450
34 288 39812
163 519 46573
40 528 45011
242 420 15811
82 255 31385
336 498 24597
276 515 12530
274 330 22204
78 494 14000
238 577 40460
372 478 42953
99 200 55082
126 476 18601
84 479 18111
1 312 37336
240 358 64031
55 563 44181
405 602 41593
175 349 18248
52 528 45177
61 647 14866
16 406 54406
128 461 12000
463 556 37643
438 631 35735
493 618 51108
412 602 44777
470 523 41629
142 219 49366
145 355 27074
414 431 34059
391 529 77492
164 167 39115
52 440 46615
517 631 24207
180 565 40249
23 447 62769
261 394 42450
86 645 28636
94 300 33302
346 465 22804
15 458 62032
394 614 55145
497 520 24021
12 621 22023
134 259 30463
238 409 38118
308 447 23431
103 123 51420
28 564 42297
326 612 17029
8 397 32696
75 419 51624
199 402 34176
323 483 17205
318 348 24207
10 61 50695
181 480 33422
66 80 71505
233 482 71028
35 508 48826
507 556 82608
173 576 37443
125 622 48374
275 294 35440
396 623 43174
391 615 39459
39 236 45122
285 436 68264
193 247 24739
193 332 43566
62 150 49244
282 321 93301
265 492 60745
185 411 51478
259 450 29069
282 484 62434
153 302 55758
397 445 46615
243 477 82292
131 416 19799
479 576 39357
81 88 53451
118 392 63032
68 479 17493
24 291 73682
325 451 29155
40 510 15232
345 358 58078
109 593 31953
584 629 52393
170 627 24187
420 516 52555
17 65 55462
245 407 45398
248 324 36235
326 482 25020
345 604 43600
535 597 65521
14 441 43566
38 246 41110
81 540 39825
22 558 76903
187 317 48010
241 392 50990
471 476 16000
335 590 13342
95 568 47381
604 622 60033
92 110 49649
441 485 58258
347 647 58830
152 374 42190
48 576 16492
137 611 28018
67 599 45222
321 484 98473
141 480 38601
283 344 27459
56 369 55785
24 358 52154
202 622 33106
24 165 48415
13 518 28653
119 239 23770
238 299 38275
150 457 60828
58 75 24515
175 215 61057
98 368 29411
546 587 18439
247 505 15264
443 474 29530
2 289 46271
42 124 54378
378 451 43681
179 402 34015
251 354 70725
195 357 21190
88 154 15297
140 384 10440
218 522 28844
297 441 23345
516 633 61685
14 526 14213
186 226 24083
327 442 27586
590 612 42802
49 430 91241
180 582 52154
30 373 46573
336 559 58189
64 316 79177
32 493 31321
76 323 38013
236 479 22023
441 603 65192
212 515 25000
250 319 18028
185 303 29017
6 73 50220
140 146 24187
198 442 18248
272 370 58796
467 518 57271
154 501 25612
257 485 22361
610 643 59464
67 539 15556
235 258 82377
183 624 31828
426 581 47760
242 362 76026
99 487 31064
293 325 69642
27 406 83006
190 430 40608
226 437 12530
501 613 14765
75 254 44643
379 500 54342
85 378 37054
362 644 43417
73 197 23087
455 497 47011
176 581 35128
542 605 33242
232 343 29682
90 389 162890
121 641 18385
351 504 43909
42 453 24597
166 369 19313
114 564 28636
77 85 35847
214 616 27019
3 459 19105
62 579 126606
102 337 37121
252 534 18028
141 181 44283
263 374 32558
110 520 14560
38 563 46174
200 537 60811
82 430 50289
426 538 61098
431 532 25179
15 444 41231
404 563 65437
219 432 16279
354 647 75060
112 290 62290
426 613 28160
445 547 32062
91 291 15264
456 630 41340
172 369 24759
533 625 16031
243 350 70007
221 360 42755
153 443 53160
136 257 35355
18 466 59414
126 471 11045
53 111 38013
438 598 19209
179 451 35228
197 397 60729
121 526 34438
3 623 55172
454 632 25020
123 191 39661
80 170 71120
66 627 12649
98 507 23770
401 453 75293
91 289 40719
412 441 36346
51 449 41725
407 551 66468
86 93 156486
186 371 28636
314 354 36056
417 535 28018
159 464 39294
263 529 12083
112 120 50567
66 459 23601
132 551 64031
535 545 41773
27 531 58215
266 309 17464
12 647 55714
527 542 68000
293 501 88408
510 591 13928
382 428 23707
417 538 16971
169 294 47927
292 294 49041
353 488 16553
49 443 86452
105 246 24083
238 431 10296
82 470 47011
438 517 30017
204 591 33971
237 352 19313
73 334 78000
19 525 55579
103 462 26476
26 341 33377
3 66 21587
99 366 29069
167 488 31890
118 261 42048
198 327 22091
342 555 39825
242 516 44181
3 637 38833
168 197 55154
256 359 49010
351 450 53852
147 504 80156
578 602 43012
489 599 20000
83 169 45354
166 525 44407
352 386 33838
224 296 35057
203 227 28425
502 635 31575
203 269 49649
45 46 43324
19 521 43463
17 311 23087
173 365 24597
409 612 26683
111 320 42426
193 505 11180
390 398 38471
355 421 37054
73 225 41593
66 170 25000
45 455 42720
127 358 57009
148 545 27459
326 409 11402
397 550 37162
319 419 36770
342 532 39051
306 391 56939
215 609 27459
364 387 18028
531 559 76007
412 636 25710
72 440 49649
272 531 71120
55 404 47096
262 456 52498
356 600 35440
488 577 61685
19 280 22023
51 332 40249
316 322 17029
274 493 51225
223 310 40497
92 385 41725
83 469 160415
39 86 85586
208 397 31401
58 484 28425
16 629 66212
627 637 39825
294 385 116692
197 514 72028
106 233 39825
277 585 43417
541 603 60033
138 490 12042
350 477 88323
67 589 43417
352 624 20248
34 558 60539
202 639 32202
2 291 43081
219 570 34785
318 508 16125
151 596 32802
177 425 22000
209 342 30083
541 602 38471
408 578 23345
127 211 16492
393 434 20000
212 398 37590
168 619 45607
207 518 33838
429 468 17000
8 303 53600
357 487 38471
41 296 25632
365 645 27459
115 495 24352
77 378 38601
142 328 11402
72 170 53339
183 416 22136
35 348 55227
299 631 24021
280 511 34132
302 630 69116
377 496 42485
8 208 30806
23 271 51856
151 639 14000
7 298 46840
426 540 27459
239 518 58138
267 417 60828
306 384 27166
115 186 43841
231 360 41869
522 593 19698
58 103 48600
176 314 62241
241 369 36878
150 192 115122
347 354 42202
237 435 10198
251 263 31016
314 384 51624
346 486 28284
284 532 12207
118 241 57559
176 538 26683
502 552 26571
305 349 35609
200 623 47424
205 265 29155
295 470 40361
564 594 33615
13 330 65000
426 548 69354
272 559 38013
463 545 49336
101 524 35440
110 301 47297
63 542 34205
89 217 40000
301 566 36235
189 281 10440
181 620 58694
291 575 54818
10 263 22023
41 588 30871
3 627 18385
255 335 47424
271 308 14560
44 193 65924
318 493 147757
39 561 67469
74 220 40804
205 582 50329
201 300 35355
198 407 41593
13 32 55902
84 230 20248
511 521 35735
146 384 29967
189 464 24739
78 487 47074
32 239 34409
486 543 28844
429 551 43966
83 411 83815
396 401 43600
243 586 47170
273 402 32249
138 453 41231
323 609 32650
47 538 44418
50 139 50606
68 337 16279
221 467 45343
11 554 13892
234 573 20881
126 422 48877
55 144 44822
177 475 48260
9 151 36056
371 437 34132
328 560 17493
427 513 19105
257 554 12728
59 355 39661
310 567 66708
473 582 53038
19 133 43046
389 556 54148
272 336 59908
156 555 40361
355 439 92005
11 245 37108
367 624 32016
223 234 11180
139 419 47170
64 643 73817
260 453 30806
177 231 30676
340 630 67417
162 446 25298
269 568 14000
183 214 31780
546 591 24597
377 541 54406
1 307 19416
158 644 25632
410 433 80957
347 621 21541
149 637 29614
57 582 28231
136 526 46861
85 376 28231
256 407 43012
215 499 42059
244 589 52173
398 446 35128
480 601 42000
359 554 30871
339 472 14422
129 551 30806
209 494 24759
335 524 42202
366 487 15811
171 533 18358
372 374 13601
171 266 47127
94 317 59135
237 386 25962
30 120 16031
209 537 43081
23 188 50210
526 598 49254
210 303 29614
93 530 13038
485 554 13928
490 526 75802
116 261 27459
230 645 27166
355 584 64078
90 507 26173
90 548 40311
107 588 48918
153 262 61620
331 484 26306
142 560 18111
181 527 18439
279 406 46325
5 519 37336
504 617 49041
74 163 47381
322 500 32249
147 553 37736
492 506 63506
205 506 20125
63 620 56436
225 634 43863
187 606 12166
42 252 20125
111 588 40262
44 618 33121
196 594 31890
113 213 26306
60 386 53488
72 149 19416
342 387 32202
83 185 43186
267 368 28653
4 217 38639
55 599 46690
399 438 25807
157 327 45695
20 247 45122
563 610 55326
14 297 53339
83 370 117796
199 273 22627
45 520 51400
342 414 26249
187 361 68154
17 642 40804
42 260 19698
236 557 20881
539 583 99644
80 594 55073
187 315 25060
53 371 44598
421 584 58249
396 453 70682
13 239 59439
150 280 45695
212 276 18385
167 472 63561
59 122 30871
395 477 16000
96 287 28601
164 646 26907
224 379 27019
56 166 47170
408 636 46487
63 527 62434
262 484 52631
245 359 43139
98 548 36235
192 390 49396
43 356 22825
367 386 29155
26 604 47074
276 309 23431
324 360 13000
233 393 53413
414 532 38601
448 463 34015
48 337 34670
460 615 22561
2 165 20616
74 535 43566
69 376 36359
68 433 24739
528 585 29206
275 486 17263
286 591 31064
260 623 50329
383 394 34482
170 398 73335
164 555 43658
38 492 24413
511 522 11662
418 463 44407
76 329 49204
95 264 37736
31 107 27459
103 250 47424
460 572 28443
387 537 59093
123 430 68250
35 427 35735
33 147 176082
76 222 40025
380 578 34986
327 429 59169
178 402 29732
76 235 42059
128 149 26019
408 614 27295
184 293 13416
59 421 24331
90 273 111364
244 530 14560
33 567 67912
6 155 11402
441 481 31401
120 165 44045
392 527 49041
29 81 44204
285 375 20396
10 374 23087
208 619 21633
496 541 63285
317 361 52479
197 619 51245
286 546 15811
137 616 24207
206 522 22627
251 647 59933
141 601 36359
220 424 11180
10 372 30887
65 160 43658
409 482 17088
166 241 44147
56 62 59059
193 552 49041
238 612 49649
163 417 17720
334 629 12806
381 422 71694
138 401 60374
18 542 80056
8 411 86977
258 329 35693
264 269 15000
476 582 14765
458 513 33287
398 515 26571
595 638 30529
16 208 29069
190 191 28178
341 596 69405
577 646 33971
54 533 13601
78 288 22361
139 336 56719
52 130 39395
26 622 40447
324 449 21954
494 537 39661
228 422 55543
110 234 35355
14 481 18974
47 548 67007
214 435 31906
80 521 25239
100 543 37216
124 138 27785
34 357 41677
174 497 52697
165 558 31401
99 637 66098
441 641 47074
290 642 20000
81 213 30414
48 102 36715
293 548 68884
186 423 49193
20 23 55036
21 276 30480
267 597 20100
160 499 39825
32 119 14866
55 492 32249
196 459 37121
253 590 52000
63 592 32280
365 389 42012
116 297 51088
21 266 42953
87 137 43681
112 633 11662
12 347 36620
364 532 18788
525 594 46755
114 396 31016
316 643 80623
271 447 14036
552 618 34234
126 381 58181
64 567 28231
22 638 27459
47 368 60017
158 626 40853
72 637 28425
28 241 27166
579 592 51884
200 637 75452
123 190 46098
153 630 34059
18 307 42438
83 210 24207
14 490 76420
143 458 61685
35 513 20100
108 369 17720
28 396 22561
445 465 44045
351 567 37121
78 99 52393
242 628 39925
156 595 32016
161 304 29206
12 471 52811
162 511 29530
238 414 40522
295 327 35000
49 123 46400
225 500 59481
81 85 54589
41 439 56436
23 199 36056
204 286 24352
134 563 38471
221 324 42297
427 604 15524
95 495 39560
344 551 32558
191 429 37483
259 553 38053
213 581 37014
21 390 60033
184 273 51788
41 59 44598
412 603 50010
284 400 16279
389 463 32016
579 620 14036
386 498 80498
112 642 61774
280 457 15620
346 547 62290
136 598 37336
70 125 64637
7 428 47297
204 625 25298
249 367 23259
105 563 62434
188 199 33000
169 346 47170
71 106 11402
527 620 51430
246 395 38000
56 150 48508
393 432 19849
376 571 17000
232 345 22023
245 523 13342
117 231 19209
282 629 75326
17 161 58600
20 89 55471
21 309 38833
246 477 41231
359 485 23431
413 580 48466
128 289 25807
161 472 47011
122 421 26401
6 225 49477
109 457 11662
43 381 23324
300 611 18682
380 636 36056
201 606 49729
50 336 55009
18 97 35114
148 220 39446
256 441 67624
116 394 48703
143 318 23431
57 403 42720
101 632 20881
411 531 25495
110 174 34525
28 401 24698
71 488 55606
455 500 41231
225 455 64885
303 547 24515
126 600 25495
5 74 16553
391 544 62008
430 470 38639
78 537 33956
143 444 109385
55 583 43658
154 540 31064
11 454 38639
506 565 56303
343 569 20591
447 618 76276
608 625 18601
63 579 55444
178 179 22472
76 96 33615
481 526 19235
29 159 47202
504 553 50289
195 558 25000
79 249 34015
74 519 25060
330 493 44147
438 491 30594
96 483 23770
129 468 28018
602 603 52802
230 576 19416
123 331 36249
124 399 31305
176 384 53600
44 239 24042
388 590 58310
133 594 49254
607 609 12042
365 418 29732
59 439 77820
241 564 44777
42 534 21024
57 180 42953
298 630 72090
233 577 74277
364 512 24739
181 363 40311
382 560 22361
368 556 39395
299 491 32249
7 432 43417
54 204 23324
466 614 20591
58 462 34132
289 366 20248
77 88 52953
115 478 17889
131 640 43417
538 581 47011
93 565 43139
65 420 15811
266 338 20248
278 572 19925
100 486 23854
94 187 37736
375 436 73348
515 536 26000
528 587 42953
524 590 44418
112 516 64938
328 580 25080
211 373 55172
569 604 64661
388 612 42521
45 155 40706
36 468 20248
2 357 34015
47 426 37577
159 615 43417
439 588 36000
168 334 57280
130 170 75584
399 512 34000
303 550 23770
77 451 15556
403 471 38601
376 449 42544
261 392 65123
383 527 74813
200 252 25000
83 292 48010
216 296 18788
390 533 94366
491 512 26571
7 302 56639
109 511 17692
86 557 50448
51 217 34713
52 338 33615
92 543 35440
157 191 15232
103 191 53000
259 351 48836
447 552 55227
361 549 58310
394 636 46530
449 574 56824
525 564 48374
43 350 98311
380 602 28601
142 428 42450
320 371 30232
127 240 61074
192 533 138033
226 423 48826
250 416 38419
87 94 60638
146 213 43417
2 24 56613
222 287 55009
89 247 41049
239 493 38328
227 258 23854
159 391 55570
30 211 26476
86 230 45277
156 333 29530
351 643 83150
275 346 33615
36 191 51245
352 435 16279
48 479 39051
595 642 56223
9 177 25612
76 258 72450
53 439 23409
9 596 24166
6 197 40706
359 415 17493
67 244 18788
203 328 52631
209 387 42379
268 403 54120
82 474 25060
80 133 32016
317 344 70456
104 363 11402
272 498 52154
116 118 55803
120 558 48600
399 491 12728
13 125 66528
132 603 66611
165 195 14866
359 441 66731
132 256 69771
87 640 42720
24 127 11402
335 454 48754
114 594 23022
482 577 14765
5 354 50488
337 433 13000
243 588 65031
36 283 34409
155 197 44598
242 475 30529
566 573 26306
25 375 25080
96 323 18358
193 635 30364
87 183 41593
316 500 27019
235 478 56648
352 367 26401
232 569 43417
219 233 44385
284 299 21024
320 350 35228
338 536 35511
125 202 39850
319 416 41000
340 428 29275
343 528 54129
517 632 32802
51 571 31623
169 292 17720
49 484 27803
320 437 27803
33 504 102421
432 434 31016
219 328 52240
448 556 25495
172 241 30806
46 92 33526
447 493 127318
68 236 34015
354 519 54083
19 56 55027
173 230 42059
43 246 30594
244 506 58523
323 607 40361
266 286 41110
615 626 26249
301 385 11000
91 277 20224
232 604 49820
155 514 54672
300 315 23087
40 569 65970
425 467 38601
64 497 63063
142 432 47074
500 586 37014
115 423 15811
153 456 57140
9 425 42942
161 609 39205
114 196 25080
20 188 42942
254 462 38588
275 543 14765
108 363 14213
121 257 24331
456 629 18385
478 495 17000
117 362 70349
125 330 75505
133 525 34986
15 285 79209
88 501 37336
420 499 75060
194 228 27019
358 528 37537
361 496 18868
362 420 79812
268 561 58078
95 186 38288
235 372 40497
103 131 42953
72 277 45000
227 580 46011
29 85 39825
41 107 24331
362 460 35000
170 536 71610
189 574 18000
124 598 38013
270 406 65856
509 640 25942
149 277 37577
5 102 25807
164 342 29732
333 595 16155
272 469 22091
113 540 19925
79 367 41593
485 641 36139
107 224 26907
105 395 28425
416 509 34234
430 474 36674
163 535 11705
516 596 37643
476 600 23409
421 634 42426
445 514 39560
21 171 23195
348 508 13342
31 243 39013
315 606 31241
193 502 31828
350 588 54406
111 371 31401
256 415 35440
80 162 31016
20 505 42720
142 382 29732
22 595 31145
180 561 39115
299 400 17464
2 91 43186
75 484 47802
143 508 17117
240 345 13601
378 571 14318
341 373 41593
401 490 55082
84 557 18028
184 402 39825
259 504 16401
235 495 61205
134 450 31064
16 334 64405
49 262 48795
555 638 37363
363 480 21260
122 379 32558
23 273 53852
65 499 67912
215 644 46325
248 360 32249
135 427 54745
65 112 76059
53 264 17464
338 546 45188
203 258 39051
102 433 42953
270 411 65970
283 640 28018
157 190 19026
483 609 29155
211 341 47096
145 203 76662
380 408 37696
56 601 56569
16 168 22204
257 632 42048
77 325 29530
50 419 35693
102 220 39205
255 590 46530
223 573 14866
39 557 50990
82 335 59414
61 228 16553
245 554 43105
253 612 48083
289 461 21213
217 332 11180
152 349 28071
553 563 44721
282 456 72111
329 413 47508
359 407 27785
215 311 45651
270 279 38013
167 353 29411
229 455 28018
584 634 74277
354 410 49659
145 382 36674
82 443 48042
147 404 21401
528 575 15652
159 562 30083
221 425 19235
436 444 23537
139 321 31623
135 622 61074
145 340 36249
407 415 15033
159 281 24597
261 383 38013
390 446 50220
51 221 57775
104 480 12083
245 454 55227
404 583 18974
340 584 71169
67 489 43139
477 643 60141
47 417 43600
159 213 47508
524 632 29732
7 434 16279
334 634 92445
79 498 42048
460 626 12166
141 620 63514
351 610 58052
27 559 46390
133 521 26907
419 484 85440
64 351 53226
311 609 55009
7 253 54708
56 104 59548
567 617 31064
335 470 60000
316 586 50359
219 393 32573
452 470 27659
100 514 28284
147 583 39825
120 633 45000
561 565 15297
96 222 43909
385 543 74947
79 336 23854
136 517 43105
233 570 38833
157 429 35114
321 559 35847
189 615 35000
52 546 33526
240 341 43081
20 635 26571
4 89 31575
24 120 32558
540 581 38013
280 521 38601
575 585 16492
294 543 47096
243 316 83600
19 150 25318
341 622 52479
17 595 56143
174 234 11402
305 626 31890
281 464 26401
256 603 10630
430 443 59908
120 127 29428
9 628 43600
152 313 31145
318 444 118457
166 564 12649
285 591 44643
547 550 11045
248 362 48466
254 419 25962
186 495 39812
248 572 26173
192 218 23022
4 378 25000
459 623 45177
91 128 43909
90 293 53666
60 435 20518
388 631 43417
366 461 22361
47 267 42202
418 545 29698
136 438 36235
130 440 32450
312 361 72173
306 529 57697
144 539 75802
97 307 12166
4 51 20000
389 418 47297
410 621 15000
490 598 56143
104 369 34438
364 534 54452
473 506 28792
50 249 24083
216 224 33015
87 300 49518
503 516 33106
283 468 35014
62 192 163976
1 405 64405
471 621 51245
308 635 19235
534 537 49010
570 580 53235
463 597 34438
211 240 53009
37 561 45453
405 549 55109
288 494 11662
454 523 60828
95 258 47634
408 466 16643
252 537 53488
92 301 34986
313 372 41340
253 482 53852
394 605 25632
374 529 31016
373 596 50289
112 420 75000
427 622 57974
151 341 67978
332 518 77162
71 287 36674
16 279 56515
8 279 44045
111 350 29069
333 472 61294
267 448 23345
197 445 72945
84 576 33000
198 523 34132
285 510 48010
148 173 14866
361 606 68184
383 605 21024
393 482 75710
461 637 42521
227 329 25554
27 321 28302
31 586 18682
140 562 41110
213 562 33377
218 390 33015
25 285 28792
94 640 61612
243 643 82638
389 507 136719
254 319 19026
264 439 28302
310 573 37537
214 624 10817
160 311 28443
228 647 23259
27 270 30871
349 391 54452
216 379 29120
124 490 36069
384 544 15652
26 345 32016
43 477 46174
194 226 30083
158 215 55543
118 490 42059
162 521 26249
399 598 36125
304 472 25318
397 619 14765
201 315 46400
235 313 26401
310 566 29069
167 333 32140
206 218 32985
198 245 40460
196 623 45880
158 305 19235
219 580 50478
53 186 55109
250 462 38079
370 411 41773
52 585 42544
139 559 28018
106 488 52326
297 412 29732
37 39 42544
49 331 13601
176 519 48508
6 229 16279
87 611 44011
236 268 53000
1 97 29206
582 600 15811
99 537 41761
143 513 47508
228 423 32450
162 206 20000
383 392 50774
97 578 62968
251 314 63325
222 329 21000
61 423 27731
46 520 55902
93 561 53339
321 419 62650
69 85 30414
363 369 28284
205 492 66483
174 567 43046
265 582 37108
198 551 66753
99 461 36674
427 458 34015
505 635 27074
466 578 26077
104 601 48270
246 356 48549
424 535 32311
540 613 23854
46 100 25000
119 493 21260
196 396 42012
33 310 12083
75 462 12806
394 408 59682
295 442 47011
414 577 43966
458 569 56009
293 402 48765
385 566 32558
193 518 79649
317 541 54818
395 610 65000
86 389 86977
86 365 49092
491 631 17464
9 207 65734
424 545 19105
605 614 53852
45 100 42802
464 574 26833
11 632 42953
29 464 18000
70 348 55444
192 593 17263
456 584 55145
64 322 77337
465 514 25080
222 413 41110
377 405 32650
131 250 45122
201 611 32696
33 617 64537
76 313 53009
107 296 25000
65 642 63789
319 624 54129
469 498 67941
100 465 30150
152 391 59808
373 503 17205
258 568 37363
91 149 37216
964 660
470 770
603 808
169 643
173 353
587 165
599 449
711 179
279 717
325 411
736 569
278 305
206 789
761 649
384 919
684 226
407 616
929 711
710 920
92 680
532 962
466 651
37 678
416 787
468 984
337 816
805 227
707 775
199 563
394 754
494 233
168 830
473 3
505 703
278 877
846 439
156 230
312 153
119 209
446 912
485 284
633 705
337 210
141 779
571 118
585 77
102 454
126 314
747 354
881 301
185 655
485 888
435 341
496 968
282 105
728 868
242 237
786 350
527 299
972 352
312 362
780 896
875 766
468 95
357 640
608 829
193 127
143 284
194 577
202 871
488 534
547 822
616 206
166 368
810 345
415 472
131 596
532 687
919 272
656 882
172 528
684 459
744 82
110 277
164 582
60 271
909 408
121 544
138 649
14 515
499 802
575 45
158 149
923 467
410 377
432 501
941 678
26 467
553 735
605 92
677 593
158 332
825 379
773 829
359 162
499 531
489 260
759 809
671 950
534 73
418 307
389 709
160 497
684 811
350 383
775 676
288 656
742 721
154 825
410 755
735 609
540 271
775 391
679 676
255 834
272 254
405 784
537 780
862 474
521 872
867 388
887 532
688 883
344 75
258 857
714 610
951 396
693 700
850 261
216 455
815 857
547 414
267 915
247 77
551 359
192 458
302 45
93 336
536 806
735 916
281 753
331 476
667 360
124 529
590 154
495 619
791 438
324 541
227 525
372 599
432 563
645 911
133 402
540 605
454 757
724 821
501 602
662 223
700 71
593 849
509 965
759 796
79 331
500 67
326 522
166 437
263 697
73 630
85 611
224 198
810 813
711 94
902 367
32 575
748 125
381 352
955 487
72 642
241 557
772 437
797 424
638 978
130 714
336 326
464 746
659 813
623 184
771 502
39 642
608 738
980 437
267 796
485 398
476 956
250 179
633 927
224 753
686 197
549 655
725 97
389 780
568 955
186 501
931 354
378 554
526 267
162 681
625 959
541 463
127 356
238 678
454 463
498 46
507 240
575 213
365 334
467 420
319 347
576 153
99 294
273 668
376 853
530 506
503 56
378 452
129 253
960 327
607 591
148 802
358 823
734 778
329 654
455 232
185 144
745 533
343 180
136 690
250 604
905 303
857 344
272 411
615 714
616 501
853 333
657 475
825 564
739 585
447 407
372 63
625 723
780 703
713 319
303 412
442 357
277 190
523 920
68 429
182 253
457 357
777 214
70 718
873 202
23 626
178 871
622 62
555 942
502 822
250 580
739 213
693 934
238 547
731 279
874 459
609 632
441 974
484 933
455 518
522 667
516 765
435 667
486 810
705 54
38 563
656 52
752 452
509 275
814 643
612 404
628 623
945 442
545 27
637 407
719 126
450 540
307 532
246 448
953 676
84 714
540 924
484 8
400 594
977 625
362 473
211 394
943 465
505 165
927 526
252 933
872 334
376 301
820 251
518 154
416 510
233 636
105 582
613 546
773 480
536 411
454 442
181 849
760 358
167 691
469 605
646 278
677 518
906 252
155 295
516 901
467 532
584 374
342 783
560 627
392 878
869 486
362 836
653 75
248 326
237 914
329 504
405 281
420 72
942 334
529 593
223 360
549 332
317 221
484 739
420 839
776 563
246 636
972 553
295 586
770 818
607 642
57 320
527 748
926 313
43 443
742 814
834 158
393 326
340 438
349 742
327 434
445 994
175 608
937 601
162 619
534 239
858 626
325 230
567 392
811 725
219 445
545 16
953 302
589 641
658 579
31 353
592 960
275 497
784 768
572 473
821 692
381 180
685 780
681 166
586 922
665 648
612 616
720 754
51 610
230 278
285 58
912 622
728 258
790 539
872 661
604 553
244 315
793 150
834 621
495 466
568 602
791 554
881 374
128 419
77 342
846 308
344 649
551 295
297 296
337 374
117 361
241 697
118 488
312 866
588 403
824 450
732 444
602 600
557 460
167 290
588 461
958 337
373 980
359 323
686 633
457 333
503 845
798 626
753 499
682 411
368 957
663 123
621 919
69 732
52 412
214 625
370 92
120 607
743 503
655 716
698 562
548 154
663 303
681 944
326 897
622 810
274 558
537 768
820 353
51 378
217 563
635 89
886 670
204 708
839 458
871 180
725 482
261 255
475 544
231 188
696 437
303 670
261 239
381 196
358 399
128 275
784 834
767 631
588 547
426 524
764 332
761 581
625 79
522 733
522 578
224 97
705 701
656 639
298 133
138 839
532 673
373 391
956 563
529 111
917 230
341 574
522 186
108 509
107 736
339 728
382 50
128 703
241 161
17 489
250 917
885 408
440 926
659 937
631 648
298 879
625 112
561 931
325 698
671 607
192 764
178 390
530 87
670 903
649 943
742 520
687 559
718 865
750 640
822 799
445 867
298 423
171 148
810 169
599 625
500 981
614 696
129 391
551 907
565 695
140 431
182 116
141 503
893 569
854 739
609 55
226 459
98 363
475 920
695 121
49 495
966 611
696 132
837 492
116 761
334 65
748 576
525 646
27 407
109 259
449 726
851 233
545 396
185 195
219 496
326 109
712 817
188 180
513 10
457 69
457 371
382 896
508 474
175 625
269 586
509 36
241 575
452 853
110 310
581 560
888 644
882 821
513 421
163 472
268 226
267 64
608 307
468 849
499 215
463 906
457 297
236 133
664 521
453 931
906 775
641 961
683 834
463 620
301 727
66 409
701 645
236 113
283 231
784 876
875 603
833 571
327 862
830 716
967 485
389 540
473 995
401 539
381 115
950 424
630 547
121 516
876 688
269 536
932 381
431 52
112 795
674 179
868 822
256 306
297 810
643 770
925 345
484 980
286 556
596 825
314 691
656 286
641 338
652 622
697 587
383 719
557 253
101 705
828 646
565 800
489 636
281 767
873 431
752 616
419 655
425 155
333 565
72 297
558 585
298 357
