799 1663 13 235
298 509 24698
159 402 44553
483 648 47539
532 578 20518
24 126 17889
348 456 24207
167 543 32757
395 543 58138
229 377 47202
356 467 27514
23 750 46690
336 687 30610
22 28 69354
76 295 15811
3 630 36892
334 381 37577
28 459 32757
257 442 37000
387 670 27659
315 545 11705
638 731 29069
196 336 12042
162 403 22091
702 718 48260
631 798 24042
112 423 39319
139 558 51420
637 750 23345
419 714 29698
70 226 41037
370 468 59093
172 238 30414
28 506 20000
291 611 64498
332 451 33526
363 566 65031
260 400 18385
492 700 33136
46 344 48765
547 653 26926
176 615 44283
697 769 60415
247 567 25080
390 684 55145
223 753 49649
221 485 73790
176 680 43046
492 557 37947
416 734 44721
497 787 32450
164 468 57974
187 774 11180
501 525 11705
200 619 29732
223 564 23409
246 306 45310
86 639 10770
643 741 14213
203 513 64125
340 757 43012
285 573 24597
223 499 26249
430 562 58822
173 221 21541
337 426 20396
189 679 38471
666 673 16279
89 764 22136
117 773 12083
482 657 58669
153 671 42190
190 391 37802
330 619 25000
99 541 17029
238 530 19416
145 632 46098
29 299 27074
13 646 17000
291 553 56613
425 685 35384
124 647 22204
272 735 36401
363 600 48374
137 218 11314
197 423 42379
83 628 26571
251 565 21260
165 255 20125
116 562 17804
66 572 49396
280 682 55362
50 602 20809
258 358 39825
84 693 14036
180 586 24083
13 343 35440
313 537 13892
529 682 52355
442 508 38013
41 399 31241
304 589 26926
147 356 36000
360 485 70328
256 444 33287
277 414 50537
265 276 66310
10 321 33061
4 786 29069
152 711 15264
234 737 41012
40 305 32016
514 701 42107
199 296 49244
534 763 32650
171 413 47265
38 354 41110
519 746 35805
138 259 20224
537 722 17029
79 196 16125
193 263 43012
267 567 33136
205 410 28160
573 749 61270
4 300 55082
193 593 34828
249 647 54120
716 763 13601
379 417 96664
250 251 43932
527 730 59228
469 710 35228
38 334 57428
274 369 17692
433 762 36359
98 534 48270
203 284 43932
696 720 13038
592 678 29120
136 272 13928
385 413 88527
362 628 29069
264 290 20125
1 720 37336
464 690 25020
207 583 19105
432 622 48826
623 749 43738
72 597 61033
26 447 22472
439 662 25962
131 180 33541
323 486 65000
721 760 24166
249 663 61612
501 737 10198
32 369 26000
18 791 42012
42 657 25179
623 772 46228
45 409 29732
329 524 14560
237 499 15264
419 652 46487
30 613 36222
261 504 24042
480 721 31064
279 623 49980
416 745 33838
283 323 24352
730 774 33601
156 297 143028
419 759 46325
419 645 24698
135 677 55362
50 446 22804
227 397 53666
565 768 46239
95 221 42202
355 664 26173
304 761 28018
461 572 44102
170 548 57271
578 697 24187
387 617 52010
269 285 18385
697 754 15620
10 452 29155
14 310 24021
43 143 13000
12 153 37590
368 441 55606
306 712 45651
158 719 32249
23 60 34525
56 526 14765
491 532 24042
404 584 65460
111 316 12166
68 273 60828
253 792 22472
588 687 44777
36 85 38328
333 796 26077
250 289 33242
5 619 29069
25 36 42048
352 799 19698
224 367 34525
422 623 48415
90 622 30871
288 704 55082
368 770 50000
558 711 43863
373 439 33121
345 464 31385
264 416 49396
638 672 35114
140 788 39408
609 739 17029
98 618 43186
446 472 18358
200 770 20881
248 531 73661
174 470 24083
380 454 31906
526 706 29017
25 69 30806
70 103 22091
48 134 41773
71 485 41617
129 222 48260
109 527 63695
411 578 45310
61 316 34132
364 596 42048
634 748 40522
248 390 53824
11 81 38471
194 585 31016
203 742 20100
176 476 55444
733 785 13601
172 656 13454
188 753 59908
273 687 36878
288 732 39294
274 713 31145
30 528 51923
628 774 23087
48 177 32202
652 678 31385
448 698 18974
717 794 37855
745 747 26571
215 518 40817
297 583 109202
207 297 90443
107 608 27313
283 319 31401
118 751 21471
541 726 33541
151 429 29732
61 148 23770
494 706 14422
572 662 56569
411 776 22000
92 641 36770
348 393 12530
620 756 17692
254 443 87092
185 574 52431
69 400 32802
229 273 32985
445 540 14866
243 561 24083
186 502 38910
11 783 35355
68 113 50606
560 709 34713
86 368 53000
325 739 18439
65 470 11662
710 738 14422
425 791 19313
366 676 50804
283 588 64031
102 769 47424
343 352 54672
172 684 59237
281 396 62370
614 640 16401
308 547 14318
668 703 29069
150 173 37736
418 683 23259
256 324 24083
464 714 13454
18 112 29155
341 386 31321
526 635 19723
556 637 10296
199 520 34132
71 502 21024
222 506 49497
202 462 61685
30 175 44721
354 647 15811
15 784 12207
335 778 29069
584 644 41340
125 148 55227
214 402 42190
116 484 172525
262 613 48415
8 688 88685
669 712 14213
257 339 11662
9 591 56436
252 480 25632
470 725 18439
261 680 43012
212 564 60877
5 56 50931
194 380 30083
190 424 42450
551 701 31401
321 712 20248
129 459 10770
43 584 42379
40 450 25807
577 759 20248
261 269 23345
31 681 49396
589 731 33541
435 554 51000
18 27 73498
40 143 24698
79 273 44407
32 145 47424
211 757 41195
115 632 32140
149 265 30414
227 373 30594
155 479 42579
49 286 19000
131 722 45100
38 649 67186
239 438 25710
366 634 23537
191 633 14765
366 445 39825
306 365 22804
135 318 37216
102 624 50636
45 732 27295
202 468 58138
67 404 75961
352 469 71169
422 664 24083
101 497 33015
180 606 25710
403 502 49497
186 194 20025
80 449 54037
595 740 21541
609 672 24207
63 526 34525
62 267 34828
26 370 57706
80 668 17720
612 789 45222
131 338 33956
113 527 60836
425 790 34928
337 542 33015
146 148 24839
438 523 20125
472 602 15232
594 693 31385
49 515 47802
703 797 12207
62 567 31953
261 711 32062
392 479 31321
58 798 30806
28 570 83487
480 760 27295
169 686 54009
563 640 16553
238 293 34132
15 128 34655
286 684 75027
363 577 48600
234 266 26683
91 676 11705
165 489 24597
250 546 19235
187 628 24042
241 251 38053
453 628 55543
82 718 17029
118 145 42297
463 606 24331
494 508 33242
36 240 29833
226 536 38897
97 684 46615
504 711 32650
383 473 36401
140 395 64622
232 505 38275
138 721 45177
243 509 27203
412 769 11705
79 336 13601
313 751 11402
471 555 49092
302 725 12649
53 597 26249
482 600 29411
539 562 12000
592 759 26683
281 605 34540
371 434 32802
298 780 20248
188 212 13038
649 789 27659
213 701 38910
73 398 27019
235 794 42059
199 492 41869
337 762 41785
517 612 59363
70 560 36497
494 563 37162
201 216 24000
162 691 23707
329 580 87710
432 670 80523
441 552 58052
215 347 32202
393 583 30610
151 367 38079
163 549 54009
326 727 31305
104 532 33242
309 446 41773
52 530 46228
233 788 28018
715 745 84024
449 703 53712
107 241 34059
77 86 51078
259 767 27203
754 776 19235
410 569 25080
93 656 12728
181 622 42190
318 740 35355
273 358 44272
166 753 50220
455 595 16279
278 306 30017
161 777 23537
394 543 36878
463 568 25962
6 351 45793
198 492 26571
78 591 47434
311 473 38210
338 426 16279
81 594 53460
337 338 20809
363 592 34234
149 276 75007
341 349 27785
481 552 15811
66 652 38897
56 552 60671
349 674 29275
47 513 50537
195 332 31906
347 792 30017
380 567 34000
391 451 20396
525 735 23022
607 785 55471
346 528 25710
586 671 13892
339 521 74626
13 352 32016
99 331 18000
256 634 25179
41 231 39560
30 53 45277
346 760 29206
138 755 51000
326 538 45880
439 491 47011
607 701 66731
187 453 37216
33 306 11314
289 377 17493
337 458 29967
161 358 26833
487 571 18358
148 160 27203
188 564 48662
331 541 12083
370 653 29732
230 374 44147
150 787 49497
295 540 20125
15 775 29411
369 637 24413
98 192 17088
395 788 67119
472 772 32140
169 569 17000
45 479 31305
107 266 50000
209 775 31780
8 82 58600
127 714 29547
355 623 20809
623 664 36497
47 203 26870
152 710 35228
217 507 33541
180 671 32573
412 754 55758
74 551 46530
43 701 51865
93 172 18028
372 473 24042
191 244 34928
276 675 29275
581 737 24839
447 509 22000
446 782 28653
493 533 21401
312 747 44654
605 638 36688
51 98 56851
108 282 18385
721 755 50000
27 210 53600
74 734 36674
70 709 23854
24 220 30529
660 719 27857
206 343 35511
185 357 48765
420 580 42579
216 533 17029
243 780 18439
120 307 19235
125 228 23324
495 688 33242
467 471 55227
369 595 34540
465 474 42012
1 749 41773
390 626 42048
160 287 25632
478 525 19209
381 583 37736
175 386 61612
7 757 35847
168 692 33000
4 177 46065
102 104 27785
311 483 16763
109 580 10817
34 184 24021
124 239 35114
316 405 35114
174 452 11180
192 618 27074
62 436 21378
55 404 61294
75 771 37000
429 677 36346
556 750 23087
312 410 18868
345 510 22561
90 659 101119
275 709 39408
116 378 134952
244 630 31385
416 437 45310
91 295 17263
98 379 88544
126 591 51478
275 685 26476
398 587 36359
323 331 59933
267 436 23022
241 377 20125
461 624 36878
27 796 57706
403 691 38079
20 503 33734
196 272 21932
66 678 30232
212 746 35511
296 514 36497
39 138 28018
121 565 24042
265 400 49769
376 400 43278
665 672 42012
2 490 31385
213 575 44911
133 441 38897
82 705 31828
427 621 17088
182 281 51478
450 739 68622
167 755 59942
23 459 34000
263 641 40050
235 723 35355
87 667 25000
22 455 56036
127 652 44944
70 777 16401
43 488 25060
219 566 43290
140 543 20100
363 759 45651
723 728 15133
323 715 19235
75 604 28302
63 635 33242
141 310 13892
201 490 43174
198 275 35341
421 566 44777
132 387 29120
411 621 35609
223 758 20616
198 790 13416
579 719 58822
162 322 63000
487 653 29682
208 327 48260
305 488 20100
182 630 38079
439 532 36222
358 642 47297
246 278 35777
483 719 42202
453 545 46861
170 692 59203
85 333 48765
39 341 39962
276 694 38013
412 697 59775
370 757 13153
204 509 36359
181 432 24083
332 391 41037
107 229 41437
473 475 52431
496 520 12083
218 690 18439
537 751 20125
153 724 11402
371 641 38210
163 322 31623
101 408 20000
79 229 44407
307 624 22672
201 399 41761
407 782 20396
599 782 11662
197 320 36222
316 571 36056
242 516 13038
160 621 33526
282 717 10630
197 471 60605
75 483 27203
54 522 12649
344 783 54406
474 507 16971
694 695 27019
327 434 48765
21 314 44045
76 540 27295
482 500 55579
301 593 20809
545 642 36878
437 734 31828
267 269 18974
12 633 32388
108 570 46400
154 633 20125
396 646 57974
225 418 19723
44 724 15000
14 153 33302
369 556 15811
258 627 24166
35 142 41037
84 684 45541
296 320 62032
195 651 119281
365 513 29155
293 708 14213
427 776 27203
255 579 61008
403 585 68505
275 317 38013
672 696 24698
131 458 42048
601 789 20396
324 540 19723
700 790 49518
214 727 26926
44 568 13601
629 639 60208
108 235 51624
256 445 24698
651 707 16401
82 688 89805
230 404 47265
431 606 23087
105 487 11000
45 574 33615
620 767 50478
271 665 56143
84 708 36401
302 444 45122
104 578 26870
65 424 29614
456 533 33377
589 799 52612
29 435 22204
17 349 16125
210 333 29000
265 376 55027
356 406 31064
463 705 22561
113 420 50160
137 141 26683
94 194 18601
33 278 34713
168 658 61847
494 635 24187
141 633 24597
212 519 40012
46 783 45100
574 680 51478
115 367 45706
37 583 45695
3 271 25495
118 361 11180
43 644 27659
610 639 79322
16 144 11662
128 398 22361
206 711 42942
119 510 45695
322 569 54818
343 710 39812
749 772 46174
100 357 19647
449 797 52802
636 664 13454
396 630 51088
125 448 32757
132 617 49163
252 528 34176
509 780 14422
309 787 13601
157 397 16155
47 326 10770
49 684 70456
39 386 56798
208 792 25000
347 593 12806
252 298 27166
212 284 51039
10 332 15524
136 385 93606
73 587 18439
105 384 49092
27 149 66708
590 625 21024
684 695 41231
30 346 45354
61 146 22361
571 653 35777
248 692 43841
550 574 54745
488 701 39623
435 671 67941
697 776 22136
10 451 22023
373 662 23770
677 740 31145
170 400 30463
204 757 46325
161 687 46043
346 480 14560
486 496 28792
689 752 31257
113 258 52393
140 756 23087
209 786 28160
109 389 46487
612 649 50695
441 526 43417
62 247 10296
264 437 35228
300 786 47885
254 378 126752
411 434 25495
256 540 26019
31 398 39825
46 230 43278
594 684 29833
47 742 17029
35 716 22472
100 567 20591
318 378 14000
739 795 41000
245 602 47011
85 746 72180
641 655 48166
484 489 40311
444 725 45651
328 342 17493
171 501 15524
114 662 59228
241 546 13416
143 644 24698
76 302 18385
23 28 41869
157 518 47096
227 714 33541
53 262 29428
240 265 41593
467 667 12530
357 680 49649
176 574 46615
168 538 62266
169 205 29411
415 618 11045
702 765 55027
90 432 79404
9 500 45354
67 503 33242
384 754 31048
74 416 57489
273 627 51010
506 570 63514
364 573 46065
149 675 76322
279 422 27019
301 330 18385
101 437 30083
254 539 29000
9 461 49031
192 415 29411
423 667 45651
438 686 67082
184 503 30067
417 655 30414
108 794 49679
69 402 41437
49 175 57009
77 466 43829
616 727 31953
9 126 60539
384 412 41629
496 598 41231
564 587 82298
173 290 29120
414 462 51400
211 559 61465
448 655 49649
189 422 30083
220 576 17117
397 498 33838
274 750 26000
451 452 16279
284 616 34828
239 517 38000
431 568 16155
313 458 31257
41 201 17889
51 534 67365
66 512 30480
8 568 29732
385 747 21471
158 611 104010
729 778 42426
258 453 78492
44 586 27166
198 685 20881
592 652 26401
130 340 64777
137 690 15620
240 400 26476
163 312 52154
65 451 29120
371 698 26173
361 751 17493
269 436 25495
48 628 43417
173 747 52000
435 646 59363
227 512 40025
152 596 40608
755 779 41976
92 792 24331
220 597 10198
307 461 32650
51 277 14213
219 325 31016
581 608 55866
8 153 26077
72 204 32062
144 607 57070
215 388 19799
208 781 30806
145 751 40000
590 744 22136
133 282 56436
613 656 12649
108 610 81835
211 597 53367
31 236 42638
485 549 19235
279 696 25179
382 619 15297
321 452 45000
529 772 53038
231 553 26926
689 712 11180
411 697 35805
77 770 59008
355 782 19416
577 645 38079
431 463 29069
364 761 31241
475 489 18248
23 129 31623
608 650 25554
605 799 25179
333 753 51245
308 370 32280
684 748 71589
52 613 40200
270 796 62129
515 613 32696
170 260 35805
301 495 36878
130 757 59548
37 663 31953
110 306 35468
364 749 50000
110 513 60828
442 765 63820
117 542 21471
109 113 45277
566 600 74813
67 184 26926
433 632 26833
464 498 17692
291 490 20616
81 783 42544
413 525 40000
659 788 33242
215 253 29069
648 661 82329
584 795 52202
32 401 44721
206 798 37656
191 335 55145
450 477 14000
93 613 13342
183 708 22672
4 134 36497
281 630 69340
6 133 47634
456 490 29120
249 381 33061
321 689 24187
35 414 17493
160 582 36139
22 60 49930
154 630 11402
34 219 38328
516 622 24331
70 588 39013
369 401 53254
133 610 32650
106 394 37736
245 360 34000
172 530 27313
344 406 12806
304 672 37947
80 796 55154
156 314 41677
448 641 60208
258 527 79120
231 611 32802
158 231 98234
327 641 20248
178 359 41773
157 688 28862
541 551 24597
575 701 51624
421 778 34205
426 542 34670
315 668 83726
273 289 59548
100 454 17029
122 669 30806
553 611 10050
555 733 26173
192 405 31780
672 679 37483
37 643 18028
237 681 36014
42 482 54148
388 603 37216
394 395 41617
75 194 38833
40 644 15620
142 534 77279
268 276 34059
78 179 37000
92 263 41231
229 650 38833
270 668 10770
615 711 42426
130 769 29069
164 547 11662
24 120 33838
520 557 34986
228 544 32757
115 507 22361
430 539 56321
502 549 40497
465 632 30000
190 620 62129
24 576 24021
11 179 25495
431 586 25962
477 636 41110
152 738 32757
527 766 30083
135 704 23259
103 642 29732
182 605 37162
46 356 59841
367 429 39925
524 768 52000
392 505 51039
322 691 56080
227 518 42579
645 690 32202
88 764 53367
312 569 15000
57 764 16279
2 291 37443
195 659 157064
74 575 29732
351 563 27295
93 530 13892
408 575 20125
408 734 18111
121 266 35468
51 716 55000
16 197 28018
374 743 60075
63 441 28862
17 522 23431
477 511 23195
8 510 19000
54 138 25239
357 567 15033
366 626 13416
514 607 39395
376 531 33287
57 89 33242
287 698 33971
3 182 12530
63 563 32757
136 413 37802
139 465 39294
5 481 19105
536 560 31385
62 375 14560
209 784 31401
152 261 26401
608 699 28844
558 615 15620
309 599 20248
248 626 29069
595 677 12083
316 582 33734
20 184 38601
403 648 68942
239 523 20000
601 737 30887
181 328 20616
415 544 12042
196 650 24413
25 85 23000
533 643 27731
198 317 18868
397 518 44777
3 244 21024
68 627 27166
72 252 27019
5 301 16553
357 454 21633
177 766 48010
326 742 22847
85 753 48166
168 676 54781
244 271 16125
88 409 27295
146 415 20518
226 560 25298
189 636 31145
298 561 17029
335 729 32016
493 663 26926
140 233 33377
20 34 55758
478 699 15297
96 555 15133
535 607 20616
50 95 20125
29 631 13601
585 648 38288
495 706 60000
65 174 24739
49 172 33541
589 638 31305
320 683 35171
8 724 24698
200 466 31765
163 569 45880
235 339 55218
21 156 24352
460 781 57271
129 521 58523
663 741 22672
15 73 31890
496 726 42720
345 498 32650
258 642 73763
664 782 29155
428 455 22361
255 660 48104
217 474 27659
443 704 20809
185 771 46819
543 620 38626
242 395 20000
132 468 46043
203 616 20616
197 467 32757
125 625 34785
364 469 38897
122 246 29698
419 577 42190
353 468 40311
224 507 55145
604 771 23324
1 654 25942
205 686 52479
52 293 43966
124 249 55444
141 191 29069
533 741 28018
136 735 39000
12 671 40112
508 688 84629
199 320 48384
291 393 29732
83 362 30480
230 783 39812
524 736 17692
398 681 45541
286 748 55172
167 620 32016
469 596 30017
111 384 48765
105 111 15232
517 523 30529
55 733 18788
174 725 28284
165 475 20248
159 214 36401
382 481 14213
363 482 35847
119 498 20616
6 441 57706
457 519 28320
64 783 19235
384 427 38601
201 322 70214
25 402 48703
448 744 29275
462 547 16492
35 51 47011
164 462 22804
311 604 21213
133 368 63063
97 694 18028
11 183 19209
62 529 30414
130 412 26571
108 717 24021
45 392 24839
422 679 26476
167 394 53151
156 649 61351
210 793 24083
59 405 50804
294 630 33121
226 588 28460
626 748 42521
114 439 52631
296 496 32249
292 681 44407
287 621 20616
142 432 121202
254 288 58412
150 290 12649
566 778 49244
36 69 26249
679 739 59169
277 571 31385
48 774 36056
621 776 28000
27 791 75584
673 725 42426
9 657 21213
447 779 51010
77 200 57009
71 94 28862
31 449 30594
473 660 58464
329 389 144461
275 545 23537
440 715 11180
200 263 12042
48 236 39812
343 350 33136
51 763 56462
57 88 56436
460 491 37121
654 761 24698
542 773 14036
120 576 33615
26 468 15297
263 466 37656
424 673 47424
228 379 25000
136 283 47539
23 713 37014
118 521 28000
59 571 26077
160 448 42485
24 52 53339
383 505 33526
158 661 90250
111 427 50120
690 714 19416
775 786 25239
233 756 31064
243 779 39825
235 570 24413
430 489 59506
596 738 15620
424 725 26926
31 128 22847
525 737 21095
263 330 35468
185 550 23707
257 765 52000
341 666 30480
66 127 51662
375 436 10630
321 332 40719
442 614 27785
19 573 44643
145 367 54452
178 548 34059
247 529 35228
40 795 50040
119 688 52839
310 633 15033
245 682 13000
88 732 46840
775 784 18111
179 183 19723
230 743 64031
207 334 47381
166 333 16125
75 380 36620
87 147 26926
404 555 39812
313 762 16763
342 779 14866
317 536 30067
319 588 44294
32 274 12369
446 599 30610
15 398 20224
38 612 34000
73 564 100225
315 362 81394
36 210 31401
75 454 38118
36 793 27459
318 428 40311
140 620 34525
329 768 66483
303 638 29530
361 537 27659
331 486 59034
563 614 25710
89 151 22825
177 774 40853
19 285 46690
191 729 45453
154 294 23087
194 280 25000
402 548 21378
710 711 39115
125 544 40112
367 632 48374
499 753 33136
89 224 34132
299 426 41012
120 126 36125
81 406 43658
202 670 31064
278 326 64475
227 464 32650
401 429 15620
5 382 23087
193 330 27203
367 401 49254
483 585 45541
98 405 38079
345 690 27514
105 316 24083
407 497 33377
83 797 24083
116 430 74250
17 54 19925
478 608 41110
50 472 23087
130 624 46325
164 202 67476
171 525 24207
495 603 16279
143 305 27586
397 688 40497
106 328 23000
59 277 14036
502 585 45706
175 346 37643
196 699 26173
391 651 52631
274 556 17117
159 457 67186
243 721 40447
373 460 47885
88 288 24042
134 236 12083
231 661 38328
372 383 19313
157 388 10198
87 675 46690
103 161 19105
190 674 58856
424 666 51478
68 289 22672
217 476 12042
18 225 48754
29 350 26870
74 99 20248
180 702 36056
239 354 39623
375 529 32202
96 607 23537
338 554 31623
272 319 42426
166 796 30000
254 732 46690
521 765 50249
349 767 13892
331 726 32757
138 522 20125
110 752 22361
136 715 50010
326 359 37483
72 528 34438
257 728 36222
12 14 13038
457 727 41037
287 371 42579
462 571 31321
339 728 33106
486 598 23854
319 336 37656
416 440 64761
383 771 33601
472 623 39115
335 645 56400
331 440 61847
64 374 24042
136 745 95880
28 60 21095
106 516 36249
114 461 47885
164 308 10630
582 621 33971
494 688 66940
362 453 70000
350 631 28160
666 674 44721
11 374 32280
58 206 15652
751 762 24839
625 744 26077
389 766 37108
359 727 13153
38 647 50990
175 760 42426
178 538 16279
421 665 56036
315 453 42202
256 748 44272
208 253 16971
727 742 24042
593 603 16492
353 447 26420
503 743 42297
442 718 51614
319 687 24759
538 658 46390
32 713 26401
453 642 64281
445 634 26833
4 209 22804
118 713 31064
296 535 16279
302 324 22361
135 151 41231
432 617 34000
288 443 52010
97 594 42059
561 721 26833
514 535 29411
242 622 13342
11 123 37656
2 399 18028
324 444 35440
91 540 22472
568 724 23022
304 638 24187
155 505 25000
27 270 61008
280 380 38833
495 593 27586
251 736 24187
106 779 19235
505 550 22204
232 430 45222
275 315 24839
563 635 32280
722 765 35228
77 629 17088
180 431 31906
95 360 43012
499 758 22847
84 123 26833
411 781 42450
218 345 15264
216 322 59481
330 593 30017
24 262 48010
339 723 28018
33 365 14142
609 665 32450
122 321 35511
55 785 12649
335 363 40012
158 579 61612
234 649 33422
96 144 62169
285 596 39962
69 260 28460
453 730 35228
309 407 22136
7 211 24166
473 604 25495
34 67 41110
707 756 55471
340 384 54708
304 720 14142
306 689 46573
131 702 14318
243 447 39699
511 575 40000
303 672 42485
376 692 66843
220 262 41869
497 575 26173
454 771 15297
736 768 48836
196 478 31385
497 511 29069
572 657 40706
121 251 39623
372 771 20100
67 219 37643
19 529 26306
232 473 44922
216 493 16492
225 700 23345
213 488 11662
483 660 25000
340 653 13601
8 705 31064
351 794 44643
233 707 52000
600 743 33971
199 683 26833
54 341 35000
191 630 25000
484 579 41049
167 767 37643
166 292 20248
27 425 76851
222 570 18000
276 531 18358
123 693 23087
95 150 51039
22 637 19849
9 120 59363
315 425 72180
11 64 40000
171 601 23259
42 572 33541
268 406 69260
57 288 56223
433 773 17464
351 441 37590
20 566 62241
442 702 71589
117 465 12042
246 658 29428
229 241 42059
167 259 38588
408 497 27019
504 680 34176
63 351 12083
252 561 29530
348 490 24698
418 423 43012
252 721 26077
182 303 44147
342 617 30676
61 582 25318
409 476 35228
78 708 34409
120 559 25000
148 582 36359
364 654 33136
285 436 32249
654 720 27731
605 731 19416
94 186 18358
266 314 39699
259 755 52000
177 527 50000
176 711 37696
67 795 44944
426 554 41049
175 515 34713
107 581 52887
147 268 48270
51 405 53009
500 600 41231
163 221 53310
413 735 24698
635 706 16279
85 793 18028
455 637 42450
22 428 68411
426 435 28601
250 420 41110
27 240 63159
530 613 25318
75 585 45804
448 590 33302
23 521 37483
21 266 27785
195 689 39408
84 238 22847
72 298 36878
234 601 38210
244 729 21213
512 662 14318
417 625 43417
113 289 56754
640 728 34059
349 666 44911
644 795 42379
132 353 24597
390 748 27857
619 770 16000
7 204 33601
559 597 35355
139 542 31016
536 557 36249
325 665 49041
379 629 148708
16 296 57801
284 513 107117
410 747 40817
58 711 45398
294 633 32894
32 118 37656
104 697 40608
195 752 29120
299 435 33941
169 322 53085
390 695 37802
115 224 57245
224 409 58052
49 656 39319
300 775 71218
479 505 52802
42 66 42720
377 546 16155
557 598 41400
246 669 16643
292 499 35468
588 777 32202
153 586 37643
237 758 18788
250 377 22204
155 232 32249
473 505 50090
112 675 74061
44 431 10198
410 346
96 256
554 367
206 851
839 292
814 166
793 624
676 297
656 532
687 921
583 619
617 317
524 266
628 324
235 907
412 638
736 775
397 730
366 272
562 516
53 583
647 26
683 87
695 596
435 887
846 661
378 801
710 55
542 234
700 678
280 873
622 77
589 960
532 469
948 612
417 849
78 347
33 452
735 743
431 464
134 279
674 492
423 497
653 273
414 97
503 611
519 962
211 829
665 733
312 359
925 571
668 642
723 639
742 756
450 522
802 257
504 55
478 212
915 568
689 53
909 501
345 246
795 216
551 595
709 876
689 452
505 500
150 685
442 857
240 664
253 267
781 649
256 931
327 492
279 186
664 871
940 304
643 626
172 587
312 813
565 653
701 244
254 827
602 680
412 887
920 257
468 696
455 83
528 78
884 817
632 879
846 359
651 685
260 239
303 377
430 567
552 743
961 527
316 509
316 206
317 445
748 500
218 662
772 486
873 546
858 752
107 609
816 130
86 756
624 975
879 532
426 733
119 725
727 500
525 147
393 19
542 170
629 114
718 334
706 564
64 602
635 889
590 656
101 429
944 431
679 588
676 402
259 882
713 97
785 561
630 213
899 684
851 196
242 857
522 35
195 543
660 354
763 742
523 200
812 832
634 360
978 640
418 485
418 628
587 109
931 497
493 706
915 478
429 758
274 419
548 67
425 219
650 299
594 340
344 90
30 575
757 336
184 164
450 903
893 462
204 649
183 273
213 346
876 602
250 87
351 882
786 795
570 855
180 389
490 819
118 525
650 703
254 387
685 882
720 718
419 171
185 810
528 897
608 614
624 246
901 747
548 356
598 631
531 493
358 158
251 223
228 785
395 981
412 425
744 878
605 362
955 511
837 346
271 224
674 963
174 571
435 654
317 692
353 635
887 325
126 295
919 654
500 981
813 651
171 417
471 226
34 348
815 379
220 869
386 854
783 602
406 988
391 479
485 913
781 348
126 319
470 145
668 346
494 464
721 612
262 367
761 102
339 951
499 96
376 686
268 634
718 390
964 443
146 623
531 578
123 241
312 94
807 865
71 543
765 122
247 846
334 918
623 689
113 462
436 826
109 643
884 792
824 708
573 376
306 306
614 910
336 241
568 824
58 394
100 674
71 641
782 676
803 367
402 24
259 105
639 832
714 164
167 704
766 762
469 848
401 208
694 644
878 333
253 433
443 785
77 569
367 219
530 737
385 225
317 800
565 390
190 556
178 631
625 65
285 707
504 759
916 582
582 926
421 375
278 248
527 309
823 147
239 561
457 990
398 238
665 752
869 453
448 60
133 670
262 415
65 277
334 893
626 655
601 318
649 876
377 592
6 434
809 673
540 207
151 854
832 307
677 858
505 366
455 349
399 465
597 952
725 567
868 595
334 418
627 348
273 165
209 398
616 144
51 539
266 723
891 530
307 676
541 3
220 586
399 650
654 919
183 336
262 553
657 848
495 433
523 952
863 384
881 752
38 670
845 320
316 527
691 936
365 874
40 395
601 417
183 579
585 188
597 205
720 154
849 571
714 777
866 743
490 256
516 658
681 338
744 689
807 329
61 294
738 791
523 253
790 205
525 298
877 695
74 455
362 375
493 670
335 201
192 673
497 925
290 336
634 124
274 804
602 457
430 301
591 974
591 834
533 102
867 257
612 53
837 604
876 411
316 154
724 420
574 588
359 250
495 803
118 661
527 3
989 443
300 216
56 361
862 290
334 147
832 519
224 454
684 768
927 692
767 334
101 800
599 780
721 908
395 113
55 305
838 784
872 808
588 296
742 342
255 904
114 255
462 831
582 97
481 871
185 251
484 573
924 518
524 668
355 411
329 461
442 107
199 414
833 450
794 536
165 520
939 627
946 483
271 479
949 355
386 669
667 396
73 705
555 418
404 396
421 694
715 847
337 736
581 208
855 488
581 8
570 87
326 51
651 263
925 749
569 168
850 431
564 231
366 242
288 437
138 456
740 449
256 542
823 223
714 201
489 28
667 814
626 853
326 377
854 682
912 424
310 867
416 443
701 904
690 892
232 748
317 189
591 28
76 313
467 968
612 175
717 87
766 397
704 542
898 596
673 244
697 365
533 162
915 340
467 661
861 658
458 274
703 866
472 606
335 361
299 137
491 163
269 94
462 136
402 443
145 559
386 83
758 685
853 279
620 488
257 170
232 81
229 301
318 586
873 557
401 485
272 76
84 285
783 430
326 667
122 335
748 243
796 299
345 596
350 444
710 353
347 926
612 543
122 540
234 258
529 523
408 185
344 115
726 67
503 151
715 239
832 682
676 316
379 446
709 429
564 985
371 556
694 695
873 785
113 500
760 383
446 987
356 601
657 114
754 760
129 474
34 656
133 544
789 250
145 780
750 664
340 276
639 678
513 775
776 453
109 318
992 564
388 580
305 646
628 151
539 909
382 45
640 858
327 522
552 189
814 812
947 471
262 712
103 655
882 592
502 875
212 292
347 137
349 533
862 266
98 231
615 231
445 565
627 48
338 631
473 188
726 579
276 658
808 690
382 33
763 209
347 973
57 625
537 459
334 216
666 269
197 389
779 102
889 566
707 498
409 260
401 128
347 470
719 595
631 418
791 467
198 104
80 747
93 558
884 497
36 329
463 511
242 213
626 270
274 935
241 625
465 324
934 399
628 581
636 461
815 319
572 706
580 40
432 259
731 614
305 606
345 401
596 505
97 515
329 347
799 315
294 162
514 341
649 240
407 572
132 598
482 404
880 181
97 221
63 468
664 682
738 215
463 176
484 968
895 733
957 484
865 305
778 826
861 472
897 789
374 358
740 550
955 398
597 822
177 682
245 802
956 298
585 347
531 226
557 144
612 349
614 829
772 240
389 404
632 39
479 352
924 247
748 202
880 373
238 684
84 330
441 476
646 383
532 281
83 442
213 188
50 517
154 585
772 895
652 440
857 582
433 334
928 377
660 694
671 517
585 915
812 888
242 150
160 251
715 442
108 358
380 394
509 386
694 800
461 672
307 796
628 919
945 671
614 277
467 385
683 812
734 820
500 730
621 875
575 51
664 469
430 391
376 173
298 919
294 301
365 659
595 725
311 712
126 390
202 603
764 308
642 940
672 364
204 284
537 855
588 679
542 758
569 757
446 372
812 479
894 430
148 574
359 670
374 514
644 216
288 818
501 45
678 266
760 251
759 885
615 646
253 684
454 239
433 206
637 930
646 88
688 375
245 544
969 604
815 154
684 243
216 160
445 359
784 702
627 168
748 153
653 288
689 854
333 555
495 938
750 168
576 397
203 768
498 330
410 70
442 539
311 459
156 543
47 644
112 542
442 247
481 421
572 20
93 341
502 961
571 528
941 420
243 460
425 958
234 435
625 790
382 315
649 55
619 133
646 971
380 923
824 489
814 742
790 839
824 606
326 935
642 435
762 712
454 321
600 149
977 593
507 71
662 164
137 809
750 784
14 608
783 532
881 305
314 174
338 329
553 175
223 795
207 898
833 472
227 654
582 439
855 733
820 690
822 409
351 391
548 614
225 900
438 526
193 877
323 426
835 864
77 511
323 704
355 729
822 355
402 872
778 162
481 462
351 852
278 825
508 219
517 316
