786 1737 16 211
289 727 27074
129 413 43566
216 287 13000
404 662 37363
443 475 27074
101 494 15297
100 652 32650
158 297 50804
712 727 40311
595 669 30083
388 664 27166
568 670 22023
334 667 20248
494 547 20616
48 615 56400
198 730 55471
251 500 44294
519 781 40311
254 654 20396
44 250 36125
526 770 23259
135 770 31064
7 438 26833
109 602 35341
207 479 32202
436 638 60415
5 132 25942
399 472 21840
197 328 60000
133 236 46530
289 601 13928
505 621 45607
155 373 29155
31 66 78721
659 773 31385
710 733 34234
164 264 27785
374 485 63348
269 610 21541
121 762 48301
22 55 25942
578 777 43186
379 667 21840
229 783 31401
173 214 34176
94 777 35128
158 225 25632
127 665 44643
170 775 32280
184 395 93343
123 421 47434
23 516 22136
206 383 26000
577 750 23345
274 648 24021
37 724 15232
5 180 39051
571 777 44045
107 468 44944
244 253 32450
450 573 46065
60 105 11402
644 729 20248
619 736 25179
304 420 29069
202 758 28636
215 238 31780
284 625 36249
195 514 36359
173 298 60000
142 719 20518
321 485 26683
528 578 69051
230 599 43417
303 490 19105
312 711 61392
312 421 54452
466 670 44283
49 311 43012
391 585 28018
437 613 46400
686 696 25495
397 472 35384
19 710 29682
422 596 28425
315 410 15000
181 523 50488
125 313 44283
521 750 15297
352 492 29411
31 712 17117
415 755 61400
376 508 69231
94 422 23770
109 573 14213
551 605 17000
535 728 13342
56 660 51624
14 126 63246
610 669 25020
268 683 27166
121 348 44553
527 679 13928
470 495 67897
244 566 10817
413 646 25495
118 298 52839
37 752 36401
38 592 128351
447 714 46325
507 717 34928
251 748 44777
232 331 50359
172 653 28601
454 627 70114
119 512 30806
22 713 37000
200 453 12649
276 636 45891
461 559 14765
14 443 38210
464 771 34366
167 179 54589
540 598 32650
133 698 42720
157 203 14213
34 450 38328
497 546 31064
498 763 39051
534 730 61400
101 458 19235
84 681 73348
527 553 41881
444 568 15133
425 433 39051
608 743 16763
170 387 37216
349 450 61351
255 403 12806
526 685 35511
154 439 48104
419 759 62362
326 623 32062
145 781 10817
107 396 43863
326 471 11045
118 145 37216
203 559 29411
324 571 27731
537 685 21095
400 455 35355
95 566 26926
179 373 28460
484 721 39051
71 427 55543
339 780 47434
367 632 46098
265 737 17263
301 362 18385
42 677 25612
32 69 20518
63 428 11314
65 639 24000
222 493 41110
334 668 42450
685 780 24698
516 785 31575
63 679 50289
102 630 28320
161 276 29732
136 344 62370
335 645 50488
178 387 17493
281 368 31145
265 602 32249
319 663 36125
469 629 59464
97 227 40012
601 727 14318
688 758 29682
396 530 20591
33 301 12649
616 695 48104
22 718 36056
87 116 54708
306 477 37577
537 673 14213
86 127 30676
48 105 24021
419 573 37643
62 130 23409
450 697 51624
226 474 22091
141 292 21213
308 467 43012
314 626 29833
462 556 48765
42 732 19416
84 415 18028
121 137 47854
7 154 53814
407 678 40262
229 286 14866
80 468 51788
60 627 20396
415 592 146509
418 744 17117
444 670 15033
36 254 26401
73 638 51856
53 783 38079
52 395 78409
160 347 17720
457 462 15033
44 100 54342
345 747 11662
195 452 29155
288 538 50922
597 779 21190
126 151 14765
76 447 40522
320 356 33015
92 747 21840
607 693 21190
126 475 44283
121 671 11402
26 282 65069
91 613 25807
339 485 29275
305 583 23601
650 702 50695
11 306 24331
82 243 21954
199 534 17720
666 725 36688
584 672 38053
180 504 36688
56 124 47381
289 622 23409
43 234 22000
30 152 33015
23 617 23324
34 42 43909
350 353 49031
66 482 23431
430 637 27514
376 645 64537
8 88 20224
81 540 24000
240 406 60075
469 515 26926
538 649 47802
567 749 16643
486 709 17029
14 698 16031
425 556 22825
416 719 33838
210 328 53712
83 556 28231
354 519 39115
542 554 25495
159 328 25298
545 669 35777
188 318 57489
106 682 17464
323 538 39825
626 763 25612
295 645 50329
692 702 48270
189 251 64475
89 690 37656
261 446 48415
299 318 20591
559 700 22361
458 494 12166
19 447 20000
224 639 30463
53 537 29017
559 753 64846
75 313 23259
142 733 37162
129 453 30463
118 173 29530
54 328 43658
253 463 16492
153 349 42953
451 564 52498
41 578 27659
197 743 43658
328 569 23854
213 239 47854
500 748 39051
105 627 29155
672 774 27731
16 364 20591
111 340 13342
99 655 25554
209 359 26401
122 419 59841
272 683 35805
137 726 19105
18 634 25080
530 741 25495
275 314 18788
434 624 42202
122 168 26019
351 373 56436
264 431 29155
113 369 40460
161 292 22023
203 490 19416
17 484 26683
66 605 59034
84 618 87419
410 434 35511
561 775 159154
417 594 28636
540 695 31241
78 698 34540
321 786 12042
143 405 43417
40 327 27659
296 453 48104
112 545 48384
142 172 12369
388 651 51078
10 303 17117
131 261 30083
245 510 48332
96 785 33541
176 729 97129
109 375 34015
83 425 17493
201 567 51923
700 772 61327
380 731 36125
10 552 42107
356 411 16401
97 343 41231
18 363 22472
399 441 19799
130 686 66400
401 743 41110
139 405 28460
155 535 25000
325 454 18028
75 154 26019
30 299 23707
41 756 17117
304 507 43012
91 407 22561
514 612 20000
631 732 47802
112 257 25000
1 708 33061
458 774 44944
163 587 59666
391 742 47413
54 734 25942
27 558 30414
226 570 50040
579 720 52000
591 612 37336
288 586 15000
177 746 20591
567 608 47434
522 695 52402
428 728 13038
592 682 30806
456 488 32311
138 658 72422
560 615 58181
567 640 13000
466 560 30232
590 696 36674
518 574 48301
232 484 28320
108 139 45277
362 716 26306
22 693 52773
156 223 38013
663 694 11402
184 739 108171
710 714 39812
89 708 41437
86 307 39115
395 669 278016
568 641 35128
469 498 39560
510 694 26249
17 306 32696
417 600 22361
178 223 20000
332 505 37014
256 550 14765
57 742 43932
456 549 71847
181 456 47011
311 761 41773
286 673 35171
150 540 49729
573 602 31890
473 676 18358
339 374 71610
164 280 41000
603 774 43417
235 480 33734
417 684 35805
36 421 51225
572 707 13000
206 512 48301
375 663 61685
146 361 36056
311 429 36797
330 333 28160
313 633 48384
2 773 23854
285 352 18028
242 322 17720
32 418 24698
13 332 46228
134 507 16401
7 311 39395
46 67 41593
450 769 20616
364 459 46690
13 501 21024
208 591 31890
283 336 33734
140 156 41593
524 579 57559
186 252 34366
350 656 28443
395 427 66483
190 747 31016
253 488 56824
79 547 29206
756 777 21378
395 736 19235
36 731 12369
405 439 48765
172 719 17263
160 733 33242
187 493 43566
51 577 34015
375 785 36069
55 718 16401
144 465 12207
681 755 51624
441 489 36401
4 695 48083
389 618 37202
273 659 22472
611 761 19105
215 527 24739
365 570 55606
9 308 22561
542 755 75133
267 506 14765
321 339 46098
444 561 25612
355 455 26077
529 555 46690
16 303 30414
39 511 36359
300 552 26401
508 590 50774
4 148 63695
708 776 22023
465 523 54203
665 760 53740
67 542 24698
290 634 30000
442 705 40000
432 539 35847
378 493 47424
105 615 45122
487 593 25318
63 449 43290
480 775 239102
38 358 69354
382 431 29155
308 315 15556
520 704 24042
366 553 15652
236 648 40804
394 413 56586
467 590 32450
518 723 37643
99 391 45354
170 725 30150
404 470 41110
340 764 17029
367 624 61400
208 532 31257
667 778 27857
211 371 44553
114 653 49739
145 644 28792
25 700 59135
15 637 27459
403 562 21932
206 496 29732
352 470 60465
111 304 51196
328 745 59228
49 705 15556
619 735 25710
150 307 30610
10 753 50090
192 720 13892
743 745 49820
364 417 49649
39 165 24021
394 645 20000
147 281 48877
71 735 43105
282 305 25554
206 596 48765
165 511 32388
164 179 28320
33 271 75286
200 709 19416
546 766 21095
71 736 22472
271 510 86313
252 564 15297
52 64 38053
621 689 37537
57 177 26077
40 205 41725
53 408 13928
174 525 15556
333 600 15000
76 587 58694
546 734 42202
421 711 78549
312 658 83199
110 172 35468
375 769 21401
427 593 133405
354 658 29155
510 663 24759
445 667 32249
34 216 45880
221 255 17804
280 351 69771
37 213 10050
134 381 46065
157 559 17000
99 177 39051
76 500 43417
323 652 33015
222 356 45541
262 409 44204
45 549 37216
379 685 53852
599 651 62073
4 575 65192
158 702 19723
23 375 50040
311 442 18439
264 621 32016
337 745 42190
144 360 30067
274 509 24187
18 455 46325
447 710 29411
426 501 18682
39 343 38639
133 296 34785
218 555 38079
237 241 41304
138 230 45793
552 684 24698
247 323 25020
43 270 36401
513 705 62266
397 556 33422
49 279 20616
398 629 63891
234 720 37947
503 595 29206
390 748 33526
236 274 24698
267 271 51245
337 707 45310
205 477 47096
415 706 34670
320 436 55109
291 607 12806
427 772 44102
104 752 39205
158 757 39205
217 590 35355
552 753 19235
389 435 27514
113 446 21587
148 695 63159
495 615 46690
85 679 53600
11 327 21213
558 703 35693
351 612 52010
243 549 48765
93 113 26627
115 146 29732
283 490 37014
613 699 19925
617 692 18439
340 381 12083
114 629 21471
133 509 33615
211 406 60959
101 593 60440
24 735 10770
15 232 42154
264 325 26000
9 467 43417
183 298 48415
574 709 30806
426 505 20881
263 418 53151
735 772 15232
60 392 20616
127 149 30594
578 586 50606
371 588 32650
268 680 27459
442 513 54745
309 708 38275
224 582 41437
241 697 21024
108 513 61522
183 684 51245
525 773 36014
108 209 48384
594 731 15264
504 642 34409
78 666 40262
85 351 45541
195 318 52345
592 706 180314
324 441 17029
162 361 35903
131 370 46519
200 518 37108
161 677 33838
491 682 12042
222 400 36249
499 684 25020
433 556 33287
102 621 40050
73 436 26627
329 611 18385
259 691 23770
695 704 49366
31 628 143108
194 345 54037
423 438 20025
348 779 42426
334 778 16553
518 563 64078
706 755 72498
667 765 27785
110 483 32016
169 605 22825
72 579 15297
12 590 52086
287 634 12083
183 330 61057
89 309 35693
114 231 32757
332 426 35128
532 613 65620
338 541 21541
693 784 56080
19 740 29155
452 514 42755
284 424 32985
392 426 43278
394 646 48083
386 448 43566
74 113 40050
45 550 22091
581 615 18111
580 585 30067
127 294 29206
616 650 56939
115 150 24352
135 537 29530
142 740 21633
144 683 39051
271 506 42048
563 776 117324
453 486 15000
479 703 34525
376 440 14560
59 225 25318
107 741 30364
65 672 49578
273 717 15133
329 761 31575
371 406 72367
58 429 54378
90 235 46390
116 678 19313
463 757 40000
324 472 27659
45 243 33838
176 599 97129
263 475 24413
76 163 53151
98 181 59775
112 412 37656
184 192 22136
43 779 42202
92 243 44147
285 492 30364
159 393 39115
458 584 45486
59 704 37947
6 526 35228
136 156 37855
229 599 88391
113 701 29833
87 546 28302
432 593 65437
472 777 25060
202 688 33242
578 756 27313
239 566 32696
185 385 17000
218 680 30806
413 486 31828
492 589 21954
457 710 18974
558 621 56921
287 341 12083
649 652 37483
259 524 36014
109 265 31257
685 770 21260
224 584 35128
171 189 43417
620 694 53852
193 336 53666
5 408 15556
230 717 28792
169 190 24083
151 464 30806
96 350 38419
167 562 34205
402 713 16031
238 527 36688
303 364 45177
224 283 45000
143 633 11045
464 475 54203
223 666 20100
536 672 58241
478 763 32000
71 395 11180
397 433 39051
56 733 50000
148 555 18385
266 768 34482
520 616 51740
376 434 58600
63 351 54571
245 313 64327
143 439 19416
102 392 43417
257 762 23022
326 597 24042
377 538 43105
42 216 35511
175 623 85907
59 522 54231
197 773 50990
290 636 13153
396 482 17720
269 669 10296
56 512 40012
292 631 18000
132 642 23537
11 484 31765
337 699 29120
152 188 51624
663 785 57428
61 745 33242
77 101 18248
62 384 53535
285 562 35693
220 776 22361
296 518 33541
126 129 21213
340 507 49769
21 575 63506
391 580 28653
420 565 15000
329 719 43417
438 604 39560
49 154 80362
13 586 31765
553 746 28178
264 630 21932
226 545 81988
217 342 37216
227 751 29069
235 466 31890
356 436 59237
300 753 22472
93 293 18439
657 759 24187
133 518 44777
21 435 32573
429 442 41785
127 557 15297
379 607 49244
297 737 54406
54 191 23345
278 299 40162
205 637 32062
390 554 55000
63 403 32650
614 738 22023
357 481 54781
83 587 84717
515 763 46141
449 675 35511
2 460 10296
204 237 26077
186 451 54083
25 772 21213
100 247 20248
332 528 32016
106 491 15811
52 424 41437
106 683 85586
349 517 42107
141 677 35128
655 746 16125
153 450 53712
231 469 68029
338 640 33136
216 677 18028
350 650 44000
248 349 32894
314 635 42438
56 596 32650
51 641 54562
117 479 16401
312 638 27459
46 398 44688
79 432 18028
32 63 36139
87 282 75432
64 284 49649
416 604 20616
230 659 23000
488 680 14318
37 782 56036
1 645 58310
661 696 45044
656 663 21954
297 564 28160
69 744 13038
130 384 31145
433 489 20025
67 390 37216
24 772 10770
3 571 30017
194 747 44721
80 331 15620
510 620 42297
125 149 11402
120 249 31401
70 542 20000
393 734 28862
464 746 33106
368 607 66483
470 577 17117
276 734 37121
7 423 11705
35 586 34438
9 371 17889
90 100 87235
578 754 19849
618 688 44721
347 719 18028
218 529 47011
331 430 11402
470 615 41881
39 123 11045
82 190 64281
675 771 32016
230 651 53907
9 258 27019
190 219 27313
400 493 28636
128 239 39850
59 158 25612
249 511 12728
212 322 49244
687 743 22472
724 782 55027
117 383 22847
405 506 12806
401 773 50636
310 341 17493
45 256 12728
161 341 38897
280 452 38275
186 564 42059
152 513 35468
111 565 32696
531 738 28460
18 290 37537
397 399 30414
487 700 73007
332 621 38079
182 526 14142
715 749 29120
307 760 45695
77 224 33526
292 732 39560
343 759 31828
228 593 28601
147 686 36359
479 528 51624
52 184 15000
427 487 116103
69 675 15811
82 104 11180
116 407 42521
375 576 31048
601 622 17720
82 92 43186
235 670 25612
279 439 55036
218 575 37643
55 713 41881
515 626 43829
204 356 33838
6 386 31890
318 452 52631
604 611 30083
39 120 35128
271 631 27203
70 554 17029
379 445 36069
574 723 20248
208 613 72945
556 660 51196
92 345 11000
3 41 11705
336 461 44181
351 679 51662
324 544 16492
460 569 39115
726 762 13416
353 372 17263
182 386 18439
88 642 64195
280 431 27731
107 205 53600
647 746 24042
96 516 21024
61 699 14866
159 636 43966
437 749 31145
3 754 18111
126 296 64031
260 501 11180
486 646 17117
549 782 27803
59 529 41110
391 749 47508
258 308 12042
271 716 63702
412 610 11000
87 766 26683
246 253 30083
424 579 37216
227 411 36069
277 469 18028
543 728 24166
111 400 49729
291 386 35468
23 265 33377
129 647 32388
249 481 30594
365 374 41110
398 469 39319
385 645 56798
138 507 37121
88 315 35228
122 451 34205
146 202 24698
357 536 45000
316 346 44418
163 500 19235
643 684 28601
338 391 39408
276 310 43829
323 377 30463
134 340 48166
330 711 27203
707 745 39459
496 703 39205
336 582 46690
410 624 63246
584 774 19105
170 404 42426
539 712 16031
445 765 26907
40 637 28160
30 513 14000
617 737 42755
10 490 11402
342 588 27295
90 531 149817
529 680 36674
29 33 21932
615 627 50695
48 560 24042
321 326 65970
171 500 31906
302 658 64140
14 133 37656
529 757 22204
86 557 32388
85 208 14000
42 141 24207
248 517 41773
185 574 34482
168 322 26926
166 509 20881
595 610 30414
449 679 20616
139 209 47802
225 616 55570
229 339 52086
325 630 10817
170 223 40012
199 468 51245
104 243 29614
581 641 34015
124 397 48765
241 517 23537
59 555 54203
316 540 59059
257 726 20248
98 523 107564
26 209 37202
358 491 17889
277 498 28284
205 289 50990
324 777 41000
646 709 12530
305 613 73246
181 549 63781
45 409 46011
221 285 21587
199 414 27803
571 614 19235
47 121 34234
383 479 20616
159 569 16279
64 395 40447
188 282 37483
332 586 51010
668 778 31623
353 665 35468
392 505 39812
187 436 38949
425 489 59076
332 689 40608
136 285 58873
401 504 19416
189 483 14142
485 786 23431
389 682 34540
74 313 38079
215 585 21932
110 142 30017
371 448 61057
135 408 17889
167 627 52469
235 444 38079
372 656 46011
238 532 30364
242 451 23195
260 426 17088
366 655 16279
20 186 16031
50 730 62266
456 782 63285
70 706 44011
603 622 37336
168 419 68264
462 502 19416
1 309 36056
231 293 22023
323 649 27659
147 240 35057
175 729 97329
248 419 38275
297 702 52631
522 555 13892
276 290 43186
136 387 21213
522 704 35847
286 780 54037
74 369 29411
215 580 27659
326 691 29682
441 544 21401
419 602 38079
275 681 10770
310 634 11402
397 660 47011
88 258 25495
372 620 33061
283 639 20809
190 414 57775
169 468 33838
524 779 47074
78 648 46648
27 689 24207
560 568 46819
196 299 12000
67 554 40200
73 312 50922
74 676 36069
619 625 46271
388 504 28320
239 724 38118
108 152 57871
95 244 26870
458 603 14866
605 628 28071
141 161 17464
115 361 28844
216 697 49769
235 538 54589
164 431 25807
462 710 28320
154 313 25612
174 230 28160
168 721 36892
281 402 16125
565 636 62032
525 664 17029
28 639 28000
362 576 30232
165 343 40719
331 609 47074
567 572 23770
103 413 24083
214 579 35341
467 588 22023
106 575 81394
135 448 46819
477 672 42426
273 773 29120
108 233 50636
489 738 48260
547 712 31780
372 665 24739
204 411 32650
46 114 66708
347 512 31113
516 617 15811
438 701 24083
136 170 47170
174 664 13416
228 582 22023
456 523 48754
88 533 67119
533 642 66573
206 548 42544
408 448 52000
625 753 35805
51 521 22136
471 524 50090
212 242 40112
76 483 30067
309 661 21954
349 419 10050
363 565 33601
62 402 30000
91 745 52393
482 605 48332
27 207 23022
16 28 18028
648 775 64560
443 698 30676
240 368 30594
157 336 26249
735 736 38013
460 768 37537
112 570 36674
407 583 52010
98 409 38118
549 550 34132
599 729 102956
139 279 36346
302 312 60000
573 769 36401
117 496 28601
103 177 28653
277 515 11402
482 530 24042
154 369 28231
370 763 26401
644 691 43566
380 459 33242
174 388 34205
262 345 18385
261 498 50090
409 628 119921
476 519 39661
90 538 61221
186 239 39000
25 625 48021
343 411 27785
364 380 43000
528 689 17493
494 603 13153
353 650 72250
64 424 47508
29 301 29547
528 586 53600
231 629 25060
561 662 82801
175 339 24759
175 321 53367
571 756 34540
319 785 37643
191 407 30017
111 363 51923
197 687 34828
544 738 15033
48 260 55362
291 674 19235
266 420 43186
307 346 45222
192 270 17263
8 371 41000
109 769 35847
635 681 36878
25 559 54562
35 578 29614
119 329 37108
564 737 52240
12 696 23022
599 658 75000
335 563 73498
68 409 32527
668 784 27203
322 721 27459
348 739 21840
244 782 51039
539 547 31321
179 454 48836
280 612 66098
245 633 32757
226 784 89045
623 691 28018
29 663 15811
595 739 55714
68 92 22023
107 430 44407
185 563 55570
607 667 52802
4 81 36770
73 187 19235
264 558 56754
335 385 18028
150 635 31401
427 700 52555
99 742 33061
470 581 27019
250 614 42190
368 402 30364
363 400 50249
113 473 13416
320 638 52697
275 635 36715
20 213 44272
144 272 25080
381 764 16971
207 703 25000
266 304 25807
210 407 12530
129 151 21260
51 750 19698
301 576 38471
156 263 40608
58 278 17000
140 443 17029
59 757 28018
169 741 32450
261 478 45607
447 483 41593
166 606 21471
31 539 22804
364 594 32140
118 524 29530
194 605 26401
244 724 16031
393 636 29000
48 722 42521
621 630 31145
709 723 18028
182 379 36125
211 217 33541
237 455 26173
504 743 50090
131 763 53824
204 222 27295
125 557 31623
121 786 55973
625 643 30594
399 489 43738
100 531 62650
368 713 28862
93 446 18028
35 649 32016
14 296 18439
9 588 37014
54 210 41437
580 715 41037
503 762 23324
203 753 52345
416 653 25239
429 761 38484
32 403 24739
435 688 16031
423 761 34928
397 489 43909
146 540 48166
218 268 12369
149 313 47381
471 691 37483
457 733 45651
214 625 45607
176 339 34986
208 238 13153
190 468 32696
176 229 26627
276 393 39051
446 473 14213
91 328 51624
317 481 47127
33 510 39217
17 657 39623
58 496 47265
75 633 36497
221 403 21840
95 463 30150
81 146 36878
155 543 25080
62 713 34886
236 698 37014
26 233 16763
320 421 52038
40 306 33956
708 767 24207
192 234 30610
401 687 27659
218 683 28302
56 160 28018
454 630 17088
365 474 24413
583 613 64078
247 652 28636
576 769 13928
155 167 19698
196 382 31048
34 362 39825
317 357 69642
94 124 25298
173 183 37202
153 697 18439
47 595 43566
390 706 102577
166 775 109417
280 373 39459
319 656 18788
354 476 25710
316 616 17029
150 314 44147
488 782 66068
282 678 40792
360 523 55902
74 125 37537
746 771 40311
400 764 42202
179 280 36620
97 759 36235
65 364 55000
386 406 31257
5 651 54589
234 270 23087
57 103 12042
476 729 31401
128 252 40792
254 380 12530
126 464 39560
250 571 45277
569 768 10630
307 370 47043
6 182 34482
99 746 35228
239 252 20100
376 413 44643
437 572 38626
384 690 32311
447 740 41110
673 685 32696
591 613 71344
530 551 17692
557 676 51865
124 422 35847
272 523 58310
47 739 15297
180 651 60539
53 673 23324
28 490 39357
72 625 36674
269 595 19925
1 508 82098
219 605 35114
382 558 54378
316 650 51420
217 686 17464
613 715 56080
467 508 25000
293 701 50804
358 592 59093
191 210 26000
294 620 49649
551 741 25080
212 451 47424
195 282 43012
220 767 12530
263 443 22204
374 780 58464
96 692 41231
278 496 43829
107 637 45000
272 456 51352
276 497 34205
624 742 56859
398 542 43278
687 773 47927
607 674 29967
198 199 35114
37 104 64405
68 243 39623
10 499 39560
597 671 14213
563 690 208904
437 707 41049
348 671 47170
481 536 16553
131 557 39825
595 762 35057
524 691 38419
77 228 35777
163 748 45310
346 598 36401
57 624 57070
241 355 21378
532 715 32696
407 613 26926
358 683 83934
36 594 25495
282 583 27166
344 418 40311
36 120 46239
78 223 38328
48 466 42000
300 684 24187
21 758 11180
188 195 19416
183 711 60299
28 65 36878
150 598 36674
110 189 24597
139 439 60465
205 396 73000
232 327 29069
249 317 42154
587 714 33601
515 755 46530
200 723 16553
661 690 30232
99 585 30463
141 732 23345
13 722 37656
334 474 46098
283 582 56586
79 101 40000
471 779 13601
72 284 33422
425 587 99020
406 448 54452
363 636 51039
193 700 64140
276 292 43186
8 9 36674
117 703 26401
671 786 55000
120 123 34928
116 546 32249
640 749 26306
20 730 16401
124 660 19799
440 624 22472
83 502 32985
182 674 21633
88 132 61685
351 591 53075
497 734 28844
201 632 30000
258 315 12042
121 503 41049
80 198 28160
136 470 51894
21 106 45122
10 203 17464
366 585 25962
87 359 29206
346 353 58728
159 768 20396
241 751 27203
645 767 49244
177 647 17029
57 99 47508
124 596 49163
140 223 52202
89 776 56000
478 498 10817
403 728 36497
259 644 40311
292 497 50249
519 711 42059
198 609 26249
622 672 43658
414 534 27000
673 783 23537
533 608 50774
40 477 31064
560 670 40361
234 579 66573
236 509 25000
247 377 29967
305 591 44643
404 521 23022
410 508 42190
183 643 32985
139 359 45343
105 392 27295
88 632 59304
343 657 44385
304 340 52773
502 714 25020
374 765 38328
122 602 34655
84 592 129074
497 631 55036
125 676 53009
346 540 52887
2 273 31765
246 488 40817
107 530 42379
123 320 18385
252 297 37802
167 589 17889
246 529 24413
441 738 18111
434 440 50220
535 562 24021
534 752 21190
301 716 35468
184 595 157115
86 760 15297
128 158 31016
33 716 38288
82 414 31016
122 322 31401
24 25 11045
193 461 55714
270 739 81394
361 681 43139
101 547 31828
509 606 16401
156 178 25554
282 514 33526
489 531 69376
609 730 38471
631 766 55579
142 160 27166
155 179 39395
137 786 34482
149 294 13892
288 649 30067
253 782 28844
49 439 63906
212 730 20248
193 487 12649
9 88 36222
112 137 41785
295 335 25179
169 219 26420
230 507 43966
17 317 39115
328 460 53600
220 295 26401
184 669 185068
167 492 29155
162 681 38210
305 514 25080
459 654 29833
624 632 69893
604 653 37577
615 641 37216
421 638 32016
267 633 34828
187 378 30083
207 528 27313
50 199 10440
352 495 51088
272 465 21401
541 640 30232
429 548 25710
453 709 20025
44 614 13000
120 421 25495
476 781 18385
609 721 66098
6 448 27803
275 626 31890
553 655 14213
495 589 29614
54 393 34000
303 417 45651
119 548 13038
15 327 17263
190 199 57628
353 760 66708
658 729 46098
12 309 17000
299 558 40162
41 754 16643
308 410 20025
417 499 28284
228 487 20616
538 722 39051
201 533 16125
383 596 52326
216 355 37577
367 640 35468
50 534 14866
120 254 39661
378 764 35693
563 606 85907
623 729 47927
30 278 28160
162 688 55009
76 171 21840
73 302 33242
341 634 17088
298 711 42190
255 344 28302
225 650 57009
134 138 27295
332 501 33541
148 575 21471
194 262 67897
43 524 48754
211 342 20248
592 618 48765
68 262 12649
207 689 16492
725 775 12042
421 600 64327
446 676 21190
280 382 46530
560 641 50695
38 360 13928
445 685 56648
363 455 51352
95 757 35511
572 749 17493
502 587 55362
62 718 90510
59 520 23022
262 628 80306
23 737 32311
480 561 80000
119 206 36878
301 375 54589
43 348 32016
367 541 10198
504 533 62610
464 744 32062
249 654 25554
502 710 37855
98 256 25495
196 558 38013
230 525 22023
36 380 30887
187 302 19209
278 703 39825
209 282 79057
271 405 50636
174 651 40162
171 483 33242
330 600 30463
418 475 42154
574 645 50990
32 449 45343
246 463 26249
517 751 11045
188 233 42802
249 254 17117
333 417 11180
77 458 21932
428 543 31145
257 412 25554
51 662 17889
61 337 18248
89 371
408 405
346 905
839 703
316 292
270 259
539 757
242 313
209 329
692 156
784 335
92 329
291 834
82 570
816 353
704 200
730 344
528 449
539 913
821 460
874 717
156 190
721 521
658 77
659 88
436 651
375 772
721 194
635 576
423 718
897 203
199 619
619 561
597 497
334 880
667 246
864 484
972 659
653 324
793 323
357 901
559 519
489 73
340 953
964 480
662 909
422 62
226 795
502 698
865 416
113 769
557 33
310 268
436 508
144 167
487 874
182 487
430 737
823 584
232 762
359 488
90 218
234 628
595 31
749 218
931 274
703 916
972 423
185 604
744 903
645 30
582 106
556 319
618 738
578 695
590 940
809 172
68 618
867 175
839 373
805 689
926 441
483 983
817 858
302 572
705 715
464 585
245 333
42 330
208 904
384 503
955 409
631 800
430 900
840 533
727 563
650 402
998 484
223 511
287 941
827 175
295 761
170 488
916 446
225 771
918 727
866 326
481 675
685 492
568 885
502 380
340 90
616 778
611 866
791 745
417 557
412 801
524 143
481 804
650 289
426 96
724 435
642 323
454 908
643 710
142 550
676 705
808 533
139 529
82 240
704 745
304 315
45 563
463 335
297 265
124 691
379 105
450 311
512 642
109 613
540 534
542 870
573 660
947 644
520 180
813 725
153 274
863 644
646 699
768 737
155 543
424 685
613 453
579 721
253 682
116 654
708 129
807 564
445 459
515 873
524 527
823 796
625 980
310 717
677 325
12 600
235 690
723 409
922 353
77 695
611 934
545 858
550 129
383 338
385 199
385 212
184 513
94 667
289 698
318 331
980 541
260 226
580 151
542 33
52 469
805 459
537 322
397 641
590 896
920 377
419 524
535 54
773 125
957 344
378 645
390 707
373 431
842 401
875 413
99 513
275 410
836 716
699 140
607 391
823 294
445 812
376 795
302 558
466 629
395 514
169 282
794 436
863 474
582 141
260 543
553 484
139 297
893 618
945 366
64 390
184 649
583 378
78 655
777 182
798 588
254 85
610 401
793 140
370 234
411 335
618 834
777 369
431 667
511 73
202 858
52 609
585 405
289 556
820 495
155 239
590 446
754 433
945 452
859 514
612 642
878 561
280 922
644 413
681 284
316 926
649 922
800 493
886 532
683 267
195 635
973 489
360 75
226 350
509 153
279 811
675 753
968 411
123 614
334 731
716 488
431 406
562 632
905 615
366 33
518 51
547 583
937 621
423 377
29 618
775 788
496 517
701 826
415 745
507 678
319 677
128 232
391 604
732 182
603 80
179 670
356 239
541 479
304 849
845 248
500 474
223 211
525 549
617 812
653 687
48 411
78 552
777 523
550 189
402 707
626 142
623 549
525 307
690 173
452 391
369 591
760 331
744 718
214 351
77 337
521 481
503 741
573 271
599 705
758 780
225 362
753 637
697 323
384 697
686 584
625 330
397 147
749 416
281 897
386 943
308 731
461 131
799 350
421 467
517 813
612 203
827 363
320 798
640 200
246 152
45 436
725 149
341 491
244 468
367 182
499 367
536 490
176 301
660 362
171 650
955 398
730 675
510 856
458 65
655 444
697 587
287 615
180 688
687 635
507 227
569 450
626 363
762 298
939 720
482 608
977 646
815 761
616 532
516 430
694 218
270 127
226 530
254 438
149 209
590 747
746 765
201 313
670 638
280 671
309 140
671 523
158 443
253 909
509 333
263 190
694 261
504 356
360 699
421 822
61 263
44 454
246 238
109 676
350 347
890 757
699 953
267 500
252 767
466 492
107 445
635 25
896 294
431 951
691 875
401 946
550 393
345 377
120 218
205 643
107 725
539 633
215 242
389 525
305 281
995 446
213 371
636 376
347 53
146 486
897 430
807 873
547 827
650 195
176 610
665 445
474 410
627 278
436 877
543 768
571 72
468 992
285 795
699 43
242 636
476 766
830 352
331 702
861 158
429 990
183 390
864 748
571 341
326 490
563 769
562 676
172 439
387 960
491 727
110 596
167 843
289 165
637 783
551 929
253 281
229 585
635 502
751 456
351 656
111 517
298 746
567 424
943 570
505 944
818 192
726 252
413 414
721 105
504 959
870 536
180 561
954 634
226 837
171 350
890 364
686 836
146 738
460 120
407 925
628 772
256 107
137 594
513 202
776 297
703 789
402 814
195 891
711 278
913 289
588 910
756 350
371 153
123 508
785 121
913 582
409 989
703 159
931 736
208 679
544 365
830 190
213 727
435 784
475 544
697 798
654 167
628 961
290 813
515 975
403 62
329 366
291 775
549 625
453 348
171 375
32 594
632 598
672 293
488 834
437 718
359 614
712 829
728 542
613 441
63 522
546 224
804 597
106 748
844 634
987 591
510 117
394 349
274 224
254 567
351 806
864 581
906 312
342 971
298 527
273 394
870 430
238 662
726 271
311 239
256 866
879 189
781 689
252 448
724 903
263 659
370 947
325 44
449 561
849 198
482 791
932 499
966 502
918 325
650 153
219 544
743 920
856 627
457 972
673 720
389 745
708 112
209 812
147 827
214 663
4 497
785 496
489 410
850 508
289 460
165 828
434 447
304 83
361 931
312 454
676 481
85 479
882 654
641 515
144 755
363 874
567 109
281 525
163 759
771 141
388 577
780 217
251 523
319 849
567 994
172 328
219 698
144 332
326 579
915 774
810 117
662 221
385 39
458 859
444 114
752 704
432 297
640 215
840 235
700 460
828 203
552 807
933 333
22 581
215 201
316 421
817 409
358 53
524 796
339 614
363 518
352 948
181 761
770 636
741 533
868 787
623 67
637 640
335 763
823 240
463 163
193 431
618 113
751 809
228 742
961 331
630 856
314 740
525 567
251 392
584 659
530 474
793 756
487 472
821 326
596 286
749 194
277 465
162 793
309 338
612 143
493 190
95 429
121 491
171 524
28 642
302 879
741 587
370 300
308 916
568 841
703 271
210 533
669 592
703 373
492 252
411 358
468 922
66 318
97 761
650 581
377 350
664 662
58 657
257 169
205 141
357 28
182 842
433 105
782 255
322 248
242 214
194 591
644 763
543 499
399 564
249 580
900 588
785 792
922 744
908 642
629 166
309 218
122 293
351 404
848 747
360 791
49 293
486 147
759 537
208 181
657 590
805 669
111 316
599 465
81 586
369 499
718 92
587 771
790 574
396 780
811 620
491 687
788 902
324 449
56 369
110 497
523 938
586 211
880 205
121 202
540 974
311 497
590 536
421 362
154 154
528 855
547 61
754 389
254 827
92 498
858 498
47 692
377 86
843 221
241 649
482 207
811 447
670 234
563 538
527 904
459 520
648 73
626 42
733 491
369 962
437 59
554 888
895 335
225 478
332 416
178 593
363 455
194 531
949 388
667 963
303 469
121 751
612 430
877 450
647 134
348 887
758 836
374 899
846 568
864 722
682 385
702 700
511 782
383 74
735 789
516 368
271 145
470 559
75 384
441 439
654 510
295 234
214 566
662 67
395 385
794 230
46 704
42 386
395 903
231 159
464 107
322 197
526 189
910 516
345 253
179 133
697 548
389 138
