634 1094 16 92
397 534 46098
93 483 42802
66 491 30414
485 627 45804
70 364 25298
49 97 55362
262 301 35511
278 598 36892
303 619 22472
95 455 57245
75 507 26019
57 157 20248
362 601 64070
214 243 10630
53 150 40522
67 550 80006
124 151 53712
126 446 65000
374 392 30414
181 304 51430
6 123 17464
261 399 28018
251 461 43186
464 504 36139
166 442 43463
216 468 29411
247 419 36056
132 561 16279
170 430 53535
332 576 22847
53 455 45011
225 625 57385
339 599 21471
53 139 50249
36 567 71512
228 449 42942
224 361 38000
472 524 52173
502 528 32249
113 439 47424
161 574 21840
467 576 59135
75 469 30414
208 548 34713
6 511 33971
100 552 27000
172 367 61522
610 625 40050
440 469 144558
514 524 37590
10 234 16763
367 525 176918
347 371 20591
182 265 15652
12 617 72498
358 602 24021
443 602 22136
120 246 20518
88 346 41437
299 570 42579
218 428 59135
337 543 27857
83 340 41773
163 378 49244
169 414 52154
126 247 57585
206 607 63127
407 551 45804
489 575 32249
211 396 71344
39 119 56036
231 406 40262
207 587 37483
399 458 56436
451 471 61855
545 623 60539
310 382 10296
308 596 50478
279 504 19849
101 216 32062
351 509 19925
152 344 25000
334 621 51039
107 363 53141
445 577 64031
47 607 31623
224 436 26401
129 158 51420
548 596 60531
273 562 38275
17 192 74061
222 470 35440
370 580 31145
87 307 36235
158 543 16492
403 538 59540
403 426 42190
139 294 31385
35 357 20518
114 138 24207
71 521 17117
23 400 64846
423 543 26249
330 390 21024
400 632 66068
454 604 17804
214 470 18028
100 520 48877
219 237 61522
101 338 39560
108 360 64195
134 423 28636
343 374 29530
305 571 28284
141 320 43000
170 253 17263
28 440 37202
27 52 65924
228 328 29411
174 345 37162
168 401 44181
70 175 32062
153 406 33734
407 453 14036
201 309 20025
310 367 66242
364 394 77162
44 415 47170
145 272 46573
41 317 45100
152 306 59397
45 325 30480
81 252 58000
448 600 56080
10 387 21932
195 222 15524
239 576 87476
80 410 32450
18 496 40224
116 500 44385
317 607 62073
157 227 80449
8 105 32650
481 631 69462
24 619 45607
406 558 28460
81 464 42953
32 523 32280
237 542 52355
25 557 32140
437 571 10296
36 104 135030
80 412 23345
271 563 34482
17 302 109078
23 632 14765
5 78 65863
254 458 59615
362 611 50488
111 534 62968
58 314 15033
129 477 39051
201 336 77026
128 349 108674
177 295 28425
256 381 26401
434 605 78715
218 578 38328
463 615 28071
38 574 68242
127 212 11180
109 194 27459
114 429 33601
104 333 80411
56 556 104173
142 282 52000
461 623 42059
92 264 21190
218 595 33287
20 456 46530
99 198 34015
353 513 10630
30 178 14560
203 264 18248
517 540 11314
290 587 38897
424 601 65620
340 516 31113
456 478 32696
196 442 14560
252 402 79404
135 320 13000
22 110 61270
412 603 18111
523 529 48754
43 294 42379
226 585 18000
50 524 41000
297 549 29833
46 230 61294
17 222 68622
177 373 57035
275 600 43966
379 609 36497
156 320 35511
319 513 48918
37 130 42059
44 560 17000
445 576 60926
33 508 34655
15 209 28862
9 297 11705
38 522 60108
11 531 42107
192 262 24042
59 562 17117
285 350 59414
524 570 28018
11 288 17029
137 277 54452
19 75 51662
147 527 13038
21 420 31385
140 188 25080
189 615 62936
52 293 19647
37 51 40608
435 447 49406
99 489 23345
213 630 37590
149 535 24021
165 209 27586
29 363 36056
56 439 94578
526 529 24331
55 493 31016
592 620 59034
7 73 22204
158 162 41110
88 505 59540
314 572 26683
280 610 35609
23 273 44407
221 613 15033
102 347 50596
309 462 15133
118 323 39925
166 221 61612
237 535 32249
224 278 50606
240 476 30610
173 511 45607
30 366 47434
389 435 50695
327 399 63632
380 612 31401
64 179 30000
140 411 13601
18 122 48836
73 242 23345
430 583 44272
30 381 22361
372 497 58241
164 451 67543
265 435 45706
59 273 24207
7 201 49649
275 442 36056
231 451 26926
426 629 20025
69 439 20248
235 313 51662
103 276 36249
26 165 36056
405 466 66603
129 376 24021
555 566 27295
182 191 21587
233 491 24042
285 454 19000
72 358 45222
42 457 44777
194 367 113004
269 608 50249
169 496 32573
183 465 23087
287 493 18358
571 584 36715
408 433 46174
320 342 41012
56 69 110856
156 342 23770
438 593 49396
422 592 20248
172 286 58694
37 266 63781
121 165 40792
111 238 45354
127 563 29547
370 515 64327
157 567 55326
585 614 20224
128 481 71589
475 504 24187
399 606 36497
479 519 13000
366 525 60166
117 481 55317
54 76 17205
347 417 71701
383 580 28178
494 597 43290
329 392 121165
332 467 55902
53 95 86839
64 370 50040
552 596 18111
17 195 61855
58 509 31064
311 555 21378
244 284 42426
206 317 46174
94 99 29833
87 187 57983
460 593 43139
121 414 40853
131 497 47043
24 375 54406
166 613 59008
72 441 37014
345 433 56886
473 535 35468
53 576 84095
61 432 45000
460 503 47760
466 520 33541
98 415 26627
27 380 61717
45 590 41231
227 567 53151
535 633 50922
178 248 26476
374 411 29155
41 505 36688
459 522 51662
125 494 125936
194 356 27731
243 470 24083
305 548 33302
139 150 34540
410 412 31401
177 527 66528
305 437 23537
82 419 29547
378 410 38626
281 413 32249
369 482 63135
56 108 19647
4 476 25179
159 173 31780
568 579 48010
154 258 43046
295 495 30414
71 595 68250
114 185 38471
287 498 54818
465 569 15133
239 427 39357
454 494 46519
330 507 50961
367 449 66910
282 497 58523
202 470 33061
140 424 85000
469 487 15811
438 581 12369
184 218 29732
90 565 26683
85 155 23087
217 634 49406
58 284 23770
29 369 50090
51 112 46648
495 610 30265
143 356 39962
107 291 34525
431 627 39115
25 133 34409
397 488 37336
131 537 39459
444 623 73246
283 620 18028
77 113 43829
211 429 56223
136 369 22023
213 593 47381
154 232 31828
125 577 22627
296 606 15524
199 608 36125
133 557 17464
159 296 54148
354 540 57245
84 286 19416
167 235 32802
67 373 32558
143 194 50990
1 85 42059
29 316 39013
518 624 52469
219 522 25000
42 302 22204
325 422 51400
200 441 32757
259 320 48836
78 425 27074
16 377 46819
192 605 35128
74 362 32757
205 468 27203
178 245 47539
98 316 43738
117 429 50596
542 563 61855
59 341 10630
262 605 26907
250 372 30000
309 539 48374
397 446 70093
100 379 13601
475 515 33377
403 629 54672
31 490 23770
321 480 17493
147 177 64405
229 602 25962
324 627 52811
81 110 57775
38 114 66287
492 606 30676
14 65 36125
106 534 61008
223 344 34540
358 443 27803
28 352 23259
359 506 49679
107 393 24021
364 395 42059
279 383 52202
421 537 46011
106 423 28000
616 623 38626
307 513 30414
510 584 31575
127 311 27459
361 462 38910
146 182 15811
284 334 63032
279 475 16279
330 487 47170
414 496 54672
242 336 28636
48 501 52173
378 616 46872
93 361 36688
46 236 68096
298 436 18385
532 615 77130
351 621 18682
47 135 15232
266 418 28792
103 391 45804
14 453 28018
334 556 19000
39 530 20000
15 121 37443
472 505 53413
116 551 17029
464 532 97082
431 485 17088
575 597 14866
90 96 13000
31 248 45222
20 582 60828
323 470 32016
255 542 37736
115 233 37483
274 554 66641
319 477 29155
332 445 48104
344 384 21190
162 391 26926
147 428 23259
357 410 42544
404 569 43382
291 353 68425
181 432 30150
146 286 32558
61 304 34713
225 529 65795
254 399 58249
393 395 35114
268 348 32696
329 547 113864
186 479 47043
35 623 38053
151 415 23770
302 559 123110
159 589 33061
141 360 56939
373 384 40460
176 215 30887
486 598 40792
76 77 24698
187 603 58421
119 186 68964
115 130 37202
160 629 34000
471 516 26571
20 313 44011
238 501 32558
72 200 37108
579 622 16553
118 186 125543
123 297 54083
409 496 54406
96 249 42720
146 265 20616
157 498 70064
343 554 60017
145 587 44181
97 204 19723
51 130 45277
425 561 55154
113 541 16401
200 608 30150
19 529 38833
196 541 29206
216 322 22825
371 613 41110
63 425 65253
44 98 31401
434 566 26683
124 624 21000
232 251 30676
164 368 50990
295 321 29000
291 364 44283
200 312 27459
278 361 40608
91 126 24042
197 245 39217
270 310 32757
168 335 47424
521 595 71589
221 380 62968
428 610 44721
136 393 12369
112 180 32249
5 562 47854
300 354 29614
269 595 67476
488 534 17000
225 280 56754
48 305 46573
88 509 34132
296 511 23195
250 386 26926
486 550 35903
108 141 28302
8 294 46487
440 526 94112
44 253 53907
197 381 28460
28 60 52811
360 556 21840
568 622 33541
18 60 49659
429 467 48795
135 342 38013
261 327 57689
50 274 70342
405 520 62298
8 43 29275
83 471 43417
118 452 39812
102 151 51264
210 421 94578
298 315 23087
57 249 40311
420 589 33061
191 193 46530
246 612 70007
208 308 17804
276 355 30414
356 466 23409
53 422 31385
329 545 61033
109 586 34409
293 566 46390
24 89 30017
168 559 34828
85 550 53075
65 228 17000
190 353 36797
300 348 30232
246 541 32280
103 423 55731
157 263 72443
238 591 23854
33 474 14422
418 539 32894
163 616 17493
10 441 50990
13 295 11705
167 613 36125
340 557 42720
140 554 27731
468 533 41437
47 417 53488
185 268 14142
327 594 33838
226 283 37855
86 314 45618
145 290 45967
27 221 45277
66 594 10770
191 265 16643
13 480 38833
398 502 24739
31 250 29155
530 626 25612
361 436 36125
188 430 24042
104 334 27203
123 536 67067
254 536 24187
271 566 24207
414 485 34828
409 538 14142
405 552 23087
79 524 42426
270 551 50636
151 260 65391
202 323 23409
522 546 36249
478 518 24739
124 326 40792
34 573 33541
160 426 46228
484 610 33838
172 382 10440
14 328 35228
102 290 25000
504 512 37577
306 384 28071
453 500 53488
230 578 48847
38 276 67897
336 513 69462
373 527 43738
96 615 20248
149 633 47518
308 548 26907
350 494 104561
213 612 25612
185 459 40025
95 446 38471
407 500 51245
438 460 11705
83 451 72062
212 563 31113
22 618 37643
61 473 30150
478 563 26833
237 546 57775
318 524 26627
20 260 38013
390 521 37483
79 514 48094
448 508 63953
391 394 51039
50 554 13601
74 611 48104
144 345 46043
152 378 46043
275 508 18439
3 590 38013
226 285 35847
338 533 11180
205 586 19647
6 492 44272
199 269 86023
167 371 30414
148 618 41485
95 161 50359
224 598 60000
207 499 21190
195 339 49396
258 402 74518
288 573 25495
41 206 17029
164 598 65192
97 243 10817
67 306 25318
376 502 28302
91 488 28636
123 549 52010
178 197 41400
256 525 28018
210 403 43932
105 139 36688
154 223 36674
63 561 54037
161 276 68659
89 531 24083
174 408 27000
86 244 41881
148 476 52924
92 443 17493
215 324 27074
199 387 41231
219 546 17000
17 599 18028
323 452 29000
51 180 41761
369 579 39205
142 256 60017
241 375 29967
68 613 73817
349 445 77389
42 605 44407
164 486 47265
74 583 14765
115 209 33015
134 534 63953
363 369 49041
107 136 29155
153 451 50160
54 120 26476
122 160 55109
463 565 22204
50 299 25632
91 510 40460
400 562 32249
386 490 48765
77 559 66189
336 477 32311
94 494 48021
401 630 44944
11 281 26926
427 574 31890
219 553 30364
184 595 38471
16 479 11402
255 473 44418
212 271 16279
171 293 45011
100 198 53075
388 441 47170
149 348 50329
377 479 47265
62 300 40000
477 513 61098
181 331 26077
3 609 16971
242 549 32140
48 591 69318
203 240 22361
280 295 47802
394 395 65368
105 419 40311
514 570 17720
171 593 55660
497 537 55227
289 572 19235
127 542 52773
245 497 42544
106 355 60440
208 437 29155
419 510 18028
280 495 25298
30 248 29069
121 506 45000
93 267 48260
148 512 22472
303 375 40706
246 630 65803
138 429 12042
601 611 77833
19 507 52631
128 631 13416
305 447 34000
342 600 33302
413 628 29206
116 132 48600
65 270 22023
46 217 84054
34 375 44598
170 272 23345
232 461 19235
533 586 46573
9 73 23431
270 449 43267
304 540 44181
252 464 82565
16 626 28653
5 209 29000
9 257 29833
335 401 40804
535 553 54452
318 472 37643
184 230 16643
167 260 43463
119 243 51108
227 263 63561
122 365 58523
363 560 35128
230 312 50636
226 325 41773
282 421 72277
346 572 17464
323 339 42190
301 434 84172
473 540 21541
198 609 58138
413 472 54083
18 277 20125
156 450 41400
505 573 50606
158 337 17205
302 599 123600
272 499 31953
190 319 14142
233 458 32249
267 483 36401
28 137 57801
33 275 37643
45 585 31048
53 239 104709
109 533 29682
127 555 10817
472 569 60407
516 558 28071
75 526 23345
126 419 37736
301 331 23324
223 634 39446
122 496 67268
121 169 55973
124 316 10198
472 628 37443
49 211 54231
597 614 38013
7 418 41785
369 622 45793
237 482 60415
86 303 55227
153 231 53600
88 607 48042
2 235 69260
404 465 41195
253 499 24331
108 448 40249
322 468 35128
558 564 49649
63 453 44272
5 292 21954
129 175 35440
141 450 18868
453 490 45000
220 389 12083
394 568 34438
352 440 40012
341 562 26571
307 336 67676
302 457 28320
576 592 86470
337 376 46530
55 249 41976
515 580 35777
234 370 145344
172 205 64382
281 531 56939
4 229 35171
354 517 54818
169 544 29155
76 120 13000
289 505 45310
258 532 53009
135 259 43105
501 584 48094
138 300 46098
198 575 43841
270 382 40311
398 549 26420
215 627 49031
326 582 55009
21 173 45222
368 480 20248
234 388 26870
187 545 52469
71 487 40361
254 385 27019
330 625 44102
399 492 17464
375 619 48826
143 533 39812
179 249 34438
89 498 36688
62 204 40522
497 632 21260
92 358 31064
257 536 25962
348 517 55082
331 432 18788
244 333 45880
3 379 30000
268 459 41304
3 614 21213
111 134 36235
176 324 13000
125 349 28302
155 480 35847
377 519 47676
26 341 36056
82 308 47518
241 289 34234
155 368 25239
198 520 11402
70 588 22023
110 217 67446
553 633 24739
195 323 22361
251 444 44418
328 449 62073
236 634 57315
409 414 21471
315 462 38419
617 628 57140
479 631 66483
442 474 10630
261 589 19925
597 604 25942
428 484 59540
458 594 37855
283 325 36497
355 446 38013
31 372 29155
377 626 35511
57 179 71421
226 620 39825
266 385 36249
211 530 52811
32 529 36401
190 588 32000
66 292 31257
43 82 47424
61 255 35693
40 561 27459
119 202 48836
137 564 14036
236 527 33121
151 326 41437
203 443 33526
364 588 13454
24 288 30232
50 318 60166
343 411 48765
15 165 15811
457 503 48384
36 333 54818
12 493 17263
292 491 27857
220 435 50120
259 351 25020
55 287 27803
225 564 50220
79 465 42802
186 452 100688
22 512 12042
189 345 37443
144 174 17692
64 383 34234
12 565 12806
265 286 30414
386 416 24021
177 484 15620
86 333 13454
350 577 32388
220 286 43012
131 176 15620
25 169 29069
163 623 39623
140 299 31385
560 583 48052
84 322 11705
528 591 35355
47 68 40460
142 197 30414
392 547 55606
1 155 22804
1 13 29275
335 503 35114
69 113 42154
311 331 72367
34 241 46098
112 359 29732
277 544 38210
25 359 54342
196 474 12530
84 468 34015
581 605 47127
40 116 62936
137 523 51624
274 433 22672
171 566 59548
14 366 11180
250 416 29530
229 240 41761
183 417 49254
280 321 59682
390 595 67676
298 462 23087
78 562 67469
43 590 32894
408 547 41110
314 346 21471
162 175 49980
320 450 28792
40 132 36892
193 435 40262
54 401 24413
39 49 39115
119 214 48836
60 137 46000
115 506 41400
427 576 85000
447 548 27731
483 539 33242
46 578 53339
94 489 25942
51 267 38210
360 621 66761
133 516 24042
101 389 30806
365 440 48795
32 352 22825
189 617 75802
400 416 26926
223 402 44777
203 388 32202
62 396 31064
482 624 44721
117 467 22204
518 542 58464
144 444 46390
2 313 35355
26 431 39825
68 166 63063
21 193 54083
370 387 174428
519 631 53600
494 604 41773
151 207 33838
2 52 45277
414 538 29411
183 404 43382
188 424 67186
95 247 65123
180 557 68029
7 385 27295
210 365 108467
74 430 35805
90 463 28018
73 257 17804
362 424 12042
398 528 23409
35 616 16125
264 443 30083
338 468 34670
263 498 11180
150 455 11662
456 582 34540
460 581 23022
131 627 57706
420 561 49406
4 618 13416
87 315 51478
80 298 71197
204 396 30871
46 312 61131
357 603 16125
18 544 36401
190 547
712 252
808 763
96 346
409 781
544 688
459 616
755 704
496 631
42 345
343 197
282 211
186 576
525 945
352 788
985 464
924 263
215 759
120 666
637 268
544 781
113 298
358 885
325 155
257 753
341 831
642 218
120 763
625 386
470 955
466 899
88 733
653 89
344 169
312 452
301 52
388 706
742 485
928 450
567 818
438 185
864 192
759 733
564 380
802 738
89 466
510 110
629 734
895 429
447 308
356 681
707 207
837 647
741 89
254 195
555 12
233 151
398 90
383 826
170 780
793 346
827 405
510 875
152 201
561 942
421 766
186 530
536 141
663 37
552 522
31 614
81 418
481 613
496 392
70 679
727 79
718 56
466 814
477 237
333 521
163 300
724 701
274 639
672 872
227 567
363 48
442 504
432 122
299 170
248 227
693 649
93 402
323 607
862 818
766 597
236 222
876 377
583 355
855 847
788 794
701 847
559 263
660 517
429 9
776 679
651 600
573 448
536 17
741 914
140 353
607 615
332 721
679 76
807 498
381 748
586 878
882 494
946 309
926 394
715 84
321 809
182 795
537 672
624 337
947 675
716 642
730 284
990 553
560 588
351 726
334 910
547 849
237 725
639 598
516 96
600 437
170 734
822 479
811 690
427 344
521 41
412 988
742 853
310 363
507 281
621 874
112 527
91 294
760 373
798 658
577 311
232 463
222 688
228 402
204 565
556 90
240 132
610 576
550 762
193 849
760 547
597 537
281 441
263 613
361 801
597 125
620 211
799 113
279 772
512 342
771 203
630 922
581 755
323 351
550 554
346 900
164 565
466 941
182 201
316 693
850 307
612 861
534 209
24 509
789 464
986 428
393 473
450 354
287 286
535 540
617 840
863 221
595 799
764 899
889 314
651 112
433 966
824 833
12 394
45 427
415 593
917 346
70 377
866 394
694 929
439 168
545 322
706 734
380 781
215 898
890 483
725 274
721 184
890 361
331 873
703 879
158 418
46 529
700 417
678 833
611 185
874 310
221 438
358 558
158 671
850 746
286 66
569 957
130 355
38 500
179 656
251 424
407 721
37 329
646 231
148 500
708 356
618 659
787 555
90 367
390 166
504 617
882 368
398 25
420 929
700 98
770 662
492 936
213 186
455 872
241 395
205 340
529 339
462 670
786 311
471 999
467 624
230 359
473 93
603 251
511 741
846 238
312 124
73 395
626 854
430 658
328 655
791 450
10 480
583 941
713 263
495 326
364 841
379 290
617 78
693 532
224 741
318 589
133 255
144 616
350 223
364 968
858 709
404 67
883 732
653 868
276 178
342 180
386 132
539 248
539 454
390 770
726 202
799 719
182 587
546 708
507 627
395 556
456 332
803 437
840 273
867 170
358 103
827 353
674 746
190 505
470 527
717 748
395 594
615 934
757 279
30 450
681 269
383 89
417 549
626 347
483 182
425 252
537 554
521 84
203 607
683 868
909 324
333 900
822 715
616 297
463 773
545 974
402 464
83 604
828 293
894 562
354 38
451 25
767 148
492 591
600 590
715 884
931 288
266 680
375 819
550 113
380 308
208 470
308 317
393 108
575 215
778 420
971 660
926 691
448 94
99 753
508 515
809 408
698 562
776 874
327 466
124 404
310 741
472 12
358 596
479 420
591 398
544 498
133 827
515 940
673 966
225 579
622 436
102 199
593 225
437 896
162 508
394 334
377 139
559 612
941 480
270 489
784 781
670 163
460 975
620 925
118 205
188 477
463 643
465 847
22 354
56 348
683 822
74 585
623 544
367 348
597 449
621 493
564 461
853 422
680 626
559 633
495 718
416 856
755 109
182 416
258 907
515 170
754 816
189 695
538 918
350 351
264 834
306 503
423 331
337 498
382 219
283 824
568 333
441 846
529 160
420 631
736 674
515 793
294 950
853 674
651 572
467 419
493 812
222 885
805 520
102 548
834 478
467 371
316 862
820 310
364 307
758 254
634 809
382 569
679 723
780 192
644 44
98 793
52 395
637 108
102 387
264 357
929 595
732 579
674 780
572 35
607 977
531 57
202 642
929 345
524 917
883 751
792 648
678 290
846 151
439 725
750 455
784 181
270 427
393 579
271 243
181 261
511 211
798 866
869 512
686 903
49 657
884 344
253 677
436 216
763 349
645 101
122 267
71 343
522 579
691 320
988 475
218 598
936 506
653 381
357 633
154 577
310 846
258 566
58 644
667 661
839 830
488 890
400 744
502 702
285 194
903 793
152 592
248 782
381 912
310 135
525 315
543 867
640 683
583 627
800 136
146 270
403 174
348 773
69 653
629 64
429 88
719 680
569 711
112 286
500 522
480 285
89 262
244 702
775 365
697 344
988 488
813 836
48 612
700 442
119 742
447 267
499 998
74 702
119 516
567 655
98 698
940 466
301 194
261 316
725 889
650 661
736 372
474 649
340 949
266 848
389 642
783 357
669 89
754 331
626 580
250 769
341 466
685 409
323 382
699 768
536 620
266 531
575 891
761 794
729 426
439 319
736 275
451 6
254 721
216 704
777 86
556 395
544 833
400 828
703 296
169 720
274 221
732 248
234 77
652 508
496 209
463 290
670 718
377 115
359 199
781 541
855 802
873 571
931 659
83 519
653 460
105 230
783 204
665 322
509 385
688 686
832 746
713 934
551 285
535 508
517 760
770 764
598 672
864 657
754 150
431 762
18 547
759 776
860 788
298 558
941 269
575 91
476 484
123 380
335 480
872 765
828 218
531 712
480 120
15 430
820 775
122 588
529 427
701 168
596 184
829 766
243 241
296 450
348 241
102 334
337 111
875 715
453 76
646 475
310 414
645 337
120 628
960 450
283 883
405 237
223 865
739 151
996 541
365 898
753 420
187 458
