808 2375 5 565
620 791 33015
265 271 20248
408 474 19105
275 731 19849
101 649 35355
419 504 31385
274 430 42059
332 612 27659
148 253 40162
543 568 60836
51 260 26401
193 698 23345
149 248 53460
98 172 46098
123 260 18974
365 639 21095
37 225 32757
59 134 20248
199 748 15297
478 555 26683
352 428 69051
489 640 28443
426 683 53339
527 678 31906
63 719 33956
425 690 15232
17 267 24042
509 724 21260
138 486 22804
36 368 46098
356 613 30414
164 407 39051
36 127 49578
634 729 41110
183 196 23195
183 782 44385
656 721 22204
70 437 13454
251 337 50567
398 452 39051
164 456 35014
23 758 25179
380 702 68154
122 156 37121
777 800 38601
606 664 26173
30 312 21378
598 617 43382
104 695 17029
83 678 29017
620 684 39408
188 422 31401
350 376 24698
216 578 23431
58 191 61205
97 369 58600
136 585 17889
27 310 46573
272 625 31401
546 598 39661
149 268 29428
755 779 103711
169 526 17464
45 80 113000
393 423 47043
482 756 29732
155 325 15297
400 543 47170
311 726 12806
439 444 53600
194 354 24187
161 711 59034
196 263 36674
212 270 51196
280 732 43046
176 737 30594
402 668 20881
231 443 17029
428 475 51078
259 628 28178
154 722 27731
433 764 28636
392 692 36770
94 489 21633
331 792 30806
331 344 54571
343 598 70612
17 524 33615
88 565 29967
21 728 64288
268 555 35014
195 782 43278
21 327 29155
500 574 39825
332 502 35228
378 764 39205
181 713 43417
224 775 17889
86 567 25612
229 345 11180
46 715 25495
320 714 27857
273 538 40224
37 581 41677
275 805 35609
137 627 12530
246 272 25456
139 537 17117
10 200 59666
388 536 59481
424 781 31623
163 418 36674
257 523 39013
370 667 43863
461 787 54452
572 738 58009
176 774 35355
402 567 33242
524 595 25318
177 538 28160
31 788 44643
201 738 74706
337 565 53852
12 69 23087
301 438 20025
142 352 59641
279 530 30364
36 103 35735
46 408 43278
494 807 74330
254 290 28636
168 263 12166
545 733 23022
48 640 12000
367 520 22361
185 385 34482
59 401 25060
193 309 27857
3 342 40050
37 68 50636
241 515 104173
78 548 11662
237 523 48166
410 539 37202
99 121 28425
770 797 20248
210 714 27659
208 353 33000
188 514 37443
3 431 33541
609 628 20248
238 423 49254
517 616 29120
301 610 30000
129 172 74518
208 377 23000
93 452 24515
551 765 14866
103 107 37014
308 518 18111
221 258 27203
20 391 46390
258 760 14866
136 604 68710
444 505 31623
54 326 56036
218 679 44418
398 428 44407
415 583 57079
442 748 28160
335 555 44418
150 463 15524
465 662 31953
80 296 37643
228 711 21260
178 186 42802
88 780 77233
343 515 15033
424 712 40804
147 379 50289
123 168 34670
256 480 29206
250 380 63530
401 708 39217
166 227 13454
97 579 44045
368 595 24597
433 582 23022
108 168 23770
159 597 40311
171 659 26627
572 768 56886
291 801 35114
41 669 21471
123 541 14422
386 745 35128
183 263 30806
316 521 21471
214 575 37443
637 795 76694
611 785 59481
159 552 33242
259 777 26401
387 614 22804
519 586 27459
132 797 61400
595 687 12649
213 512 31828
385 613 21095
635 725 35468
271 338 27659
575 614 37443
255 502 21471
104 606 27514
132 461 59908
205 271 50606
367 748 15000
18 303 35468
356 769 55000
572 802 38471
354 788 45277
120 553 21954
34 609 17000
361 697 23537
288 645 34059
9 563 43863
10 778 72498
490 659 19235
602 759 30414
228 281 39051
250 330 54203
60 321 37590
296 775 42107
580 631 48415
504 706 31623
152 706 20591
211 212 29069
118 767 41437
73 409 21378
427 801 18385
88 648 82377
268 746 17029
62 751 44407
380 562 51894
667 742 62801
541 577 13153
88 679 42450
182 247 14142
457 686 35609
297 470 27166
107 368 44922
83 694 51088
42 237 39051
115 117 49769
72 364 35805
124 451 46239
115 454 57140
9 425 65391
231 739 52202
212 254 18601
33 753 39446
211 254 43463
346 677 55606
281 356 65115
356 415 41869
141 167 13416
441 618 31828
306 714 14560
450 472 20881
407 582 17464
39 704 69893
152 321 30000
229 584 40608
127 368 31321
372 745 52469
608 677 20125
358 532 39560
228 769 45891
518 724 49578
374 784 32650
589 788 34132
64 156 66370
217 704 44944
192 349 26476
734 794 29614
333 421 44598
493 669 21840
261 776 31064
4 552 24739
82 265 37643
80 618 26077
85 537 24187
246 362 27514
221 273 29069
289 333 26401
101 432 50160
285 699 33136
126 160 46648
235 413 22091
608 658 29411
375 693 22091
166 218 21190
786 807 35468
192 481 78160
380 800 36688
440 661 21541
151 158 37855
40 500 15133
364 776 24698
216 626 39459
374 658 28653
58 105 28443
57 140 45651
259 382 25962
102 693 14765
387 575 28460
540 718 36688
353 568 30806
191 597 40719
122 226 40522
30 194 30414
475 673 41761
16 736 39825
425 459 17720
17 444 43417
556 603 29069
136 413 27459
483 542 70803
266 288 46400
6 641 39395
143 396 31064
209 315 13601
391 426 36674
80 260 191024
336 802 13153
54 77 35228
193 347 224116
359 607 72422
162 275 51478
576 631 26571
345 740 14318
619 690 47508
164 503 19849
351 750 20248
128 763 27586
171 248 51856
187 307 33287
624 625 45343
617 761 17088
629 757 14142
351 394 21840
111 761 28636
350 611 31145
277 439 23022
21 713 56939
67 695 67067
85 460 13928
41 528 13601
97 225 54378
17 771 17000
67 137 70342
67 104 70880
76 660 13601
395 723 10440
405 744 27893
37 693 45398
273 355 26401
543 555 15620
482 786 18788
184 491 33242
60 688 27019
120 179 64444
287 485 66528
170 528 33106
80 747 138813
309 586 40817
98 450 17804
173 545 18385
216 298 40853
439 804 36235
25 635 21213
191 360 50636
143 411 14765
579 581 12042
473 758 52010
450 712 49010
7 662 14318
248 395 31623
631 799 55009
519 698 15264
476 547 21000
298 578 36056
386 496 38013
125 508 57315
60 794 18111
135 450 29411
518 642 44654
421 601 41110
465 677 33541
383 700 36125
276 779 41183
564 803 22361
140 391 38833
667 767 29120
509 642 62610
419 513 16155
110 186 41593
346 608 62682
161 612 21260
20 562 15524
365 670 39459
250 778 18788
455 595 62650
512 660 50249
32 652 10817
255 335 38419
49 275 32140
451 486 35847
498 699 26833
240 444 23087
489 766 45177
662 723 69029
484 761 27586
695 772 59203
304 773 18385
265 611 26077
474 560 38053
333 468 14000
111 448 24000
697 727 36235
321 437 57706
173 490 32985
139 460 38079
130 593 27459
33 768 34205
78 290 57628
214 608 68184
332 335 14000
262 430 52839
49 286 46840
128 357 30000
260 577 33242
385 612 52326
300 374 50990
660 731 54231
322 796 40608
347 756 41231
576 580 41110
728 764 41761
1 418 16155
100 533 28018
465 632 11314
204 579 18358
38 477 40608
516 631 49980
498 567 22204
540 737 14036
244 441 54120
174 608 18248
179 553 44102
713 728 47802
11 265 29732
24 715 13928
557 558 53852
129 450 37643
461 797 41485
739 773 65765
95 165 22204
529 744 29069
337 574 69721
179 547 49041
436 642 72125
573 676 26249
328 679 43566
671 743 42450
106 170 54406
58 115 40249
394 504 37736
496 755 57454
290 795 71386
126 481 19235
550 571 17088
42 127 11662
131 747 42379
52 428 27074
413 622 48374
29 459 24698
300 324 10198
100 332 14318
146 160 13342
525 756 22472
586 681 38013
313 373 46957
284 344 36401
90 136 25080
244 436 48000
120 287 11662
115 663 30414
377 559 20518
396 779 35171
622 710 57245
471 758 58523
14 217 45100
269 444 45000
68 693 14866
448 619 45891
97 359 62626
379 394 40817
531 684 33242
26 644 29155
408 566 26420
200 567 37162
84 537 23770
25 725 45343
130 302 32249
660 780 21213
387 658 11402
181 582 10770
57 609 26476
4 584 25807
303 756 11314
13 310 19000
336 768 48877
322 606 64815
420 703 26173
54 340 76026
2 125 38949
147 750 54644
187 400 22023
249 656 17493
323 352 70682
50 741 15264
382 609 11402
417 623 29069
585 633 29833
195 523 20616
558 689 19647
266 675 23707
308 724 41785
221 538 20224
133 512 42059
4 539 38639
182 478 37202
340 782 72250
146 432 24331
614 760 24352
22 310 27803
337 451 37947
215 444 50160
72 532 35114
17 77 31064
22 28 57009
78 533 31828
528 669 27019
19 232 13601
203 430 56613
414 621 21840
483 538 43382
97 406 65924
425 647 41049
211 516 52924
28 397 27586
366 561 12207
500 661 23707
623 661 42544
532 584 58873
74 547 18028
161 769 36014
490 501 18000
72 454 52498
649 745 51157
86 285 14866
172 574 20248
232 337 74673
534 761 19313
650 738 65054
422 683 34986
378 766 33956
659 705 37947
594 794 17464
130 516 21213
584 664 44721
364 532 33242
292 467 45011
643 656 43600
165 696 183600
304 646 43658
194 788 51624
796 801 28018
494 712 77337
521 583 28071
610 720 30414
551 686 42942
11 95 11705
293 666 51108
224 441 22023
286 660 65192
220 339 16763
216 501 38897
249 280 42190
75 722 36401
267 439 20881
524 771 39051
281 471 54231
381 802 51010
84 85 24207
376 573 17117
392 666 82292
244 470 30871
268 335 22204
67 429 31780
10 33 22804
232 712 26173
151 394 43174
542 654 67231
274 655 38419
137 342 30414
257 782 54406
290 637 36688
430 655 16401
73 317 29275
40 661 10817
445 716 73539
22 758 20616
131 206 25080
413 710 20224
47 370 43738
48 457 19416
502 612 38833
313 488 66370
404 519 13153
175 671 41593
214 280 20025
576 716 53085
12 333 19799
578 590 43829
636 734 27893
62 414 21190
279 546 31321
447 547 35355
90 485 61392
432 592 40249
71 294 24597
99 294 21190
175 348 50990
644 753 22561
214 560 41629
52 398 25632
230 500 49244
460 539 25298
203 667 22804
525 712 48166
89 782 60083
369 406 37947
492 510 25495
6 549 53263
378 407 55570
333 522 54589
109 330 38210
157 717 22472
455 787 31321
74 198 34132
240 326 10296
157 456 34928
252 604 54918
190 521 37537
167 453 25495
234 412 23707
79 694 25495
331 589 16553
98 472 21932
549 609 41037
124 230 34525
161 228 51624
354 792 35468
64 214 37336
334 637 51478
185 613 23409
225 579 27074
33 572 42450
327 686 32985
471 711 27313
461 718 56859
542 784 52202
295 688 17493
167 467 22023
503 693 33615
32 118 15524
491 789 27731
138 230 30610
234 288 33615
562 778 19235
284 437 43186
172 305 47000
531 620 24698
62 621 29530
92 707 24021
74 469 13038
170 648 32202
80 436 13342
525 807 18000
129 712 17692
205 526 38419
429 777 15524
197 521 33015
385 415 33422
533 653 36056
106 773 60075
583 801 26000
67 345 69814
431 634 34366
185 769 17720
124 486 12042
12 699 25239
160 219 53852
184 587 27731
34 641 54918
47 625 17029
428 802 53712
486 651 15033
434 548 32802
91 360 168582
307 506 33015
442 679 31257
203 262 12042
121 294 15133
256 635 17088
138 337 52924
522 601 27586
358 597 19925
588 759 42059
718 770 80025
169 696 140246
499 720 10630
46 721 19416
369 579 58189
359 787 37202
431 725 27659
324 374 52000
647 690 48508
21 146 42426
515 534 23770
309 698 12207
207 642 58052
200 768 47011
484 598 36674
654 784 45880
328 681 40608
204 217 45967
15 28 26077
112 155 25612
165 526 33541
319 321 55036
62 371 41012
116 493 47074
51 206 22023
512 754 35114
111 515 33015
157 378 29411
451 651 23345
42 595 40817
347 639 50448
333 699 28862
557 689 42638
445 762 20616
277 804 32696
65 682 24000
646 773 32558
158 278 14142
66 184 36346
363 797 10440
293 688 60959
151 706 48166
136 716 59211
171 662 50488
34 682 41000
538 654 41146
249 408 29069
259 800 25554
295 513 35228
411 588 12207
98 129 47096
265 714 38484
512 741 39812
231 717 39408
39 406 81123
164 466 63411
545 548 33615
663 776 27203
446 657 24187
114 542 15264
501 626 23707
147 148 121433
334 473 31016
47 742 22023
86 109 27019
600 701 22204
49 162 66611
294 492 11705
84 634 28636
8 339 14422
375 582 15811
305 392 72471
67 740 67978
208 502 50922
154 463 27203
5 475 13928
89 550 23087
156 233 42190
392 417 17263
336 572 44553
346 662 66753
41 648 33734
546 617 22023
39 369 82152
140 426 41437
244 618 53235
526 803 39000
681 780 46755
163 389 32016
361 707 11402
479 525 33015
58 282 33136
531 702 19849
3 725 21213
20 798 43012
453 467 37483
8 660 31016
381 685 42297
158 511 46690
113 463 42059
93 700 33615
747 793 27166
64 280 36674
516 590 58310
421 567 26249
453 550 31906
648 780 39812
407 764 45354
386 649 62266
193 236 98005
177 272 20100
168 541 31906
122 667 78600
338 611 16401
410 729 48847
131 340 34670
91 708 13454
230 630 26249
144 331 45044
451 565 45651
50 106 55073
77 524 15000
57 380 47434
232 424 22136
4 358 29275
101 592 32249
239 448 39661
29 563 26833
222 694 20025
16 785 11180
195 603 51088
369 704 50120
352 435 39812
637 710 44011
279 598 25298
516 799 19698
72 776 30594
174 465 28302
137 777 81271
31 175 39925
281 769 29000
507 772 39013
75 204 77492
49 731 22472
282 517 12649
463 602 17889
89 571 14318
176 283 10770
291 559 20224
203 767 15232
101 192 27295
137 259 82801
7 527 10440
744 806 33121
256 696 60216
72 115 61620
258 273 36401
434 783 28071
260 747 54562
103 499 22847
641 696 62370
431 537 39013
414 730 48260
28 600 38118
114 675 29967
142 226 18601
74 476 26907
260 467 103812
302 490 27074
172 337 68447
395 691 27166
211 631 37054
226 233 38419
509 518 56303
722 759 29428
435 643 32202
470 704 53151
409 704 34059
81 650 27893
729 740 11662
674 779 36235
321 706 43863
291 415 42438
35 731 40050
27 758 23259
60 594 20518
222 354 31064
93 99 28160
92 391 61400
13 15 70000
148 591 38013
130 578 42720
495 749 30265
736 785 41000
116 763 30610
321 688 18028
33 644 29069
242 636 31145
144 329 24166
13 112 20591
343 534 12207
446 508 10630
111 239 33061
263 782 53488
514 526 44045
230 412 28636
374 636 76837
314 359 25495
380 777 52839
114 417 34540
152 295 22472
93 383 15652
194 590 38079
64 575 34234
126 146 44385
94 764 43186
215 224 39699
239 619 17692
51 123 18028
148 241 213460
153 643 37000
605 719 23324
217 369 69426
56 215 32140
324 678 29069
9 546 45453
173 593 32388
61 411 36674
150 602 21190
56 441 21213
117 134 42450
391 798 35805
18 781 17088
207 317 52154
238 391 48836
213 741 15232
44 635 18439
560 608 66708
448 497 83096
180 346 21095
508 629 15033
381 428 23087
727 730 29833
208 255 52345
160 327 56569
416 587 41110
74 179 53852
561 680 36235
715 721 13000
29 425 31623
71 99 17493
10 668 26907
39 244 10630
297 726 28443
117 569 25710
149 735 59405
588 703 37336
207 509 22672
443 773 56321
1 176 36892
105 115 15264
130 211 46011
113 713 29614
68 204 78237
71 93 14318
223 448 87098
405 682 22804
415 613 37121
159 191 22204
372 755 46011
45 747 29155
166 193 28284
50 213 23087
289 507 29275
642 726 17889
187 522 31016
25 256 33015
216 694 48549
357 493 25298
119 479 14866
79 222 28302
31 366 30463
153 656 36688
271 350 41761
170 339 20248
74 397 43267
201 499 55973
756 807 33422
396 674 15232
88 681 48877
2 694 33526
637 711 29833
267 771 17000
254 795 59228
135 472 11705
264 621 34366
117 454 18601
646 763 17464
622 637 75591
2 508 38601
56 495 50000
61 372 53235
292 320 81056
407 456 50329
386 755 19698
229 539 27019
179 536 149566
490 705 27459
270 576 35847
253 587 33377
408 656 36401
463 649 56321
53 640 26401
200 673 40817
329 680 31385
164 399 39408
117 197 30414
563 716 74706
8 220 18788
198 334 14142
162 236 81320
158 284 26306
30 590 24187
227 638 15000
108 340 43863
77 326 30083
180 723 27459
298 302 14866
455 771 37216
92 238 66219
193 245 52345
462 691 47927
103 797 35057
299 441 16031
206 747 29411
446 678 31828
317 411 41773
188 549 11180
36 107 10440
477 596 49041
78 254 57871
319 757 34205
135 494 36770
24 153 17088
9 647 63789
253 416 48332
535 546 29069
15 179 80281
58 91 57009
214 474 45177
311 470 27803
603 785 39623
200 605 46957
75 217 70456
312 799 45343
319 794 39013
17 326 36056
59 91 35000
39 470 35355
38 46 53160
395 566 45695
152 513 18439
151 504 31113
27 190 77130
114 242 20000
185 356 46615
416 709 31113
772 791 37643
225 581 20248
483 624 45880
82 320 24698
383 655 21954
353 468 23324
244 297 28653
518 726 30364
36 201 49980
96 623 13892
362 538 22672
125 284 58181
249 474 21213
158 557 37363
178 481 22472
84 410 24166
384 389 15811
544 610 20616
207 779 69462
640 739 23259
478 543 21260
47 304 33734
81 264 39962
188 205 45277
140 422 30594
25 744 29411
684 702 19925
205 422 32802
638 679 36056
8 512 33541
206 793 14318
312 459 47802
380 429 58694
379 689 43600
373 403 27857
461 464 45880
304 624 51420
412 440 35114
594 734 34785
14 317 39925
421 699 26077
424 479 35228
149 182 36000
480 744 31623
137 740 48508
191 517 20000
656 732 43417
224 299 18111
25 529 19647
302 593 41110
666 688 72111
421 522 30414
129 232 31780
23 28 34015
599 767 31241
304 370 43829
138 500 38419
53 739 26000
330 668 25080
248 735 28443
240 340 37443
118 717 37108
39 441 52631
35 275 31906
144 788 16492
596 719 15000
112 569 34234
236 286 44407
397 600 25495
151 284 37590
328 638 50220
238 393 66068
246 538 41773
71 492 28425
445 530 24166
92 393 40497
139 360 22472
171 723 47518
45 775 37696
8 170 25020
290 711 45695
68 722 38118
113 672 22023
64 258 43863
18 166 109772
318 770 11705
243 464 24698
243 461 57559
22 27 23537
587 709 19235
132 368 59808
165 210 50774
278 329 21024
198 710 27074
291 796 35777
124 669 26173
55 179 58078
43 633 13153
371 697 23345
103 438 25000
211 752 42059
70 757 58138
61 602 56321
564 641 37483
584 606 43417
2 657 42755
37 503 28018
44 431 45310
87 547 16401
21 113 40311
410 460 15232
264 650 27659
272 362 12042
533 711 73661
61 396 40447
246 355 25179
293 488 44418
488 709 36139
718 774 72863
425 563 44272
35 805 45277
259 744 75538
567 601 43278
134 401 12083
108 782 70937
6 564 14866
217 420 49244
79 578 37577
17 240 36688
114 636 47011
494 666 45277
270 752 28160
421 498 26077
136 633 27893
279 535 22361
264 738 55362
179 341 126178
7 626 36014
530 535 14765
120 447 11662
566 691 59548
570 685 26000
57 800 29120
110 160 53151
482 807 41195
4 460 49041
556 621 52555
35 754 54120
764 766 48270
574 692 29206
9 445 21190
307 478 32558
636 794 30414
235 585 12728
49 660 62032
626 662 44272
45 296 77782
18 479 13000
51 108 29833
416 488 33615
474 566 38275
9 530 18028
266 542 50567
545 593 40804
410 634 22361
452 510 30887
307 400 14036
112 325 13928
211 545 56089
24 477 53151
98 305 10198
37 164 38118
264 393 51313
615 805 38053
148 184 36056
6 514 25962
31 144 39205
174 374 36401
497 558 60828
308 704 39294
262 700 59548
14 411 23345
48 50 14422
67 777 44911
616 776 22472
46 247 95671
307 522 49980
287 447 16492
261 663 25000
731 754 59506
345 664 33971
126 432 48765
13 155 35440
571 603 39395
325 401 24597
467 577 71021
366 497 32202
15 55 25612
2 331 39459
266 483 36222
545 705 22804
480 806 14866
57 549 23345
70 125 19000
323 673 35511
573 751 46043
278 344 21932
38 790 99005
434 733 31241
61 143 30480
440 645 16643
504 513 25060
279 554 28231
234 357 15620
359 406 46043
375 407 12042
348 671 53009
84 431 18788
604 762 60083
135 666 27313
217 409 41231
160 186 53263
144 589 40162
202 802 24698
8 76 25942
132 455 38013
205 514 29530
430 667 60208
124 648 39825
83 657 33015
61 276 51662
539 584 26926
83 527 18111
13 569 46174
388 458 51108
154 713 30594
301 381 42202
468 568 45398
126 178 36125
373 786 27166
438 685 30150
159 360 28443
424 525 48508
171 395 50090
342 740 21633
156 355 40311
408 721 38079
745 755 34205
231 773 65069
452 492 26306
43 287 27659
180 395 32016
516 578 50329
187 568 53038
334 469 32202
357 763 21471
427 796 20518
190 197 28160
313 365 48021
700 774 20881
390 427 33242
201 720 56939
448 515 40224
168 782 60539
133 765 14318
58 261 35777
488 789 29206
92 730 27203
492 570 37000
243 607 12042
478 506 13928
90 604 53907
289 353 25942
4 597 27459
371 573 26420
657 694 40000
87 179 40522
55 397 29069
465 527 26019
237 687 56080
1 767 37656
358 616 24839
153 715 21954
261 517 15811
286 681 24698
96 449 10817
370 742 53254
241 448 89900
69 285 35384
398 510 12530
18 218 94705
397 701 16763
393 738 33941
54 524 36688
413 585 17029
107 797 53075
305 692 56604
316 583 12042
72 663 48703
243 359 76026
108 206 37054
41 170 29069
163 737 34540
261 282 13038
122 274 46690
142 643 21840
151 379 49659
211 593 28018
215 775 36770
394 419 48508
418 767 43738
367 424 19105
575 760 39051
184 709 16763
434 735 53339
532 606 53712
21 672 36056
392 594 42059
50 457 24352
457 765 50090
103 720 29069
162 193 177629
121 570 22204
308 470 20518
623 675 24331
300 508 32573
199 424 14560
283 540 26926
35 110 18385
339 648 18248
277 749 24042
267 455 40200
113 154 42438
43 90 15297
351 379 30414
705 735 43829
599 667 32985
218 442 42755
349 481 55946
497 557 48166
88 328 18111
327 551 28636
182 506 36139
162 805 27459
230 493 19647
296 618 14318
306 320 13416
377 415 25080
92 361 16155
407 433 23345
220 648 23022
133 213 44272
210 292 133959
249 732 39962
315 772 20809
62 727 13928
337 520 57628
54 237 39623
250 684 32249
433 728 52498
636 784 77369
313 494 29155
405 696 23345
300 757 35511
361 727 27659
288 412 29120
338 350 22204
145 485 49244
316 390 29120
484 534 26077
126 186 58009
199 781 25060
302 578 29682
647 761 40000
16 320 29155
309 638 20000
177 624 34205
39 495 64498
148 487 58241
465 678 16031
25 627 34409
277 455 48104
80 642 79624
145 252 28178
174 677 22847
202 610 35847
181 722 39446
7 216 50000
653 746 10440
256 431 74330
1 262 37162
127 650 35171
145 604 47854
67 531 27313
155 458 18358
94 728 18788
298 490 14765
27 356 73980
64 233 61522
272 624 29017
197 569 34785
121 492 23022
495 804 15652
252 279 40311
291 583 50329
293 295 60415
169 564 41183
337 500 55902
198 469 28443
492 685 45222
329 344 14866
232 520 38949
66 351 17117
233 732 31953
238 753 43012
530 762 15133
676 697 38833
213 457 33106
434 545 40522
209 289 27000
20 380 51478
573 603 54489
753 778 68731
214 658 58669
550 785 29967
242 734 14560
375 503 27459
32 717 32558
484 617 26173
276 372 17692
642 779 126827
488 494 72422
57 382 28018
238 562 44045
314 455 24839
251 565 35511
576 752 22804
14 420 23000
327 728 51971
177 362 16279
58 360 111759
147 487 63325
389 607 58600
111 647 44045
195 257 47927
448 743 60811
28 758 48010
523 556 34234
355 742 22561
292 714 107898
128 646 39395
429 702 35355
303 525 20616
90 633 23345
76 780 11180
334 701 35014
356 583 41725
547 633 34409
336 475 29275
210 265 31016
324 446 25962
178 615 38079
307 790 31765
178 192 100578
144 344 17000
614 784 14318
514 549 44011
199 367 19209
90 287 39000
64 760 47424
181 433 28460
94 457 29428
109 620 62394
236 245 46530
186 615 17263
81 237 23409
314 787 13038
185 612 47170
34 65 47508
417 449 20025
46 566 57974
25 480 42953
68 75 21024
220 780 20616
654 760 15652
42 368 24021
247 462 13153
360 552 39395
59 115 39000
586 638 47265
24 46 33106
524 687 15264
31 743 36249
85 139 29732
69 772 40162
513 808 11705
255 568 49396
387 784 28862
201 650 22825
241 558 70235
139 552 46400
82 306 15033
370 599 27203
289 315 26420
230 486 33541
192 496 16155
449 623 21024
51 793 11402
27 281 25632
245 519 28425
147 689 29732
162 615 57009
15 341 52631
205 683 38210
219 551 39395
660 754 46174
26 753 24597
370 652 31385
278 557 34234
322 532 73553
656 715 27203
182 268 42450
619 671 14213
137 529 13892
376 785 72236
69 699 24698
412 500 45310
448 671 54037
697 707 14142
223 241 20396
46 790 87864
11 165 27203
464 718 19235
400 478 38588
223 558 59439
622 716 17088
93 655 26173
148 587 18682
417 675 26476
374 608 38833
108 123 25710
323 477 62801
247 790 47127
286 780 56462
233 280 60828
173 302 38949
60 319 44385
491 709 34409
221 654 22672
197 454 33121
313 670 37696
247 566 87281
376 611 47707
16 82 41231
479 781 12530
1 737 26019
602 745 66641
251 679 36620
373 482 27586
542 675 35000
126 592 32894
380 778 54452
225 607 53759
16 611 53600
573 697 30806
182 555 28284
153 435 21954
471 637 36715
476 633 21190
107 132 48301
247 506 40224
125 331 26420
422 426 47760
225 389 52154
350 676 24207
234 630 15652
260 793 34828
565 679 27785
65 696 39051
682 696 30017
53 231 49649
54 257 24166
643 732 33615
103 363 34176
38 719 39661
463 672 52402
31 680 28636
557 680 14318
170 741 53759
354 590 42720
258 654 11402
31 561 35057
390 454 22804
361 730 30480
250 668 65000
99 774 22472
243 787 78816
128 234 23324
304 625 29732
389 718 43186
109 791 59841
439 455 48703
91 115 52402
189 781 41000
489 764 43324
418 717 45177
662 677 32558
160 551 61612
358 364 15811
44 725 21024
550 603 42000
226 643 18028
6 609 62968
202 572 47096
235 710 29069
3 25 48847
485 604 29069
163 466 19698
38 63 14000
471 473 18439
624 646 45453
659 735 31385
544 738 78848
177 483 24597
393 730 16125
18 189 56080
62 730 39446
119 303 18974
317 509 39825
252 530 27514
605 673 42579
310 569 55000
61 759 43417
371 751 27459
66 591 30000
293 789 20000
21 160 48847
61 745 60374
326 340 37947
299 618 22804
438 570 37802
458 536 31906
136 622 57009
514 803 15264
65 641 24597
153 477 51078
459 580 30414
401 458 21024
770 774 58592
322 695 71512
320 736 51884
539 729 43658
746 783 31401
405 628 55444
190 356 30067
14 588 21260
195 556 33121
284 706 47634
142 452 68250
262 767 22204
189 199 27659
163 384 18028
53 489 28636
120 485 77987
197 310 55000
459 690 14213
180 566 23087
14 73 43324
288 440 29682
527 662 10770
481 592 45343
182 462 16279
645 661 24597
157 766 35777
488 491 13038
511 557 42048
128 624 13038
733 735 38949
59 708 26571
248 691 13342
437 706 35468
253 670 56569
91 388 17117
324 632 22804
544 720 20248
168 577 25318
305 666 48826
50 739 41049
695 791 36000
194 348 28320
86 498 19105
208 568 19698
376 676 12806
86 402 23345
415 559 38210
118 652 10296
596 605 29000
140 549 36014
631 752 15297
501 659 19235
288 483 32016
125 437 29732
196 467 21024
106 528 37202
142 435 32062
563 576 40162
378 456 18028
560 566 38013
50 640 23324
595 771 48765
40 440 17804
239 647 30017
119 525 22561
161 185 35847
470 518 16279
101 349 23022
403 494 51078
283 774 39319
86 330 27019
261 616 28320
546 647 38588
31 329 22023
407 503 31064
423 644 35057
252 554 32280
382 628 20000
74 235 37483
173 705 13928
427 532 50990
52 492 43566
403 786 13038
364 616 21378
263 577 31385
255 555 47676
87 553 13153
342 729 12166
449 692 17464
594 688 44011
85 410 11402
601 605 48301
131 444 45222
219 754 42638
476 585 26173
142 274 17088
283 737 26306
259 529 82298
417 734 35000
251 442 27857
285 498 12728
269 439 44922
312 665 39825
574 661 24083
293 494 68308
145 554 38471
312 348 18439
152 808 18028
580 799 44654
72 427 46271
418 466 28302
21 432 42048
169 641 78006
251 520 15033
128 288 41110
6 803 19209
473 637 46390
379 750 16279
237 621 47854
653 783 34366
453 736 35000
140 188 32894
511 689 30364
143 674 25942
3 634 11045
317 674 34785
274 452 61074
370 773 51039
96 574 34366
26 423 15264
487 750 35609
218 227 18868
590 799 51420
288 624 44944
352 452 70235
141 453 20248
716 795 25298
323 596 36014
70 629 56886
388 708 11314
227 309 21378
212 795 48765
313 403 32388
550 736 32450
165 169 43566
255 332 31623
200 601 43012
447 553 19235
575 658 30067
18 347 86822
245 698 36401
228 471 26571
37 399 20881
106 646 40706
156 667 70682
102 503 22361
290 533 68250
24 38 35805
359 455 39812
151 511 42297
276 396 29069
443 652 10198
463 745 68768
163 540 33015
497 561 21024
303 347 51884
295 419 45188
122 430 52086
248 462 52010
277 495 35468
452 655 41110
208 415 40224
76 220 15811
601 790 84770
200 668 49679
218 638 25080
19 367 12649
45 215 52393
64 273 55362
406 749 20616
97 607 21190
286 586 47170
538 542 76059
363 770 13454
37 204 54818
204 369 57801
291 322 48508
582 693 29967
343 484 33956
69 109 34482
171 626 22472
676 707 46861
597 616 25179
56 224 29069
2 446 42154
291 507 43081
164 389 60017
322 772 38013
284 331 61717
19 424 18028
454 521 15524
322 507 24352
419 789 36222
223 497 23087
456 466 51157
403 807 42802
348 665 37443
573 785 69721
89 453 20616
305 472 18028
318 363 13038
122 233 15811
493 528 38588
150 154 13892
195 571 52402
180 560 27459
447 633 27459
493 630 22825
196 577 50220
385 502 29017
397 469 33971
111 534 31890
194 312 31780
172 692 30017
44 256 29120
270 795 13892
676 683 42953
5 802 29833
665 671 45255
445 563 50329
383 430 29069
134 569 23770
156 742 40050
297 311 20616
222 590 38833
112 134 33838
193 227 31953
570 774 43382
649 672 39115
686 728 26173
347 373 26019
96 661 43186
201 544 56886
226 274 21587
32 443 11705
717 767 52802
253 365 58830
34 628 11000
131 215 64257
116 528 32696
10 768 47854
6 34 62290
189 748 18248
94 686 27019
239 690 51264
531 695 62610
460 552 52469
480 696 31064
88 451 53235
562 753 59414
9 535 22204
388 401 45277
198 235 25298
100 335 15264
255 543 42059
374 387 28160
335 653 17029
330 684 66708
473 600 32573
554 598 36401
621 751 43863
109 285 18358
267 444 50448
92 426 46271
416 670 16971
384 540 31385
405 806 23087
12 289 26926
11 210 25495
384 718 42485
167 292 23087
138 451 34540
346 560 18358
26 238 38275
673 768 17088
278 680 29411
271 683 42059
106 739 51923
184 591 34132
346 723 35114
316 801 20125
28 55 20591
89 183 51884
321 757 69405
394 789 61522
121 774 26019
191 282 29120
436 618 25020
96 692 17029
43 447 25080
412 630 14318
334 710 33121
95 526 41037
532 796 53226
319 636 29206
66 394 29833
523 621 47434
259 405 70342
149 462 27731
277 359 41195
292 736 31906
420 588 18358
342 634 40025
372 779 58523
58 663 33242
353 559 41146
457 489 28601
599 652 24021
149 746 30463
103 301 28178
459 665 19925
450 494 51971
423 572 44204
472 666 36401
69 791 54129
35 219 30806
56 804 45222
628 682 42450
301 720 31385
133 754 28178
32 231 17000
289 468 24187
694 792 31241
183 453 51157
389 399 41677
552 597 19235
174 632 32757
318 570 29017
506 790 15000
45 131 46325
433 713 47381
222 792 21378
496 649 57775
110 219 18028
381 610 34366
225 399 24352
68 181 41146
315 507 31385
426 707 48847
696 806 16553
445 604 62008
264 414 17029
116 357 40497
186 805 43658
602 722 26926
157 466 46400
149 434 41304
229 740 18439
12 209 10198
59 117 50160
213 765 45000
52 510 26907
556 751 23022
81 127 32450
36 499 26926
389 464 51430
161 533 44911
57 798 47854
250 702 48052
589 792 32140
67 702 38210
18 193 137295
423 738 34713
594 666 67119
334 600 38275
623 645 32757
187 468 43566
359 749 38949
323 475 18682
104 664 12000
404 586 21095
432 649 53160
30 799 39051
229 664 38588
311 518 19026
366 448 70682
231 766 38419
118 599 16155
175 788 37537
202 738 73000
392 449 24759
5 336 18358
171 735 39850
127 201 24413
265 338 19416
712 807 38626
418 737 25612
112 401 29411
270 716 26249
187 333 47854
14 409 50931
323 605 45607
442 520 27459
542 636 56045
163 164 61685
392 734 31257
138 651 15297
29 580 13153
95 271 26401
162 178 90796
73 509 32573
101 496 33287
254 545 63600
83 216 45486
132 787 26306
131 505 17464
622 795 16125
88 124 79649
434 746 37014
533 783 25318
150 722 23022
73 724 18028
504 808 18028
351 487 42544
271 526 50961
603 751 39051
132 595 62241
81 621 41110
353 377 40224
380 798 24083
355 538 47170
141 736 33838
300 446 28601
19 520 27203
252 762 15556
488 670 43012
140 798 43105
620 695 49578
570 770 35114
308 409 43267
365 373 26249
69 209 22472
760 784 36056
260 541 20591
703 759 26476
154 181 33242
466 717 39395
394 491 58189
125 629 56719
10 753 40050
705 733 15811
105 663 17263
296 299 12042
202 544 44045
229 729 24739
133 551 24331
15 22 67007
278 284 33287
141 292 13601
53 766 24839
247 691 52802
350 683 38897
426 676 57009
409 724 25807
266 623 28178
200 402 42048
147 558 25179
520 748 29069
7 83 17000
529 627 23022
169 803 32062
400 568 55154
78 783 18111
179 397 61741
719 790 98615
330 402 19723
176 700 32650
190 310 68542
82 714 17029
268 653 16643
42 687 45277
382 800 19209
352 477 16125
70 321 62362
257 340 80623
212 752 44944
87 447 26627
283 718 47127
517 597 41400
79 590 26926
20 238 32696
379 511 26173
61 588 40447
298 501 17029
56 269 37121
170 512 38949
42 81 33956
106 116 18788
208 385 50448
189 218 45255
75 759 34713
254 548 54781
206 340 46098
15 310 72533
245 286 54489
79 216 34886
297 436 42202
300 319 56080
370 443 36069
102 375 10296
243 389 55000
133 219 40792
360 537 38471
469 701 20125
202 381 42942
175 743 30265
27 471 60877
48 489 28862
354 589 26476
246 625 18385
406 495 40853
175 194 58189
617 647 37577
41 124 38833
39 56 58822
366 743 24698
606 695 37483
226 732 35000
13 341 55227
280 474 39013
241 343 119105
342 627 19026
204 581 18385
189 442 26000
47 246 26077
436 726 60415
353 507 45188
240 505 33242
571 782 63285
352 475 76059
533 612 36235
18 119 19235
157 231 40050
357 630 19416
63 596 31241
601 719 63789
393 414 52010
5 428 42579
266 645 30150
668 778 69311
235 476 20809
176 262 56321
318 438 24021
461 770 44598
3 627 42544
347 482 18974
665 690 11180
75 703 14422
563 580 36069
143 317 39962
156 273 45188
23 473 38639
475 768 46174
269 804 32202
209 772 31048
325 458 12042
106 741 49497
300 636 70029
155 341 27893
99 700 14036
72 390 35609
686 765 41773
317 779 58523
66 491 49679
66 487 41000
237 257 37656
307 601 66068
349 592 15297
71 452 19698
358 584 47170
246 742 32016
295 321 12042
312 580 59414
190 583 27000
572 644 29000
23 600 18385
147 241 92027
54 687 36125
262 383 48094
100 653 21095
497 680 46098
75 420 38328
253 639 52802
155 536 28231
224 296 28231
109 684 65192
104 345 43012
300 629 32388
390 521 20125
352 398 48374
487 591 24759
260 292 147801
316 427 31257
626 659 30594
100 612 27459
440 500 30364
309 519 20100
293 419 39395
286 404 51865
174 324 40853
340 505 25080
129 337 77162
242 417 32757
63 477 30806
363 438 27731
301 685 33615
82 611 22204
183 467 32558
432 672 40249
2 792 18439
604 716 76922
507 559 37216
657 678 20100
341 536 24839
435 477 41773
245 404 21932
619 665 46065
371 727 37577
95 265 32016
389 369
776 469
379 952
472 932
380 586
203 848
700 512
519 151
908 659
368 680
111 789
482 755
679 889
203 219
749 889
87 692
151 472
770 103
721 145
306 733
370 128
696 848
737 832
502 542
334 933
306 667
691 825
751 863
856 617
815 552
899 469
436 308
362 658
265 854
459 72
257 515
291 283
481 571
110 327
636 247
542 195
210 542
858 791
343 968
41 436
532 556
515 338
444 209
518 58
456 201
26 499
375 517
428 242
153 538
769 873
92 383
260 811
573 979
630 943
752 343
223 163
203 640
467 571
575 434
241 895
902 318
369 839
283 233
459 757
802 421
400 452
545 902
162 233
807 820
264 224
531 128
149 503
694 677
771 526
41 323
202 575
97 732
715 504
402 977
421 962
425 720
838 831
618 117
72 633
861 776
630 978
229 686
413 446
404 198
122 793
674 285
245 357
733 234
385 443
644 701
306 70
310 245
291 504
437 859
578 951
504 228
254 505
45 522
426 747
442 79
957 569
669 907
335 148
671 343
591 943
521 236
610 897
440 323
779 120
870 822
363 461
501 433
20 516
580 187
802 440
365 43
220 548
559 280
736 187
767 601
66 475
232 462
449 137
641 926
764 247
838 766
351 907
610 202
441 984
238 771
33 645
475 483
200 183
860 465
945 720
376 86
966 377
927 262
633 642
299 176
873 383
815 361
496 526
311 183
689 923
518 400
396 293
881 420
490 987
389 83
663 744
479 4
350 338
329 280
119 815
675 48
27 633
39 545
156 838
520 176
680 556
688 244
720 619
674 461
884 506
369 400
579 320
389 16
827 870
610 534
320 215
597 642
48 587
897 282
645 775
423 42
517 698
227 802
714 100
616 843
512 984
293 46
655 28
829 525
124 604
25 590
624 870
789 791
732 121
426 666
240 562
330 580
432 376
238 297
182 797
43 485
114 208
563 753
480 765
92 772
768 647
766 676
463 179
588 469
89 415
740 542
206 264
682 68
441 97
536 143
585 368
786 502
976 460
63 385
274 311
490 472
666 58
707 771
417 904
586 221
436 291
729 156
514 442
571 260
813 783
557 27
180 567
293 703
924 567
116 483
996 464
691 343
274 372
102 320
603 34
541 340
595 628
640 589
546 506
355 754
680 136
932 695
914 224
751 687
601 717
315 960
143 560
593 394
301 841
2 510
541 963
423 384
41 557
223 609
121 761
637 305
158 449
628 671
109 416
816 687
138 772
559 322
559 381
469 467
486 55
185 128
165 410
883 434
952 660
568 470
682 801
540 976
359 396
855 416
435 731
563 71
876 812
600 277
507 765
739 713
551 810
25 656
819 298
378 463
794 353
52 359
88 295
725 580
61 367
714 436
316 517
739 585
797 126
508 305
735 244
82 731
535 670
130 278
645 54
679 870
93 275
836 556
823 218
217 429
484 778
581 852
166 204
316 473
735 384
76 719
785 361
503 817
411 596
712 446
674 920
121 492
397 139
616 99
882 455
398 721
815 463
631 707
496 741
775 793
631 693
364 595
659 182
132 745
531 159
85 504
716 930
381 912
991 583
868 450
412 894
621 516
843 150
850 544
319 51
150 732
904 335
441 532
530 753
817 504
538 365
618 813
559 250
501 928
206 406
462 992
214 680
567 331
303 472
516 923
864 193
927 481
717 133
211 518
192 332
472 330
174 669
198 116
844 176
664 426
319 240
159 709
563 776
379 269
918 362
299 784
350 542
276 834
420 432
333 344
612 765
247 74
636 429
647 976
318 339
573 880
260 739
701 308
251 652
883 341
630 559
183 157
771 844
399 508
297 303
534 684
652 931
408 704
818 186
612 54
283 909
180 368
331 241
565 528
166 254
412 955
207 196
592 249
811 761
210 620
586 786
870 244
684 311
383 354
835 334
226 219
466 708
208 777
298 654
736 135
882 599
224 732
550 856
373 544
340 826
449 430
385 985
352 90
347 224
674 647
477 515
54 320
812 412
315 497
152 429
625 261
77 368
690 110
447 304
109 461
901 679
737 453
860 816
957 545
683 291
747 223
623 170
408 470
52 638
595 886
198 445
364 279
433 193
673 932
865 594
426 949
282 429
608 630
295 161
295 385
698 476
368 330
26 611
510 741
794 819
115 292
732 780
753 243
744 794
567 509
393 591
825 800
449 546
567 664
765 115
292 942
368 24
825 156
601 309
983 616
921 763
592 188
943 318
857 275
416 216
712 587
864 286
382 474
567 226
798 233
142 383
278 52
953 462
444 722
282 525
634 232
712 569
611 736
314 267
851 361
83 479
562 651
511 794
745 446
131 223
393 497
915 388
486 157
829 349
196 823
990 568
788 598
528 972
112 276
625 52
695 137
591 871
488 687
144 599
164 503
784 142
152 821
697 502
534 206
339 914
923 669
380 814
512 890
672 700
981 590
930 656
700 949
424 986
582 348
434 925
349 371
12 528
658 351
581 680
296 552
713 636
943 630
825 821
700 667
237 807
79 655
425 133
478 956
851 833
963 686
593 670
140 633
917 430
963 402
548 790
605 507
934 471
321 737
868 641
192 858
645 130
588 541
441 700
555 735
635 903
345 474
85 639
333 627
161 692
669 251
609 438
830 654
14 541
755 560
247 313
843 615
255 304
324 225
589 843
457 911
822 774
610 75
909 257
217 203
822 478
794 540
926 300
334 54
752 624
738 328
189 507
447 595
495 947
976 652
446 338
754 825
469 667
279 169
121 655
902 741
447 624
463 868
265 364
656 464
265 837
316 547
119 735
649 728
623 783
630 407
426 25
520 944
957 613
55 345
912 554
403 805
189 614
817 713
662 292
558 293
528 327
701 548
362 913
276 854
746 431
578 246
805 645
706 468
845 793
390 951
331 954
712 366
750 748
657 70
882 182
444 221
219 884
75 251
496 489
333 656
634 275
523 264
923 597
549 162
301 105
229 582
607 187
445 314
642 680
600 385
439 443
531 515
734 477
639 440
695 578
520 120
645 253
687 506
561 948
437 871
871 575
775 272
454 370
388 698
561 205
858 232
903 543
334 126
405 631
177 171
658 316
169 717
665 482
714 475
659 106
911 443
576 92
265 895
178 759
371 782
345 500
405 171
177 511
779 344
944 397
876 585
627 586
687 274
297 238
766 501
436 842
266 925
191 685
638 44
468 734
384 429
776 828
365 801
252 216
168 288
707 614
825 379
205 687
639 968
892 266
791 764
721 755
748 174
341 177
86 745
515 537
833 707
404 314
314 382
459 604
289 533
528 537
286 195
633 549
145 239
364 967
83 267
208 653
387 190
393 910
237 660
499 70
525 472
694 623
705 339
668 594
52 673
363 370
275 628
454 242
399 900
469 193
516 360
914 502
310 916
250 109
645 670
26 461
717 118
172 387
921 346
159 646
808 660
328 678
474 124
229 82
805 134
744 417
712 835
257 190
607 399
963 597
921 684
540 260
375 230
436 143
412 261
426 362
389 637
662 780
312 462
166 464
472 795
501 288
364 435
55 401
539 932
325 830
338 746
149 148
541 123
754 109
91 576
676 675
643 401
92 682
817 173
228 436
856 481
839 298
550 642
436 806
790 481
29 488
734 345
809 699
535 842
293 469
281 768
806 590
288 819
563 843
351 593
188 836
135 397
464 27
281 932
784 160
833 360
