856 1605 21 151
109 400 23259
748 786 33615
93 227 19416
290 310 12000
111 283 28792
52 645 31575
543 610 17720
213 662 23601
391 469 19849
86 665 23770
436 819 34655
178 470 64281
119 219 26077
218 677 66370
554 752 70456
177 326 36401
597 855 38328
141 620 21471
367 832 48052
714 755 54378
452 757 51478
611 727 26833
592 715 25612
490 793 32249
140 720 11180
253 360 29275
216 787 55444
352 673 40608
655 685 18788
299 653 50606
356 549 38601
268 502 16125
288 726 41110
181 266 36892
220 733 55543
761 809 27295
653 854 16763
184 691 50774
547 657 44294
50 229 15232
450 583 41400
368 666 24187
382 768 44011
400 489 37336
731 801 33121
303 442 15232
187 230 37216
105 246 57009
89 345 29698
53 362 27857
245 658 65054
306 836 31241
563 684 43417
552 837 50120
103 709 31623
146 711 45310
114 600 28636
274 285 45891
273 516 63285
548 788 42438
542 768 20616
178 762 63906
212 677 10817
166 234 18248
669 731 53085
158 412 26420
127 665 17464
387 476 51010
492 580 33000
100 715 11314
789 841 140132
249 794 49679
9 368 20809
158 244 10817
702 714 18000
362 583 34015
276 302 23087
259 418 31780
35 222 33601
607 633 60638
529 665 23707
84 526 21541
64 556 52953
268 335 29732
190 847 25179
470 762 68411
159 668 39825
373 383 29069
271 588 45607
478 662 60440
614 729 31257
131 851 47202
51 776 19313
630 736 62801
22 164 33377
240 353 11180
742 746 169056
111 754 29698
264 495 74673
246 577 50329
132 305 23854
1 402 32558
83 628 56400
582 723 46648
258 727 20809
690 770 54589
579 771 12806
175 453 56036
457 791 30150
215 474 39013
485 729 38013
190 276 52202
206 457 12806
43 598 30000
462 561 42048
142 309 18028
216 376 11180
197 486 40224
481 740 34015
470 474 32527
182 487 48021
80 741 24739
211 499 44721
329 678 46174
34 398 30067
476 748 56515
162 670 37202
52 119 82462
569 842 12728
274 527 42450
53 578 57035
715 834 29275
346 788 45177
194 380 13038
222 475 43829
192 324 24597
75 366 45100
414 608 37802
431 706 33541
288 833 26476
102 663 11402
40 528 31780
223 319 36222
114 668 27893
221 729 21024
420 725 26019
169 221 30806
608 682 41629
137 644 39115
250 617 38833
235 793 20396
482 534 24000
302 606 32249
761 816 34886
112 691 32280
3 611 45706
36 54 12042
109 606 34655
13 223 55758
240 357 18974
632 856 18439
589 713 38833
55 687 23087
379 465 31064
21 421 41110
98 503 20616
595 757 41773
200 214 40012
57 710 38013
10 622 25318
594 687 41437
353 827 39812
790 852 30364
584 674 29614
121 785 14318
432 505 36770
199 754 47381
40 417 28160
251 716 36878
375 722 176026
15 713 20248
439 836 17804
74 611 202633
101 250 40112
246 645 40706
173 297 40311
508 557 28844
30 615 47802
150 839 18974
751 806 38013
205 462 53254
178 777 46690
815 823 33121
99 343 26833
248 706 35693
67 738 45000
202 605 12042
85 572 67683
131 363 41000
356 439 45607
137 472 38210
18 830 33106
193 559 22804
403 615 15620
826 846 32450
143 731 21260
587 777 23259
164 567 39115
239 743 48260
200 334 32062
98 520 44385
167 541 24187
411 570 39217
65 404 27514
110 468 45541
83 379 65490
28 99 31906
607 674 12806
490 743 36620
66 825 53907
276 383 22804
455 853 40311
759 843 33242
151 253 35014
365 712 18248
448 830 24739
563 693 28636
332 346 62266
585 628 31016
237 533 13416
6 213 43863
616 701 24000
287 844 28844
4 214 39560
11 191 16763
536 653 46098
583 672 60440
608 625 39051
373 409 10050
692 727 20248
355 520 21471
651 817 29155
463 527 19925
739 742 25020
438 620 37336
202 217 26000
360 375 34366
121 847 11402
438 478 17000
215 637 12530
364 484 22023
487 595 38471
769 785 30017
680 825 15652
21 59 20881
60 96 52240
346 546 17000
253 477 80777
78 315 26077
342 553 19235
102 175 31257
143 853 36620
517 552 11402
510 781 42426
604 845 12083
345 363 26833
80 247 36688
36 360 28601
245 366 32985
633 816 45277
641 845 56613
78 214 34132
27 428 29000
441 687 32450
2 362 33242
302 574 28178
150 747 37855
289 746 88391
282 775 34366
292 602 46690
310 639 62097
19 346 29155
395 467 65521
110 624 26173
295 596 47802
418 736 33242
330 825 17464
87 100 20591
526 789 12207
325 596 38833
99 534 20248
383 667 56886
107 757 36620
212 562 27514
400 555 20616
473 794 42720
96 307 44385
510 582 19723
453 663 31064
221 241 61587
172 283 20100
621 774 27295
356 765 36401
685 804 27019
427 755 52393
234 248 31765
570 671 24698
405 514 20616
175 760 26627
46 303 19313
517 698 73926
734 853 22361
307 632 85071
475 609 47424
540 737 30414
491 799 11402
6 741 59034
293 718 17464
513 623 13416
480 529 28460
578 663 15652
364 593 43738
756 838 12369
424 693 47074
107 536 41593
112 533 29155
308 474 29547
14 550 127475
396 658 61131
528 541 39051
589 784 17720
429 769 27659
314 827 38601
73 657 53907
676 682 67912
501 694 17263
460 734 21378
177 350 39000
115 404 18439
213 284 21633
502 699 39560
506 815 33136
631 792 17029
179 257 53151
210 408 35114
683 756 25807
55 704 23324
696 726 38288
35 722 26249
498 730 35014
375 467 102069
689 734 12207
286 652 57871
555 606 15133
98 118 30083
430 565 17804
306 593 46011
275 389 20100
395 557 37014
193 425 13000
148 832 43829
356 795 37443
505 707 43012
359 371 18974
529 667 30232
151 360 43139
312 640 32280
169 729 19416
166 299 12166
49 217 34366
351 684 29000
515 638 15811
6 255 40361
43 697 19313
387 602 10198
14 251 34205
193 436 23087
161 361 48384
592 834 21932
76 411 14422
476 518 20591
661 723 44283
644 854 13416
390 432 42521
354 426 12728
56 755 50329
188 642 21378
292 394 46690
348 461 31385
59 135 12369
572 844 13601
347 468 27785
675 802 25318
208 579 21000
50 820 31048
550 744 24839
183 535 27459
4 443 43863
598 697 13892
41 732 18439
173 265 29411
57 197 38910
4 116 30414
96 632 53038
181 260 14318
134 662 35468
595 818 35355
17 458 34482
238 580 37014
437 803 26420
17 274 17804
80 496 52953
387 748 67676
30 799 29833
160 388 22023
44 340 14142
394 476 34785
408 689 22561
354 429 34828
172 584 25495
12 90 16125
230 593 43932
178 637 13454
552 659 27000
43 778 57983
407 707 12166
527 678 31953
97 134 32016
133 452 29069
32 271 11705
110 804 39294
486 664 25080
142 163 46098
19 454 41761
104 504 69462
189 780 41146
282 766 61000
584 797 18028
517 789 19000
536 586 31401
143 460 24698
724 748 28284
432 808 22847
312 498 43186
10 449 21932
326 553 32573
484 730 48083
363 759 28636
84 621 40792
55 441 20396
136 427 21024
94 453 54342
114 629 27074
23 377 14000
650 800 10296
318 364 53000
191 679 30017
608 673 30000
201 639 85586
33 447 36770
222 728 27659
238 845 24597
248 257 31575
230 643 30414
150 605 37162
379 480 53759
472 703 15033
236 378 31623
50 750 20000
197 644 28284
564 590 22023
444 598 43829
34 603 49930
179 703 12649
780 835 21095
719 808 13416
75 222 33136
153 435 33121
28 482 20881
142 821 73790
318 744 23259
496 737 36235
157 706 18248
709 848 21095
583 680 25000
376 568 30594
120 580 30414
3 301 15556
128 739 61522
429 782 38471
176 670 50090
60 307 18358
212 776 38328
122 391 10296
229 614 46872
280 295 23854
341 713 27857
123 749 39850
495 502 25179
291 398 47508
679 707 26420
570 625 38013
467 609 51662
141 362 54562
441 594 34176
280 813 34986
327 812 33015
34 582 39459
254 491 25554
67 794 26401
463 783 12806
160 762 47127
315 443 20591
627 740 29428
93 579 33015
626 633 12369
74 443 23409
154 731 20125
393 767 50249
350 752 60803
133 182 17088
43 321 17000
300 649 40112
209 475 13416
501 773 16553
651 826 22472
562 684 22627
197 854 23409
200 278 29833
225 742 78772
543 828 20025
414 518 17692
40 323 27295
587 634 35777
311 698 63820
574 578 54562
205 846 16492
27 503 19698
263 766 27019
496 540 12083
42 152 46872
550 649 190095
785 847 22023
150 531 36620
509 773 31623
331 633 41146
173 324 42953
101 810 18000
20 72 14560
365 710 39623
6 18 51614
31 117 55902
1 330 25298
161 473 33242
113 835 20881
550 701 10770
255 589 43046
78 200 50931
199 635 25080
547 700 29428
575 768 26249
85 146 37121
279 513 10817
567 631 16763
363 591 42048
61 665 26077
294 510 44822
363 661 39395
492 627 40497
108 554 52173
673 682 21190
130 648 27019
268 735 23087
190 399 38079
549 643 21095
153 466 21954
20 706 44045
209 609 44418
550 730 117712
125 765 40224
75 475 28160
180 424 20518
281 525 68884
271 361 37483
438 796 28844
104 733 47434
289 602 26249
70 690 28792
466 565 14765
558 608 32016
139 544 38275
540 591 35384
559 798 30806
142 374 22804
144 194 36014
262 458 23345
318 550 47707
322 481 24515
229 241 42953
477 569 39408
772 775 41146
296 591 52154
415 694 22472
61 446 13038
277 420 22825
275 585 40497
61 362 53151
281 632 38079
684 776 49336
61 613 34670
481 571 25612
285 612 19235
664 692 23259
42 242 12042
26 201 17000
280 459 25495
8 527 31016
233 777 23087
599 735 20518
155 805 19723
441 791 21932
156 717 43909
374 445 18439
414 558 10198
223 440 48508
343 581 36620
643 765 22361
198 344 30676
63 329 31321
154 408 33015
82 736 38053
507 587 22627
599 796 68007
575 729 55154
326 732 46390
399 847 33526
601 787 59942
186 817 54083
620 796 11402
312 711 43829
192 329 15000
272 806 33242
145 464 38484
108 177 47202
787 844 34409
344 832 49477
181 752 43012
716 805 20125
613 665 31780
129 153 25179
290 750 37537
120 492 41037
170 545 43186
407 505 35468
577 853 32985
733 842 22361
206 704 23707
232 332 43267
58 332 39051
168 746 30017
125 610 32757
118 831 30150
89 565 38601
186 645 44011
139 655 33015
396 597 41000
71 685 39408
218 483 45310
305 413 34234
100 525 61131
385 431 37216
108 321 52326
423 606 38601
485 580 21095
58 232 33061
29 494 50990
161 261 24597
285 678 39205
328 853 32802
524 720 20025
7 184 28636
44 378 21378
538 684 59481
455 731 41304
144 789 44407
211 668 43681
21 850 27313
616 744 29206
483 698 42190
196 394 40311
81 327 24207
467 722 74330
435 479 16125
91 845 38897
593 772 41183
345 384 40497
435 494 46043
142 279 18439
138 545 20881
349 395 24166
304 787 26627
294 811 33422
231 439 37000
132 850 32249
471 705 15033
533 802 22825
325 433 56036
264 827 62626
240 314 42048
159 779 49092
330 450 31953
496 591 33615
211 600 29698
83 389 57385
61 141 35128
439 795 29833
223 812 48094
167 670 59211
614 694 22472
408 801 40817
339 365 37537
304 640 32757
332 454 14866
775 821 27019
423 555 35228
605 839 28160
656 705 15524
62 582 44553
380 691 99810
76 676 18682
640 721 19105
412 702 11705
504 800 40249
254 416 30067
346 408 53712
16 308 23601
37 614 38053
8 678 12042
104 381 23022
221 229 52631
228 470 17000
220 560 31401
250 461 30232
256 804 25179
245 559 48662
5 497 10770
708 722 39446
423 574 26306
199 553 48754
176 323 29732
179 532 48021
122 488 55902
298 763 30000
370 855 13601
4 840 44283
137 500 15033
12 93 30150
83 585 44102
50 170 29411
39 790 22472
581 755 36401
300 498 24021
2 409 18385
186 780 54037
25 98 53151
185 604 11180
239 246 35440
29 89 45222
130 355 27074
444 464 43278
17 65 41000
364 822 30232
445 711 24698
471 717 37162
100 686 52345
418 851 22804
384 539 19209
417 528 30480
58 837 27313
503 520 36125
600 629 33422
29 153 54781
405 523 18028
322 571 11705
42 404 54918
278 358 12166
342 635 44654
85 569 23000
484 623 12042
48 87 34828
94 262 17088
251 483 43012
90 586 32757
311 517 12000
660 824 26870
469 658 23195
235 490 32249
318 616 44721
34 294 58009
23 739 65734
351 562 20616
652 669 52202
512 629 32558
493 709 10198
483 511 34540
567 591 25495
126 530 36222
572 787 37108
70 752 48918
402 578 48836
239 419 22091
440 812 15033
65 115 15264
289 292 63285
560 650 40792
214 443 29069
28 534 44407
95 383 17263
60 488 37483
32 316 46011
1 46 39812
180 348 24413
448 564 26249
370 597 38471
685 796 77006
117 267 30871
38 622 45967
328 455 36892
763 794 90200
325 357 19235
30 139 49406
6 284 28000
288 715 36235
19 210 19647
624 655 15811
321 521 34928
88 815 23601
185 845 18358
459 575 38328
27 355 38053
113 242 35847
31 522 64630
67 385 41146
1 126 44011
294 603 32249
68 700 27019
76 448 11045
201 310 145124
335 523 46141
101 617 26249
232 677 50040
87 833 38601
18 165 16971
582 781 33838
106 150 14318
455 509 32202
43 554 22825
113 622 13928
404 753 68425
138 455 43324
638 712 45880
143 734 26249
683 687 40311
70 81 32388
169 224 29155
78 133 24166
367 491 28844
401 440 48415
551 766 57428
566 714 44922
93 226 20616
79 747 21213
485 542 32202
684 693 53712
372 464 38013
559 658 38053
648 657 59228
209 855 26907
320 805 11180
260 470 65376
160 470 68066
83 480 54708
140 329 37121
207 759 41000
77 494 19105
531 679 25179
530 817 20616
71 615 48415
442 817 27785
81 618 31623
757 818 36674
359 456 30529
128 293 12207
611 692 18385
434 502 21541
504 508 28320
386 687 61984
120 322 20881
236 340 17692
9 127 20396
360 601 33000
381 733 52839
423 453 10630
255 784 33601
37 229 28018
45 749 13454
220 670 59363
529 613 20591
275 385 60108
272 598 22361
406 527 30871
393 739 47413
548 793 34670
61 438 60208
160 756 21213
537 766 45541
24 561 14318
203 638 37736
243 581 50120
244 827 21260
187 765 37947
612 725 18028
254 799 26627
245 425 31321
635 660 24759
750 820 30000
107 227 29206
97 165 21260
12 579 22204
92 831 14142
128 811 46669
64 233 12042
37 642 30000
303 378 40311
80 843 48877
127 446 13601
413 421 36620
273 454 14765
311 552 10296
54 287 19925
324 707 30480
749 764 21840
451 492 18788
332 397 57871
392 747 28460
236 335 35355
531 747 27203
147 576 69426
337 640 10440
309 852 29547
264 403 18000
179 215 25318
252 751 26571
264 506 27731
333 413 31145
218 511 31623
609 728 44777
576 856 47539
47 457 42426
270 815 36125
176 217 45453
179 636 53141
66 523 34713
826 849 30067
56 427 31623
166 298 17088
333 851 24042
447 480 19026
73 547 20396
21 77 38184
353 495 42012
214 315 16279
244 823 16125
437 691 32062
92 707 54231
516 801 31623
125 563 14142
115 274 34713
427 688 28000
472 587 29017
619 790 29547
163 822 34205
591 792 21932
417 547 15232
389 626 19209
545 802 26420
263 646 26907
53 402 14213
122 469 10770
551 753 67030
56 717 31890
252 396 37483
485 575 41629
49 92 40853
88 244 41231
131 539 41012
546 788 40200
82 723 49041
84 144 41437
780 810 22023
109 121 29411
95 276 10296
338 611 51478
30 367 14422
17 38 15524
50 545 46690
129 466 26077
140 524 11662
47 515 31064
167 560 50160
336 701 77795
630 850 55227
377 718 15620
486 818 34928
276 399 33541
606 847 39294
97 709 29833
16 179 50329
87 576 66528
509 813 43139
17 369 26401
313 782 21024
44 462 43932
573 699 19849
705 755 45706
195 529 24698
687 704 16401
204 819 84770
412 604 25080
99 482 13038
331 389 29411
266 778 29833
671 718 37537
317 719 28018
191 531 25080
319 674 15133
74 681 52839
372 778 33601
61 465 42202
80 590 22472
510 522 35341
418 630 40162
4 494 54745
138 642 35228
309 445 18358
447 667 34205
582 661 61131
201 717 34670
80 296 49820
26 422 18358
265 783 21213
174 810 10440
67 829 23022
86 529 31953
159 832 29155
254 497 38588
317 429 34886
156 201 20248
715 833 33136
378 846 33541
258 595 22472
261 479 56798
62 723 12042
405 410 43738
312 721 27803
116 443 46573
391 525 47170
726 756 17205
261 473 18601
367 799 31780
500 507 18974
103 256 18682
566 755 42107
337 649 53160
28 136 50804
287 601 36235
157 431 21633
516 669 57315
623 730 41340
683 807 34000
487 757 46098
576 632 42426
162 202 17117
290 533 72014
15 341 16553
223 456 41340
522 811 27295
73 323 43932
618 770 51884
284 713 17029
46 126 52345
13 124 25962
171 809 32802
557 650 12000
48 386 22825
334 358 15297
317 808 36401
16 812 18028
428 657 58052
143 154 25318
543 814 54818
505 524 16031
99 755 52326
184 269 39319
108 130 50990
410 672 43909
208 479 67720
260 288 49366
535 647 17029
105 328 44598
124 584 15264
25 73 21840
634 637 14560
257 706 37643
240 641 16031
24 325 50160
675 803 26077
566 702 43290
387 393 65437
519 551 30806
33 633 26000
556 807 48549
545 675 17117
148 367 50990
225 739 56436
652 803 33541
397 745 15232
265 519 25807
199 342 47043
282 814 23345
486 595 13038
207 661 60902
68 541 52402
111 809 14036
69 497 40249
593 822 31064
231 306 38471
123 791 29732
177 355 24021
296 759 26907
63 654 38053
493 662 43139
177 520 38471
69 168 65008
254 352 33242
29 421 40608
448 590 39699
226 579 43417
366 436 52240
483 841 33541
304 572 37443
145 806 29833
708 728 24515
183 647 17088
267 671 21471
382 596 37216
242 424 35384
111 797 29698
135 850 33838
114 512 36620
131 723 56851
11 297 17000
401 636 46519
386 594 68622
66 378 53852
13 584 19209
67 695 19235
525 576 68154
388 762 43841
624 685 13153
349 508 24042
169 571 15133
209 541 45343
39 852 18788
68 370 45177
415 773 20125
453 574 33242
500 587 10198
770 824 27803
186 743 54120
147 856 40000
41 317 74733
173 406 31064
396 751 17117
316 792 33541
277 426 43841
448 676 23345
29 539 32558
62 398 10296
165 830 31623
496 741 48083
471 656 24839
20 249 18974
90 771 30414
101 174 18028
479 840 31016
401 456 31780
247 843 36674
536 763 33615
7 286 41593
91 641 46519
57 339 15297
294 739 62032
13 770 44721
36 253 22472
537 551 48166
163 513 23409
235 419 37014
149 581 51740
232 837 34828
80 448 50961
45 47 13038
282 821 41340
45 764 31145
134 493 17117
164 631 38328
291 736 121594
718 748 36401
638 764 43186
259 333 25298
231 549 13153
205 219 60141
11 766 48083
348 776 29732
216 568 20616
694 773 15620
225 294 32696
56 471 11662
72 298 30000
237 437 16125
327 618 17493
172 816 57219
5 196 40050
528 700 29000
347 848 30265
455 642 42544
262 420 35114
219 433 17263
145 391 44147
267 564 42450
754 847 23022
407 720 24698
301 611 38949
228 474 23770
204 559 47539
69 779 37216
352 799 26000
59 681 12728
142 312 31890
317 354 14213
260 266 28636
49 202 39962
94 458 31385
292 746 28000
365 777 36715
531 839 29547
320 795 28844
535 691 79624
610 828 21932
222 708 13342
375 376 120880
9 665 23854
635 824 37054
374 711 28460
207 582 46390
119 295 38328
739 811 49649
499 746 17720
88 823 31623
164 588 21024
182 452 20224
151 349 14866
152 242 47096
26 717 29069
378 849 47539
388 756 29069
229 820 36497
205 645 35355
519 783 18000
247 781 31623
145 444 12166
72 249 23409
73 417 11662
521 648 14142
775 814 21633
361 784 22136
542 575 26833
348 538 16971
598 806 36401
464 686 17029
58 659 39661
25 323 39812
103 685 47381
214 278 31890
24 268 35384
7 269 34205
64 777 26077
390 505 18974
574 663 46755
432 719 17493
699 735 24042
300 550 150030
225 291 60075
149 755 61205
369 760 40311
66 583 55082
102 126 36401
340 561 40224
14 336 53235
429 732 42379
141 410 22472
659 837 44102
430 466 21095
54 844 46098
778 834 18788
314 641 50249
195 613 12083
38 369 13416
118 390 24331
316 591 34438
514 599 14318
693 828 21024
170 533 28000
155 320 13416
406 463 22804
83 341 37000
464 598 68250
473 829 42544
230 772 13038
365 507 13000
385 738 20591
453 760 62266
745 788 14866
71 544 18682
377 767 22804
573 615 37216
724 786 38079
769 782 38275
48 696 11045
13 797 25179
297 537 12530
203 338 36235
295 459 19209
371 385 45343
155 483 28071
167 220 52479
31 510 54129
189 530 55036
268 514 33242
403 573 31385
321 697 27203
163 821 76942
74 630 153681
51 745 13416
243 270 12083
362 446 50090
257 636 22204
343 512 35440
160 838 12369
690 752 47265
5 608 45398
168 499 31064
252 700 39962
105 280 62817
32 588 43463
442 849 26926
429 489 34713
224 241 52000
749 791 69570
122 798 42059
546 793 14036
543 753 42942
431 695 44000
52 105 63151
404 783 24083
419 490 39013
577 734 31305
517 526 15620
152 424 34205
69 148 21024
171 761 16031
23 293 17464
416 497 22204
137 507 19235
331 607 38833
392 790 36401
544 615 44643
758 793 42953
38 65 44407
617 780 24166
525 686 13454
269 286 41231
408 793 51662
79 150 42059
575 614 48052
13 660 13601
74 78 41231
185 702 23259
375 395 50961
148 159 37108
157 371 17000
101 461 20518
143 455 31401
277 489 33734
126 449 53600
770 812 62129
272 697 32140
420 426 43417
422 688 22472
658 751 61008
57 664 27074
136 534 92309
283 761 28018
174 780 20396
129 479 27659
373 666 21213
90 227 28000
477 844 46519
95 302 27074
368 409 20248
421 494 27074
85 106 13342
541 560 51078
478 685 59237
22 89 24166
132 259 30871
263 392 34438
131 384 32202
737 741 34132
234 532 23087
387 767 56719
41 520 55471
82 398 44272
35 366 54781
196 476 17464
64 807 40460
176 831 46174
156 639 66068
451 656 26833
63 725 10050
4 77 45651
794 829 40112
422 717 14765
107 586 18974
258 487 36069
188 545 25179
117 718 29069
22 430 13892
471 627 31145
30 506 26420
225 603 29069
199 313 39623
8 329 45706
358 840 21840
381 650 44553
695 794 13153
88 264 31145
336 716 40050
114 344 64761
468 804 18385
146 619 26077
683 696 54037
282 646 51740
45 515 27295
416 491 13601
235 758 29069
152 693 30232
224 639 11045
53 574 57428
123 457 32016
79 619 34670
195 465 14036
2 574 53712
568 649 12000
51 397 19698
91 382 18601
180 538 27203
645 651 17029
106 569 23854
575 813 43278
353 357 13601
305 421 36401
193 204 62129
124 319 18028
154 460 20809
325 434 46519
39 142 50249
501 642 28792
518 558 10440
295 433 44643
593 616 53535
468 682 50990
130 177 35609
185 238 31401
137 710 33302
347 830 50804
498 721 24698
183 774 23087
488 798 25020
66 672 35903
67 431 45188
105 853 24597
330 680 11402
194 647 11045
688 717 19925
178 634 13601
100 372 30806
299 644 54589
166 532 21954
366 425 44418
187 775 33734
362 450 24021
213 379 31623
698 841 51624
211 779 46648
135 681 12369
189 449 26077
81 228 20881
698 837 71197
138 188 35355
256 848 10198
361 738 81541
172 607 26926
250 490 25020
253 504 24759
57 301 19723
716 836 17117
223 401 42953
646 821 17029
627 656 26627
508 800 15033
689 758 30806
237 803 25179
208 334 24187
94 277 41231
592 778 17263
72 794 64622
210 346 37577
351 356 31953
263 790 16643
149 243 11180
518 786 28071
86 666 20100
21 116 20616
208 840 46861
254 673 34000
308 812 30364
55 206 12728
577 689 31890
548 745 46840
103 478 29120
556 712 50329
439 805 24187
612 678 36620
511 562 51894
18 448 44944
273 774 45310
326 350 10770
100 592 29120
415 614 40200
100 576 75591
133 226 53600
299 703 59666
8 192 45541
171 190 34132
428 648 36359
112 290 98082
605 842 33061
198 581 41195
233 365 34366
158 714 34015
193 819 54203
208 771 13601
286 669 58138
654 725 37855
625 724 27659
198 343 20248
494 840 60216
521 697 41761
96 281 29000
468 673 57315
57 203 26401
10 835 19313
149 270 16763
185 451 16492
149 158 31401
337 498 33941
411 448 23022
389 628 11402
54 601 26077
273 621 58138
144 380 30676
329 654 43186
15 213 40792
434 495 12083
726 838 17117
163 279 31064
203 339 16643
147 594 56080
162 605 12806
3 338 16155
33 626 30414
313 553 41146
359 706 22672
492 740 45541
407 497
461 544
926 693
738 864
265 803
496 745
90 305
486 333
480 586
382 385
536 251
773 772
652 550
261 79
518 713
745 604
433 389
454 775
198 313
729 699
725 913
619 859
360 900
278 575
701 302
20 621
699 350
66 702
646 907
256 732
449 885
593 800
538 603
495 963
844 182
665 66
88 453
418 393
502 155
720 259
652 427
379 313
796 409
300 514
958 636
368 489
965 625
922 492
604 251
54 438
271 260
273 442
440 530
657 75
960 564
73 644
898 694
187 224
745 907
949 324
441 608
520 956
522 371
871 608
424 349
341 560
652 721
788 266
225 811
777 524
323 664
733 713
722 296
800 890
827 188
419 814
698 886
810 850
556 193
479 827
772 556
567 979
533 683
143 196
596 179
489 597
900 465
224 687
609 881
771 756
170 568
619 289
803 775
495 411
510 537
954 376
426 749
661 337
83 729
882 455
340 330
441 463
393 702
675 159
211 430
599 192
817 733
734 440
552 457
325 727
606 526
42 353
381 347
138 805
437 341
733 894
394 895
632 329
221 506
88 565
569 481
885 338
979 608
645 575
345 200
406 453
460 590
383 903
669 831
724 390
573 912
686 954
832 840
446 724
742 919
36 661
838 668
108 400
296 703
564 324
406 605
497 105
168 389
102 202
847 357
563 162
995 472
226 790
167 677
596 206
719 79
370 267
666 856
172 364
281 123
27 585
683 662
186 652
190 781
877 547
617 777
640 213
452 95
614 826
442 763
769 697
729 230
224 876
66 533
45 410
572 551
614 573
500 295
350 345
437 432
673 285
696 412
803 614
783 637
329 303
788 488
848 834
108 265
78 279
142 614
320 407
404 179
91 431
372 402
569 517
552 246
531 326
874 251
103 238
465 648
267 843
863 711
124 752
632 499
775 813
20 604
638 230
909 670
926 285
287 479
951 573
495 878
755 794
787 197
193 332
153 854
279 230
478 705
776 853
787 612
595 22
638 256
236 167
243 520
702 185
73 503
824 155
682 597
41 518
424 992
819 788
799 756
792 550
60 452
408 142
359 136
220 226
872 620
751 700
247 350
311 540
51 370
147 583
278 395
213 604
21 470
367 314
172 687
192 661
832 265
268 429
468 862
736 672
711 705
300 333
288 100
792 321
684 78
294 773
523 775
388 720
730 641
898 767
658 941
802 485
639 788
489 395
501 190
255 684
472 304
808 457
407 867
304 599
117 284
183 682
597 789
786 359
173 280
444 375
591 642
519 532
533 427
752 832
483 93
196 491
954 405
442 206
616 553
496 717
489 384
127 324
638 81
851 491
280 924
14 447
484 989
226 891
376 893
437 962
183 511
518 858
528 266
763 713
781 699
524 17
915 704
512 510
350 482
580 92
699 934
353 98
965 333
759 585
507 120
14 459
159 166
521 84
639 460
175 622
788 864
547 799
584 396
414 46
646 593
287 135
781 417
68 559
693 263
542 304
228 579
686 447
757 575
169 445
531 341
399 521
599 631
196 262
634 933
743 815
294 571
314 84
549 65
941 687
895 679
298 528
533 720
679 497
107 741
153 742
588 860
227 316
394 748
309 289
714 93
696 451
304 191
303 741
223 609
573 405
697 388
334 180
231 598
740 830
686 648
688 49
571 762
430 556
564 872
442 91
867 654
824 233
248 744
463 574
412 405
792 221
668 654
864 430
484 556
519 111
722 54
606 20
360 886
321 510
468 675
92 231
694 172
159 553
513 554
602 898
634 684
942 481
282 901
894 561
571 640
608 325
890 347
532 205
333 942
272 883
736 103
819 295
253 252
525 965
534 502
531 447
691 639
429 521
273 684
433 323
344 609
483 321
563 296
205 365
474 557
387 617
411 826
163 639
665 930
280 820
126 487
264 771
728 286
629 954
276 373
522 407
686 900
36 630
491 471
343 288
862 256
564 396
55 670
720 370
600 427
626 847
671 680
576 353
226 523
270 599
682 827
876 228
53 354
409 659
322 136
729 609
980 560
364 476
778 882
835 359
523 129
452 601
524 637
430 813
398 400
429 532
126 610
845 814
483 464
186 273
149 414
660 632
959 583
466 399
171 496
189 376
325 316
257 523
461 315
863 392
451 649
647 845
799 121
370 734
875 334
809 550
83 638
810 642
650 773
786 573
799 191
283 850
642 147
401 674
690 813
505 636
44 564
72 722
253 125
456 74
116 539
886 744
873 793
923 297
566 434
275 334
272 760
118 593
429 722
684 873
265 610
531 817
261 793
525 41
193 874
837 653
102 462
290 607
681 342
702 95
590 319
243 709
855 659
721 116
135 443
472 934
266 157
117 775
474 87
328 622
934 623
140 334
147 166
293 832
451 289
678 378
749 403
440 949
334 594
574 318
886 394
135 176
455 334
751 266
478 627
370 457
575 236
758 678
45 382
72 746
85 250
780 714
517 260
321 277
614 913
536 806
753 227
145 525
382 224
328 682
88 406
244 316
742 292
272 311
357 149
374 20
469 264
154 175
676 478
785 429
526 467
923 618
737 140
290 822
880 273
733 180
275 561
288 204
347 214
438 838
640 858
109 640
581 847
576 14
619 179
374 839
64 548
611 113
289 657
487 497
133 501
949 420
221 411
438 473
776 794
118 560
128 711
489 924
396 557
637 562
577 680
799 739
839 643
633 817
545 738
460 839
562 830
854 447
399 99
992 528
879 755
196 557
810 255
796 379
325 636
132 833
655 49
272 899
453 990
153 616
630 221
528 482
621 599
310 797
764 159
377 207
934 738
506 375
460 637
86 491
285 694
370 54
332 355
742 566
537 164
396 624
135 236
386 360
468 75
344 709
340 822
559 625
80 607
578 649
111 807
667 967
576 831
991 414
562 613
807 627
642 522
733 619
793 623
929 638
30 519
552 75
212 588
112 435
378 147
835 707
304 448
481 172
102 249
751 389
564 14
725 140
321 449
70 334
825 724
560 373
329 704
102 622
763 331
878 311
154 202
660 539
548 908
459 691
452 466
896 721
467 606
487 577
503 610
165 812
101 376
670 235
397 848
349 595
328 773
631 591
90 389
414 796
270 224
485 345
578 261
396 532
754 916
348 780
913 547
304 220
346 696
876 403
953 542
55 642
200 387
750 534
51 322
917 731
353 242
105 479
671 724
911 493
789 391
211 129
304 644
771 287
370 30
152 635
795 641
940 552
98 637
701 665
565 284
827 142
419 720
860 693
546 120
885 651
507 730
152 653
874 463
316 124
49 623
372 876
585 368
554 319
538 62
861 162
529 948
358 843
523 381
882 518
910 750
803 137
82 522
490 40
154 373
640 441
648 198
193 397
311 621
605 977
514 785
616 694
375 964
75 578
485 803
350 965
305 355
393 36
259 266
198 891
559 214
338 863
967 646
42 422
817 312
745 487
402 262
585 505
106 682
892 532
838 763
225 369
536 878
452 410
588 552
863 592
763 743
961 667
368 167
502 217
338 892
158 509
582 448
696 542
766 786
419 135
117 469
131 263
437 172
289 267
849 622
837 450
193 830
354 365
478 892
618 461
451 307
550 755
583 478
321 834
602 77
248 276
128 166
510 176
989 580
577 814
243 330
673 737
303 159
393 635
627 547
898 298
279 751
720 131
170 344
65 393
76 367
363 717
298 133
818 350
897 577
597 362
592 525
340 348
416 936
730 594
166 473
425 190
210 706
557 568
350 452
854 730
901 204
24 446
464 171
425 116
194 677
679 520
382 525
309 468
206 645
362 223
633 734
424 789
629 299
201 754
877 496
845 467
375 367
333 122
198 199
880 535
602 224
719 824
247 92
628 188
504 869
622 105
158 605
291 495
566 492
398 718
339 466
714 938
611 940
519 147
189 419
841 719
805 217
995 432
