994 1765 16 143
318 961 44721
352 393 37802
466 732 33734
365 435 20248
3 781 26249
387 458 34655
223 702 37216
667 821 26077
44 362 30232
631 829 20616
725 800 48795
49 189 19416
333 868 14866
37 42 37483
178 686 21095
106 637 18000
48 253 41195
190 852 42953
271 894 19799
39 292 17464
203 828 28320
557 565 15033
389 658 12000
659 692 41049
326 444 31780
336 521 31145
190 745 35114
166 920 26571
565 807 36222
182 247 41000
389 390 22023
73 773 38626
977 980 19723
418 672 44777
893 977 24166
674 994 34828
282 480 28601
124 842 38639
770 778 44911
557 660 31623
586 777 27313
180 628 33838
257 284 25318
553 983 47011
446 476 36346
504 561 35468
36 217 20396
139 502 61774
403 943 55000
653 843 30529
589 661 49518
518 788 21541
501 571 25020
707 935 24083
351 988 13153
556 590 28320
416 767 31064
51 479 54203
238 372 30232
125 507 30480
250 717 53600
60 250 34015
86 715 40804
73 677 17029
282 631 43863
320 324 12042
154 449 55471
316 345 47802
553 964 24021
25 147 34482
696 775 10296
148 545 42450
488 811 24759
3 629 14560
242 460 42544
307 574 27857
512 714 37855
15 355 23022
300 541 22672
214 618 20248
527 837 19235
106 290 26000
759 848 15232
626 719 42485
446 990 33242
91 168 51078
72 601 11662
375 394 10296
620 947 54781
213 686 19799
552 678 15033
268 836 10440
226 405 27459
320 729 31575
338 548 37590
67 572 25807
26 783 21024
79 481 49092
644 785 17263
594 887 16643
340 457 15620
361 882 31145
203 424 22361
445 875 22847
32 113 47096
251 301 28160
8 405 47424
116 894 19235
121 454 32650
12 867 35355
115 330 58941
828 877 18248
211 297 26420
683 886 25080
27 802 25495
362 950 15000
390 658 17117
51 268 50990
100 761 38013
451 959 27000
123 454 10770
243 608 25942
275 299 37643
583 982 32202
635 729 51108
261 693 39319
474 804 29411
72 534 11402
769 929 12530
606 822 34928
119 365 46840
287 619 35355
330 353 47424
452 885 31016
167 866 31385
96 391 44385
28 821 16125
373 547 50448
105 954 24759
6 165 48600
2 339 19105
37 77 21587
22 777 44294
617 659 31064
528 651 47707
130 712 45541
341 792 34000
509 659 11180
76 485 34928
606 758 13892
126 960 20616
252 540 16155
165 409 49820
677 926 36346
453 756 58830
233 241 35735
270 591 57697
318 385 30232
192 785 15297
339 695 41677
524 718 15133
255 331 46690
211 780 26683
442 917 10770
16 188 67602
7 45 17029
264 664 34059
382 401 37736
281 389 32388
190 956 36497
822 965 55227
742 988 56648
731 990 27000
708 770 40311
32 91 102591
125 300 50010
719 775 36125
261 318 41725
18 454 32140
38 575 24083
6 352 40460
52 957 13892
293 807 19416
102 443 37216
884 984 25000
375 770 27074
283 858 30017
65 426 12083
22 60 21954
480 732 27659
62 872 17692
130 675 28460
169 469 22804
541 622 36056
197 579 50249
199 989 61294
564 685 30265
768 945 13342
78 501 36139
287 725 45000
460 537 44045
363 364 50289
114 440 26249
627 655 32894
782 801 45044
553 681 24759
135 572 24698
283 410 37443
155 248 69857
214 974 40522
255 267 30887
68 393 34059
496 805 41146
567 716 18385
422 772 50567
747 923 61400
540 814 42048
650 761 111683
470 920 16125
312 983 44688
282 639 36797
325 431 20000
41 952 40608
638 834 31016
21 876 36674
225 912 42953
493 971 17263
668 798 48374
318 750 45310
134 936 29411
34 127 35384
2 166 23601
111 302 10440
455 538 14036
75 604 16763
165 260 42755
644 896 27857
55 697 21095
858 909 12207
462 689 30017
7 299 42544
813 823 30887
96 196 43417
462 721 30067
53 853 31321
364 615 30529
846 966 60959
156 828 48104
374 653 52345
317 758 26249
528 988 47508
35 958 10630
848 942 17692
88 728 33971
35 314 32650
520 912 19209
447 575 41761
523 809 11180
326 723 30463
94 942 30083
575 751 40025
128 950 13153
41 390 41000
851 906 18601
380 486 19925
234 630 27459
343 989 27295
398 800 33615
300 507 31780
133 569 38079
344 819 18028
67 79 39446
448 632 23345
482 941 30083
636 649 41593
589 737 32140
524 687 54562
48 564 19209
66 308 23770
64 976 20616
143 781 23409
33 138 56859
102 307 23345
508 570 22136
364 879 21260
146 913 34655
99 988 20809
311 958 37947
442 510 24739
359 781 28425
397 456 43012
765 841 25080
532 875 30364
112 520 21954
112 883 32985
34 96 38833
728 771 11662
24 791 43417
149 583 36014
112 144 26683
154 628 48104
499 702 29155
125 505 41110
46 908 50804
120 397 37443
165 182 38079
687 863 15000
342 634 49497
300 516 15556
591 962 61351
184 210 19698
157 578 16401
363 463 19026
303 517 33121
61 241 26000
770 830 44944
419 901 24352
49 358 23601
479 836 27659
390 792 46400
402 427 26173
303 337 15232
237 913 26401
351 742 51478
95 332 35014
229 417 14000
655 730 21633
166 470 20248
492 581 38910
4 795 44643
178 767 31000
480 489 16763
534 944 23345
164 694 76322
133 425 22672
10 624 37336
706 819 43932
775 909 25080
639 731 32016
481 632 42485
83 483 16125
566 916 21587
65 796 25456
788 966 38275
268 557 16492
315 791 22472
51 590 72533
157 925 32527
377 845 20518
294 308 27785
376 467 17029
199 306 43932
331 638 13153
93 783 23195
337 652 21587
319 428 36715
474 664 55660
299 514 33242
472 961 33615
237 381 13601
388 965 30806
331 834 36125
151 535 33015
194 698 24331
245 591 37336
487 615 42190
65 737 26571
676 677 73736
569 602 41976
750 961 25080
134 878 21840
620 699 61221
613 785 46174
11 471 46861
571 832 77337
745 844 29275
705 917 15133
86 142 21471
512 576 31241
84 951 45695
113 740 13153
567 725 20125
785 846 28302
25 456 36235
72 108 27074
172 509 23324
554 813 18385
185 545 26401
7 860 60407
477 656 13038
377 450 16279
116 418 35355
9 427 36688
445 831 14422
95 838 18682
307 970 35000
480 987 20100
539 911 18000
328 889 26249
265 562 41110
407 870 23537
277 796 13892
691 969 42107
734 955 31906
153 367 13601
59 245 25000
739 930 33601
300 622 25807
754 795 41593
525 933 41012
438 922 26683
337 675 55543
29 932 16031
235 854 51430
85 748 14318
96 338 33136
27 222 42154
181 459 31145
239 821 11705
544 715 24352
969 981 27203
284 587 39408
562 642 55946
377 508 24331
55 306 23195
227 715 27166
126 185 16125
266 746 13892
513 764 12207
171 544 29698
212 907 11402
291 582 39319
483 628 27659
51 836 53000
291 399 48260
183 595 24187
74 814 32894
342 744 11705
707 890 34132
67 433 39812
447 577 20248
232 947 25318
420 895 29411
468 721 29206
632 867 59135
685 812 44272
65 204 26571
695 935 19416
495 933 35511
657 763 31890
398 837 15000
203 407 45618
167 484 38949
587 805 31575
16 151 18974
280 843 30806
95 742 26627
174 619 36674
80 849 22825
635 879 10440
192 395 39623
250 874 47265
352 886 42154
159 661 23195
428 920 47381
37 901 21633
113 348 37000
724 952 24187
252 924 35171
251 415 53852
234 286 34540
160 990 26249
115 257 40804
94 689 41304
700 962 13000
201 925 26907
21 180 43046
318 764 14318
274 655 43012
6 911 20100
585 678 28231
855 899 31575
157 532 22672
554 823 14142
659 933 21213
329 345 13601
13 916 12369
177 419 26907
55 786 10630
235 576 38013
687 994 12166
276 804 32650
692 865 37643
700 811 60407
73 676 68593
240 734 22091
164 645 54745
32 57 55073
417 572 24739
244 756 52326
72 944 30414
593 687 18974
47 454 31828
334 375 11000
31 897 51478
694 859 44688
75 690 21190
343 674 34015
283 909 21541
185 738 24083
605 983 45100
336 784 22472
54 501 11705
23 790 17088
488 499 26077
606 988 21471
174 193 22023
79 433 23345
220 287 36401
70 790 28320
263 497 17493
225 262 70711
234 677 33838
472 566 39699
552 585 25318
348 530 12806
2 386 21190
584 614 55227
96 533 22023
774 811 21213
249 266 23707
818 864 69354
850 939 47539
510 560 16763
714 893 47011
634 679 23324
69 546 20616
51 990 45486
136 211 21095
288 391 32249
479 717 25942
289 601 34015
589 985 46690
662 744 18974
159 891 32140
116 271 31401
51 446 26683
335 748 24187
502 927 36674
704 815 24597
112 207 33734
538 902 41195
207 757 23195
24 669 14765
520 642 22561
114 178 22136
557 803 17029
170 358 35384
702 774 20125
102 977 29833
302 398 19647
336 494 41037
59 288 15811
667 680 32558
54 290 28071
595 882 41869
519 929 17000
217 377 35341
196 224 31890
597 802 24083
421 783 23324
500 900 38471
255 514 17720
306 631 47096
321 539 45277
428 971 44283
406 614 46872
133 713 12042
193 619 32558
107 598 29698
195 531 60531
236 915 47802
743 876 131183
127 322 18028
138 744 38328
496 888 24187
248 670 127781
239 965 66121
500 847 49769
264 292 15524
21 743 94541
153 777 52240
482 576 26571
115 314 38910
386 942 25000
77 312 30414
231 701 26683
114 767 31890
608 974 22091
381 461 19209
411 609 36620
109 224 26249
378 580 28071
329 934 23324
702 811 19209
593 863 20125
429 505 28160
235 563 55731
164 880 30265
173 426 13416
400 709 27295
371 955 46615
89 385 20616
197 708 28862
612 735 40853
28 667 14000
727 935 47011
610 778 15811
619 966 39000
337 897 31828
20 690 30610
136 751 20025
258 904 21471
622 625 26249
122 779 30083
306 989 65521
384 441 32202
31 327 40361
424 870 24021
205 221 31048
409 923 46390
721 861 15652
128 647 19105
148 434 41437
551 787 13601
238 789 38210
26 451 38053
920 971 40522
641 938 43658
272 345 52355
115 958 25080
155 471 44944
135 799 11045
716 787 32450
2 986 22091
164 593 50210
593 645 48847
404 899 43566
251 269 25080
4 555 12806
787 828 30083
396 763 16492
643 687 47802
753 817 24597
312 392 15033
59 150 13892
46 139 47508
491 930 79630
694 769 10296
205 611 37336
23 70 25495
69 515 17692
92 444 25179
161 829 30887
342 679 45804
149 796 14422
530 545 25710
801 938 46228
256 640 23770
208 795 57628
670 796 48270
444 746 31828
17 462 18385
95 412 35114
410 741 16492
616 681 19209
577 873 30414
474 868 62514
694 978 19925
443 609 43174
174 946 35468
615 879 12000
491 709 55082
204 354 26249
282 762 14866
654 917 60299
120 130 16492
98 910 44721
558 569 12042
74 559 43081
156 865 13342
769 978 14866
152 261 16492
644 846 13892
217 508 20616
401 761 100000
40 794 10296
187 472 31575
279 420 13601
115 200 28862
551 882 11045
8 860 24739
753 789 26627
494 983 26420
600 607 22825
690 776 22136
581 924 38328
654 733 33287
595 910 32650
391 736 44777
773 985 25942
44 621 31765
50 226 18385
640 782 27731
213 440 17205
423 796 43909
156 972 31385
876 950 29155
138 705 22627
351 806 40361
173 630 37000
562 919 39812
885 947 23087
361 840 13892
380 408 24839
384 404 26833
143 905 10296
835 894 24331
68 539 43081
139 808 47854
1 992 34015
322 889 12530
523 826 23431
212 458 15232
46 892 42720
498 814 33541
360 584 39699
324 376 13892
172 596 48270
172 948 25000
221 766 42190
53 671 28160
476 856 34234
793 812 21954
732 856 12369
616 964 30083
290 585 11402
150 736 38288
754 967 16553
165 573 39598
71 252 51400
421 766 34205
459 535 37363
368 388 20616
5 945 55902
57 740 17263
123 227 18385
741 975 42190
337 880 29732
76 855 41785
469 620 55317
716 725 31257
402 739 31780
26 439 28601
668 817 14318
298 315 15000
284 353 22023
42 901 39051
385 513 22136
262 746 45486
18 121 12369
430 460 32450
599 795 40000
486 559 48754
636 655 32650
107 579 43829
56 98 29547
85 298 24187
617 692 36878
139 959 26627
19 340 13000
439 914 27074
515 678 44102
104 792 34886
253 697 36878
561 694 38471
3 905 17464
134 403 45706
712 776 19000
356 816 19416
276 474 49163
732 762 28178
47 86 29155
434 609 41049
786 842 35228
568 701 25080
630 891 33838
148 175 35355
226 289 43417
549 624 43932
602 625 43186
293 612 38949
58 349 31401
42 49 28284
883 898 24515
232 452 17088
415 688 12369
187 862 12083
52 683 54129
550 718 33015
648 953 12728
206 292 17720
979 985 27857
699 764 15033
285 872 20125
581 670 127016
594 928 25495
230 388 30463
43 882 24083
8 50 43139
519 582 48466
706 922 10296
8 108 26306
175 471 39051
560 793 30414
66 477 17029
749 776 17029
326 898 24839
64 233 27659
227 544 11705
80 527 40025
124 685 17493
337 517 35057
278 542 10050
604 777 44283
63 123 22361
619 722 41400
218 621 16553
626 953 25554
88 584 23022
32 103 46325
768 941 13342
14 939 13153
159 630 14000
12 357 18385
833 980 23601
546 704 27019
736 889 13892
184 972 34132
270 391 31016
789 815 34059
301 655 34525
385 425 25495
284 805 29017
141 517 36401
293 437 31064
109 270 41869
125 320 17263
738 977 24083
213 529 34670
758 789 44045
200 257 21954
176 498 16279
44 314 22825
441 571 25710
487 541 14866
89 425 20125
355 464 16125
93 421 20248
411 773 40224
107 197 24413
334 347 22000
468 975 48374
790 818 32757
684 868 19105
75 776 30871
418 894 28636
150 328 43081
249 255 48332
511 932 24042
595 970 32140
33 917 48703
140 878 50636
259 857 37363
666 924 44654
97 897 20248
306 786 31257
610 633 27803
396 422 46325
222 297 22472
22 437 29275
201 884 20881
330 888 81006
290 485 42450
98 595 34670
148 248 55000
91 503 50249
233 753 62682
111 849 29411
162 992 18974
563 854 33242
354 471 24187
416 752 40311
315 542 16401
32 118 50990
70 101 24759
645 691 23770
311 618 27000
344 614 21471
208 734 14036
233 711 31890
20 604 44011
212 992 49729
244 879 21213
347 375 24597
120 373 12042
653 974 43566
91 103 57628
5 307 37363
87 730 19026
231 415 40311
772 794 53263
522 757 70385
39 503 14866
652 880 15033
66 656 26000
484 919 26173
865 972 21932
395 624 16125
265 824 33541
717 874 18682
654 691 34205
335 461 38013
466 573 16031
273 296 21095
56 617 19925
119 347 27514
665 672 18000
718 749 35000
271 835 20591
241 976 22825
341 390 37483
198 374 20518
165 646 39294
392 983 37696
595 840 32894
182 466 35903
459 825 24413
135 357 22361
295 428 43324
132 755 24515
397 825 50010
173 277 30871
92 912 31064
240 955 25495
589 979 24739
163 494 63655
521 607 12649
168 503 54918
350 663 26907
228 274 46390
145 169 39661
13 602 23000
110 898 22204
377 570 11402
714 977 47518
182 732 68007
9 543 25080
99 536 22136
372 422 19313
416 938 43966
643 718 42953
97 652 24759
5 714 41000
171 412 34785
330 624 158912
30 195 87727
62 445 24739
87 406 18358
688 710 24331
625 633 33242
239 851 27203
131 364 51245
179 230 61685
298 791 33015
629 905 21190
516 622 27857
602 713 19000
154 797 18788
169 240 29120
254 341 38210
10 613 36688
71 380 11705
209 772 28443
322 464 33541
218 500 30610
137 481 37336
323 579 22204
449 491 17263
17 935 36125
462 861 25942
608 931 48104
174 809 23601
213 671 22472
345 934 29682
495 578 21840
198 428 17088
408 814 27295
294 424 35805
808 927 42485
684 800 19000
427 739 33838
473 820 47170
211 222 17000
600 686 30480
317 753 27785
547 632 56356
112 642 26401
234 661 16492
512 941 20224
449 797 48600
751 780 30232
100 236 44922
108 892 39294
686 784 37855
656 745 32016
510 645 39560
125 729 41049
61 533 37855
671 782 39962
47 649 28460
702 957 52773
295 943 16553
967 968 20025
204 737 18000
283 438 15811
244 635 22204
768 970 20881
14 15 24515
26 914 15524
54 81 17263
1 536 16125
925 984 15524
826 844 16279
624 650 25318
700 774 58694
290 592 28071
269 673 22561
89 472 35057
56 692 40361
368 839 43174
413 936 11045
289 331 31623
122 677 73553
294 619 40497
892 908 38184
742 806 29000
969 991 39408
81 309 19235
30 590 31623
305 458 20396
176 814 37202
10 549 29120
577 798 35355
124 564 28320
196 592 18248
697 973 24839
450 570 14036
404 457 31064
44 215 12083
717 735 50695
372 704 20616
228 673 34828
225 562 19000
274 627 14560
321 911 34438
516 934 36497
289 904 24083
208 955 40460
253 923 13454
369 454 19698
139 623 18248
639 874 22023
131 555 46400
280 847 27659
365 394 50537
14 850 48010
323 845 15232
945 970 29833
115 647 49092
183 877 30806
235 512 25239
578 984 44654
8 356 24698
216 669 36497
978 991 27459
232 693 18385
63 95 39013
366 706 29967
134 188 54589
144 824 31401
370 401 27019
77 681 18788
126 833 20248
84 939 19416
714 854 23770
346 810 22804
122 676 35228
581 887 63702
657 678 27019
420 689 15811
254 547 15133
620 955 24207
162 273 38053
234 506 42450
110 918 23409
927 944 29547
98 183 17117
40 372 28653
478 816 38484
36 610 21095
284 931 33136
257 618 22023
345 505 44272
636 839 20881
17 689 37216
50 601 45541
92 112 28000
437 807 34205
175 979 31305
440 782 34176
837 903 24042
231 673 27803
281 543 35903
395 401 22000
18 636 11662
272 316 12000
145 363 12806
455 902 41231
179 965 61057
711 815 26401
186 329 30083
140 653 32140
367 604 50249
81 290 31401
19 637 33838
489 731 15232
132 171 18358
284 496 37643
826 940 34000
109 196 16492
140 280 39850
222 271 35341
518 896 25807
600 784 18439
247 260 37643
716 760 51078
304 719 29120
149 982 14765
259 719 27295
271 747 41340
97 880 36235
703 956 14142
487 558 29530
453 818 38471
268 803 25807
90 839 42107
132 332 19647
727 884 19698
442 793 36715
184 588 41146
535 759 52498
145 463 11402
122 845 62434
182 573 21024
636 730 41110
299 405 43012
219 242 65000
301 649 17889
83 246 11402
219 781 41110
360 614 39825
226 267 23345
587 921 19799
921 946 34132
393 539 20591
371 795 54562
200 958 31623
66 826 23345
654 705 61685
257 353 17029
528 742 53759
753 798 56798
138 680 11402
327 504 32696
721 890 27019
87 360 24000
60 777 28071
439 478 38210
821 906 27514
285 325 43186
407 588 13038
386 848 16971
812 863 14422
179 733 40817
382 580 26401
35 500 44598
402 743 106042
727 857 48010
202 831 27803
323 926 16279
303 718 41000
534 905 28302
313 447 34928
118 511 26401
201 304 16125
117 962 29428
451 623 33242
435 928 25000
409 762 48877
552 592 43417
869 948 31145
82 174 33106
679 835 13000
202 272 57009
867 871 16279
302 849 21633
560 645 43290
348 545 35057
698 765 25710
665 685 19416
208 555 15232
887 982 45880
465 574 46141
16 936 11180
64 548 28653
435 924 43829
896 966 37855
501 881 38013
548 552 48000
285 431 36892
205 820 15524
36 633 36688
341 952 29547
246 449 30887
13 778 21401
356 860 19235
457 881 14560
24 531 31385
168 563 51971
470 940 27803
262 494 37855
506 598 11180
834 904 24839
35 621 34059
219 258 29069
355 751 51225
277 426 24839
313 577 21213
379 772 29411
38 634 30414
778 830 25080
310 946 43186
383 963 20881
403 413 22672
708 830 19105
313 575 27203
129 470 13000
128 362 11045
105 590 35057
538 556 28601
590 954 25495
591 957 153219
665 812 36069
568 599 25000
48 124 36674
181 448 17029
310 493 11180
338 533 19416
558 602 45177
237 335 24187
155 670 58310
339 386 22136
119 252 22672
809 946 37855
598 726 26926
194 869 29614
29 118 22000
117 245 18439
432 632 28160
55 973 14142
296 794 37947
129 956 30610
79 475 26833
294 760 35341
583 670 22204
291 861 29428
254 720 41049
803 836 30806
264 276 32573
640 853 23707
171 332 23259
342 662 22561
68 923 59464
163 605 63906
321 923 43932
41 748 24187
243 310 35609
985 993 29732
337 749 26683
141 643 36222
267 299 25080
27 499 28071
526 802 42755
767 866 26077
194 596 32280
74 221 42202
65 423 44721
723 918 14560
319 374 17692
792 871 24839
61 127 15811
180 483 10198
816 885 10440
501 637 30017
350 574 30806
224 391 41400
426 796 24042
215 950 23431
567 903 57315
58 281 16125
609 993 46840
569 615 35057
430 537 23345
589 891 38949
236 333 25495
378 761 13000
69 657 10198
45 620 44011
15 464 29155
3 258 25495
106 501 17000
343 994 41976
195 669 32450
142 688 19105
52 247 78588
29 32 51420
243 974 26926
707 721 29411
304 532 17889
810 841 50567
169 385 48836
651 988 57140
117 850 22023
48 842 14142
164 978 74673
141 164 41593
144 207 14765
170 189 34525
729 756 18028
675 712 28844
720 724 23431
492 594 23345
116 564 44385
131 673 61294
57 348 46861
436 666 12042
286 506 18248
33 662 26833
519 937 29833
469 513 27659
339 852 14036
119 334 29069
278 389 31401
738 980 20518
355 575 49497
813 873 41593
752 938 35384
90 369 14142
366 975 37202
467 729 46011
626 875 23087
76 340 26420
111 474 14318
285 864 41485
101 818 12083
19 485 30610
155 423 27166
432 547 58009
349 963 21840
48 747 51010
297 780 21401
410 438 40792
28 668 43463
63 369 26000
287 760 12530
32 932 56436
71 666 30871
76 379 31780
172 465 40804
651 822 26420
43 527 59405
551 877 22204
308 619 26000
161 282 45486
484 938 70456
273 853 17000
25 535 23409
152 750 16492
296 682 25060
641 801 24187
549 613 20248
463 569 30594
756 864 36674
398 903 17117
180 246 32650
260 683 13000
450 779 18358
191 802 41881
373 432 36359
179 771 21024
293 803 17464
63 412 14318
162 305 54708
775 953 13601
32 740 46098
100 378 27857
490 899 22804
324 507 14142
472 916 35355
611 770 50090
231 269 12000
448 949 17464
401 650 11705
83 449 39699
630 726 31145
574 910 14142
709 930 33242
452 816 38275
147 895 39115
526 850 14000
529 607 45100
806 907 25942
134 413 36235
261 478 41231
104 229 58592
317 789 37108
220 684 35355
16 949 35228
230 965 53339
588 745 45398
298 658 17000
4 599 12369
138 554 24698
228 453 27803
158 497 34015
403 986 59211
281 963 18248
118 563 30414
550 777 39294
429 872 10296
456 825 34655
368 651 15811
526 962 41773
582 859 20000
663 810 19799
20 146 28071
152 473 45651
195 216 37590
84 355 23000
599 710 23324
58 104 17205
515 546 25179
207 883 35355
327 399 28862
219 359 69527
716 827 15033
425 463 13416
78 571 48083
11 354 44598
570 779 28601
80 235 40853
101 431 56604
615 635 18028
255 638 48754
103 118 18601
461 807 38639
387 529 52154
382 915 15232
181 535 39115
283 325 31321
358 371 31048
722 966 10440
158 799 15620
588 870 25298
34 889 21587
518 785 45607
116 672 39812
271 297 24739
379 763 33377
419 755 32894
279 895 20100
597 951 10050
414 549 22825
185 960 22472
94 759 15297
47 715 45310
210 884 49041
158 867 35014
142 968 13038
547 867 45398
34 533 34655
664 804 36674
311 653 34655
536 907 35355
845 926 25710
214 311 10630
710 754 25020
191 211 17263
645 917 53000
262 983 39205
34 736 22023
703 745 25554
270 832 55317
479 612 23707
524 674 32650
455 791 31257
99 351 14560
960 980 17720
695 852 35693
305 387 29275
327 561 36125
30 556 12728
603 824 29732
218 900 35511
1 238 35341
844 940 42297
611 862 17493
105 538 40608
937 975 34482
167 752 22825
221 498 33015
847 949 78339
542 791 23707
82 722 26926
62 648 23022
384 641 88204
574 869 39459
187 566 24515
219 537 25080
53 529 31780
531 538 16971
192 370 32311
223 352 22204
482 527 36770
282 987 21213
63 90 35384
22 735 19698
206 761 85000
179 728 23022
251 627 31321
148 530 25318
376 729 35847
310 523 11180
164 981 75664
85 791 39051
840 970 35000
698 869 30806
493 940 28160
603 757 49980
565 660 31401
108 908 38601
137 357 15232
136 597 33242
612 717 35171
409 646 41012
434 993 11705
341 871 26173
291 468 32249
86 967 20591
186 316 39560
31 504 40000
160 874 23022
38 873 19416
831 872 24021
443 980 11402
500 843 39661
265 919 11180
223 886 35805
256 682 35847
371 620 40804
283 696 30871
275 616 36620
210 972 28231
146 153 47170
209 682 28320
550 586 30887
492 924 22204
12 137 24042
562 866 43566
366 937 41485
467 615 24042
95 458 46011
811 962 60299
981 991 31575
147 279 40719
91 563 46043
263 799 15524
361 595 24021
136 951 26420
249 444 41231
236 580 48021
44 218 35000
202 429 11402
547 720 42544
428 943 48010
91 206 88391
295 403 49406
161 697 32650
602 633 17029
458 838 41110
221 473 47011
601 629 23324
11 737 18868
189 299 41231
104 497 33015
197 375 33601
694 929 16279
229 400 33242
481 867 41593
693 699 17088
151 403 22472
263 417 36014
411 841 15264
370 915 17029
188 878 41869
330 414 114280
278 669 31241
648 696 27295
660 954 19209
28 906 20809
513 699 23770
12 481 23324
490 855 40311
275 964 29017
587 931 26019
399 859 27731
688 968 12042
587 788 38210
436 808 199023
135 475 29732
733 771 34000
396 772 27659
43 827 17493
546 711 31305
186 698 64761
88 819 58034
367 777 51264
7 947 53759
408 486 13342
488 802 10296
27 191 30067
250 306 26019
559 959 37121
78 81 14866
110 723 18974
383 543 24083
182 856 80025
23 344 33121
521 529 41976
511 563 36688
509 933 13601
465 659 30364
623 959 12649
176 540 20000
400 797 25080
259 858 41304
121 636 14318
680 813 27166
425 713 24352
93 451 33941
22 153 53824
82 921 28792
248 471 49193
46 502 55543
23 406 51624
724 913 37014
249 514 36797
15 328 29411
39 168 49163
434 833 46325
233 447 47508
527 827 60407
177 312 20881
346 869 29017
829 973 30676
312 901 17464
605 755 19313
166 986 18788
45 371 39446
219 430 45695
697 923 40853
309 832 22091
775 858 32985
726 928 50329
100 333 38419
266 964 40200
199 586 25179
170 299 17088
495 525 36401
820 862 35903
366 922 22361
143 359 14560
477 745 30414
256 490 43863
433 900 35693
129 703 23259
525 831 52202
766 783 15033
415 701 17804
67 475 22361
596 948 37483
270 288 42638
198 319 26077
436 486 42450
438 741 43267
153 381 31906
4 568 17263
476 489 23770
807 902 39699
215 628 37202
603 938 131061
163 838 21840
738 893 12166
414 888 34205
209 256 35114
350 869 15811
138 823 31145
817 851 40112
394 598 46872
160 479 28071
242 522 25000
349 383 30017
466 646 19925
139 914 40706
803 807 23324
83 154 64195
154 900 34205
196 309 23259
441 881 17205
857 890 19647
220 725 14142
9 216 19105
233 976 26077
286 726 16763
574 663 29547
193 826 32802
177 392 21024
449 709 40249
731 987 24021
522 918 23022
346 765 33106
166 943 25495
330 647 44944
40 238 39812
414 224
459 716
796 149
621 324
790 734
86 385
703 224
766 220
140 799
558 959
902 591
276 762
778 414
192 245
216 250
351 739
447 654
500 346
342 83
219 614
318 955
137 586
532 434
108 748
368 672
871 289
141 327
321 348
858 776
52 699
370 613
908 788
262 436
222 204
384 890
779 460
609 214
260 320
782 887
390 200
196 682
635 241
651 792
335 916
692 237
853 262
526 336
174 461
631 213
735 190
23 599
39 307
430 131
280 90
130 487
655 732
935 740
179 776
164 186
148 567
255 217
610 566
495 282
295 227
927 556
532 788
273 833
164 403
311 186
527 459
949 367
790 189
817 570
910 333
236 575
355 93
614 193
249 88
293 799
738 818
263 93
501 857
263 921
206 269
159 685
555 333
472 398
443 471
750 378
471 308
833 858
611 93
885 311
423 663
496 243
230 166
340 581
682 720
409 261
673 929
544 477
777 720
869 813
193 766
77 667
292 94
859 472
792 216
220 119
661 63
718 866
611 65
905 741
460 76
390 922
200 406
145 224
858 798
903 425
295 646
488 343
745 544
499 304
210 468
672 502
852 707
246 230
361 944
474 741
279 650
668 360
550 249
747 404
386 758
249 789
177 310
283 785
294 389
894 238
400 829
290 500
574 323
821 151
605 39
711 386
221 642
398 655
899 671
953 526
176 193
357 721
800 304
181 617
283 860
970 603
602 719
595 635
260 766
873 553
68 544
84 464
406 175
507 204
327 519
47 414
445 735
507 45
786 838
689 353
676 203
541 265
676 652
910 539
515 827
894 636
891 386
587 235
481 83
431 429
281 933
343 715
10 423
680 737
544 713
854 723
725 587
816 382
360 806
642 197
529 711
171 325
570 949
529 810
716 646
88 779
236 123
839 458
427 810
162 543
418 915
554 638
641 556
616 771
936 581
877 373
770 920
618 32
645 326
356 122
562 705
188 328
448 206
478 115
435 893
330 927
121 797
799 464
335 881
782 102
621 849
869 343
180 343
94 341
212 144
538 100
728 173
516 297
590 416
220 818
452 371
595 377
738 286
289 254
846 534
776 803
630 916
172 655
382 239
333 373
681 325
255 243
730 63
456 829
646 422
149 206
252 918
19 383
954 671
646 130
134 536
570 387
918 408
133 457
250 688
690 150
389 110
429 934
801 124
538 621
55 372
784 308
588 150
235 782
760 907
541 40
625 119
705 177
73 609
595 389
188 146
195 375
676 601
408 137
544 410
658 158
770 876
938 526
139 741
415 618
362 817
165 768
46 489
532 550
454 930
605 545
878 521
586 839
155 173
766 152
282 118
447 585
775 903
110 617
565 796
407 753
397 155
201 351
162 709
682 187
721 492
543 379
715 856
287 563
570 636
458 192
133 510
754 724
541 810
246 102
484 807
428 885
593 215
262 310
355 905
150 718
688 601
365 303
754 337
453 812
669 485
91 418
228 231
812 505
678 477
562 541
667 97
400 586
192 233
714 559
405 979
736 142
531 244
649 899
877 438
151 667
521 130
301 569
263 169
473 703
342 70
224 716
245 390
220 479
516 463
701 555
751 674
877 416
905 704
174 807
735 684
423 265
112 354
440 947
944 606
229 269
779 241
269 779
650 227
835 147
472 422
700 773
360 933
701 394
653 409
916 470
503 519
194 613
432 340
485 306
600 961
658 257
365 214
304 654
441 825
866 438
671 465
784 496
683 955
342 122
953 356
164 644
631 968
148 792
334 29
737 362
452 696
487 188
424 359
170 736
187 722
187 177
578 216
142 377
871 447
577 988
333 171
316 615
696 861
407 558
243 842
599 988
148 852
378 713
358 41
723 200
488 407
575 751
934 340
78 453
511 581
798 629
508 276
363 730
519 987
590 337
450 50
234 818
235 401
605 255
423 607
874 328
372 196
967 576
594 775
732 387
922 545
129 834
421 794
632 549
740 84
574 525
323 685
309 816
860 657
927 453
976 368
141 615
519 541
848 272
468 101
308 48
304 430
809 701
636 90
616 590
17 573
248 278
332 728
237 891
772 507
909 287
754 292
573 438
503 314
98 706
351 640
332 58
462 212
340 684
713 102
152 629
454 637
720 393
243 261
688 691
18 458
672 448
479 589
703 335
462 746
932 627
785 376
822 344
721 880
269 811
12 537
531 771
810 276
70 572
29 512
296 750
713 793
279 923
533 16
323 107
947 337
701 461
127 307
34 528
407 70
234 908
955 439
482 796
551 158
626 642
465 966
226 767
888 370
113 329
354 857
284 79
840 208
796 892
370 573
659 541
875 503
692 479
780 472
664 672
298 454
842 777
762 782
730 341
673 155
299 199
732 503
303 534
523 922
434 501
592 76
500 153
706 56
494 802
249 539
655 620
144 260
699 827
457 309
459 144
895 696
96 719
578 620
247 180
797 180
376 694
416 240
757 100
84 707
124 387
903 402
706 475
140 731
130 776
520 286
870 702
324 202
265 686
281 202
530 967
214 555
658 777
281 154
605 158
285 366
631 332
61 690
77 625
715 435
926 293
293 470
397 550
538 81
831 812
189 449
78 640
811 406
640 821
624 341
714 423
773 493
283 54
258 812
19 442
728 714
236 318
738 802
265 289
605 648
834 508
655 957
990 422
452 546
989 527
442 448
285 129
187 540
477 898
562 750
886 584
42 669
136 171
254 120
291 484
938 455
701 749
707 615
154 286
880 493
609 321
515 121
780 183
755 414
594 12
220 570
567 226
402 288
504 141
468 852
819 659
790 442
842 386
91 583
523 948
497 453
679 425
637 188
661 713
428 912
551 834
691 281
350 888
742 477
897 256
563 996
759 457
600 589
540 396
300 905
792 163
873 539
86 507
315 712
768 425
238 341
664 435
494 356
310 94
734 129
73 514
411 101
422 23
587 54
286 536
570 917
336 465
37 452
363 963
587 567
535 363
588 992
417 335
322 564
403 861
368 426
509 385
542 764
313 176
170 724
659 682
47 635
850 550
250 412
755 702
738 933
235 442
977 380
307 348
338 308
115 761
992 549
457 123
217 442
617 394
234 510
288 623
749 579
818 553
296 155
218 353
301 380
622 176
375 143
50 360
646 874
219 453
492 101
273 490
593 325
428 622
243 595
359 459
625 705
745 303
403 512
494 667
560 563
109 485
740 650
739 319
103 229
601 351
98 304
495 731
345 219
310 405
530 506
465 635
811 465
219 855
597 301
310 230
264 607
755 395
799 774
543 294
627 808
82 549
247 554
562 608
248 647
456 607
526 867
679 69
233 665
631 839
894 516
530 650
418 448
638 479
491 397
48 534
11 491
396 408
659 327
129 568
205 218
918 581
830 725
161 823
918 743
495 577
474 258
231 918
256 394
517 744
613 112
173 410
172 679
275 575
796 320
197 309
487 34
341 289
572 300
574 244
623 469
641 29
390 295
426 678
580 828
695 960
36 478
337 155
740 334
765 644
847 307
481 52
739 772
408 503
839 436
412 438
351 150
831 606
89 286
565 572
264 588
176 565
795 427
756 516
214 334
813 129
436 89
862 308
529 109
567 934
137 479
645 781
515 902
356 267
548 440
129 710
224 750
272 448
385 191
609 281
945 538
266 852
290 314
250 778
665 874
434 44
136 302
94 624
745 897
483 929
453 238
114 636
885 191
496 813
769 688
110 289
261 467
298 353
921 364
334 241
775 260
352 311
555 472
501 473
862 369
329 362
394 322
271 368
574 34
326 664
509 784
642 807
637 752
99 491
797 452
624 578
224 104
835 696
763 118
213 365
76 599
696 846
501 225
474 350
712 780
790 642
172 475
387 835
521 773
798 511
582 910
335 811
440 684
727 838
144 246
349 351
487 702
400 122
822 780
370 54
8 503
502 611
533 580
432 546
760 244
442 614
827 377
273 475
616 505
589 716
495 74
259 731
659 888
722 675
570 774
243 734
623 554
279 316
87 531
607 611
351 971
655 755
392 779
667 425
323 549
318 62
669 776
643 57
548 658
765 263
73 370
947 469
486 978
217 225
483 606
905 550
830 226
828 737
209 389
395 616
544 907
323 592
648 81
401 48
316 851
597 232
88 666
679 863
782 134
812 156
338 336
441 215
803 253
540 570
726 728
106 387
580 91
196 666
875 274
617 962
790 411
308 420
683 55
530 42
454 760
491 884
525 515
124 447
952 417
572 658
823 517
847 172
927 478
419 509
188 843
451 897
859 760
656 661
726 539
483 651
362 741
463 508
463 8
190 258
479 768
742 785
452 671
422 746
820 184
752 775
488 850
742 261
701 652
316 735
348 942
164 287
236 689
578 576
59 650
676 300
493 717
46 295
392 897
909 260
833 715
798 345
116 229
168 786
629 159
399 377
536 870
565 315
585 316
401 456
733 752
465 799
573 731
128 501
446 854
473 541
275 232
806 727
397 493
880 608
816 710
393 482
960 513
564 181
568 673
854 618
437 718
49 510
421 278
196 492
48 561
424 488
400 193
864 646
261 488
