974 2272 22 204
153 176 22000
497 828 59093
161 955 35693
735 772 20000
106 686 30000
95 405 36620
156 171 56000
333 659 61847
489 781 15133
479 970 27659
680 738 39962
156 257 52479
370 773 63198
552 927 41617
863 971 18788
252 253 47011
420 458 29547
56 889 55109
474 805 118140
260 919 47297
470 746 33015
358 828 52326
368 579 33541
331 370 36401
33 422 28000
257 350 44598
551 909 55154
463 562 10198
315 460 50636
200 524 11045
638 885 35468
117 734 21024
94 349 18385
450 559 37696
75 895 41000
577 761 46690
200 528 53038
231 537 11180
424 845 26000
742 801 48836
86 221 47802
36 130 23409
157 561 18868
103 547 32894
300 841 22472
111 448 34525
314 350 29614
818 972 168514
500 837 22825
274 512 17464
409 872 27074
545 879 42438
91 879 31623
53 419 57280
408 874 24413
203 407 32249
512 973 33242
385 616 41037
404 512 30594
546 847 16553
94 854 44011
736 950 36056
354 748 43566
47 533 23770
215 466 22472
38 824 23087
60 859 11180
658 920 18868
314 683 15556
111 150 28653
519 931 19799
217 311 46861
43 628 37577
909 918 13000
106 253 44418
699 809 26683
476 814 29428
288 518 39446
716 917 65765
124 598 35468
113 347 10296
166 330 29682
125 894 17029
171 350 15524
239 311 54231
798 926 38949
689 889 57489
934 963 28231
259 482 21954
172 461 37696
531 913 27074
495 527 31623
62 262 24083
132 148 40311
261 385 27731
190 601 32450
61 523 33377
527 865 61294
179 496 31145
440 811 51352
379 425 47011
21 903 33601
40 965 38210
592 780 15620
719 843 34015
638 668 49092
58 213 62586
332 414 52631
807 944 26000
110 759 43829
27 800 42379
627 702 25080
894 959 19026
431 478 22361
197 431 36688
355 911 26173
12 396 24021
790 791 60539
80 862 61984
679 680 51894
353 711 29206
60 713 33287
279 852 35847
676 951 44944
47 543 28862
645 795 30150
275 462 13342
963 966 28018
700 877 118186
621 771 25632
13 682 36346
9 640 34205
545 696 62032
98 230 56303
69 74 19209
593 924 37855
665 816 51546
925 954 33971
612 866 27019
526 718 10817
212 302 39850
463 898 20518
262 743 28320
335 465 25495
2 271 22672
684 761 49729
457 695 50488
684 805 67941
264 458 14036
73 491 17804
297 906 28636
384 652 34409
127 572 32016
96 621 80455
397 712 50329
81 942 43278
423 519 24083
41 313 33106
540 947 49649
33 554 27731
471 732 24187
33 146 38053
717 926 28071
269 522 29682
370 485 30067
155 937 41037
10 404 16643
126 382 30463
77 390 11180
291 798 39205
324 508 30150
269 947 26173
75 751 31385
668 758 35609
166 701 30017
97 172 29967
35 452 35228
99 385 30480
9 740 35355
259 337 58181
227 734 65146
269 491 41340
64 418 44721
253 587 13928
461 728 25000
2 406 25632
154 654 12166
532 830 20025
210 403 47634
603 887 48600
225 927 56515
348 494 59548
312 688 29069
326 502 18439
111 583 32140
20 71 24083
460 717 35057
195 953 12649
303 632 19105
193 227 48765
673 948 39598
242 654 20881
254 515 16971
291 779 28160
630 775 23854
690 770 32249
98 136 19105
672 814 30067
535 590 29833
163 934 38275
4 487 41761
220 590 22023
299 609 21190
449 547 27019
475 677 14318
7 667 37443
477 973 21932
97 425 34785
75 368 37577
804 914 33615
118 359 30017
94 649 30806
333 577 37643
603 782 14000
543 945 18385
327 779 48083
189 255 37121
230 748 36056
88 353 23345
584 961 23087
602 679 39850
583 880 45277
809 839 28284
168 564 45486
452 786 33956
258 428 40817
364 838 12042
207 946 19723
477 560 32016
530 723 28844
451 622 83863
80 681 36346
454 945 44598
423 576 33601
595 789 41881
681 804 26173
250 871 37108
617 923 36401
395 830 39598
187 969 24698
874 949 31016
306 541 11045
548 881 11402
651 815 17493
267 963 24083
617 747 41437
88 464 30676
291 932 35128
274 380 21378
504 721 26401
577 805 62073
399 490 49769
718 845 39051
108 742 39294
287 388 42297
160 843 17117
194 501 20616
173 800 20125
653 835 34409
3 973 25495
339 384 38601
167 299 27203
180 787 17464
5 168 43566
550 679 36878
288 562 38288
678 881 41340
273 700 88566
761 910 44283
86 483 21541
696 961 40000
724 894 38601
120 943 14318
76 679 59228
405 962 22136
279 423 29428
459 621 24352
786 793 45044
666 671 12042
338 896 26926
714 875 16553
413 426 37483
205 531 14765
231 864 42544
435 832 12042
281 662 10198
333 432 34828
415 932 14318
492 494 45880
239 578 53907
824 878 19000
306 779 56080
297 603 43681
265 305 52612
407 704 54626
492 561 28018
758 826 40719
472 624 15264
458 651 14560
361 699 19313
302 420 13000
319 759 17263
6 733 43046
487 939 61612
214 780 42190
46 838 19416
155 558 14560
315 952 52802
345 788 25962
90 728 15133
72 322 33838
178 859 18788
419 611 42059
643 670 28018
344 766 40361
704 938 22361
629 662 32140
198 465 19313
300 757 42426
430 568 51108
123 582 17464
187 330 30594
348 561 15297
49 326 39217
357 478 14142
205 773 58523
829 860 16763
369 566 23431
86 433 23345
298 549 16125
241 367 32140
398 578 57775
220 494 26476
642 644 48508
104 633 27659
634 723 20591
330 608 14866
352 939 10817
422 954 35440
209 660 48765
528 562 35114
62 408 33615
167 946 21954
102 813 17464
535 766 33136
4 537 25495
366 565 50220
122 266 21190
460 926 47634
480 598 55714
918 929 10630
248 683 18682
482 749 16000
341 438 14318
229 314 21840
612 869 25000
210 251 26401
144 676 54231
564 883 51196
413 571 22825
159 840 25710
811 835 12649
327 653 28320
527 862 35511
451 748 91351
179 836 21095
389 444 21000
125 959 26907
347 418 22091
43 493 48918
466 697 19026
750 782 46098
646 804 42379
286 867 31016
361 791 74330
450 841 33956
345 706 22204
629 821 24352
77 245 36125
407 938 54000
440 722 42426
47 945 31890
100 783 42202
85 335 21541
187 557 43600
827 965 28284
108 565 23195
14 224 26683
56 217 44822
271 810 20025
55 389 55973
278 599 32202
13 568 18385
172 606 39812
35 533 47676
740 943 21000
262 924 55000
691 751 37736
467 593 20125
201 572 15133
803 830 26077
76 972 199552
165 857 33422
149 829 27586
196 294 31048
657 897 14142
501 584 10198
119 780 30364
101 818 28160
153 523 29275
215 880 21095
325 557 11705
131 269 47074
255 272 33422
226 553 35440
123 518 35693
27 605 44553
530 607 19235
234 758 47170
182 221 54452
496 504 45277
91 489 30676
421 436 40311
774 971 11045
247 954 18028
270 696 10296
296 757 37363
457 505 73661
378 750 49679
166 608 29530
40 908 49163
231 510 19723
73 293 46325
223 263 11662
332 408 51614
787 852 20000
279 459 20025
116 660 46400
633 912 26683
128 848 59228
744 902 11180
266 380 15811
622 849 14142
310 386 22000
178 713 31145
88 183 12083
151 203 24515
35 442 46755
59 523 47011
136 321 16492
198 335 24021
237 344 16279
19 395 21840
126 211 24083
650 937 65924
243 716 22136
60 178 15297
242 577 53712
93 304 10296
616 866 30083
97 671 15811
194 270 35805
110 217 30806
14 645 23409
186 907 15811
255 506 23770
542 591 33615
338 663 61717
734 908 73171
50 684 33302
287 511 53600
141 192 14422
115 874 52086
23 938 24739
290 875 33015
531 721 22023
292 834 18248
82 555 40522
242 333 37363
464 480 13038
379 486 49649
474 570 31780
609 686 47074
578 817 48260
26 415 21024
62 874 49092
151 175 18000
465 792 23195
9 164 34886
274 670 21541
201 482 33121
711 819 11045
17 782 17493
693 750 40311
483 831 23601
622 748 60166
156 158 20248
346 870 32202
65 347 53000
368 450 35355
728 954 28160
452 533 50774
417 419 28018
39 115 35000
518 582 40262
586 818 44045
567 920 10817
65 237 26683
306 604 12728
343 653 53759
460 952 14142
223 864 25495
461 683 23854
167 565 35228
284 489 14318
780 937 38471
144 930 39812
199 635 24352
486 813 22204
354 746 31623
130 374 23601
186 371 20591
308 815 38013
461 606 31016
287 551 52038
509 886 21932
5 935 23854
456 754 17000
58 856 21095
227 533 35468
26 798 30529
248 554 23601
194 696 36056
293 502 30871
478 514 10198
317 695 61774
205 485 12369
147 906 19105
606 954 29155
66 316 29411
159 474 53759
384 447 44102
241 689 47676
455 841 18439
563 881 36715
290 469 17205
233 510 51894
92 149 10817
295 827 48826
20 405 42190
352 615 22204
855 961 35355
115 907 24413
410 476 37216
204 365 33061
729 850 31401
147 511 40447
88 711 34525
170 202 46615
110 833 51478
538 569 49041
282 953 10630
551 707 55362
239 786 46819
218 674 21213
226 422 21587
408 657 18248
692 971 43324
136 503 17000
218 251 10770
733 947 34986
677 836 31385
153 436 24698
557 669 18682
677 744 24698
560 922 10296
470 960 18788
10 670 35355
341 366 21095
709 949 27785
14 39 32650
370 807 67801
128 134 30000
298 440 58052
738 767 24413
70 280 31016
356 691 39013
251 933 14142
272 506 12649
751 895 30000
484 745 20248
95 452 31828
169 813 11705
308 921 27019
67 566 30806
230 648 28018
261 396 12083
614 915 26173
565 587 53413
126 517 16125
437 585 33838
432 910 21378
313 733 15297
628 812 23087
223 419 19105
354 626 64885
177 828 21095
6 947 40608
640 726 35228
259 810 52469
119 744 33287
190 783 30594
145 539 25020
288 582 30610
80 665 26401
213 818 167215
456 616 29155
453 620 32280
53 289 40224
171 314 34205
261 456 38897
306 789 21000
12 882 38833
416 555 40460
38 231 27000
56 708 53151
298 625 17029
282 514 18111
222 703 29120
270 879 46400
276 854 62008
376 764 31048
313 804 36056
391 542 37696
357 431 26000
121 183 48415
507 605 33242
182 483 15811
460 868 22672
137 865 35014
717 798 37108
423 884 14036
128 928 46011
760 772 61847
643 795 20000
418 573 40162
856 900 31890
61 357 15000
360 934 14318
237 752 33601
332 924 57454
528 582 26907
139 931 41485
292 340 40311
538 622 35805
372 741 36235
85 375 12649
139 911 120880
257 515 12166
411 552 20000
936 968 15000
702 814 25495
133 970 30150
26 932 23431
376 481 37202
661 961 28018
273 877 29732
601 950 64900
127 581 48301
637 713 136821
382 812 25632
96 243 22472
303 775 33601
76 401 161914
858 901 28653
296 965 27659
558 650 50537
273 449 40804
475 706 18248
141 412 18358
591 825 25179
545 741 62968
882 964 38079
688 769 31385
330 701 15811
476 886 14866
673 795 46098
42 334 24597
691 757 21932
78 903 30806
377 649 34015
209 627 56036
125 741 48166
64 347 54918
326 812 44272
719 904 30480
583 623 43012
117 607 12649
138 972 24759
470 614 42450
162 935 39560
412 591 12000
153 195 22561
92 206 28018
446 668 43600
66 454 18601
927 967 31401
135 496 32696
477 844 30083
108 801 26476
103 414 23409
541 789 24597
16 957 18788
71 962 33015
480 915 56080
229 632 13892
50 761 41881
144 951 44598
444 473 21840
212 962 30529
665 804 39051
620 944 46011
359 907 31623
279 576 15133
367 889 47424
131 387 10050
68 392 15524
24 945 37000
610 685 17804
624 687 32280
551 929 49010
308 796 35000
419 837 31241
614 861 36674
645 948 15033
448 939 25318
642 669 28231
20 161 43909
612 749 15000
459 576 26077
267 373 14866
248 632 29275
193 543 18439
443 676 35440
521 899 48703
303 776 91005
244 504 38949
101 381 26833
386 494 15811
93 727 24187
378 693 37054
339 447 39962
44 204 28636
263 923 25612
558 972 52000
219 375 18974
236 886 18682
427 772 34928
91 880 27785
173 178 26683
205 370 30414
4 451 20025
216 578 26249
379 674 58000
142 285 29275
196 698 40050
569 714 44777
448 615 28160
660 669 68015
64 573 64413
120 133 26870
573 918 31385
28 368 43932
777 809 13038
84 507 33541
496 788 42107
508 688 19026
260 532 11000
439 549 13000
128 867 35440
377 636 14000
149 860 24331
240 843 21024
848 913 22847
118 539 26173
109 276 13416
102 564 29967
184 614 32202
692 823 30414
600 960 19416
546 936 12042
165 727 46530
400 496 45100
98 321 31321
283 924 24331
109 854 57489
677 902 14866
325 360 43566
247 422 28862
265 829 33838
53 611 32650
130 426 24352
96 139 167631
557 701 30610
449 467 13601
34 185 42059
19 769 56223
211 664 18385
12 754 42720
381 586 40311
112 347 35000
250 277 44011
69 438 27659
50 840 23345
726 740 25632
565 801 36235
400 741 40112
8 843 27459
81 763 29069
32 578 38949
361 765 45618
688 794 40025
296 336 20224
201 393 31064
703 720 54589
21 735 14866
825 834 29275
443 756 22000
395 676 22561
423 916 31828
66 833 16125
114 720 56143
6 516 41976
385 548 22361
145 267 11402
647 663 47265
101 246 12530
539 887 26683
659 703 31064
180 250 56604
507 534 39115
28 825 38328
372 961 36878
380 725 32280
465 776 45398
48 249 25495
135 469 47539
94 540 55902
779 798 32249
454 833 13038
509 871 15297
493 722 48826
844 936 22804
707 774 35805
381 818 31385
244 944 47043
278 528 52498
410 458 54708
753 899 44721
244 773 13038
41 862 15033
442 533 40804
29 826 34713
59 436 57454
566 906 47707
181 190 10630
453 569 48094
267 887 33287
204 673 34409
222 659 10440
73 396 59942
532 769 34132
756 911 38897
106 641 13038
760 878 17029
22 36 30871
165 520 48836
648 748 19105
216 432 45310
39 874 61057
36 374 22204
535 801 36497
153 282 26683
307 627 26249
503 970 18028
476 719 23324
650 867 33121
67 750 17493
662 821 35384
487 878 41976
526 845 33734
446 638 32202
261 678 11662
179 706 22672
312 474 12369
214 902 23087
930 951 13342
545 661 69778
90 683 21932
296 329 33601
620 748 63246
558 619 47170
472 687 31828
658 664 39205
115 498 17464
458 957 26249
309 806 20224
162 218 18000
22 162 22204
325 701 29120
352 569 32280
358 806 46228
6 647 38471
264 803 25080
713 877 26401
24 47 18439
148 882 42190
228 285 20809
19 830 23087
224 371 30806
777 791 64498
706 937 65146
455 559 17493
143 826 19105
241 889 29155
731 790 63032
233 923 51264
25 342 45343
17 603 27459
97 379 34928
199 728 10770
145 373 20224
802 958 21587
73 732 26000
63 735 23707
588 793 10296
429 775 28460
43 435 20125
349 947 47011
566 750 41000
151 704 33541
916 931 33838
610 834 31385
643 645 20518
356 376 34205
310 344 43186
530 559 18358
567 952 48332
20 588 48703
37 309 39395
837 920 61855
114 578 30414
15 637 32802
160 351 39825
623 624 14213
501 696 35000
661 696 49649
356 823 28160
157 181 29275
910 955 38833
406 699 22627
42 974 13038
292 685 18358
397 821 23022
293 636 57245
680 808 51546
4 824 29000
200 544 15811
219 317 55027
55 937 46615
314 473 36056
165 304 31401
811 974 46530
100 366 36056
641 656 11402
636 649 31000
229 473 29411
525 844 57706
349 377 11402
194 615 30806
155 650 55227
542 623 37000
441 477 23601
475 836 24083
492 590 32016
273 467 47011
394 617 34409
32 114 31016
94 865 75895
122 274 13416
56 629 48765
266 525 37537
17 599 25456
217 905 33615
778 797 43738
63 552 19313
352 448 18868
89 486 41231
87 853 36401
159 684 13153
61 197 37537
604 789 15000
13 111 31145
250 458 65490
724 741 39395
98 970 27295
729 903 24083
134 913 32280
290 620 36056
230 631 22472
441 593 21633
8 240 24739
364 785 19799
244 807 43046
607 723 27166
285 857 22825
384 737 34525
707 909 47424
321 748 38328
56 662 41000
233 488 16125
2 809 19105
731 872 41110
608 969 34132
150 194 44553
11 675 61294
70 427 36056
183 737 31145
520 709 10296
48 763 15556
342 816 10770
851 932 38053
525 973 61612
189 245 39319
30 258 36401
54 852 34205
507 800 18385
250 676 31241
253 299 62610
760 824 15264
51 294 24839
121 938 39395
198 219 40262
686 964 18682
319 833 50961
262 283 48836
437 589 45277
350 461 36797
63 967 27803
232 383 26306
94 276 62290
40 827 30000
537 626 18385
398 817 28443
493 628 16279
29 430 29275
146 422 48415
17 693 21587
289 363 35228
139 519 59506
8 719 17804
769 911 37443
322 595 27659
121 480 48384
65 725 41761
88 121 44204
568 927 24021
117 295 36401
159 805 79202
112 113 31321
453 849 15297
469 888 19416
200 209 17889
179 345 28018
620 888 29547
40 378 40608
268 428 30887
365 673 32696
45 308 20248
192 687 31241
130 739 34205
753 881 30000
3 283 13153
92 857 31780
181 770 39560
351 843 30083
511 566 35847
230 321 43463
199 954 23087
424 850 39115
795 948 35847
321 648 21633
613 701 21024
346 739 21587
498 907 21378
5 674 46840
226 247 26926
199 925 21095
513 943 30000
274 795 21190
552 967 15033
265 762 22091
96 917 104403
310 655 12042
117 530 27459
685 822 29017
844 973 45541
417 611 41785
482 869 27459
163 887 47539
218 933 12806
528 784 42953
150 448 21932
331 602 39560
172 425 25612
370 499 24187
327 343 32249
362 628 37577
140 719 20396
428 581 34015
103 762 32202
144 208 45618
463 528 35057
497 543 12530
165 897 40025
359 802 13342
479 503 28636
197 640 29682
388 645 31780
87 139 20518
15 690 13601
573 909 32249
119 214 31780
718 729 27731
355 769 24515
132 252 31765
226 889 45122
534 847 10296
386 842 19105
399 720 55543
708 889 34670
118 709 25962
275 434 55362
2 694 25298
83 126 13038
363 899 13454
187 608 20616
220 386 13601
146 776 71344
167 801 26833
655 752 29155
594 736 26000
504 773 35511
115 186 19647
406 809 24166
394 488 21932
699 777 19849
72 873 30232
428 872 28425
389 775 39013
363 664 18248
715 935 23087
264 830 43829
175 704 19209
394 437 42048
840 858 20100
389 630 23601
526 850 22804
278 544 16763
8 123 33287
329 376 17263
376 691 25060
526 729 31145
88 384 29120
169 564 28636
3 404 21932
697 879 35355
832 854 26833
214 677 34928
40 295 56462
124 176 16155
580 594 17263
46 485 23195
438 580 16125
224 388 33015
36 879 49930
421 480 35777
570 858 17804
606 728 24839
283 477 39925
95 962 47885
310 752 28018
179 788 33422
855 875 17000
658 940 25239
166 941 21401
65 876 43174
30 866 31575
751 841 33136
509 814 30067
89 102 18000
315 323 15033
534 605 46098
89 185 21401
430 687 39661
111 618 12042
864 923 10296
746 861 26401
198 695 12369
722 846 29017
607 734 31145
231 891 28792
512 670 15524
235 623 27203
147 371 45880
32 281 17029
471 491 27893
105 737 92114
656 964 32016
240 582 22472
535 768 28844
368 825 24515
363 920 46390
596 799 10440
637 690 46400
392 750 48384
409 729 40792
302 651 31305
663 892 11662
256 940 43738
639 946 24187
499 738 32202
144 853 27019
784 898 11180
790 839 28018
30 869 13416
390 634 10630
7 93 42048
31 892 39812
223 417 21213
34 241 22472
83 812 12042
58 222 97005
862 914 16125
354 631 22472
29 758 16643
502 812 38210
213 799 38833
422 890 34482
451 626 18358
77 893 23324
69 536 22023
133 513 12042
317 675 75591
401 785 102616
17 278 44011
330 557 29275
651 705 44102
126 664 25020
312 654 146758
286 619 14765
76 364 55227
482 810 48549
243 644 20248
22 879 42379
522 896 10630
34 89 40361
340 822 45541
275 642 62370
40 562 44204
81 249 10440
303 473 34713
551 764 40497
317 799 31780
5 571 46872
24 533 35903
313 516 14866
194 569 34525
11 490 11402
35 212 47760
700 762 28460
430 638 36688
58 900 41110
90 461 22000
790 809 22472
148 471 23000
702 904 19416
387 947 31623
606 671 26926
298 439 19416
28 189 23854
56 110 42048
297 907 31145
174 277 38910
311 905 43290
148 522 28231
226 890 39560
332 762 32757
194 448 44204
315 747 53009
148 964 46669
427 903 37656
437 873 39051
430 472 46325
49 293 43417
52 756 11402
13 927 34886
90 635 16492
414 467 26926
467 484 51039
646 816 48166
13 939 41000
7 727 37802
312 508 25710
498 802 12042
289 837 57697
322 323 46615
43 854 20881
500 923 27459
16 919 17804
258 866 33287
497 607 66731
256 415 15264
127 393 21840
96 519 109786
119 592 19235
120 740 29967
113 710 15811
437 464 41593
213 317 49820
74 580 10198
416 609 38833
378 392 26926
207 609 23707
255 739 38210
78 409 26249
31 594 17029
540 865 73355
72 323 26000
659 817 57280
410 871 28160
67 68 36249
226 712 27659
437 480 44721
145 320 28844
763 966 14213
397 675 20809
602 680 38484
264 957 17088
447 529 95268
150 215 13601
1 322 29017
100 565 34670
36 284 23259
200 278 14318
230 354 18385
626 748 87201
23 105 13000
44 710 35014
451 487 52010
28 579 35000
271 393 22672
202 438 11045
7 797 27203
454 828 29967
152 675 31016
853 930 20125
175 431 70520
359 539 18000
65 344 31828
177 413 28302
373 963 15264
53 899 45541
584 714 29833
603 906 33106
157 770 36249
644 771 44688
86 182 25962
31 74 18439
62 332 48765
187 669 40792
182 831 14036
517 753 15556
149 857 31828
447 595 15652
114 398 58421
468 915 15297
490 720 41304
153 407 22672
142 149 32696
329 691 25495
393 482 47074
299 565 26173
115 224 35511
661 741 19026
559 579 42638
389 429 39699
203 478 21587
324 688 36401
402 973 49031
326 628 44911
337 573 53339
331 499 28178
774 909 53339
221 609 41012
236 410 21932
494 770 69123
311 755 23770
325 660 50990
479 767 29155
239 820 48508
288 908 15652
99 409 46530
502 563 26249
393 810 16763
814 886 23431
440 549 61270
245 723 44911
391 412 16155
409 850 27019
538 939 58669
268 581 32202
83 502 39812
368 895 49244
529 604 24698
337 383 37483
377 947 41231
197 357 28178
3 10 12083
400 836 48466
472 682 12369
897 949 30480
433 483 28302
96 644 26926
439 625 27074
722 811 41677
125 403 16401
158 894 12042
691 823 40460
443 951 14560
383 573 22847
670 795 17692
307 434 31890
52 139 86284
98 523 54918
170 366 41773
229 248 23409
256 932 27203
215 697 24597
619 972 37216
535 561 36497
343 556 73926
324 570 28018
206 332 20809
245 579 17493
57 950 24083
343 779 38053
563 678 19723
655 847 34540
716 778 34366
650 848 64846
99 424 19723
529 779 48836
486 674 56223
291 974 29732
9 679 48765
147 297 13153
45 212 13892
102 486 29530
109 137 31401
293 678 43417
232 863 25495
859 922 19416
388 948 28071
417 824 43105
81 188 27586
870 893 12728
118 145 38897
290 372 53824
444 575 36069
22 933 25942
328 779 48600
318 542 14422
146 465 34886
325 669 29017
477 593 31257
655 842 10198
358 413 15620
361 692 27019
51 551 26683
657 874 11180
724 836 49254
292 822 16401
660 934 13454
521 845 22672
345 721 24739
273 484 44777
433 882 18358
549 556 35128
5 486 22023
280 417 56569
410 705 31016
49 636 32311
357 514 17889
52 853 47508
192 391 18974
70 729 23195
468 614 29206
425 515 28601
55 558 25632
432 820 26401
110 311 29000
459 771 35777
203 953 18028
116 163 17464
371 511 19416
401 972 37643
577 730 58241
406 692 35228
317 596 23259
316 755 30414
129 258 30806
750 906 35000
239 905 26926
563 753 44272
206 860 12083
608 941 28460
631 746 18248
370 738 38053
254 425 31016
235 472 11705
844 968 18028
136 970 17205
752 844 48765
164 808 19416
318 623 43000
10 262 47434
681 862 25710
42 851 13416
282 523 31828
131 491 34655
131 293 59363
275 307 48826
166 613 27659
430 758 39294
454 883 41012
693 784 28636
233 468 18439
186 224 35000
195 282 11705
451 537 16031
255 346 33377
76 602 20000
828 945 43417
191 588 25632
842 847 37802
696 879 51430
86 882 24413
312 355 44688
613 797 52000
598 938 10050
506 591 27803
574 860 10630
303 381 62298
308 956 25807
95 786 17205
145 887 31401
128 364 35440
105 175 37336
609 639 25962
510 600 28284
39 224 19647
221 416 36359
311 452 39623
348 492 26019
773 807 37108
51 481 41231
211 899 11045
179 475 14318
862 865 96747
55 444 44944
328 541 23087
150 270 42720
4 878 21024
174 787 17205
2 971 32450
654 805 17720
389 473 25807
485 913 38601
296 481 15000
232 694 22627
573 633 64938
462 642 57306
54 672 55462
4 38 22091
112 710 24759
605 842 19235
294 369 23537
692 707 47297
380 673 32450
325 934 47508
424 881 25495
280 760 62968
572 581 23195
320 966 25080
160 627 42953
106 609 60959
12 261 31385
79 442 27074
204 287 33956
349 540 51000
152 219 35384
424 526 38079
752 968 42297
109 625 35468
493 846 31016
231 626 13892
134 364 29732
276 865 31623
649 832 10198
646 663 15133
123 238 45486
184 861 35693
359 958 30000
27 173 58523
617 837 31780
124 436 17464
769 794 27731
457 818 144014
38 864 37483
191 405 15524
168 169 32573
194 714 46573
160 524 42438
72 819 28844
516 733 13601
120 523 53160
434 660 72111
553 712 32757
497 806 66219
612 754 33287
84 173 27313
63 885 10198
164 680 53085
399 900 49930
80 804 22804
289 419 58523
514 953 13454
225 878 31241
209 434 62626
588 955 57428
382 846 31828
27 713 91831
673 725 38275
650 706 68015
766 768 27019
64 633 41593
293 326 24515
260 803 26077
220 310 29069
51 376 43863
560 844 16125
702 719 34234
876 912 68942
248 635 13038
122 512 22561
395 458 63953
270 697 20224
253 641 40262
130 715 19235
505 776 22804
280 718 47885
123 240 12649
356 692 38833
239 793 18028
816 892 39812
134 838 26173
516 647 15297
61 120 58822
337 810 53852
258 409 51971
79 796 41183
74 438 21633
459 462 10198
568 967 18028
374 935 28460
8 140 16155
396 678 11045
741 959 31305
266 725 26683
20 962 43012
78 872 10198
500 617 19313
360 763 30806
119 156 36797
519 576 25318
85 422 44553
513 970 32280
301 700 24207
94 832 32757
457 792 55471
156 894 26173
127 790 29411
583 781 52953
474 508 22804
451 538 64288
2 839 16643
114 821 37947
667 917 14036
37 870 36401
189 346 41231
157 783 41110
358 426 39000
24 452 35903
196 369 39825
560 936 16125
26 717 12207
291 327 42579
302 815 26420
485 531 25318
311 786 37483
571 935 43932
141 391 11662
206 408 48877
58 154 152210
193 497 20025
550 640 45607
445 549 37947
919 957 28636
519 621 39319
157 348 13928
40 392 39699
37 130 24331
556 653 23854
586 776 11045
132 896 24759
694 971 26173
352 538 58898
647 804 34366
104 639 37162
551 698 43966
295 734 40608
30 572 20100
502 517 42720
56 281 42485
546 859 19799
90 248 17493
553 675 39661
162 374 30871
51 764 34176
510 864 36892
245 559 43681
677 706 26000
327 974 56080
313 495 32696
81 320 33106
236 509 11402
310 590 32311
234 340 39623
544 660 46390
497 945 21095
732 882 44721
353 464 13416
441 560 20248
323 926 25239
256 851 32558
445 653 13000
76 331 37483
27 507 27019
178 546 22204
555 633 22561
53 280 52038
554 635 12369
368 610 13892
221 686 12083
50 161 29614
163 660 42450
255 318 24207
115 802 25495
47 193 40608
59 153 51313
243 969 13928
767 807 37643
54 787 34785
166 778 19647
381 776 49204
843 904 26077
315 585 31401
97 606 25080
107 622 26173
359 887 35384
383 863 42450
738 808 33287
85 146 23770
399 703 14318
25 950 32062
599 660 49739
232 271 25962
82 337 54083
672 702 21401
61 282 21095
244 469 32000
225 760 32894
756 769 45880
467 924 29732
175 597 41485
125 210 49980
237 525 17692
575 780 21213
324 901 44011
7 942 40804
819 873 41976
256 567 32140
429 818 77130
103 449 34000
72 339 26907
583 682 29833
208 250 34205
210 741 59682
458 830 52402
68 336 17464
453 714 21024
36 91 47760
71 302 17493
228 667 91788
502 753 42202
212 815 29155
253 609 63506
103 332 43932
493 812 26907
379 671 29833
331 680 30067
99 258 55714
79 238 44385
12 456 40050
118 958 33061
116 599 19209
185 689 26019
44 112 26173
192 826 19105
21 427 26249
435 854 16279
495 540 19799
309 870 26019
334 722 14866
548 678 41773
198 792 26401
442 796 38639
400 724 13601
361 822 47424
796 921 45000
124 421 31145
287 365 39825
111 880 36014
226 689 47000
312 805 129074
55 429 68884
754 866 19026
250 395 19105
731 791 34785
799 856 12649
174 852 11662
668 731 20809
76 785 59615
214 937 21633
19 532 35468
210 933 26173
484 713 29967
252 896 34785
345 848 14765
18 55 57315
99 616 51971
109 298 36770
31 816 25179
488 589 19723
612 831 16553
822 895 50249
210 254 44418
846 851 29017
109 440 48765
768 801 25060
252 663 63325
891 960 17464
450 455 38949
58 703 69584
411 735 20809
321 503 20616
468 589 13000
654 730 11705
11 720 38471
57 190 37643
765 822 55731
162 674 29698
272 825 33541
884 916 25298
16 264 24352
203 597 16125
479 807 15652
135 290 54148
46 364 29967
174 884 20396
567 837 62650
138 818 143840
245 390 30529
128 785 31241
410 651 45967
494 637 63789
59 230 34000
83 517 15297
527 540 40200
468 510 47381
374 715 16763
524 627 55082
576 621 16643
263 837 27000
434 669 53310
249 613 17000
152 890 25962
51 196 13601
382 493 12530
470 626 44045
705 815 39357
434 642 60208
256 868 31828
365 948 15133
21 638 25239
275 279 33302
57 170 57315
65 266 36770
432 577 21260
18 138 20616
34 102 31321
200 351 52202
761 955 14318
745 859 20125
606 666 17029
85 890 20248
91 284 35384
75 841 29411
544 599 31145
442 921 31016
245 634 35171
142 857 11402
11 821 62290
141 143 13342
416 639 29833
687 826 22561
216 820 31780
121 464 45044
446 903 19209
334 974 29000
634 893 31623
193 533 48703
319 564 44385
596 900 33734
710 929 32450
406 971 18974
412 825 29155
44 929 18788
295 455 43012
341 536 32140
209 544 17263
316 452 14213
43 722 60075
127 839 18439
120 726 37643
10 643 42720
61 726 48466
202 341 14866
158 257 42802
570 840 14318
474 840 34713
401 928 33061
77 870 23707
371 388 44911
134 848 41761
394 747 39962
227 518 53712
195 407 11180
466 880 14142
140 956 33242
48 325 26173
68 750 42000
166 797 46615
782 906 30000
370 767 55027
18 429 60415
125 158 19416
505 818 74953
271 694 12728
785 928 70576
618 682 35355
382 940 32280
57 601 42048
137 625 18439
305 829 27586
404 973 10440
246 818 19235
369 698 28460
367 564 41340
163 963 32558
252 892 61270
14 643 36674
90 199 20616
440 854 38275
84 534 10817
534 546 13416
273 301 65192
446 872 30232
66 945 46487
249 763 25060
107 620 26249
302 962 30463
626 960 27659
405 588 31241
560 859 19105
567 868 26571
137 862 131643
238 518 46098
176 436 13038
286 650 31765
300 751 30806
161 919 25239
258 616 10050
375 890 15811
828 883 38210
202 736 34986
441 922 12166
642 771 38626
263 419 20224
246 381 18028
129 581 12083
191 786 25612
277 916 48270
455 827 53235
391 623 26000
235 624 17263
949 958 20616
54 275 20881
54 307 39446
69 252 43566
25 736 10198
151 407 42059
10 283 24187
403 515 20100
744 836 42953
233 617 38484
41 914 16553
420 957 12806
21 446 38079
121 737 61660
208 277 13601
535 742 42107
689 954 35847
57 736 50359
216 817 30463
1 541 35014
361 823 44553
122 402 11402
664 940 25456
459 642 55027
87 931 36770
170 736 45706
909 929 20100
170 783 23195
768 876 30887
749 869 29155
148 732 12166
244 888 40706
372 400 28636
743 874 62482
82 831 51352
575 592 25179
520 897 42107
76 550 96104
79 518 47381
757 965 35847
15 770 24187
68 296 21260
504 531 30265
13 618 22561
510 891 18385
283 593 36674
600 891 11402
653 811 40000
329 481 27459
44 551 44011
445 835 29682
23 704 10198
17 116 33541
48 701 14866
256 658 31113
338 647 42579
33 925 13038
228 304 10817
497 723 66189
242 659 58078
169 486 13038
118 188 46000
637 770 32388
473 630 34713
261 548 39962
220 492 25456
638 735 26000
600 614 27785
163 267 34986
19 756 55172
265 700 12083
150 697 33136
941 969 39051
107 849 17464
397 629 26627
501 961 24187
84 178 24207
593 745 31016
634 806 30000
342 665 60208
372 661 27295
385 456 39115
288 528 37216
30 129 20000
151 597 24597
207 639 19799
96 716 42012
46 370 39115
31 580 14560
58 399 56294
32 217 21213
578 905 44598
234 822 59666
184 421 35228
311 316 40249
759 833 55471
96 771 61984
300 827 35000
64 65 58009
92 165 34132
331 364 47000
202 580 19849
45 921 14142
351 528 13342
752 847 45222
170 341 44922
115 958 41761
132 656 18439
97 666 10050
189 272 44643
213 457 24839
310 842 16643
20 919 39812
554 776 94937
377 387 16125
273 547 32140
353 437 35355
27 637 45000
208 676 19849
411 772 12369
168 177 36401
241 564 39294
646 647 49244
402 525 26077
574 829 14422
305 667 149084
6 269 23707
797 942 49041
644 969 16492
384 819 29155
35 962 51039
300 691 47127
413 935 44911
336 481 23324
874 958 19209
124 938 39408
521 753 24083
34 564 24759
487 927 57201
50 901 28284
62 924 64288
104 912 17000
518 908 41437
520 727 31780
362 435 27000
554 632 45541
321 944 50220
64 876 63127
415 868 32280
219 695 42190
265 574 27586
585 747 48000
483 754 30083
430 885 20000
798 932 35735
436 861 44045
876 946 64560
154 242 22804
755 833 31780
105 652 107187
22 218 26627
86 964 37014
378 898 26907
751 765 41437
796 956 29000
167 207 21095
1 789 17692
691 765 43417
172 350 39812
13 448 44654
756 951 22804
504 788 20224
14 743 37336
192 623 26907
55 155 16401
268 872 38079
260 794 17464
555 639 33061
168 571 16643
711 873 42048
301 762 30463
232 810 29069
110 755 29732
465 505 33601
188 320 12530
180 509 57940
12 73 52154
245 530 43278
91 781 27459
372 855 56089
444 780 42202
453 875 26683
161 761 29614
33 954 38471
430 967 43738
397 708 25179
59 98 49980
24 66 28460
129 428 40262
286 401 16125
147 566 46872
473 632 29698
409 428 25632
60 745 20100
887 907 34234
326 362 26926
79 227 16125
143 192 15811
234 826 44598
237 266 41761
126 812 22472
643 743 50804
306 328 29206
11 114 65299
652 737 15232
536 587 27731
242 730 13454
144 916 24042
114 662 39850
324 858 28460
866 869 22472
348 770 39598
724 744 61717
271 839 24187
165 285 37014
861 178
628 582
642 863
625 284
330 400
901 573
432 962
299 707
541 22
637 852
85 432
789 515
535 373
578 809
876 817
147 668
424 762
215 115
152 734
153 618
627 400
386 373
714 62
277 545
929 716
836 276
814 864
455 504
574 439
699 537
930 675
164 485
187 306
252 394
238 588
399 401
395 447
647 282
557 834
424 664
983 540
865 326
878 422
605 710
234 640
422 71
291 557
378 887
872 463
86 646
538 688
105 781
732 362
251 818
257 154
213 453
913 764
16 393
611 146
724 893
615 66
574 883
592 384
704 699
703 757
268 518
484 727
469 694
906 646
681 395
169 636
804 196
841 519
918 661
472 567
436 21
416 503
661 450
300 621
987 602
411 895
744 624
809 407
754 871
143 327
777 567
165 839
771 137
282 367
227 282
444 385
542 943
474 960
914 469
219 575
287 952
271 323
564 129
732 451
846 711
118 216
282 385
630 939
732 676
727 62
831 608
525 233
820 715
954 415
215 495
504 370
623 729
653 720
135 474
522 834
418 795
389 578
477 876
311 215
559 84
744 102
662 791
327 689
676 109
354 277
802 396
654 559
361 68
687 521
391 423
880 506
855 594
540 103
385 86
415 218
551 143
985 410
228 99
151 854
284 701
524 475
538 979
537 478
163 816
449 849
149 304
483 784
839 557
551 949
490 345
674 49
147 369
639 103
8 545
270 144
336 242
840 772
343 261
63 637
320 739
115 640
364 376
422 812
525 53
508 946
368 927
782 696
307 437
297 406
874 722
280 242
284 296
765 896
208 821
692 49
661 103
317 472
739 890
379 167
222 790
869 768
752 574
782 132
693 167
265 354
517 815
322 908
431 876
435 491
877 775
193 581
532 463
331 564
483 301
644 81
549 696
590 38
111 306
219 301
366 764
677 554
901 684
650 54
599 738
428 106
570 942
780 675
183 775
358 780
371 324
786 378
222 633
30 332
318 184
479 353
110 521
185 488
364 358
121 345
783 796
790 613
17 490
703 293
552 815
606 329
192 355
308 607
492 971
226 245
595 176
647 255
652 622
711 223
584 495
522 417
240 725
709 783
289 664
165 545
323 701
231 402
30 551
308 944
459 168
440 530
124 205
215 341
218 267
401 898
192 742
360 348
883 609
854 646
333 301
452 458
829 310
309 287
712 503
717 589
125 700
777 486
592 867
713 287
170 676
602 980
669 771
440 842
650 497
890 552
454 322
645 597
478 479
693 947
650 797
257 838
960 427
191 786
380 761
232 860
680 364
175 472
633 77
640 876
420 411
509 983
296 79
566 746
368 674
765 339
469 214
886 291
525 523
830 474
519 704
402 612
483 678
481 797
968 381
798 674
463 612
632 970
184 645
201 224
483 965
550 988
873 212
285 798
245 657
379 483
757 809
215 524
43 700
953 554
247 251
799 221
251 542
69 363
471 443
252 453
425 865
555 159
832 177
814 220
98 691
359 869
835 450
928 298
855 235
503 651
352 902
442 58
587 930
66 541
876 348
135 307
486 698
693 642
897 586
822 176
545 488
887 679
959 682
932 266
725 780
380 139
419 453
658 729
827 777
907 486
276 257
351 714
526 326
754 153
608 189
72 734
547 627
615 51
353 467
492 850
396 846
570 568
860 440
785 368
395 58
597 771
866 681
234 434
488 533
524 727
455 92
527 797
425 245
429 852
377 404
139 339
520 648
898 493
431 704
285 355
654 776
142 204
830 384
656 648
799 145
752 474
779 809
890 507
571 788
220 196
414 514
514 469
454 690
660 580
747 230
173 740
788 491
148 415
77 481
28 448
399 233
282 71
671 798
341 287
651 843
189 596
604 591
654 86
545 900
686 458
231 705
601 378
508 484
341 457
638 917
837 297
759 632
688 308
660 707
716 307
172 650
697 132
187 334
203 855
742 434
304 312
368 431
647 383
677 482
190 170
578 410
625 27
93 563
781 544
309 819
887 440
660 116
749 188
900 673
979 365
911 392
691 880
273 619
134 772
241 196
954 329
642 435
843 142
510 336
660 923
463 558
626 264
242 553
514 247
279 503
437 587
749 513
49 316
184 677
252 861
791 271
249 282
254 851
399 709
742 147
118 288
458 361
664 910
697 211
459 200
633 204
862 557
533 421
235 217
46 688
365 170
268 709
677 861
629 49
510 139
729 148
498 678
706 570
757 559
715 908
425 94
308 399
585 296
727 221
434 414
74 429
855 530
801 778
841 390
788 822
966 524
402 188
330 544
506 841
467 71
720 276
470 285
817 446
536 151
425 149
98 261
474 467
787 865
68 694
243 736
664 245
523 778
657 813
528 102
631 59
321 289
942 564
794 410
334 654
205 879
475 910
759 423
865 568
610 99
355 763
697 796
709 415
992 506
364 711
903 216
412 563
421 119
125 711
285 580
748 862
788 756
884 647
642 265
564 281
474 850
952 510
862 213
479 455
319 550
375 777
391 335
736 868
661 950
756 452
966 365
530 1
564 694
585 366
158 365
199 281
733 663
969 330
348 873
266 130
428 572
708 869
824 762
397 699
797 463
269 412
817 692
509 745
797 313
552 366
517 295
75 675
321 446
679 539
647 669
582 961
267 221
230 875
77 577
130 504
455 539
916 671
676 516
344 693
501 402
472 275
768 216
113 232
859 659
169 572
710 211
769 779
496 484
292 218
673 892
919 688
850 156
48 373
652 38
709 96
406 780
660 217
895 802
456 21
439 785
882 203
783 832
248 313
393 566
342 913
791 654
495 521
703 347
731 558
386 906
674 193
513 308
722 502
727 258
513 378
283 86
505 216
244 884
543 252
514 443
525 434
981 392
635 248
302 778
844 406
170 430
201 210
616 168
214 238
711 658
406 521
211 278
884 493
850 837
613 421
766 661
574 13
844 607
304 879
614 816
297 927
600 801
959 624
939 579
567 177
884 462
311 107
198 673
819 117
949 317
10 557
756 821
837 598
527 897
807 332
27 493
381 823
421 272
173 462
944 626
803 371
971 623
261 324
401 983
616 470
330 868
642 817
262 336
275 768
627 758
343 355
136 398
168 762
352 176
787 480
494 9
472 56
992 566
530 409
236 262
61 624
509 532
801 608
556 443
69 713
239 355
887 809
508 626
569 595
429 741
636 606
99 309
449 313
457 342
551 736
588 575
613 985
367 897
292 755
25 462
704 64
242 676
362 152
580 641
173 418
470 901
640 711
777 171
186 382
742 921
495 256
372 420
329 951
826 269
703 406
288 721
79 470
404 133
881 362
396 539
386 237
663 745
570 48
462 939
229 297
678 418
21 561
628 487
841 545
938 551
370 587
613 395
919 714
805 111
493 90
424 432
546 57
402 273
830 753
573 846
339 197
704 891
634 171
768 264
565 196
722 570
469 736
488 594
729 810
783 421
749 530
237 515
112 772
493 642
588 448
235 456
637 318
109 611
604 958
389 876
550 656
529 588
755 753
507 110
772 732
96 729
855 805
268 893
613 375
460 155
609 620
181 197
112 243
603 562
363 946
894 264
282 206
449 412
439 771
871 745
403 729
381 44
209 561
218 807
405 146
873 191
626 550
595 498
95 285
164 563
108 704
630 804
280 657
406 954
862 260
38 370
774 878
794 720
505 853
147 686
973 584
15 574
382 503
496 146
521 72
614 569
665 596
917 341
821 408
286 402
273 738
207 658
955 672
82 509
115 188
788 172
117 552
147 438
538 533
539 600
645 305
493 509
551 465
442 640
306 490
570 969
145 712
738 573
886 452
266 502
522 505
929 345
381 188
740 287
403 67
642 573
69 662
455 591
766 823
322 722
706 853
742 408
852 361
743 853
373 126
529 250
703 437
853 332
218 827
136 817
898 428
480 256
34 382
529 972
89 664
722 882
575 953
658 160
998 541
627 617
684 276
986 445
730 531
327 78
806 288
711 543
405 482
228 733
659 460
779 213
525 886
488 241
745 747
721 937
626 305
426 359
468 371
765 445
797 553
280 462
204 841
590 394
258 720
468 824
478 204
202 399
154 344
657 228
938 636
396 491
355 260
512 576
872 576
517 907
413 724
775 377
55 406
114 650
341 186
654 420
308 744
172 519
469 771
502 820
375 660
615 673
114 567
75 760
717 684
394 117
990 555
700 196
180 833
387 982
620 685
136 654
791 322
244 630
703 878
693 271
636 900
198 299
828 241
551 342
315 69
613 693
127 799
191 865
851 294
374 350
390 833
350 413
724 867
300 172
708 86
535 332
821 353
351 940
444 923
546 78
506 170
312 533
763 685
908 533
599 786
494 887
931 748
130 786
777 269
640 69
221 324
122 605
260 678
164 660
510 874
374 259
641 221
449 273
196 617
416 844
806 590
462 660
400 867
570 367
724 852
313 931
537 133
610 609
246 82
661 846
876 319
