556 1063 8 227
295 471 38419
166 338 25318
528 549 48415
138 504 53000
59 490 42755
13 542 19235
244 460 60166
346 459 35468
67 233 47170
103 155 27295
68 263 38013
136 139 38013
49 208 47074
10 356 21840
174 239 23770
76 82 57454
25 337 20248
90 369 11000
50 515 79906
230 481 24515
295 361 38275
162 418 72780
238 354 41037
304 393 15524
13 338 13342
426 521 27295
467 473 37121
372 440 38210
364 385 15652
164 432 23409
325 542 12000
263 458 56604
227 294 36056
421 511 25495
54 468 50329
57 455 35440
78 207 43600
137 256 48042
122 334 69231
126 224 28302
153 291 40460
212 490 29698
53 269 47854
179 438 44553
157 551 22472
23 30 49041
432 438 19723
8 342 17889
313 509 42000
172 309 45188
66 91 51088
18 245 23000
39 100 32388
55 259 37336
246 375 101435
304 308 24698
21 214 14866
200 394 19105
152 175 27803
382 525 102591
25 123 68710
104 380 24352
339 547 74626
144 181 23345
81 357 10440
314 537 61465
290 533 68659
74 474 22825
218 545 33601
7 469 23022
186 417 61327
4 452 17804
110 261 15033
156 444 85159
262 312 38275
237 523 80411
98 320 67357
205 281 28018
29 489 34059
234 366 33601
257 308 26420
215 298 51740
80 392 44181
205 293 59203
173 251 59076
458 498 72567
101 247 19416
163 321 56400
172 299 55317
327 505 27074
278 474 37014
100 300 25495
187 391 35847
72 83 54037
133 532 35228
39 376 20881
219 429 39408
251 427 47434
170 241 203953
108 460 51400
200 448 32140
231 413 44272
284 348 26683
195 296 33242
381 469 15000
164 360 36069
68 419 55444
219 487 59682
58 216 60745
166 274 57070
211 239 58600
51 241 115434
390 394 45222
26 273 53852
483 528 63198
117 343 49244
229 465 25000
436 510 52773
332 420 37443
39 253 29206
7 356 42485
12 541 22091
9 228 22627
232 543 48094
307 553 48549
389 470 13038
163 478 42579
15 109 44045
131 329 52555
438 494 44102
77 78 47043
399 476 28792
186 451 31064
85 549 39699
257 504 43417
45 157 76322
74 278 20809
371 408 48166
61 215 18028
293 344 57489
253 275 47011
282 375 68007
32 86 16279
82 410 34015
198 261 50249
369 449 16279
430 497 52839
101 386 51108
138 257 53160
104 187 22361
103 390 63348
435 544 33242
5 534 59464
27 269 80050
316 344 32311
22 386 37336
217 368 44011
26 552 51420
388 400 27857
32 267 50488
133 400 56719
477 511 61033
310 485 41869
70 546 35511
29 214 49739
93 315 19723
351 444 29155
132 133 18439
109 326 21471
355 555 24698
250 424 41617
168 332 22136
213 507 17000
343 465 63561
50 186 75432
7 497 10050
371 507 38897
358 526 12083
235 320 104547
11 188 34525
185 499 34132
53 503 49578
296 405 39812
5 220 57315
161 492 42190
38 535 38588
99 388 23324
164 305 56436
68 357 30480
3 92 40497
10 46 33541
176 551 84054
117 235 36401
213 430 24166
232 401 39962
150 208 39825
290 459 66940
158 516 58215
288 512 48877
436 550 74027
124 212 11662
91 555 26000
222 372 40162
301 472 24083
87 180 20518
318 447 36674
49 504 37363
80 324 43863
326 490 12166
18 270 90443
145 151 23259
219 310 74007
86 317 53600
225 453 63561
242 307 13454
83 192 58249
496 500 66648
319 423 24207
75 419 27731
47 418 58000
520 536 53814
175 389 32450
11 285 54148
325 554 82292
14 393 46840
180 236 25962
130 437 33601
116 554 25318
386 472 65391
259 356 61000
225 265 36222
5 370 56009
253 268 24083
345 418 102005
52 72 47518
332 390 12649
229 466 26926
483 549 35355
313 314 29411
50 294 18974
370 380 36069
49 227 96177
47 328 67476
214 489 41976
3 400 36401
42 547 96104
252 443 47434
151 441 20396
248 326 24083
175 470 34713
204 482 42438
240 447 48010
374 492 43738
147 366 39357
321 387 29000
215 242 15811
236 386 53160
159 492 42450
78 459 34540
106 289 52631
197 446 13342
298 412 71694
19 495 33615
534 552 48021
106 120 80131
190 450 26870
40 230 35355
172 403 38910
15 513 20248
173 377 73164
139 536 47170
59 443 67365
84 224 71701
407 540 38275
231 324 28425
329 548 54378
34 553 16401
211 405 91788
135 552 46755
59 212 24698
51 205 64938
249 444 59908
56 111 36139
70 407 22023
172 232 23000
22 247 23854
4 322 17464
222 307 25239
442 547 127472
130 355 55543
38 367 12166
44 45 24698
234 534 41400
38 317 32016
286 461 35114
246 282 71021
276 422 31257
185 258 17493
452 527 56719
399 535 17804
119 187 28460
51 141 53226
71 85 55000
383 550 40608
358 485 36674
218 496 31906
93 178 19647
332 394 43324
442 523 26683
115 418 77414
64 520 20025
205 278 57706
104 119 13928
343 466 47011
461 462 84119
122 444 53712
87 101 33838
35 211 91439
58 534 103078
285 413 80660
152 387 31064
327 429 37590
501 548 48260
251 301 80449
223 301 24597
229 493 33615
13 424 38910
97 209 24331
25 65 38210
116 460 59405
360 432 50922
198 382 55000
153 459 42953
256 357 50249
269 276 49497
206 332 16492
222 529 20025
272 432 23022
134 396 21932
413 431 89554
239 375 60033
63 192 62801
298 440 65069
87 425 48374
114 463 77878
339 354 34205
71 517 41976
14 85 80411
272 289 29069
81 442 24187
94 503 40112
21 145 31890
338 553 38013
217 455 56613
68 183 33242
63 209 67941
43 56 23345
327 494 28601
24 258 14142
43 111 30806
62 256 40361
266 435 71344
2 425 44204
2 446 35228
364 446 114140
123 129 42059
63 396 29614
91 283 20616
256 523 51430
72 541 58600
96 274 17205
116 244 39408
98 144 22023
37 435 48508
126 379 34928
150 352 59397
124 392 40025
96 378 57706
151 520 21024
368 419 46400
106 179 42059
231 530 29833
48 540 30265
288 318 43278
162 196 39812
19 76 63071
72 192 50567
325 508 63325
438 502 13342
208 447 58181
367 415 19105
24 121 14560
198 472 17720
221 416 43278
379 522 62650
149 296 49204
188 516 49041
358 435 35128
30 57 26249
49 352 69354
114 384 41049
51 74 37336
355 484 39395
452 462 43417
37 501 38079
336 515 95189
258 417 51740
187 531 20881
166 553 26683
257 359 69836
146 468 39395
251 539 57801
247 386 48508
227 434 21954
481 550 52811
87 411 35355
480 521 13153
194 462 68469
193 472 27659
14 533 50448
331 481 42485
179 289 46615
33 349 41231
11 345 46271
132 450 41012
210 402 24698
135 433 59237
121 287 14142
156 383 52953
231 431 64031
338 406 59304
181 298 70406
41 540 53038
8 27 29155
16 289 43278
19 428 64070
155 201 57009
93 216 50090
344 473 67357
51 278 21190
277 369 51039
260 522 38275
85 346 69871
188 500 29732
125 555 37054
129 488 65192
60 514 39115
362 410 12369
435 538 41677
118 415 51624
52 181 60407
5 380 38419
252 426 17720
119 174 14765
45 189 55902
193 223 26571
218 339 17804
239 531 29411
143 543 55172
12 514 22361
85 292 49204
208 227 61465
1 129 49679
284 351 30480
404 518 35000
316 474 55803
32 361 51624
470 483 44407
373 439 11314
6 398 72801
284 505 52612
5 552 65069
127 234 19698
75 263 34205
216 274 56303
316 374 30610
107 230 13153
28 437 14318
370 537 55362
23 205 81025
532 534 84646
401 546 25000
87 199 81099
259 298 83738
142 333 37121
134 463 39850
340 546 90554
421 449 29275
131 501 42544
73 351 19000
27 94 55000
41 407 31145
336 456 26926
276 491 65000
167 174 41785
224 365 74000
293 474 22023
64 441 25632
54 499 39446
46 55 21471
352 512 31145
122 156 66731
108 333 42190
296 374 60811
211 375 65192
205 464 55227
158 545 15264
134 493 25962
182 556 22804
156 201 71784
146 454 38484
20 349 64203
114 404 22204
370 373 52010
23 281 84119
10 55 49254
9 316 38118
209 463 73348
243 268 49649
111 171 30414
329 536 40792
51 170 106827
107 550 43417
109 124 30676
188 285 67082
44 311 21840
378 450 15524
88 284 37483
17 241 44418
182 346 27166
128 415 27166
7 255 25710
219 377 78090
60 396 20881
143 183 21095
41 546 44045
173 427 18439
167 239 29411
342 509 45607
243 461 49204
82 453 17000
477 482 36235
59 154 71561
375 464 46098
163 453 41110
67 103 49649
210 359 17029
203 360 39825
40 140 55073
135 510 61620
411 425 25962
69 489 29155
416 516 40162
382 539 84900
38 462 61000
196 418 48104
69 89 24352
128 367 17804
34 96 59682
373 380 36797
508 517 39812
31 184 25495
150 288 34015
356 495 39850
267 311 32016
491 530 55471
191 548 58421
33 54 49092
227 353 175071
140 233 22804
519 540 59808
422 457 14142
26 135 50695
97 404 30067
403 543 44922
79 275 46690
345 416 55145
273 479 33242
248 319 47381
14 290 54708
299 403 59816
47 345 74330
205 475 49041
363 384 59481
8 509 52154
55 335 49092
120 252 49820
79 251 70385
334 383 60216
36 282 27074
112 458 46043
362 381 20025
257 304 17205
142 216 20248
231 491 56080
152 270 42190
206 347 29017
116 517 49010
83 514 14765
122 360 63891
75 112 19026
368 403 40608
303 344 66189
37 169 30017
291 468 32527
397 399 138130
28 484 39205
67 207 31385
98 335 32202
84 283 36401
149 541 36359
92 400 32016
181 404 28636
250 265 28862
349 420 48662
290 330 37537
332 395 44654
63 83 19723
29 449 12166
526 538 21471
426 443 38833
313 370 17029
176 414 27459
225 517 48021
143 419 22847
31 170 50249
131 435 61000
389 483 51245
24 349 85212
127 388 27731
62 137 30806
69 145 44922
55 371 53151
36 375 54571
30 281 96317
391 531 27659
275 525 42802
136 480 43290
137 297 10050
128 535 21213
318 451 16643
517 554 51971
12 72 46840
44 267 13038
174 187 29732
479 510 10296
79 437 58898
33 468 21095
77 116 29411
76 262 49244
386 548 61400
300 382 221651
157 506 33541
95 256 42942
105 492 64537
235 384 93622
148 322 19105
307 529 13038
165 441 38949
147 211 67082
323 507 29967
411 441 37336
240 451 16643
264 416 43174
423 521 40792
439 537 11402
4 224 41593
277 511 23601
131 548 48094
105 228 20248
185 186 50695
334 360 32757
113 430 17889
267 295 47760
186 499 34886
63 514 17464
63 463 69080
278 293 43417
123 337 59203
375 473 61188
77 244 15033
16 503 27203
20 551 40460
288 447 17720
221 516 15811
48 530 24166
153 330 51352
186 294 67007
100 376 12042
52 97 17000
1 123 19105
69 398 56515
232 524 80623
107 481 13038
42 237 78058
236 441 45222
220 391 41000
17 161 55543
155 414 39598
287 336 55154
130 160 85000
105 316 60440
62 524 16492
136 319 37590
240 434 50931
15 328 38210
352 504 47434
53 59 63561
347 395 39446
109 212 23000
61 242 26926
488 498 129865
390 448 47676
259 412 29120
36 205 70264
231 392 52953
324 413 20396
329 520 32249
178 331 28460
76 428 25000
99 127 15264
225 528 59808
326 423 30150
335 408 27659
27 342 39217
67 201 27203
25 368 57070
393 512 43012
196 482 34000
195 374 48052
286 476 85959
25 75 27659
28 130 39115
88 125 19105
431 500 52479
279 500 69260
266 480 27659
73 444 13601
243 376 28284
359 402 35384
290 318 43966
172 537 63253
164 203 61294
73 284 46519
328 513 34205
202 260 32802
279 431 52393
524 543 55579
213 323 24187
173 437 27295
182 292 30414
95 496 28284
277 364 32894
90 171 32894
135 271 36770
60 159 36056
399 456 176377
301 539 83433
222 280 61555
140 201 50804
340 422 56851
254 270 81123
494 502 36125
476 535 38210
149 405 22000
398 477 28000
325 406 55902
353 402 49659
233 460 26000
175 402 52010
448 551 41110
103 168 58181
41 524 71847
121 258 28071
377 487 82098
46 507 14318
94 305 28284
199 261 53712
162 511 33242
35 405 27459
21 90 44822
11 264 32985
139 266 40522
13 325 24207
141 241 68250
64 548 30067
159 229 15652
56 171 24352
189 379 67801
254 387 67082
297 524 11045
459 533 31064
154 443 32757
100 243 33121
22 199 18868
38 194 20616
445 538 31016
189 267 42059
108 306 19026
2 87 69871
148 224 56143
18 255 70859
273 342 46530
258 515 58523
327 502 48052
236 411 25632
220 534 36401
414 444 80604
197 369 32757
385 416 205548
292 556 41195
337 458 47297
126 527 18358
206 420 29155
34 61 38079
201 414 73335
204 328 24413
235 363 38328
2 43 15652
56 90 25942
15 248 55326
318 330 22672
181 518 16763
217 282 58052
327 486 17205
31 129 77006
3 149 27659
277 449 41231
249 348 89275
97 181 50478
190 378 15524
365 379 75743
102 409 63600
271 433 41677
13 280 35693
96 532 82000
66 555 49820
60 195 28601
305 479 47000
306 406 44598
232 309 41195
465 466 29155
250 542 34928
241 343 99247
173 302 82420
246 299 68425
50 456 188958
299 439 21378
184 475 62968
89 136 65192
276 340 48260
45 311 43417
293 303 26077
191 386 44911
496 545 54083
312 424 17804
86 118 30594
60 63 37696
193 386 63032
204 418 50804
115 162 53085
375 467 62241
65 217 12649
237 256 59540
66 249 87846
466 493 23770
141 228 16401
56 197 23345
140 331 64133
183 419 39051
229 396 32202
277 421 17804
169 501 48508
86 189 43463
223 501 60531
341 371 21541
167 299 47011
73 249 56586
72 298 53907
202 522 12207
169 544 13454
242 529 24597
66 88 38210
146 395 29614
71 528 57489
245 323 103175
308 504 41725
181 259 68184
82 478 49679
484 487 52326
41 297 70000
287 471 40361
221 264 26926
336 361 21024
118 397 35609
101 180 18439
409 502 13000
65 455 54231
322 452 18974
350 526 14000
177 546 67476
26 370 52773
353 504 58310
6 89 73817
112 263 23409
176 506 75664
144 518 11402
54 330 22472
92 99 16401
354 516 55317
315 433 39825
39 268 25710
70 457 34132
397 456 40311
103 207 60133
441 548 46872
20 311 85907
309 401 25962
145 536 49366
48 231 24207
122 383 51624
40 550 47202
32 118 39661
216 433 68352
65 368 46400
413 513 43417
113 245 53367
311 471 17889
156 414 30414
161 465 13342
211 391 55731
50 417 72062
226 398 31906
313 342 53254
444 486 48083
115 416 140460
41 232 70612
270 402 109179
69 214 24413
238 339 64514
110 199 41049
175 321 33601
525 539 48508
315 436 18248
269 503 54332
204 226 31401
485 544 54406
191 223 50478
102 429 69354
410 478 33242
279 519 23707
118 317 62968
312 428 28018
302 377 96104
163 389 60374
42 523 32140
259 495 55073
190 532 47802
302 485 87784
35 147 57315
54 318 23345
146 291 14765
31 488 85159
418 482 17720
16 106 30480
148 461 72111
17 492 64846
6 136 78160
272 305 53038
59 276 81633
60 296 23259
9 474 48260
67 460 44911
19 469 39962
260 379 55946
82 381 48836
113 497 56639
58 96 24739
445 526 27659
100 253 59615
123 458 25020
202 506 74000
84 160 91236
434 447 74545
55 144 69584
10 430 34132
16 154 34366
486 505 15264
238 416 70264
93 481 36125
23 57 41110
102 350 47539
120 443 78102
79 427 53141
281 475 25456
252 480 50478
271 534 59666
95 519 25000
81 498 37054
92 366 19723
409 438 20616
303 464 60008
178 481 30083
222 440 16401
211 374 81216
310 350 68000
125 219 54231
254 255 27019
160 243 34205
168 390 14213
433 534 83744
170 184 27659
138 210 33838
66 202 45277
151 165 33541
292 517 34059
117 363 41037
224 527 25298
311 349 82377
78 556 47170
82 362 39217
203 305 64140
423 490 31765
341 408 28284
162 385 35000
76 265 52479
344 467 68884
331 333 38275
142 306 45651
226 482 44147
457 530 47424
250 262 26571
252 445 42450
55 341 53824
420 454 42544
88 348 20025
158 354 17464
280 553 38328
132 298 69000
320 404 50210
26 313 43829
172 177 57079
243 300 37000
372 412 29428
1 458 33601
110 198 52924
84 130 54672
283 365 14000
250 508 30364
111 165 18358
177 314 46141
254 478 42438
349 468 30083
253 525 39115
200 420 33136
103 201 35847
286 462 86284
80 413 36056
142 331 24515
150 447 26173
347 454 25962
194 317 13416
452 461 68066
486 969
4 519
743 687
336 128
584 678
191 599
920 449
471 612
743 843
922 493
190 803
778 687
739 474
745 216
219 641
364 539
793 847
984 413
880 470
536 210
74 545
35 379
556 886
581 86
459 886
537 625
474 583
264 270
63 593
542 933
585 984
479 75
613 139
751 528
710 707
573 855
167 420
391 60
184 157
544 432
371 755
304 921
11 533
497 132
484 153
937 523
185 736
314 723
815 144
706 47
701 895
838 635
353 580
662 142
927 542
27 550
525 913
668 543
291 594
785 748
770 561
386 842
799 713
105 471
485 858
401 280
627 347
377 902
108 564
364 715
774 346
791 642
441 353
706 858
432 892
823 443
667 332
669 285
213 219
241 660
351 932
853 394
789 696
327 202
774 291
463 72
15 450
373 306
131 556
39 573
362 247
705 673
590 514
430 550
339 834
692 537
853 643
940 612
692 663
189 125
26 418
321 441
583 324
577 694
778 852
341 519
559 476
667 432
247 607
42 335
36 515
433 911
972 488
880 663
75 733
684 356
857 767
457 42
572 707
302 449
567 82
475 411
484 950
276 617
354 308
397 132
679 655
379 37
524 937
285 237
155 438
757 601
739 597
825 751
556 578
186 521
361 824
870 208
169 487
592 405
749 872
628 473
399 858
918 611
95 521
631 196
653 701
317 151
725 708
744 165
85 500
920 305
664 214
330 534
556 320
533 378
491 229
244 835
805 778
245 162
806 793
72 680
849 355
430 497
52 506
738 512
564 759
607 271
182 394
635 979
50 542
463 770
245 281
579 720
903 283
513 325
466 713
595 495
354 479
30 436
895 615
708 307
381 869
608 973
610 93
659 106
599 698
224 809
446 112
739 579
114 383
837 663
117 350
399 79
768 771
108 663
11 567
91 315
19 369
546 222
601 355
406 235
491 491
173 655
637 884
604 234
643 320
769 134
849 667
881 240
641 767
270 607
966 518
88 550
787 567
635 492
489 846
284 847
349 362
641 672
181 825
819 523
142 341
373 147
774 380
148 636
746 77
759 859
819 771
561 463
295 708
440 770
610 391
661 663
892 777
55 443
307 843
212 882
588 742
690 123
816 885
796 554
218 141
652 333
984 436
486 819
22 399
213 586
482 314
750 423
186 284
271 488
166 180
915 397
914 424
359 872
819 223
595 84
890 547
432 215
41 320
775 432
411 919
158 811
778 416
208 498
486 125
190 182
396 601
956 327
590 592
421 508
509 579
682 523
167 227
361 636
41 635
694 875
318 820
774 481
636 912
546 857
349 231
399 333
194 749
245 78
553 80
713 179
392 506
698 188
638 183
735 321
673 837
712 65
502 80
764 738
371 825
826 601
517 758
206 106
120 330
178 329
651 823
805 233
458 546
668 451
805 544
796 210
444 729
275 361
518 126
788 468
517 664
489 673
580 531
740 805
411 85
685 146
219 539
919 676
883 310
319 132
978 539
273 690
724 455
237 588
405 412
193 669
136 487
670 163
604 468
600 250
625 436
488 479
954 583
532 29
448 903
742 487
273 861
409 631
971 573
487 620
881 810
710 793
144 798
705 280
603 205
393 307
587 171
275 429
422 353
786 207
883 186
240 852
339 250
901 487
354 922
250 424
880 257
456 472
523 48
890 407
887 739
30 666
349 217
688 683
393 48
448 830
39 584
528 677
979 553
857 510
529 729
721 781
586 802
190 137
272 349
743 564
405 166
554 702
889 427
58 271
523 430
914 686
37 680
70 392
903 331
704 643
876 301
596 262
632 712
285 656
790 229
559 236
637 225
805 742
485 20
121 619
347 26
730 653
419 736
904 231
480 805
883 641
725 730
683 493
350 732
975 601
382 459
887 395
46 467
862 539
253 694
528 348
406 34
148 853
634 50
143 696
420 867
579 219
55 624
365 667
234 558
774 457
39 492
266 505
231 269
816 467
372 394
956 496
297 772
408 489
611 556
727 88
215 427
562 528
258 257
398 472
521 737
829 536
81 480
330 944
298 527
449 364
282 447
8 554
718 162
549 254
51 595
758 560
676 132
325 114
836 394
596 180
535 879
522 4
367 681
459 949
682 253
636 391
257 111
331 71
863 739
596 847
819 796
844 781
643 777
615 160
901 436
869 290
526 110
96 332
646 814
695 838
654 930
320 36
121 647
891 362
505 546
229 516
566 487
138 679
825 296
303 266
243 388
415 398
340 303
501 998
97 591
249 586
298 652
764 789
850 758
422 435
863 499
311 830
930 450
388 934
628 122
252 799
134 401
395 459
390 547
825 180
407 385
476 259
951 526
741 394
475 664
510 537
60 649
755 204
226 660
782 709
627 35
186 840
733 355
911 620
339 809
104 491
242 518
396 228
336 918
382 826
133 201
261 429
381 123
830 359
818 543
324 701
605 718
710 617
713 255
628 638
358 40
144 527
512 730
251 448
140 249
318 753
756 689
736 455
437 818
191 404
257 827
399 721
210 901
107 441
800 321
516 470
510 241
587 613
764 518
688 381
352 271
694 325
