572 1543 7 356
164 299 69426
487 508 63285
354 426 39459
72 94 56586
453 472 62769
12 63 27019
16 540 36674
255 513 24739
37 388 22361
181 251 22361
308 528 18028
440 531 49031
475 501 49366
431 559 58873
256 384 21932
50 571 40361
213 221 53151
208 337 63063
343 491 215520
3 307 48166
218 518 34015
69 438 75060
53 215 35228
76 297 20518
166 410 45695
269 442 33061
14 90 62177
210 349 32802
144 186 24042
412 571 18868
265 435 33242
56 375 28862
479 544 18028
96 400 41146
66 227 35693
214 282 16000
8 211 23259
47 72 69893
228 452 15133
41 448 43012
125 195 44721
67 455 39459
45 423 36125
433 512 69871
349 435 43278
2 300 50160
64 382 12042
117 562 22847
374 460 36014
212 406 14036
162 548 65368
161 355 48826
351 421 40460
285 443 51245
61 175 48662
17 332 46755
298 456 24021
9 556 31765
229 343 88685
198 438 50567
184 458 31623
46 546 95294
139 500 49980
329 535 69721
86 252 94048
91 216 69642
187 454 32140
202 335 56515
139 205 21932
219 442 23345
391 404 44000
105 504 25000
264 526 82492
3 518 14765
101 292 47434
290 429 46098
110 439 57079
155 189 35440
49 153 41437
14 166 86683
399 439 45695
75 122 55758
157 268 39825
93 369 41593
7 53 39205
29 80 62290
112 332 21633
89 108 33061
287 572 17889
328 340 46690
456 462 19416
101 173 40311
80 457 61984
359 565 52773
332 494 10440
212 298 54644
43 558 53460
16 255 49980
243 571 39812
122 378 18601
17 494 43417
95 152 50636
22 534 54120
386 524 27019
427 462 41231
65 159 17029
214 249 65307
394 510 13928
133 292 57567
147 550 16401
106 161 19698
116 151 79310
191 229 23345
29 308 18028
207 239 108503
30 231 79429
55 180 22825
404 488 50606
189 198 28653
447 506 24352
3 560 23345
160 386 29530
55 381 64777
416 458 94340
70 203 56294
338 479 76295
353 535 226035
419 445 28844
33 98 17720
319 393 19925
82 385 12000
16 462 36620
278 398 31780
280 369 59682
196 336 16125
272 483 70257
5 321 39408
200 501 36139
541 569 71512
79 356 44000
206 292 48260
74 261 31385
226 538 48260
240 381 58873
120 456 63127
21 24 46011
107 111 12000
328 337 60075
295 307 32650
357 398 84172
72 417 61270
248 326 55660
223 289 47170
376 518 50931
1 47 73410
67 237 29411
134 505 10198
217 255 82389
86 448 67602
106 355 49031
59 273 74726
92 182 10198
250 269 42012
75 271 23601
133 326 33541
5 517 65000
248 356 71281
98 513 43966
424 539 40249
20 304 16971
38 323 17029
59 345 86331
51 289 63789
196 326 47434
49 197 78313
241 265 43829
463 496 29530
309 314 13038
334 339 22472
135 235 25962
424 504 61814
118 269 14866
51 149 41340
46 91 95859
464 490 28792
68 108 21401
274 363 48083
95 553 56436
40 152 81394
465 546 55785
351 474 29411
195 241 26683
276 509 11662
78 543 14318
398 414 26907
114 294 68622
16 175 21378
83 306 21000
55 366 36620
39 80 35735
41 252 77389
220 502 68731
341 456 36125
165 461 62936
311 504 21213
150 400 50567
127 437 11402
270 555 36056
68 103 55218
331 417 40112
341 427 50040
217 475 40000
54 174 27857
52 414 37000
460 468 55660
347 362 25179
272 544 31953
245 312 16155
24 494 42048
344 459 39051
286 439 34828
270 324 50804
133 196 33541
369 432 38079
59 81 60407
364 367 112178
306 553 45793
297 384 62626
323 388 18974
34 283 48918
8 389 59908
14 278 28653
255 401 23537
71 390 66843
135 530 21095
70 300 16031
136 137 14036
341 472 80430
65 405 23022
40 364 113358
179 316 46228
267 457 50606
338 379 50804
171 277 34986
2 13 19000
518 560 31321
43 315 65552
41 521 83217
15 383 17088
81 488 104235
61 407 60745
116 406 56719
403 565 16492
279 527 83295
222 386 32140
289 381 81413
251 490 25807
201 246 26249
188 383 37054
393 549 40447
343 471 80660
133 173 53413
426 567 51662
220 226 51740
109 438 51245
6 115 29411
444 524 30529
34 209 21213
126 558 68731
177 422 67956
138 472 39395
200 568 21840
43 96 169499
130 391 22204
96 562 55606
130 353 27785
188 365 81216
421 485 39000
101 228 39115
300 436 30480
74 99 49010
260 464 44272
187 504 43841
140 197 67417
58 543 30594
144 371 84024
24 571 20809
468 563 16279
217 458 84481
114 132 74626
360 568 57315
242 528 46400
151 314 19209
393 542 20125
238 545 63632
481 495 27803
6 322 17804
355 425 44944
379 519 60216
502 520 16000
209 396 31906
178 408 30414
22 420 62426
74 415 48847
10 208 55082
399 415 28460
105 305 36056
48 499 61984
187 424 50804
353 391 37216
105 549 14422
94 99 18111
511 555 36359
517 556 47424
260 388 64382
172 404 39205
42 126 35847
70 557 40311
315 558 73926
204 241 44407
1 465 77369
53 560 37537
91 514 77801
199 296 44385
241 487 50961
114 503 20025
444 523 24042
479 519 84202
332 482 26019
24 50 43174
451 562 47170
366 402 33121
315 467 57035
370 381 34059
275 562 40804
295 333 30610
117 197 169452
101 206 30806
526 548 32016
235 263 104293
32 167 12042
112 482 13601
59 452 25239
427 456 38949
469 511 64382
420 554 34132
208 444 21633
118 226 76276
523 524 34205
101 452 38897
35 294 47011
377 514 37643
499 561 56727
14 398 56436
470 487 17263
288 403 151344
86 244 53038
236 249 17205
105 460 33615
386 508 48000
114 542 26571
43 129 24597
416 540 35693
165 441 69231
7 115 42426
273 345 12207
231 253 29069
159 526 42720
38 388 31401
246 513 33541
227 302 40447
156 509 18439
119 544 42942
57 427 10770
211 561 29069
390 392 29428
96 117 77936
326 531 47539
163 204 48270
56 201 36125
32 295 19000
25 399 22804
207 336 92914
17 24 26249
239 338 78058
16 513 57983
106 184 32016
13 300 46011
355 449 43829
122 157 56462
324 426 47434
132 305 32527
80 376 51478
30 422 80498
324 450 25554
350 394 27731
88 535 42426
290 366 20125
47 209 56639
158 436 29411
48 522 10817
90 478 41976
240 510 30232
108 545 50931
463 513 47424
88 109 19026
90 135 20100
146 254 21840
272 375 47424
353 488 24042
185 202 32016
210 373 36878
240 370 57428
460 549 33971
314 449 14318
28 477 21213
46 526 49659
3 507 26420
91 405 92661
89 289 26077
78 100 28844
294 503 56604
54 375 13342
257 277 53085
188 329 80362
472 566 71197
165 283 43012
424 468 26000
78 433 27857
65 548 24083
34 396 48415
4 156 34205
31 197 55000
422 552 47413
195 284 21471
351 514 26019
92 543 25495
508 544 67779
265 373 23022
281 422 21095
277 313 60671
175 462 26000
457 528 53009
503 542 37643
282 372 10198
95 515 22472
18 135 25080
201 375 53009
189 486 54342
139 275 29275
62 221 76276
281 552 29000
170 288 82298
450 551 29530
4 242 14866
119 496 26926
40 224 51624
384 512 115884
123 361 68884
468 557 50010
126 380 55009
196 531 10296
371 421 36235
7 529 24698
220 306 53488
51 517 28862
107 473 46690
161 184 16643
178 335 30676
408 446 13000
115 168 72125
252 521 81988
120 341 49820
403 492 92655
458 475 61587
124 540 20616
229 541 103697
8 207 28443
362 364 30480
224 553 32202
40 118 53488
92 100 18682
411 527 112787
19 358 13892
22 136 47381
469 537 36878
203 552 56604
80 334 48836
412 572 24000
188 330 16125
62 276 53759
86 340 47127
7 215 51245
282 301 35128
87 430 74967
164 187 31623
176 313 58669
315 413 53000
162 186 34540
9 223 19105
92 383 40853
31 141 48600
82 421 18028
192 262 37443
201 496 24187
35 503 49254
262 325 46400
151 431 73007
81 353 126606
1 546 70328
56 98 21024
334 382 27459
21 332 21260
218 560 27203
82 275 43829
119 407 14318
341 566 63388
431 490 80994
4 564 28636
15 293 34132
399 408 20125
268 426 64382
271 327 79906
194 306 24207
30 177 74525
252 480 26306
221 418 48549
8 292 75505
220 299 16279
56 348 11045
204 487 52431
180 366 19026
235 530 19313
88 291 95294
398 445 45541
210 435 55543
256 414 56400
354 555 30000
134 345 30414
149 350 16643
189 291 46615
491 511 17029
155 198 25632
337 444 64382
490 559 61270
484 526 32802
279 304 33242
46 264 68154
41 198 53235
185 335 44598
303 440 29967
343 394 35805
121 128 41976
368 501 33615
217 493 47011
222 499 82000
81 452 36497
438 448 33061
100 188 85796
386 536 38639
436 503 83295
271 472 32016
79 248 59135
120 212 53759
154 315 59211
163 373 12042
17 199 40311
181 490 40719
55 402 37014
285 400 29275
113 300 48826
12 477 35384
391 570 13601
207 499 52811
234 481 24083
432 561 50606
299 502 71253
62 418 72422
297 506 230801
71 437 53009
266 515 39812
388 446 21633
274 519 51420
235 316 32062
60 296 28284
146 392 21095
11 73 23431
257 295 27857
391 521 17464
300 447 21633
6 250 69426
492 565 77466
153 532 41881
115 123 55444
524 536 19723
380 484 49406
113 436 54781
229 569 38275
162 315 65299
467 548 51420
23 72 55009
133 207 74887
365 535 83744
342 501 42202
16 124 41110
428 566 17493
249 346 26173
136 534 19026
189 521 67676
312 390 18974
334 435 37947
48 131 20616
385 451 10440
41 189 33838
8 282 37590
409 535 50249
346 389 42942
118 538 58215
312 395 18358
19 426 31064
137 234 23324
168 349 39357
204 533 15297
217 347 23854
318 492 42450
267 325 58669
12 28 50537
80 525 17029
144 285 64405
408 415 37108
67 215 34670
247 321 17889
207 292 80062
33 493 59304
206 346 11180
50 260 25456
192 244 18358
119 272 50010
277 423 20881
237 357 17117
99 310 33015
73 402 23409
10 328 58669
391 488 47927
415 446 37443
123 339 49649
275 500 52393
458 568 59540
179 203 31305
81 172 88482
337 340 43600
55 429 53451
321 471 48374
235 506 142274
212 416 41110
106 449 31321
208 470 51196
243 359 36000
21 482 18028
342 430 51225
16 463 61033
116 437 25495
313 414 49366
85 481 47518
9 51 29000
382 435 23707
172 488 29428
31 286 16125
173 505 59908
134 273 27459
434 439 63702
88 155 67676
248 527 79177
231 410 58000
18 90 34828
301 404 59034
237 455 27459
436 542 69116
108 223 55606
84 390 68469
547 553 29069
76 397 10817
53 258 27893
248 531 36139
107 500 29411
260 287 39000
351 371 59666
221 329 61855
171 512 35847
143 568 11705
303 489 30806
486 521 35735
10 470 14866
200 396 10630
155 291 28862
4 325 53339
77 277 19235
63 518 35847
97 158 19698
80 528 68029
43 150 77897
170 243 60374
220 520 68264
5 138 70264
106 309 40719
206 389 44147
28 167 83385
274 352 57871
46 159 26627
80 339 45607
59 527 101193
107 140 30000
95 466 20248
25 408 17692
197 205 108706
176 560 27313
120 566 33941
125 457 47127
44 300 29833
304 356 33601
475 568 29833
193 322 19209
79 303 28862
375 483 37483
238 519 23854
102 218 25495
24 476 41761
241 470 52086
123 529 45607
87 441 68015
315 443 62362
86 369 81933
450 567 31145
276 528 17205
102 376 37162
66 429 39962
476 567 65460
202 318 10198
232 460 17205
352 363 33242
23 310 31780
338 522 18385
81 236 28425
151 309 11180
23 47 38118
108 341 62290
19 567 53367
64 265 34176
333 543 46957
142 335 50636
143 501 31401
342 515 32280
81 228 35171
163 210 35228
415 439 68015
226 547 37443
434 473 38949
120 127 37443
114 393 19313
466 553 46098
345 527 14866
279 411 38897
176 215 34670
151 490 45277
148 262 27019
237 495 23770
552 557 47011
260 335 65437
31 49 24042
316 530 14866
409 438 52393
361 529 53824
57 175 44407
245 395 31145
301 372 37656
201 272 51000
294 380 91220
122 327 63600
167 307 29155
154 443 22023
5 378 44944
348 375 27295
152 266 35014
124 401 14213
61 463 31906
410 530 42107
57 545 17263
157 378 55227
146 567 53000
33 56 25298
17 559 39395
213 293 22204
261 310 46011
21 50 26401
254 390 20248
161 360 49649
459 550 43600
99 415 54918
40 367 112579
98 201 31385
64 284 26306
150 413 47265
107 377 71028
240 343 53759
131 522 19799
422 563 18439
252 404 65765
140 205 60299
47 465 65795
23 425 58078
118 250 48826
243 403 57070
51 556 36878
129 320 12000
132 549 41304
313 419 45398
278 397 42802
107 497 59464
11 240 46271
219 349 10817
334 349 67357
204 367 30594
109 409 36014
205 500 45967
467 526 61033
288 324 12083
303 352 42720
264 305 77337
214 301 39825
299 305 67268
325 328 65620
37 335 20809
99 417 16125
112 464 16401
77 333 36401
407 544 44553
382 525 45222
86 128 37947
27 409 31623
385 421 10440
358 390 43186
69 448 81394
325 340 54203
100 365 145248
432 516 18000
508 523 26683
248 440 59548
203 447 55172
149 247 21213
110 141 18028
464 550 51624
27 438 63600
229 411 157892
461 546 83217
469 491 76400
336 440 53160
115 455 41340
52 256 33015
414 445 38184
102 361 17000
288 551 53935
405 548 35355
30 410 65734
217 362 41629
11 191 15524
18 190 35341
404 480 47424
122 138 61327
116 309 81099
30 179 40792
96 371 47074
25 153 52612
37 408 26476
14 190 36222
17 296 46573
20 279 26401
66 289 49739
26 79 70803
127 428 36878
28 182 59203
199 395 30529
177 253 35355
181 449 26683
2 35 92049
36 511 31145
305 549 33287
60 199 24698
11 569 24839
27 535 69462
68 238 80081
159 548 31401
174 483 49163
91 230 89889
160 524 11402
315 380 57871
228 236 15000
133 336 36401
381 510 48415
191 240 43174
335 388 36401
299 311 63246
285 371 82073
110 473 19209
468 504 61294
28 333 82098
360 458 53852
142 287 10050
223 472 50922
105 311 35000
22 85 34928
22 539 37162
34 465 65276
48 338 26019
1 72 12728
8 561 14422
68 227 45967
266 362 29732
23 94 42379
387 500 37216
80 382 49729
87 283 19416
323 415 33015
193 455 23195
26 304 47011
22 454 36125
83 299 49041
407 463 34525
106 406 90255
253 495 25710
71 428 35440
106 314 36222
140 387 11402
455 495 32757
63 376 53339
474 514 44204
156 564 22136
318 335 57079
46 461 39013
14 76 43174
210 442 12649
326 505 50090
63 308 49679
93 480 34059
116 431 25298
216 331 54562
281 563 26249
2 113 26907
275 451 29428
342 396 66843
157 469 46487
386 479 69260
5 537 36674
422 424 20616
121 262 40200
262 564 13928
115 529 39623
128 340 39661
377 500 68877
268 327 15524
73 569 34059
259 532 34205
104 366 43841
320 413 25080
30 552 50359
225 439 37054
273 505 25495
249 301 78313
236 346 19416
140 141 52498
45 78 34785
254 358 26926
194 441 27803
182 383 36346
428 453 25318
538 554 23087
6 534 20224
94 417 21260
194 430 40012
182 543 25020
185 492 58009
534 554 70434
164 504 21024
249 389 57801
154 413 26926
268 555 21401
178 532 15033
352 440 48010
97 557 27203
186 285 49497
160 222 12530
5 471 23345
26 104 59481
523 536 24839
93 372 39623
148 156 41400
507 518 30000
104 290 53712
74 323 48083
205 387 51010
170 476 62008
247 350 16279
138 517 58822
284 525 45011
306 441 37054
291 486 21213
117 205 60803
395 431 49041
470 523 51000
61 519 69340
146 358 21954
117 275 31321
75 138 10296
68 545 58310
250 554 30463
293 477 25080
509 528 24331
129 413 14866
429 489 27659
265 284 38626
508 536 12207
242 457 16155
332 559 51245
386 544 67067
5 122 47434
115 193 27731
48 239 84155
53 529 44102
207 561 21190
393 460 25495
169 514 16401
131 386 53666
241 284 29682
72 216 37121
132 264 86331
181 314 21190
425 498 38471
226 420 43417
118 442 39850
110 434 46174
100 383 54203
36 270 22361
183 497 13153
313 445 30414
126 315 19000
28 307 80056
234 534 33956
70 552 65000
1 91 72346
26 356 57035
371 400 69462
342 368 10440
276 308 31257
222 444 35735
374 504 15297
287 412 35777
38 344 17029
30 316 45354
422 539 44011
52 384 50289
176 295 68593
100 433 35440
125 267 29530
305 311 33541
114 484 99020
77 295 47074
95 224 61774
33 513 47634
366 429 42544
143 475 35511
339 361 52154
177 481 34525
211 516 18601
12 507 35341
180 402 19723
172 249 74330
211 372 20591
73 104 21190
90 166 54918
129 315 52402
242 509 34540
281 468 31401
37 446 17205
279 356 26420
158 542 50636
407 496 28284
251 550 33971
491 537 113230
122 268 65863
131 499 64008
401 540 21471
166 237 60407
174 493 50931
120 406 50090
142 185 27803
380 467 16125
368 515 28018
344 464 58523
58 77 32802
486 570 29411
325 564 52010
147 459 42190
147 425 48847
248 279 78006
390 395 15133
58 233 21190
74 310 41037
232 468 47434
21 260 29614
138 556 54231
82 474 13153
162 230 61131
229 240 37483
147 498 30887
71 271 68425
87 342 55606
115 250 68942
310 425 61294
214 389 30000
154 285 50488
318 532 44553
76 278 44822
167 333 12042
15 213 18868
384 397 32650
378 537 31064
487 523 48508
50 412 39560
108 427 44721
434 497 23345
264 299 44721
256 278 47170
396 501 42012
103 238 62769
110 286 46098
203 263 20591
162 467 44553
112 490 24413
420 520 23409
206 228 20518
91 159 93005
258 529 47634
168 269 39294
220 547 60075
170 551 33615
343 350 49041
185 572 30529
76 384 42438
239 336 45343
166 253 43600
222 280 83409
329 330 78294
426 450 32757
131 479 70292
471 537 22361
483 508 87983
261 498 23022
454 520 27203
8 372 32016
173 292 20616
417 434 66483
296 392 32202
192 418 57801
90 410 12649
187 539 48260
67 357 20248
14 297 37537
367 533 17493
116 127 29732
6 193 29017
52 171 54489
18 235 29206
128 325 21000
42 294 31401
77 233 19000
49 439 50010
199 559 13892
217 401 83006
245 437 51196
115 322 13342
22 187 43932
10 267 44922
317 360 14422
148 418 44102
331 497 28636
150 320 63506
67 398 84077
54 348 31321
38 459 44283
21 494 13601
13 44 30480
107 183 63285
290 489 36878
157 511 29155
174 348 19416
459 464 58310
16 298 47676
103 274 66219
421 474 17263
321 350 28160
304 541 45177
177 231 30414
130 570 17720
111 500 18358
84 268 33015
165 546 55154
151 181 23409
134 248 57801
147 449 39000
94 310 22847
401 416 51971
309 406 88814
294 558 79981
260 482 28320
152 364 49041
349 442 23409
340 369 92574
121 192 19235
124 255 15232
208 328 32249
168 334 72471
280 499 53451
359 571 17000
10 241 49980
479 522 74733
29 528 34000
274 379 23022
238 274 48918
25 532 39623
232 319 14036
8 214 47381
61 238 73246
338 519 65490
157 555 22091
78 92 29069
162 405 62073
298 462 21401
277 295 51865
160 444 28601
259 318 40012
36 324 45177
441 461 40000
239 379 45804
176 307 65215
359 412 17464
380 526 60075
421 451 20000
261 425 35355
85 539 26249
176 419 35511
36 288 47424
132 526 69871
18 478 19105
407 479 44944
208 523 35355
364 493 18385
235 297 88752
2 558 185456
176 257 60440
347 364 20616
66 363 52202
261 459 34409
84 358 51624
223 556 30265
192 448 66408
392 395 32573
194 553 43829
85 136 25000
49 225 64405
191 569 20396
121 244 10630
93 301 37363
360 396 56223
59 101 30529
407 519 91924
347 493 29547
215 419 25710
145 364 36401
186 443 24413
144 162 40262
7 67 46690
140 473 34059
239 440 53310
153 225 58078
120 298 65146
179 235 73164
169 351 20000
464 482 21587
378 469 26926
381 394 46239
27 329 60465
12 307 50010
103 227 12000
14 478 40497
162 443 37590
77 423 21401
83 441 43566
243 476 27203
40 210 65765
263 506 39051
280 432 38210
25 225 12530
119 201 10198
64 435 15000
58 78 25000
374 468 57245
323 446 32311
29 63 43417
40 95 82201
296 567 53038
216 377 48374
317 425 55073
466 515 33242
166 357 58856
404 521 43463
190 235 62801
107 434 60075
395 559 39051
33 255 65552
250 538 46098
258 560 35057
551 567 12083
66 302 52631
20 411 13038
287 335 51039
358 426 34670
137 481 21633
130 291 62169
109 155 58189
166 231 22000
483 487 81744
428 437 33136
372 516 33015
183 216 62801
19 146 12042
36 491 22804
91 169 75166
103 363 34482
120 428 41785
65 91 93381
96 485 39623
70 447 32757
58 333 48836
27 221 69007
218 258 19105
45 512 46174
25 178 29530
97 542 43174
411 541 56824
4 267 61847
165 465 29155
317 355 35341
66 103 39825
179 263 36715
105 374 13000
288 491 68505
281 557 48754
365 433 178227
69 418 20248
496 513 38013
272 508 52240
88 409 40311
487 533 60208
321 343 50220
307 507 30232
184 406 89627
258 361 15232
67 445 68359
12 62 59034
177 539 58421
204 373 46011
116 245 40804
225 399 16763
63 507 33242
111 387 23195
60 392 15133
67 419 49649
52 277 72533
266 501 33734
363 429 41785
260 344 48877
332 490 32249
242 267 57201
266 475 57315
301 480 41617
164 454 49930
125 525 61847
148 192 32558
216 514 66189
292 389 34000
278 414 50695
79 290 61400
144 230 54129
104 402 15133
184 416 92195
42 380 76922
109 198 41773
70 436 22136
74 459 44553
430 553 42942
79 489 50931
137 534 23854
5 247 50289
412 565 64078
223 341 80025
197 492 220465
371 485 18385
355 360 44553
145 266 24413
226 520 47381
329 365 29967
183 377 64405
97 232 27659
335 532 37537
41 438 52010
82 500 59682
98 246 21024
190 297 26401
182 333 62968
377 474 59034
337 369 83241
459 498 21587
168 250 25942
41 86 85604
150 154 37590
219 269 21260
209 360 54708
62 293 54129
370 402 39319
280 561 60638
319 460 11000
44 506 22204
270 426 45177
264 461 65307
6 554 62769
184 212 87052
222 337 58856
224 547 17263
268 354 41304
210 265 48270
118 224 80957
247 517 34438
190 478 18111
71 453 33541
342 466 48301
117 139 39446
39 339 25080
28 383 42000
45 58 20125
232 542 21932
193 234 27019
304 411 23537
24 243 41617
420 538 17088
270 511 31145
35 113 68593
28 293 13153
50 287 27659
253 481 11402
200 360 57706
55 66 40719
123 334 52038
243 565 58592
101 273 72471
47 425 65192
270 354 11662
203 506 50289
244 448 55758
267 328 40497
93 432 34059
130 535 198252
145 362 17205
55 289 67231
104 541 68768
38 74 41400
32 307 18028
97 468 35114
57 108 43863
15 28 39395
101 505 64514
145 152 21213
193 534 37216
75 327 72014
7 455 28862
252 369 35355
148 564 34176
336 531 25179
62 213 67742
9 289 42426
34 47 42544
60 395 29428
71 312 58822
85 137 34670
193 495 33121
454 502 12806
485 562 37336
15 188 22472
565 572 76694
35 558 104924
343 537 102303
228 346 20396
130 486 42720
417 439 93134
89 302 12806
62 156 57428
483 533 38949
284 382 28160
39 376 38275
45 233 27313
164 502 55362
237 253 44045
49 259 68884
436 557 30414
83 461 61660
239 352 63569
135 410 27785
283 396 75027
204 265 51000
451 485 43829
82 377 61984
294 484 110055
49 492 143569
259 492 75240
71 245 57245
89 223 42012
147 355 35128
220 553 63561
415 417 66483
283 342 59908
174 367 75153
54 483 26926
87 165 36235
173 326 36000
79 440 45618
183 331 19105
181 550 29017
45 433 27459
172 301 66287
86 121 53535
13 506 49396
69 192 57871
213 330 21471
53 176 39000
132 484 43932
317 742
22 383
405 190
551 234
842 785
309 324
339 265
800 321
798 674
562 334
926 645
450 152
22 364
211 165
489 71
640 600
582 877
160 193
676 875
986 505
531 860
264 375
381 750
562 894
396 903
945 554
621 90
473 107
470 217
150 287
324 942
391 127
569 522
401 673
49 471
757 916
434 895
443 842
442 268
408 460
713 160
63 545
16 621
45 344
373 37
237 597
384 712
734 427
347 949
520 884
819 694
273 103
363 234
557 467
866 606
577 498
705 610
382 55
945 305
631 861
669 556
509 154
449 179
464 339
202 623
829 589
305 233
762 615
597 125
84 362
693 782
326 751
911 627
418 809
773 765
201 123
362 81
406 48
903 497
476 279
925 248
186 789
285 537
719 826
250 343
661 228
353 625
686 60
778 630
182 220
270 687
435 50
779 263
367 790
394 541
93 772
137 400
586 517
369 808
430 32
919 321
421 247
794 570
918 607
184 454
529 721
245 849
745 628
687 79
291 896
233 849
529 834
40 403
118 467
333 307
627 762
136 837
389 410
623 499
668 709
616 199
803 812
388 314
599 597
549 305
77 578
647 740
625 240
38 632
826 132
714 422
181 507
857 391
942 392
162 218
270 328
269 314
778 756
170 857
245 879
285 913
501 915
457 626
137 678
459 548
664 874
484 766
575 176
854 716
54 689
548 769
444 533
388 955
72 656
742 98
542 201
781 864
119 392
215 612
652 372
521 703
127 639
474 406
225 438
321 642
228 250
390 115
384 358
213 736
640 955
313 66
852 198
890 349
547 493
661 604
363 195
223 302
422 917
110 279
886 595
526 777
437 60
299 816
530 689
484 937
114 671
235 408
510 63
732 132
175 161
941 649
607 182
308 295
325 552
509 325
863 424
269 942
718 107
610 848
447 636
613 501
464 962
96 307
521 395
185 873
901 296
795 349
617 337
422 670
439 402
790 300
617 692
499 87
834 288
334 214
289 754
511 575
404 228
410 382
287 487
552 91
663 366
779 672
364 487
385 897
326 453
794 582
916 282
958 665
186 655
228 272
143 427
362 62
281 294
137 211
907 270
288 257
740 538
813 456
931 691
515 351
541 245
586 928
623 191
639 801
605 526
857 737
907 438
893 260
361 370
522 799
755 225
254 285
658 853
593 583
240 104
346 137
390 241
414 965
502 866
434 782
576 203
78 297
263 534
476 371
445 568
575 291
746 845
394 396
747 896
754 751
613 450
965 377
777 506
166 828
518 207
343 84
236 151
970 484
729 315
165 357
818 288
364 641
490 335
79 706
326 926
502 905
722 948
804 632
896 558
770 105
874 336
486 105
68 514
372 127
627 889
186 137
648 647
271 490
68 363
815 253
788 622
875 504
974 517
204 484
306 537
401 142
487 211
546 758
388 781
219 454
645 816
334 144
533 757
77 597
139 243
466 699
454 964
142 441
26 632
865 753
320 310
432 855
717 937
604 240
890 385
742 830
613 305
587 40
518 77
313 803
547 846
391 103
440 312
451 907
847 426
673 308
735 453
432 291
647 273
699 670
397 591
914 742
460 841
972 387
896 286
498 555
566 497
419 376
868 725
197 748
834 516
850 146
741 886
481 731
947 497
286 240
683 863
550 928
474 687
404 247
473 558
811 540
493 535
574 13
887 576
515 425
407 588
738 256
898 644
139 762
808 290
475 394
189 442
570 470
455 232
247 778
818 823
776 483
132 579
876 670
463 327
473 65
225 88
174 789
666 398
236 872
438 873
858 306
651 834
813 150
646 863
136 460
893 713
636 832
439 643
210 117
267 158
390 881
75 735
588 606
903 605
575 984
813 194
189 642
618 706
636 505
408 890
651 80
186 232
997 512
534 921
49 642
285 138
399 854
614 651
353 806
578 132
328 189
315 411
171 779
186 359
349 64
194 378
439 747
702 892
701 620
683 748
850 555
365 551
619 786
757 289
396 22
305 852
452 348
91 383
650 751
672 128
348 899
862 477
308 574
427 398
94 657
629 355
312 165
420 885
56 345
670 161
520 751
695 924
171 799
931 284
708 752
267 411
311 272
672 646
535 260
520 659
462 802
153 441
276 598
661 630
642 539
516 824
336 667
375 548
134 595
170 388
825 849
567 348
859 801
762 720
279 881
188 776
487 607
602 906
476 128
173 179
660 467
781 229
257 296
521 845
543 444
172 550
132 779
785 120
564 365
857 169
868 534
543 814
779 910
483 995
510 528
544 856
279 279
616 525
301 829
457 781
745 366
217 840
438 601
277 419
98 466
204 439
940 382
48 322
418 167
618 398
528 213
906 708
778 893
327 33
599 559
223 749
406 560
775 289
826 722
418 197
727 518
293 419
796 154
728 436
612 372
645 381
489 290
192 576
977 401
504 217
360 278
144 229
872 429
423 932
524 410
289 327
656 30
628 391
849 821
331 405
230 360
607 616
970 562
127 442
412 61
643 461
708 593
282 681
347 484
184 607
176 466
497 776
669 938
144 337
345 513
333 382
759 862
783 702
121 378
9 568
598 841
388 206
788 329
127 816
182 377
563 208
559 980
692 733
664 927
468 630
945 629
809 137
550 911
510 921
