779 1527 16 114
171 569 31385
719 722 10198
349 396 16492
15 269 25495
343 646 62201
327 397 41231
205 389 48270
113 476 24042
1 672 43863
572 719 50448
5 490 48332
231 342 40311
626 753 20248
118 690 33121
54 452 22023
361 591 74733
245 591 71344
285 603 25080
477 690 33541
629 755 51078
92 590 31401
439 535 51352
340 637 16279
206 468 37202
278 771 63789
504 779 28284
290 314 18248
56 438 23195
497 537 28636
15 729 61074
138 212 30887
58 101 33302
615 666 71589
626 659 48466
63 311 61221
229 549 18788
143 707 33615
82 634 48374
294 502 30083
11 408 26077
178 633 54378
102 298 19698
249 331 55082
144 458 39319
5 758 39459
246 418 134469
135 320 38833
194 588 50289
142 452 20616
43 725 38328
247 694 33377
299 467 17088
142 592 37000
346 521 61351
173 397 42720
211 590 24187
150 353 28653
20 744 16553
245 726 45188
83 460 50488
159 703 43658
573 575 36056
15 511 27019
25 227 41183
46 278 47127
298 754 39661
45 524 41231
508 553 20616
577 744 28071
280 771 57428
405 532 25495
259 450 21587
144 146 31385
205 325 95818
16 545 17029
168 290 28636
23 697 61465
310 607 30017
564 598 21587
225 421 22361
334 364 33242
132 712 28425
186 459 29411
147 334 54818
12 615 55973
16 62 29000
27 738 58215
37 631 31048
156 451 30676
368 459 38897
254 505 28018
78 179 31623
386 578 30414
224 359 22023
322 487 21213
252 629 19235
461 463 54129
197 746 39319
343 444 17117
387 651 48374
120 493 14142
319 592 17464
54 456 23707
100 509 34132
148 346 13601
525 694 39051
402 492 61522
88 326 75954
29 752 20881
479 747 43139
527 714 42297
95 290 10817
394 739 28320
50 601 74330
414 535 11402
171 716 48332
380 675 24839
124 645 13892
61 316 102396
493 544 36235
405 709 40608
137 471 33242
163 340 32062
524 667 204414
33 309 28284
64 626 28000
481 775 36359
424 576 34132
119 361 32450
514 755 59548
49 359 48052
583 684 20881
539 674 24083
26 332 18111
103 274 43566
321 621 13601
50 553 63071
229 357 55154
148 395 17804
326 503 70292
65 273 34132
310 614 27659
180 479 10440
17 68 36770
309 724 34059
273 729 31321
79 666 68096
265 735 25495
419 704 20248
266 372 23854
433 746 20591
227 272 16553
407 530 52000
473 687 170950
287 642 42297
465 568 22361
253 667 86608
328 720 66030
48 122 31257
201 285 10198
132 701 27659
151 309 14560
445 762 15524
271 650 17205
111 707 12207
314 391 13342
55 751 57628
283 352 26077
35 148 12649
76 468 17029
333 487 25179
38 447 28160
166 449 36620
329 609 11180
219 748 49396
232 352 21633
580 693 44598
440 471 14318
131 378 42755
180 642 13416
103 234 20591
501 539 50359
184 358 40804
577 695 38013
1 762 17493
343 430 87052
128 520 59414
511 607 15000
303 444 19105
50 508 49649
253 356 22804
34 531 38184
27 532 30150
170 293 29069
100 558 57280
401 669 23345
416 774 44598
4 636 45967
526 643 33015
93 549 25962
248 317 34015
295 446 17493
196 668 39812
31 574 42521
735 750 17889
128 164 55660
297 301 18439
118 351 22000
276 550 29206
411 445 18248
258 667 69462
278 434 37643
254 310 18601
91 546 26926
571 612 21471
368 455 29411
9 705 34713
520 523 58258
571 651 36401
8 412 107689
349 689 34205
544 615 45607
293 689 32016
393 403 51478
346 395 25179
222 432 42485
119 767 24166
393 437 25080
212 404 82201
308 327 54342
245 777 34176
534 537 31623
266 644 14036
108 120 42190
93 275 36056
139 562 62169
50 679 13454
505 580 55444
253 416 18788
230 615 44598
446 537 38275
166 192 93150
23 376 44283
283 624 32202
54 426 35903
281 336 39051
376 696 22361
365 645 19698
620 687 20616
97 536 50010
192 496 83648
112 127 13342
317 430 57315
176 271 26401
313 403 59076
48 574 42450
207 392 46043
455 617 44721
3 200 42379
78 148 63640
658 661 15524
612 651 38288
66 184 50000
6 190 20000
64 358 43081
63 103 36235
397 483 31113
24 636 50804
60 739 41231
542 760 48270
294 346 63127
113 588 47707
108 230 39115
588 692 14036
301 519 33302
211 659 12042
14 596 32016
513 721 30463
154 181 60465
135 776 20000
208 322 35000
248 347 31828
264 572 18974
507 553 18868
251 692 42059
146 465 18028
143 676 71007
615 773 46840
219 392 29069
76 439 59548
244 597 24042
263 664 36222
234 738 22361
100 385 44688
182 755 22361
417 772 39699
318 710 36222
301 516 36620
520 596 25080
89 369 33106
125 404 36249
85 408 34234
515 517 14765
301 745 32249
138 409 30364
83 425 70725
370 755 27893
469 736 32016
110 485 11045
147 650 38118
274 738 23707
87 709 12042
52 591 56613
555 744 12369
361 767 37216
63 313 19313
482 614 30083
22 217 17117
359 506 30150
40 332 26077
134 716 47424
75 133 36056
50 175 38013
552 701 43566
9 127 46755
494 729 25020
13 128 55731
451 474 33956
298 483 26249
7 772 26173
168 391 10440
348 375 20125
132 630 11180
670 677 27313
104 655 37855
75 565 65192
324 504 44944
326 327 33838
226 655 39000
383 742 40224
135 383 51624
2 429 16763
156 474 18439
215 586 21541
484 598 22204
331 613 47802
659 727 23345
130 257 14765
602 773 29547
129 581 16155
21 510 21024
48 408 39560
365 490 51614
80 566 21260
324 635 45541
27 367 37121
393 510 28792
294 671 44944
41 275 30083
431 589 14866
249 503 105546
486 746 32062
144 278 40311
142 426 47424
467 516 65307
263 670 39294
87 460 41437
258 341 46519
63 275 62626
22 708 18248
243 570 39699
243 352 53038
293 349 41049
84 201 24166
258 338 58138
250 538 48508
282 714 23022
48 95 42048
20 577 27019
103 355 19000
344 386 21260
436 484 38833
165 273 30414
497 534 16125
493 654 49041
569 582 50000
281 658 29000
221 673 34482
8 540 21471
208 720 49010
465 556 13038
552 757 33541
284 611 32650
499 775 38588
294 448 52038
472 595 31385
303 774 47424
452 699 21095
267 481 42048
60 248 17889
653 754 30083
79 657 24413
43 80 17205
384 568 13038
728 750 58000
543 547 31623
423 640 32696
112 564 42953
280 504 40112
162 776 45354
193 404 141411
215 441 54406
56 673 11402
145 654 20224
295 717 16125
333 571 35384
554 576 31016
293 435 58138
38 710 57000
205 462 36892
204 775 49497
152 708 58694
204 631 35384
239 270 33601
422 457 42059
551 562 44598
49 181 38079
62 516 26420
363 696 43174
186 342 21378
18 95 31780
76 600 23345
441 604 42544
236 713 33136
70 526 16279
384 559 19849
279 633 50990
345 671 18601
530 688 26833
386 579 29069
125 429 22361
12 657 38328
160 312 52202
68 514 46141
567 673 58181
40 547 31016
94 203 43174
398 639 25080
52 191 51894
451 471 33242
200 737 34409
461 642 36401
303 540 42953
723 767 32016
465 541 37121
272 294 45188
431 493 53085
281 661 24739
184 606 64031
175 467 35468
346 529 52631
329 662 35847
49 247 17029
190 670 50596
602 657 42202
71 302 51788
596 731 27000
316 432 55362
297 578 32202
238 365 29530
88 308 19925
133 218 38471
490 730 31064
9 564 47424
246 506 49041
206 600 18248
188 627 15652
141 217 27000
555 577 26926
44 288 37014
18 766 79246
586 758 39217
169 318 55227
238 301 27295
187 635 11705
82 269 30463
126 396 11045
194 522 22023
243 364 39925
179 480 39357
39 621 21633
9 112 40497
167 257 26000
21 44 39408
170 349 25495
30 190 31321
351 415 17464
697 743 54129
240 706 45793
499 632 29530
15 254 35468
427 530 34205
424 684 41195
94 688 22091
751 770 33015
224 246 54672
715 748 21024
366 468 68768
467 745 54332
99 334 58215
363 376 33526
522 642 21190
730 758 24083
71 623 48549
493 615 38484
310 511 18601
74 761 29698
74 288 37014
287 461 31241
102 145 16125
251 588 36497
532 683 14318
82 149 46325
94 136 65299
488 647 37363
355 403 49649
341 451 15811
514 767 39051
1 91 47381
365 519 19647
335 670 37336
238 297 38013
45 292 41869
59 61 21954
114 184 68007
149 270 19235
41 311 22472
191 268 42544
289 535 20616
177 766 76538
73 370 19000
349 404 34000
102 561 13153
85 106 35384
4 24 30000
482 734 16155
426 624 53712
325 389 54009
66 121 30017
126 429 14142
118 725 43139
641 661 28636
393 738 42755
162 485 22023
157 163 51245
306 613 28178
286 372 30017
728 768 32558
569 759 36125
110 774 44147
278 458 11180
125 176 23409
491 683 13454
183 582 33136
547 749 26000
208 328 56089
83 638 33541
59 453 35057
256 541 50804
16 697 55803
134 390 57219
439 733 13454
304 611 94021
75 592 44777
334 669 53451
175 318 46065
218 460 55227
544 741 24021
246 641 48877
506 610 17464
305 472 14318
550 702 37216
317 489 32450
619 639 31064
641 740 26401
575 660 29682
644 748 15811
25 754 41183
86 300 48847
31 168 16643
83 406 54452
288 761 25612
336 337 39408
199 677 49041
21 437 41231
258 668 43417
133 592 42953
724 778 38184
347 360 31385
385 413 17029
369 457 66189
200 489 39825
300 727 11180
280 779 26249
302 528 78848
208 487 25000
144 541 42190
213 251 44944
431 741 19026
143 593 25495
139 517 26926
309 495 42012
97 430 41677
123 456 14866
88 312 38210
124 421 50990
194 692 47011
430 646 68622
106 546 34986
233 361 19235
264 719 47127
288 736 33526
678 737 64070
106 153 33377
157 259 17720
617 656 26077
85 96 39459
156 258 31828
608 729 64257
412 691 13454
202 612 29833
331 662 21095
447 594 44011
392 748 42154
428 722 31780
499 769 39051
246 359 44922
560 634 17029
174 636 68884
65 608 41340
274 275 42579
406 557 27586
646 776 42953
166 408 28653
706 722 23022
427 551 11402
284 706 37336
189 307 27857
170 396 29698
67 705 26476
321 426 16279
181 245 34176
61 137 41400
232 624 35171
192 216 31321
207 219 22825
37 332 20248
609 613 27893
599 761 52431
436 585 16031
55 580 60638
83 363 40050
354 382 30364
70 643 33541
464 531 11662
43 630 20025
293 616 31016
447 527 27166
115 143 62682
159 459 33956
316 662 42720
213 374 45277
238 519 21587
14 151 45277
405 683 22204
183 569 33734
44 74 23409
94 625 43081
7 417 27000
500 678 21471
73 473 44822
171 277 29069
55 411 36401
25 160 21378
19 24 26000
172 221 21541
113 194 41773
400 571 34132
264 428 38949
506 525 30083
208 660 46487
76 535 40804
312 682 41629
90 150 29833
94 273 32558
12 773 24187
27 93 44045
21 721 27019
420 567 59034
53 363 39560
628 648 29833
652 770 26627
162 202 20881
379 705 46271
225 454 19416
401 415 68007
118 401 75472
187 252 17493
495 724 55000
1 546 43932
358 603 26000
458 537 61057
101 509 33422
292 609 36125
237 743 40262
568 750 23022
336 740 41231
267 395 36359
51 463 43139
593 676 70937
421 490 52393
20 561 36125
77 285 24083
33 724 22804
425 436 31305
610 694 47127
13 422 51157
149 729 25495
64 84 40608
490 734 18358
32 464 68425
115 444 55471
369 718 22204
34 366 25612
464 523 37483
199 512 21932
431 544 32016
81 213 52555
204 276 32016
193 539 82219
266 756 51624
17 268 45343
63 611 89275
81 277 25080
14 28 24083
517 656 50040
183 695 40311
400 442 27731
93 274 17692
559 568 22091
206 366 33541
360 678 33838
158 376 29530
527 567 13153
356 619 50249
535 733 43658
454 734 23601
420 673 27203
40 749 11402
204 330 16125
277 648 43290
241 585 32573
399 567 57070
59 292 13454
107 159 49518
332 631 23022
361 723 26833
189 526 31016
201 700 26926
382 694 34886
228 715 38897
418 424 43932
51 538 24166
305 595 26077
209 356 42190
2 125 26249
410 441 50359
45 341 51088
158 696 17088
209 400 27166
80 161 38419
223 764 18248
351 401 66483
388 563 26926
177 378 31064
237 376 36878
224 687 93107
370 629 33601
220 289 14765
52 767 21095
408 496 28160
182 233 30364
108 390 42048
221 420 28231
215 557 62968
670 698 13601
188 231 35228
674 691 27074
170 605 32249
632 775 19925
32 523 44102
610 658 32000
650 752 29069
260 319 25962
191 735 34205
648 695 36620
431 483 22204
451 453 27295
422 764 32016
15 121 30463
147 752 33971
52 268 30017
547 681 33838
394 742 28653
158 532 22361
42 323 29411
410 772 24759
54 621 30871
306 609 34928
348 565 20248
228 760 16155
27 736 57940
395 481 37014
479 522 32650
419 574 24000
199 664 46872
260 761 50804
307 348 29411
202 776 49041
98 708 32573
117 699 10817
252 635 26476
416 442 43658
5 578 39850
320 430 71021
243 262 58052
587 694 43829
425 622 26249
97 707 36878
478 654 28460
53 405 38118
41 357 17493
418 680 66219
102 589 19105
336 760 38210
483 754 31048
463 713 60415
389 721 38079
48 198 22804
548 766 29069
214 475 20881
117 152 35511
227 653 13000
3 360 41304
580 751 51923
98 732 55660
251 374 11402
73 655 48836
497 724 27659
310 454 24739
378 445 27295
180 339 22023
601 645 11180
461 522 30364
194 461 13000
54 141 10296
390 663 45044
72 97 45122
109 764 32757
123 621 14560
107 459 44011
267 632 13601
360 402 43174
210 665 52393
114 601 81908
203 530 45607
220 702 22361
366 543 41593
114 130 82861
304 313 13153
637 706 26683
327 362 21378
510 513 11314
101 488 29547
356 416 26173
82 753 19849
247 382 11180
3 737 36056
728 777 44045
89 324 36346
39 69 28071
437 736 21932
277 374 39051
585 604 17029
285 380 26926
435 552 43417
32 226 135831
47 350 21190
56 299 38833
413 509 34525
317 347 38079
76 220 24739
346 577 65970
66 225 32802
288 469 39661
157 576 47011
345 529 23087
268 767 37121
480 778 48549
86 257 45222
115 303 47518
36 502 33015
299 516 68884
136 517 53151
354 726 35228
399 438 13928
167 606 47508
236 463 50160
517 628 48042
244 737 51430
185 282 40804
313 355 14866
222 666 28653
68 146 42202
29 176 17029
51 461 19313
223 504 32757
638 743 12000
343 485 30067
160 535 50160
421 734 42190
112 189 49031
591 687 34713
412 593 10770
431 654 46530
506 694 48415
9 192 43278
109 324 35847
154 686 14036
505 729 65795
334 650 40200
107 628 44418
189 598 41146
240 637 33061
259 680 41231
17 514 37483
664 737 34785
410 758 67602
147 385 33541
395 529 38833
145 582 11402
58 647 16000
394 433 26833
633 739 22804
271 763 45100
122 198 16401
64 66 46141
208 474 46011
39 732 14866
216 690 26173
57 236 24000
235 643 33377
140 578 34655
94 407 59666
129 746 43417
182 723 24000
115 343 66708
264 714 28636
29 125 23707
34 464 49578
7 96 23087
69 426 36497
296 580 38275
446 590 39925
228 266 46325
261 528 15811
353 747 25612
338 619 23770
543 685 13153
367 491 12042
339 581 15811
203 427 57009
282 428 33121
78 443 21401
107 455 44553
239 560 14866
449 500 76694
196 322 28160
319 699 52802
28 769 23601
61 440 15620
108 478 15652
237 363 18439
325 708 38833
173 312 30083
237 697 61131
391 574 43932
32 457 50090
255 562 14866
205 513 29732
726 777 32280
89 718 17464
120 615 33061
231 251 41881
105 235 10770
398 400 15000
92 211 16031
545 638 11045
155 540 12369
110 444 31257
129 287 31828
291 530 29206
100 325 161966
314 574 40200
553 745 16279
335 409 32757
116 284 26249
160 414 53009
181 591 64078
453 471 23409
195 354 28231
165 494 16553
48 492 42048
372 644 13416
481 529 25807
260 592 23259
83 237 41183
158 261 27019
290 391 21932
440 453 16643
255 515 42953
373 685 18601
178 486 32016
652 693 34928
242 246 77421
70 232 26173
706 719 28601
470 520 36401
130 606 72007
111 691 42521
104 324 35511
435 757 45804
409 584 21024
626 700 38079
19 583 33838
188 459 13038
310 482 29833
144 717 63632
337 641 26907
670 757 29682
99 669 13038
116 611 33242
36 744 16125
218 381 48010
86 167 34482
447 572 51740
605 616 14036
209 639 41231
49 154 35014
115 676 38949
122 166 20616
157 554 30594
344 579 45222
287 486 19235
174 576 25239
26 40 20396
109 718 23601
262 669 34928
214 387 36346
163 240 17029
305 592 41761
533 758 37947
422 504 33242
90 476 16125
751 762 21401
11 198 10050
443 499 24083
329 613 34132
37 685 33541
552 698 46615
23 302 81437
190 584 32202
519 601 25000
468 600 27295
381 518 24413
652 758 55758
133 565 51478
155 676 34366
109 223 17205
591 620 18974
291 407 41049
210 299 39661
298 589 22825
532 696 29530
675 727 31953
49 382 21471
519 645 25495
46 252 15232
19 740 41617
63 304 10296
250 704 19416
22 98 39598
214 563 19416
106 672 22136
3 489 22672
186 368 52173
195 207 28601
286 392 72732
434 629 56939
663 666 45177
141 699 23022
249 613 58181
704 713 12042
60 649 29120
555 765 12728
16 344 27459
179 427 48042
28 596 23345
512 597 12042
441 586 60133
83 545 38949
630 701 29428
478 569 41437
216 640 22561
104 629 55009
2 763 44407
116 311 51894
339 388 47539
65 729 39850
130 392 76655
1 106 47096
66 753 45967
629 635 37643
577 765 24839
244 512 15133
675 700 23000
159 231 48374
50 114 78447
297 516 26173
229 261 31145
665 697 62801
449 492 36892
239 634 27659
145 431 38053
161 597 17493
197 563 30871
467 508 42048
169 175 29530
716 759 26000
242 740 31145
711 771 22091
164 731 18385
498 683 29411
195 768 25495
267 443 23854
18 762 34482
23 528 67624
576 594 62290
371 598 47634
254 614 18358
405 696 31780
500 690 67007
554 680 25495
138 193 41110
164 520 26000
135 742 44598
362 544 26926
404 429 21954
38 636 59615
337 740 10817
108 759 43738
44 152 25000
129 486 32388
381 565 35000
142 305 24515
123 732 26249
99 712 42720
17 146 21932
371 622 27659
24 583 22472
161 199 17889
226 473 123471
179 551 46840
255 291 14866
470 681 57974
179 499 52479
217 699 23601
552 616 47127
105 423 51264
436 604 29547
470 596 32558
590 659 32558
29 558 51971
11 122 11402
503 682 129557
203 688 41761
90 432 34132
16 350 28862
171 648 36125
99 415 66888
466 539 18111
250 463 64405
178 250 28231
215 579 19209
375 518 15811
352 423 78230
163 594 31623
580 608 49193
193 501 34176
561 744 34132
276 345 18439
488 570 16279
46 187 10296
239 618 33106
256 728 52086
541 556 26683
566 677 13892
581 642 23345
197 581 18868
14 731 41231
377 618 58258
191 265 38833
542 740 34205
136 407 12649
317 536 45880
35 139 77666
342 627 27659
552 566 45222
516 697 53151
433 486 18439
218 709 24698
326 682 81939
140 579 17000
323 426 57628
6 263 58034
268 514 28862
276 671 27166
36 298 44944
85 153 22847
67 379 55154
322 333 20591
294 521 24515
217 708 21260
213 476 35014
262 364 28071
96 153 40361
417 441 53038
184 603 53226
98 325 36235
103 738 34928
270 494 14213
95 672 20518
29 147 47011
436 557 50359
315 339 30676
57 548 48374
437 738 43463
139 577 45880
108 493 41231
89 104 15232
769 775 45100
630 725 39294
10 203 34234
415 669 68352
352 401 76026
315 720 62642
414 702 14866
373 702 38079
243 323 19026
531 681 48052
420 623 19209
84 603 10050
339 479 21954
185 428 47011
179 495 31385
415 630 34000
77 603 41437
21 393 37108
232 235 38833
40 470 57079
164 779 49396
334 570 63411
146 559 31953
273 617 82976
121 269 30364
711 724 41773
300 380 39000
342 548 20518
61 660 56080
636 756 58728
387 475 33541
47 62 16155
134 663 68007
79 249 48765
419 713 18028
534 724 26926
30 674 39623
363 460 61587
200 536 42000
77 380 30414
560 590 54452
308 312 39408
396 763 41437
80 701 38484
15 505 24021
8 466 130250
202 442 48094
573 747 16492
136 656 13153
203 625 26077
338 668 18028
79 331 39294
412 466 24413
172 299 14318
97 115 57871
100 732 83006
295 537 23770
260 599 22136
357 549 43186
492 574 15811
488 509 38471
458 717 60407
115 430 58412
362 741 29530
66 607 19849
37 330 36056
206 543 24597
169 299 25179
294 529 36401
5 730 41146
42 426 63151
6 111 29155
456 621 25000
685 749 34132
372 392 57385
405 498 21587
291 562 24739
19 542 26571
235 423 59666
67 192 62201
192 449 103247
592 595 42802
385 558 13038
340 450 48104
726 768 13038
96 379 42379
373 550 38013
253 774 41231
110 343 31780
750 777 38053
526 565 48010
87 218 31000
268 559 41110
31 57 31064
139 515 19925
469 599 45188
258 451 33734
475 651 40804
620 686 40012
71 185 37121
411 762 22804
193 212 59228
325 403 175163
315 328 20881
524 613 16553
306 524 22361
438 710 31780
26 37 13038
33 151 37577
335 757 16279
27 491 27659
296 533 40162
249 602 71028
322 398 22091
2 126 23601
160 173 35805
618 625 20248
13 520 53852
508 745 28844
233 723 10296
320 383 28792
561 582 19925
72 536 12530
153 772 33302
307 565 22825
279 649 77175
127 192 59034
623 665 42720
507 601 22204
346 765 55218
119 591 50160
392 728 73783
318 679 29155
81 171 43681
58 732 17804
146 556 22023
265 268 43290
403 462 43382
160 448 29411
628 703 21095
192 640 28178
371 375 10296
4 684 17464
175 508 29155
231 627 40497
31 419 32249
94 165 38328
486 538 26401
75 526 50249
462 513 30150
68 434 17029
241 564 28302
100 413 28018
272 448 20248
164 596 19105
502 521 13928
264 527 43139
8 155 22091
353 432 39850
250 279 14765
469 498 37590
640 690 36359
263 707 48918
502 653 29732
143 691 26249
399 673 13342
163 450 49336
262 352 77233
265 384 12083
266 715 13153
128 779 14213
101 647 23770
230 663 26019
105 112 42450
55 131 19105
42 283 19849
212 689 27659
72 430 13601
96 496 29155
367 469 20881
423 477 19235
289 702 14213
518 622 15000
80 630 32696
177 455 35693
415 712 52811
134 222 36014
497 711 25020
131 617 76243
270 634 14000
587 715 73498
325 462 131848
533 614 35805
476 588 48765
541 717 57245
53 709 28636
218 260 43841
67 96 41593
537 778 38897
196 258 44045
27 683 29155
71 420 50220
124 490 55902
40 681 12042
92 300 43081
111 263 53235
130 256 43463
47 297 20100
30 501 17029
686 687 40817
277 703 29206
292 329 43909
6 674 36235
91 652 17205
543 600 25962
10 179 60415
69 321 24515
70 624 40719
199 737 28862
193 584 31906
172 210 28460
293 605 32696
359 525 38833
234 393 40497
19 242 27166
396 404 24413
402 649 35355
117 217 25495
477 640 19416
152 389 30463
693 770 23601
35 577 68942
31 391 21954
344 545 28636
286 679 12369
276 330 30083
137 208 41231
10 377 54589
426 472 26926
61 573 97837
593 691 13000
587 760 66603
441 557 50010
302 428 44204
406 545 35609
140 215 15811
174 447 49980
23 158 61685
27 261 27295
388 475 15811
160 733 37443
213 432 34015
480 724 54818
664 677 57009
677 698 17000
241 484 18974
575 747 36715
507 745 13000
210 221 21954
296 693 63151
150 747 10817
62 350 16125
62 297 29069
377 560 54452
710 756 13416
603 606 41437
181 620 65376
520 471
319 65
559 196
162 771
394 532
530 57
456 415
700 45
402 326
631 714
519 350
963 457
753 884
728 777
510 622
294 511
477 877
545 447
176 813
810 580
74 357
139 244
192 521
186 789
920 651
822 786
131 440
746 793
281 56
519 27
593 381
760 906
655 816
854 838
761 660
825 609
821 773
172 684
174 210
818 806
85 527
270 236
447 153
97 325
933 283
566 906
329 538
534 378
314 906
303 681
691 349
428 933
218 429
173 256
563 529
225 630
610 407
178 188
892 300
597 246
873 289
314 532
18 477
491 689
583 587
468 649
435 355
511 891
202 212
294 287
169 564
598 150
556 966
119 317
241 308
908 757
435 738
720 717
933 406
457 139
761 470
515 669
269 465
451 696
493 398
459 762
221 409
961 616
626 944
793 378
473 465
544 759
97 468
625 638
552 416
454 392
588 106
111 216
354 147
195 122
203 166
859 575
41 449
612 938
339 273
517 424
679 506
846 500
662 926
725 126
557 68
368 304
762 369
378 704
645 96
44 562
142 286
407 221
424 954
888 496
498 650
530 347
172 224
376 617
302 45
338 51
371 291
698 875
712 310
403 783
582 531
416 150
239 344
813 425
685 210
667 588
840 264
443 31
745 584
381 520
164 261
188 291
593 61
515 845
851 561
486 857
262 99
765 672
554 644
774 355
689 800
112 305
484 419
315 941
698 67
852 231
70 708
171 463
713 470
916 672
481 169
712 154
75 657
715 822
587 643
511 339
426 752
584 395
260 633
370 71
773 512
244 602
937 643
128 723
286 647
294 67
600 506
648 316
690 727
743 321
349 891
490 969
807 561
418 649
132 567
663 438
575 911
687 451
320 314
510 57
406 886
430 293
474 4
721 361
344 832
830 210
717 288
520 360
497 177
545 156
461 718
732 160
635 680
817 741
53 330
889 792
327 809
802 248
795 155
235 575
545 743
416 16
780 421
715 244
376 505
439 263
137 261
221 378
316 789
884 751
224 594
849 426
676 916
266 938
448 623
643 975
884 631
232 758
121 485
879 479
707 422
291 261
461 978
51 431
329 269
610 383
233 485
358 580
590 681
88 646
374 370
179 840
272 211
479 207
381 879
224 903
313 889
589 230
976 383
622 327
742 445
560 920
773 99
483 599
708 629
443 800
416 776
874 208
65 725
190 347
144 464
315 172
532 115
117 619
438 864
271 733
757 717
443 907
527 641
563 661
310 88
877 646
601 616
84 456
77 498
825 710
751 493
552 861
609 320
672 844
251 849
120 606
283 251
36 587
451 720
306 694
689 332
120 354
891 738
558 407
694 634
901 310
399 69
836 665
563 792
483 575
327 558
867 593
257 608
504 743
331 576
118 555
692 103
9 472
212 286
939 305
310 340
942 622
675 796
468 610
66 515
965 654
11 459
561 389
771 309
864 391
603 199
265 688
183 322
647 202
197 236
802 213
253 212
631 908
83 239
949 541
930 569
791 303
923 348
833 739
923 368
804 784
784 203
296 142
489 68
242 811
219 843
848 156
742 299
43 659
894 250
667 417
696 139
321 506
837 696
773 661
566 208
301 368
365 46
322 518
407 199
309 249
799 369
333 858
22 449
791 113
100 536
451 673
267 916
554 237
442 981
934 548
229 467
287 174
372 606
874 822
148 407
652 489
656 958
537 966
301 381
291 720
865 764
749 454
292 386
197 477
583 740
574 489
414 406
465 743
269 379
324 887
637 229
443 853
229 93
335 522
720 208
730 253
84 293
808 482
574 392
329 763
65 393
656 277
776 686
349 50
914 607
804 191
217 640
792 182
343 181
544 279
14 400
335 30
180 426
323 472
671 600
497 364
472 40
442 459
553 494
594 26
218 106
885 715
411 182
765 116
429 415
133 804
589 349
198 605
426 627
702 888
387 255
104 771
320 416
208 248
692 679
91 590
324 49
609 142
889 563
811 407
668 301
528 890
451 43
348 402
90 395
222 653
947 712
885 279
392 453
780 157
737 730
694 122
550 476
554 777
145 676
888 663
532 309
60 704
881 241
172 278
894 265
444 604
635 513
162 235
715 928
554 850
680 462
262 415
709 356
33 361
660 379
821 875
476 842
574 12
273 614
919 770
142 387
761 803
872 273
218 273
521 994
848 249
735 238
779 386
406 252
839 514
753 318
655 745
799 715
445 591
892 585
356 364
726 137
680 315
787 228
230 178
576 181
414 576
149 419
552 340
886 510
572 650
674 754
469 367
614 804
175 405
735 754
503 238
506 16
844 636
994 487
669 884
511 598
270 886
340 608
311 632
224 140
55 366
483 621
481 192
63 358
471 914
726 590
301 555
719 577
283 399
353 601
739 832
831 641
738 347
784 869
959 315
299 894
291 303
148 649
139 479
814 694
671 652
827 865
161 443
445 562
616 788
896 718
587 156
586 798
669 339
556 10
710 64
493 809
201 804
867 781
909 538
295 494
487 442
849 807
652 431
104 493
843 733
703 682
445 86
330 624
76 738
814 607
487 835
342 452
236 82
456 868
576 686
846 577
718 640
704 260
359 346
290 351
471 123
161 651
454 846
800 528
246 181
758 179
111 637
799 353
565 349
801 317
107 737
789 597
356 544
364 520
504 543
727 304
840 558
165 781
491 31
364 401
396 513
288 817
736 409
878 573
569 740
374 950
200 326
598 36
101 675
234 300
729 809
472 184
338 351
183 368
892 774
353 626
978 454
441 697
375 414
386 99
402 711
483 636
548 565
925 337
263 870
11 566
739 189
952 330
474 583
921 494
400 100
655 553
620 695
825 150
356 956
186 228
295 408
210 590
257 270
609 678
519 689
673 444
717 529
557 939
427 152
791 765
749 728
619 270
563 675
586 915
195 739
55 648
284 495
827 181
417 268
199 861
731 327
324 302
285 732
364 624
659 189
194 188
746 536
569 254
300 102
768 214
463 479
872 626
848 541
604 975
669 575
953 420
231 870
537 734
817 292
227 855
905 379
853 480
536 151
187 554
874 440
847 144
847 174
347 158
494 105
852 707
538 431
214 627
558 34
484 727
664 62
483 130
522 248
294 691
81 763
817 818
982 616
158 429
145 775
854 779
316 955
351 976
647 640
398 37
436 237
585 36
722 408
471 513
308 856
767 566
187 457
249 544
483 113
151 280
484 704
422 123
880 729
728 511
606 338
409 360
49 622
564 78
121 247
212 401
229 684
613 829
394 132
607 350
143 607
269 746
793 468
547 790
643 940
72 605
753 249
75 330
62 603
466 969
641 798
437 190
362 838
514 738
391 803
571 625
431 550
702 809
164 199
937 703
430 585
415 853
110 386
525 184
73 435
637 256
210 837
908 562
670 252
272 495
817 595
327 608
678 283
783 349
290 747
825 797
431 845
518 493
287 76
500 682
900 615
510 959
235 696
478 80
433 526
803 492
238 773
140 338
535 480
355 91
694 919
805 616
623 433
446 944
369 827
765 779
485 494
615 851
459 441
966 481
735 83
768 734
701 198
393 847
614 771
689 864
