914 2450 22 221
152 543 36878
92 909 37216
118 890 25080
185 353 37656
69 395 28018
28 738 17029
189 574 30529
586 775 11705
310 376 29000
829 875 23087
114 278 23324
373 675 10440
274 719 37643
309 509 30414
410 847 44385
360 851 41593
236 645 41677
498 821 28231
272 654 24187
499 859 27203
624 710 46239
384 713 37590
477 597 16401
183 216 33061
33 455 19235
482 894 27586
129 373 20000
745 804 22361
795 872 30364
330 838 34713
164 223 39115
413 570 35057
117 805 35847
338 644 54000
479 705 78873
3 196 34000
18 84 31890
62 744 43417
186 753 18974
153 781 14560
205 411 51624
462 746 18439
153 382 29833
203 633 26571
102 230 10296
60 820 43012
68 549 15297
407 741 52631
288 293 26870
49 367 49820
212 417 26000
65 583 15811
475 867 53038
103 670 18385
298 824 40262
213 298 24166
94 137 40522
387 771 65307
303 321 33601
134 257 23854
206 787 37855
53 291 31064
212 349 24413
167 199 17117
10 672 41340
64 846 55785
151 438 42426
522 695 42190
514 612 37363
496 752 21633
348 744 59666
717 805 42438
194 883 45541
253 826 31385
188 480 51078
184 774 27074
584 862 14213
154 691 30067
479 590 54918
170 501 43186
59 316 22561
36 909 22204
768 771 49578
382 805 23854
339 862 13928
155 471 57559
161 666 40497
162 539 37216
459 663 54129
20 172 42638
239 826 11180
293 870 30806
231 608 35468
7 665 38897
249 840 58873
68 421 18358
214 230 33601
385 846 22204
135 568 48549
9 455 10817
87 893 32016
45 505 20396
208 439 15232
316 536 35693
138 583 22204
19 810 44654
275 508 51196
715 792 37577
127 780 23601
29 148 48052
238 390 21932
544 604 53000
159 907 28160
573 794 39962
325 335 32985
505 902 21000
105 769 47508
300 786 35057
749 839 40200
65 108 26833
284 574 44283
214 621 41976
472 497 33287
350 534 33541
722 765 43186
267 400 11402
96 776 29732
194 274 61400
177 760 15033
312 496 143809
100 611 49092
279 368 62968
204 790 37802
643 662 17000
264 318 33000
154 682 13038
169 173 29833
205 255 36620
767 797 47170
86 474 24698
316 327 40853
388 442 36797
479 741 61814
185 498 33302
187 460 17029
119 488 23324
655 737 19698
115 594 41785
117 277 44283
355 724 34438
282 327 19235
162 514 62650
81 583 31321
428 666 55326
34 200 71449
537 626 56303
82 446 31321
20 874 35468
374 399 35903
143 158 28425
53 74 24597
432 773 70767
372 779 14036
27 199 16643
175 887 16279
82 356 33838
644 851 43463
146 881 30414
27 167 11402
60 751 17029
197 804 17000
55 377 21932
1 896 40311
89 794 12806
291 674 15133
4 364 77006
109 313 40000
141 564 47170
431 679 18682
168 898 25554
86 692 27019
132 467 28792
82 418 41231
350 458 35777
423 577 28636
282 283 10770
380 725 39661
236 838 29000
268 863 14318
298 324 41761
580 760 43012
663 815 11402
103 195 22023
236 658 35468
95 815 67742
404 581 32388
691 843 24021
266 736 31953
95 655 44553
244 725 40497
438 729 19209
24 302 18788
48 255 46011
719 894 18868
567 888 30232
226 752 41773
442 473 10296
163 580 26077
637 763 19416
410 802 26926
278 349 31385
18 595 31575
332 898 45880
89 228 21401
166 258 41773
430 790 25298
5 59 19925
250 493 19647
207 813 27659
237 567 52631
266 540 44777
22 443 27459
471 572 16492
652 756 61612
107 334 62201
30 660 13038
788 860 13342
264 416 24187
211 779 25179
508 509 10817
13 458 38897
172 220 31113
91 528 33015
657 760 39051
304 320 47170
677 679 25612
268 576 31401
753 841 38013
354 553 30017
150 668 42521
83 606 22804
171 231 21633
137 887 30232
376 611 31780
23 741 42638
80 348 53535
84 363 45793
26 154 10050
159 182 40025
555 699 36249
519 545 88843
26 827 26926
39 809 12649
156 603 34525
570 597 35511
570 648 36892
68 396 20025
696 700 25000
17 78 26627
445 651 12806
157 626 47802
818 879 58034
76 350 30083
331 363 53310
239 912 21633
413 648 22361
470 817 19416
94 175 18248
36 674 24698
204 882 31241
30 495 13038
692 703 24187
351 672 25318
352 596 43566
305 745 27659
622 652 10630
381 799 10296
333 556 10770
211 372 31064
490 684 21471
179 589 29120
93 280 26833
183 811 16553
107 544 49497
235 656 55154
334 544 40361
35 783 36069
34 774 87144
516 531 83678
155 702 37054
124 151 44944
334 901 58000
183 360 32450
229 544 44045
195 450 48765
50 842 13892
798 872 29614
480 674 28178
101 815 46043
584 680 24331
137 855 18974
356 446 10198
353 639 35511
638 665 25632
33 57 37802
210 791 46098
536 885 30463
318 657 34409
806 840 17804
238 526 39357
167 428 28284
92 381 31064
624 832 30887
520 686 34655
754 800 20248
60 319 46325
16 527 19235
261 532 24839
430 753 31575
507 782 25318
518 729 33541
434 667 29155
232 627 59034
32 538 21587
222 751 21840
98 792 50990
324 448 31906
235 780 30083
102 621 18358
253 537 51662
155 850 42450
547 643 36674
55 157 53141
18 360 26019
687 857 19925
234 742 34015
194 596 58600
342 482 49366
722 755 23345
515 849 46957
368 755 33541
559 720 31016
111 468 33121
2 311 38833
17 756 16000
551 790 53075
665 777 20248
483 615 46141
454 692 26173
444 872 12042
635 717 39812
611 833 35735
176 872 22847
85 847 42755
25 49 52839
193 275 39051
55 750 43081
386 884 38079
748 904 27000
257 560 29732
356 818 60745
438 713 32202
389 544 32249
108 443 32140
268 523 41231
35 444 23087
21 146 78518
761 763 38897
92 293 15033
330 904 49244
412 742 17493
326 510 36056
603 627 54818
317 837 34132
317 665 24187
296 329 40608
134 697 34438
340 499 22627
638 859 24187
58 187 40050
322 858 20396
555 869 33422
160 844 26249
164 530 31765
392 427 92849
564 578 28425
579 836 37590
91 880 45277
619 866 14422
304 488 61555
308 346 30480
171 608 37443
708 893 11402
494 535 15033
324 427 41976
325 645 20881
39 131 115832
608 693 29428
8 115 19723
10 562 15033
304 749 44553
78 493 16279
42 834 20518
460 840 35014
383 744 56515
376 833 27659
78 250 10630
490 647 28792
420 830 23022
327 612 43566
633 878 52887
77 275 21024
439 485 37643
452 546 30265
240 743 22472
232 603 35777
538 744 46530
29 769 42202
47 453 34986
308 697 30414
128 914 24000
269 845 25298
17 481 32558
56 589 16279
40 654 29120
147 767 38601
51 884 50010
639 755 25495
267 569 31305
1 521 46669
31 901 27203
184 828 50010
595 865 44553
682 843 27586
897 914 29275
261 696 68096
113 158 26627
299 857 55073
268 709 33838
256 459 58830
408 500 36878
274 776 28844
570 715 19416
516 633 33541
380 779 12042
259 650 42190
528 880 30000
458 534 49041
120 892 35903
394 891 25020
744 858 48000
236 904 42438
456 640 11180
334 348 21954
649 801 53759
131 809 128378
90 91 38184
62 190 40522
678 691 41677
530 908 33734
314 341 29411
392 824 82000
467 739 37443
232 531 23000
403 744 42059
546 589 43463
673 830 28284
666 716 40162
305 365 12083
105 336 34132
256 380 46615
505 600 34234
138 575 33242
205 836 50961
400 759 16401
315 555 38079
405 712 69721
7 591 46872
242 716 13153
250 481 29428
257 774 19209
37 615 27659
139 838 52086
60 763 39000
345 483 42755
161 851 33615
197 400 51894
171 468 26000
373 882 23195
549 814 25080
386 709 27019
226 906 40497
31 52 16125
426 674 34655
13 594 24413
438 912 43932
68 221 33422
53 674 35468
122 413 18248
348 901 57009
412 553 43012
19 299 30887
283 316 33302
450 670 45354
676 699 26306
43 149 24331
106 190 34713
513 685 66573
192 390 77006
275 430 44102
507 833 14560
441 865 31305
277 429 18028
583 642 11180
348 886 44407
17 734 53600
373 551 20248
329 362 23854
683 807 25942
67 335 47802
369 558 15264
363 375 53600
149 452 16031
213 734 23324
194 719 45310
365 390 25710
163 657 11000
113 555 29411
71 518 60017
253 912 25495
829 888 10630
9 44 33838
301 479 29155
58 460 43658
142 355 28443
245 393 50567
357 588 55444
846 903 17720
274 504 41049
533 672 14422
141 630 59414
168 554 48083
196 436 31145
332 335 33526
297 561 17464
522 786 25962
172 485 19105
117 541 16279
75 801 27203
198 374 58669
471 490 49649
277 823 64761
394 591 32450
11 382 60415
452 589 38275
162 728 26926
643 843 47707
90 741 38471
337 399 13153
397 448 46098
210 214 40447
20 220 50220
181 885 18682
228 347 39925
66 892 50220
694 734 23409
101 876 62626
589 641 38275
702 796 44181
317 832 31906
6 197 22804
521 544 43658
756 869 32757
321 592 31828
176 273 35468
278 323 47424
10 486 44721
495 779 32650
699 856 29428
219 359 21095
237 542 40460
40 412 21213
38 123 23022
227 914 39825
2 510 20025
802 847 27659
472 864 29833
303 654 45793
191 202 35777
249 526 31145
152 350 37483
407 770 93150
100 600 30676
110 836 47074
782 833 13601
312 819 110675
539 728 15556
545 635 60083
533 557 25612
5 771 57245
533 810 44385
148 256 58181
34 828 13038
224 893 34828
26 38 16279
183 428 49010
168 645 28601
464 540 29069
273 880 33422
411 836 55227
402 823 37162
112 349 18868
704 783 57428
65 247 29155
160 631 15811
705 807 17692
7 371 59034
233 594 42450
88 321 39357
409 723 23601
23 159 28018
16 211 38419
36 288 18385
137 595 41231
255 693 24207
812 838 17205
131 552 18439
395 827 32650
501 521 27019
112 410 43658
534 861 25080
231 864 39115
465 864 13000
626 656 43278
98 878 13601
341 420 18028
593 620 33956
318 900 31241
193 750 73000
381 532 41231
95 129 16763
118 330 31623
556 884 50606
553 874 44102
407 590 23431
528 673 34059
523 569 55902
294 817 13038
635 868 43046
335 812 31401
319 751 53852
604 896 65788
224 561 16031
75 672 29530
138 193 44922
99 469 44553
52 826 37108
221 242 16553
276 465 47424
14 632 11000
97 320 21932
88 773 61855
299 328 58241
189 342 27731
144 169 37202
79 374 26571
152 313 26926
202 691 52555
209 366 23601
395 485 44045
351 764 37014
599 787 62000
362 529 35114
671 701 35228
18 865 26000
466 801 50249
156 454 26173
617 794 47265
776 848 34438
21 43 20616
247 679 25080
433 540 66189
122 570 37736
165 207 26000
665 837 37443
373 790 49041
743 803 22136
62 886 76688
90 683 36715
87 224 36139
260 582 47760
21 452 25298
280 747 35511
253 656 36222
738 824 63600
24 82 36688
174 757 23345
33 44 25179
39 136 33242
753 790 37802
70 797 50804
559 770 109636
659 911 26870
84 183 29275
121 229 19105
74 381 15033
347 726 15524
857 910 13038
104 572 14142
669 744 48374
191 606 50537
572 631 51400
286 542 61033
310 391 36056
478 891 27731
403 710 53235
295 591 41437
507 686 10296
644 717 56886
713 912 14866
186 629 35511
10 748 14213
192 569 25020
122 892 53160
157 370 40262
566 906 24739
272 461 11180
314 512 30414
133 794 41677
99 458 36674
153 865 15297
150 667 27019
306 608 38013
648 792 14422
135 578 47854
6 220 21378
100 795 46174
752 800 46098
162 182 47707
144 800 68600
519 552 14560
112 692 36139
54 244 17029
236 330 18385
294 710 40311
515 703 32062
170 765 36014
244 406 31016
404 492 17263
241 635 45343
120 778 20000
139 335 48549
153 717 25020
188 451 61400
101 548 20100
414 576 12083
645 812 27459
61 439 42720
356 879 23022
415 546 31828
31 826 45486
313 534 36014
336 503 20125
21 149 12042
464 720 42720
144 372 19235
710 817 39812
307 736 15811
457 469 21541
275 753 18974
638 777 21190
202 678 42059
478 627 38588
141 593 36359
142 647 39598
293 909 33242
351 533 18788
319 820 12166
263 370 21260
576 709 10630
162 770 138571
349 692 35355
333 792 38897
437 688 22361
213 622 22091
44 554 30017
260 567 53254
665 788 21095
387 434 70007
6 172 26019
296 577 27586
430 508 37336
42 51 22091
80 425 15033
185 613 38118
544 896 41049
504 570 43932
274 571 42012
398 661 26249
66 488 16125
259 641 21095
342 399 67882
63 584 46819
289 572 29682
751 815 72180
227 559 53413
25 218 18358
36 662 24042
613 707 20000
203 784 46174
191 768 23259
101 148 89944
775 803 25554
772 877 60141
585 641 22361
232 417 13342
469 854 49244
63 391 32558
782 798 25000
862 871 27019
328 637 58421
771 852 41049
781 865 21954
227 614 32249
152 861 20025
137 441 40311
274 848 31780
181 536 23770
460 668 39294
523 896 49204
126 551 59034
41 484 36139
427 448 16125
405 545 35000
361 607 18000
66 828 33422
105 366 49254
197 358 42544
379 895 35511
111 276 11000
152 534 32558
219 628 11662
379 911 20616
475 702 12042
846 908 34205
378 845 13601
271 445 13038
232 279 49729
540 897 33287
223 530 59506
410 721 39115
139 659 30806
64 772 90907
19 630 30463
224 344 17000
311 510 33061
16 125 31780
31 80 32062
289 522 38328
696 773 34234
33 218 22847
398 718 20224
279 478 44777
190 681 42048
202 727 30594
651 762 12530
146 492 18028
225 525 33015
170 229 17804
428 814 57280
425 537 33242
127 686 26077
22 583 21932
153 338 28460
174 785 19925
144 393 46271
500 600 33601
205 618 41629
402 868 33106
299 679 43012
127 520 38118
375 428 24187
398 905 32558
312 809 45793
440 533 51624
636 797 39115
489 604 21401
440 557 55362
105 252 40224
50 101 43012
55 629 39812
3 518 36401
357 483 48600
593 855 17493
62 681 48270
189 596 41593
174 485 55000
261 381 59304
481 694 23770
47 292 46519
72 557 27659
385 908 41437
106 832 13153
207 326 39013
206 512 26306
341 512 23022
622 734 14142
345 615 15133
743 775 20025
281 409 14765
497 610 43738
261 543 133297
214 517 39812
782 795 45011
84 811 17804
437 763 38328
330 486 29017
401 422 19313
369 842 23259
90 907 47413
407 539 36056
173 286 70434
393 754 33541
186 259 36401
434 768 24698
239 713 13153
228 634 53600
136 640 17029
331 375 12530
825 901 29530
155 647 39051
159 612 29000
709 834 19235
21 294 43012
502 758 21213
353 498 31385
315 869 38484
40 234 44553
266 720 36235
405 851 47424
340 579 15133
440 630 30017
586 612 41012
69 123 24187
212 454 31890
77 186 26571
151 569 33015
704 885 61131
118 486 27313
233 643 28302
462 877 37643
548 815 58412
55 275 59548
790 882 43417
209 900 43829
560 697 47381
600 611 23854
33 602 42202
204 841 26627
130 914 33526
22 391 13153
338 717 10198
251 369 21378
714 791 34132
565 800 64560
174 234 16000
419 479 24166
150 691 52010
13 109 47676
808 809 14560
463 739 27731
651 659 12649
42 523 52345
777 881 36249
169 731 23770
84 595 20591
851 899 35440
82 747 34525
371 478 71218
183 706 26249
340 859 38000
32 425 30610
601 822 24515
238 439 26401
307 455 35735
880 902 43139
638 788 15811
61 526 22472
91 653 32202
114 516 39850
386 834 24083
404 760 18439
191 547 50990
680 686 17263
714 867 19723
484 513 29069
662 843 41000
507 680 25060
625 779 10770
149 558 31016
257 423 41000
32 322 12207
297 542 21401
7 788 40025
117 791 53160
503 876 14318
561 888 28844
645 898 30017
822 839 18601
308 343 24166
796 867 17205
101 663 50931
483 588 14560
366 905 15232
103 474 30364
21 710 42720
279 394 36688
333 866 15620
462 772 31048
550 746 56321
116 543 44777
189 284 37696
292 473 45255
656 780 48052
132 756 10817
176 444 20809
230 791 29833
290 883 10198
288 662 31623
124 390 82765
174 742 43139
777 837 42942
688 813 29017
471 906 51420
20 574 38419
561 875 22136
309 646 34205
125 495 10296
123 188 28443
339 626 37483
37 269 18000
648 816 36688
262 674 18682
734 756 58181
731 767 69203
97 122 37216
151 729 31321
98 766 28862
503 558 45277
873 911 95880
241 402 33422
139 287 33941
578 855 17464
851 913 51108
277 791 35735
256 660 39115
35 664 49578
403 624 66483
126 506 22204
498 707 12649
195 670 24187
405 644 19698
610 856 45618
104 160 32558
382 441 26833
127 680 19235
24 530 29275
197 609 27893
303 696 17205
62 587 23770
78 869 10198
282 586 29833
128 130 34928
110 163 27459
228 794 27459
89 540 79630
376 680 41146
157 377 40361
67 139 13928
94 623 28443
64 818 28071
17 250 29833
19 649 40817
84 620 39000
551 737 26683
175 568 26019
125 211 31016
117 868 37656
359 427 212191
59 99 37590
357 831 58215
57 254 11705
80 901 33941
766 816 13892
716 895 18028
50 876 27203
334 389 14036
59 536 42720
55 862 60745
634 902 11402
771 885 43186
324 689 22204
12 62 34670
282 743 31016
223 701 17493
49 602 34670
124 249 70214
68 379 28460
266 898 29732
308 601 20518
53 480 27203
667 727 21095
675 882 14318
172 804 26571
65 466 43909
322 538 11180
177 657 32573
764 890 44822
364 824 53451
561 829 28018
254 658 11402
108 617 64327
12 744 32696
211 800 77621
653 907 23345
61 238 47011
663 844 33541
670 747 19723
129 655 39925
156 212 21587
190 403 52631
74 451 48166
71 436 65734
654 696 42202
357 497 32802
107 901 40311
310 500 37643
369 415 23854
556 619 26077
362 746 63063
129 551 33015
204 585 22804
86 703 25000
574 874 19235
177 492 17205
39 140 70774
270 640 19235
35 235 44553
386 619 36069
352 883 28601
204 424 28231
581 777 26401
130 726 68505
43 503 29732
259 841 25179
272 321 39051
802 839 20100
449 528 43046
401 845 96509
690 883 20809
167 814 50210
27 814 45793
591 681 47424
306 856 17804
605 874 18000
352 482 45122
486 748 49820
308 822 21024
272 303 40249
208 485 30150
342 352 16763
340 581 16155
419 770 12083
178 716 12530
173 835 28844
311 820 25962
650 723 60415
396 421 10770
588 738 50210
563 908 43000
592 733 32062
31 425 35468
180 704 29547
463 860 33377
1 501 34525
113 315 33838
217 319 20616
123 757 31048
224 708 29682
292 808 16155
465 468 30150
292 789 36125
222 655 31890
110 318 19105
195 454 43290
51 523 57306
520 798 14318
277 868 37590
620 855 33242
246 552 18601
150 889 59414
471 850 45222
403 470 31401
490 906 41000
270 388 27166
269 511 22023
237 875 25495
75 533 34059
345 487 87846
46 676 14422
157 871 38053
263 409 19105
136 789 10817
120 447 32016
8 768 30887
371 788 37696
147 797 28862
368 531 78645
13 233 32650
422 636 30463
67 332 71840
295 681 49497
467 701 41677
12 190 26907
300 566 14036
110 494 18601
415 589 43863
514 803 44407
196 711 26019
88 337 30000
290 690 12207
446 747 15524
40 461 11402
259 723 61400
19 857 46957
28 676 21095
516 639 12000
300 471 47634
142 724 38275
151 489 47011
169 835 33615
194 715 28636
391 443 19723
607 890 29698
453 724 30017
215 307 23537
441 595 46098
706 811 13153
695 844 12369
311 326 10050
496 800 48508
258 492 47539
141 620 26926
399 482 54009
73 824 61294
573 617 20616
165 813 18682
284 596 49930
139 651 21840
302 671 13038
286 797 24331
198 776 36000
672 748 42012
219 529 15264
176 795 23324
347 435 17464
475 510 53852
321 354 26173
71 235 53367
89 218 60959
235 436 63820
10 764 38184
54 173 35511
55 77 47539
272 354 44385
112 278 33838
14 729 16279
32 409 41485
225 467 29411
246 519 15033
287 330 37336
572 850 53413
433 726 15000
472 845 19235
235 872 44102
579 580 31828
180 664 18439
366 661 24597
552 823 21095
193 575 24597
795 798 44418
692 847 49820
67 559 130419
89 307 69029
353 765 55758
203 278 38328
547 678 12207
95 222 53460
221 716 18028
147 636 28443
437 517 25179
209 758 36125
186 275 26833
133 573 19849
343 346 10050
92 799 27803
595 620 26173
482 719 30150
20 412 28653
15 903 19416
435 683 24839
181 327 49193
435 902 45804
125 566 27514
30 380 24597
279 627 60017
114 531 71063
314 420 25020
254 904 16643
213 824 26249
214 623 33000
245 616 60008
338 913 15652
38 69 19416
561 618 40804
402 635 51624
89 455 68264
276 468 29428
72 440 60017
95 751 60638
366 900 46325
346 577 41881
579 760 31890
403 832 66528
82 450 39446
42 884 52393
475 791 47381
434 668 48332
281 537 34482
109 643 32062
179 585 19105
209 318 42720
133 500 31401
312 685 27203
365 745 26926
330 361 37054
399 733 10630
94 441 49769
42 268 26077
38 426 26019
206 528 41485
368 516 47802
366 708 43174
402 552 21401
130 479 45618
131 545 99040
554 645 30364
298 689 23431
170 521 33061
164 671 21471
378 472 18028
298 427 56939
751 763 28231
347 705 14142
415 524 27295
46 73 13892
90 653 46011
721 816 34234
234 412 36401
405 873 113111
146 710 70214
74 188 59481
378 864 29069
87 297 24413
197 759 46690
631 844 25080
342 605 34015
517 688 38288
459 695 30529
129 524 48703
217 815 15524
345 845 84853
143 836 61074
568 578 54231
489 896 62626
60 688 42638
466 677 12042
437 568 30150
284 358 21260
449 599 26926
83 547 29017
336 502 26627
605 733 59093
144 725 21840
596 884 29155
304 839 29411
540 914 33838
223 671 23854
720 898 45706
332 720 45453
137 201 24698
340 777 34438
94 517 33302
326 813 30414
504 778 30017
846 879 12166
199 764 15264
369 546 10198
199 375 23022
16 566 16763
83 233 20248
312 808 36401
69 785 16401
478 701 71113
374 432 39446
384 825 13038
554 658 20224
496 819 33971
569 896 56089
24 908 43046
279 531 49031
246 545 73980
164 302 10817
656 912 29833
309 508 27785
93 877 35511
41 906 35903
457 743 17029
200 778 20809
741 907 50596
352 690 29614
357 615 19416
90 705 37121
28 46 19925
403 817 43417
514 775 23345
613 619 68542
363 706 51000
276 567 27295
298 853 11000
138 431 22204
195 603 38897
848 894 16401
178 379 47297
312 355 13601
133 600 33838
271 361 19647
220 358 35000
404 881 32802
247 466 23195
108 642 29069
140 823 33242
39 292 24021
618 888 31765
15 689 16401
540 736 34205
19 687 35468
660 786 16279
129 675 19723
556 596 55326
353 755 20809
559 614 26476
475 850 36056
495 660 18439
470 650 50774
305 485 24207
160 695 23537
270 456 22472
632 806 17088
226 484 13000
86 515 24759
279 891 36770
73 493 15264
483 738 58830
158 856 15033
379 873 75286
422 582 21378
216 851 31623
442 640 49254
362 849 20616
249 460 57723
515 550 44643
435 705 26173
270 714 37216
414 821 19209
393 616 40497
253 626 32140
314 327 20000
192 267 31016
124 192 55606
415 882 53712
107 825 21840
28 824 66851
157 537 32757
246 402 32062
243 244 22804
567 829 34482
90 479 72615
318 494 25080
337 374 33377
3 806 36878
847 849 34176
181 314 44045
418 450 31241
666 873 39357
56 650 19105
180 273 15232
134 774 25495
108 801 71840
168 266 35057
686 782 30414
353 722 34234
442 796 12000
565 752 36235
412 874 42485
285 587 44045
314 612 38601
9 33 25710
264 657 30871
283 327 14765
182 612 22472
326 820 29411
497 864 37336
64 397 34000
221 895 12000
183 899 26926
523 609 57009
103 747 25000
20 742 16031
201 887 12649
206 341 18385
262 843 11402
73 250 14318
287 361 15133
292 442 49092
125 300 33971
114 633 28160
340 638 42438
640 789 22561
376 391 45000
564 687 20616
467 869 49649
43 735 14318
60 813 32062
100 505 14866
99 854 56089
240 457 23770
93 818 28284
544 886 32388
53 799 24187
128 227 25962
342 733 68007
106 793 18788
74 799 14142
71 711 38910
231 610 27514
387 704 19925
329 529 37736
590 741 47508
827 889 30676
54 406 23324
360 913 19235
45 228 48600
828 892 25080
663 695 38184
41 684 25000
339 871 26077
482 883 34205
201 855 19235
116 293 35000
94 382 58215
212 531 27000
325 812 13038
671 698 19026
388 796 29155
72 630 62936
328 646 55009
51 609 22672
310 611 33121
274 894 29000
179 415 28636
587 681 43738
523 863 33302
237 286 45453
285 591 50359
293 313 53151
9 168 39825
45 634 20616
213 853 22023
228 433 26833
337 592 28636
169 725 36014
85 346 20000
13 534 41881
154 426 23854
58 889 20000
66 119 14560
423 560 12042
486 904 52202
70 636 37643
244 398 49336
385 563 14560
91 683 10296
320 749 11402
5 594 25298
584 750 36770
240 803 15000
418 698 26926
416 492 25000
115 606 21024
189 352 30265
516 755 23022
261 451 26926
520 780 28844
191 434 17692
35 436 31048
158 306 12042
285 681 30017
320 488 70029
509 646 26173
245 731 39000
376 507 25318
11 623 11662
121 886 24207
459 522 20000
13 99 49659
281 370 12042
218 367 15264
129 548 42544
661 708 29000
3 840 37696
40 553 32249
486 890 19209
462 550 48826
172 305 13000
72 375 57385
309 679 15811
145 607 14422
468 864 29155
333 715 43417
155 490 56939
202 667 22472
625 725 29698
259 629 52953
613 633 54120
570 792 39408
265 377 30000
654 700 34000
285 394 33242
654 757 48042
23 907 45541
389 886 11705
539 741 44294
241 545 54129
219 296 39850
242 428 64661
252 905 26077
132 869 38601
477 504 25060
484 752 41183
4 345 32450
51 358 31906
94 887 15232
674 682 31780
6 804 10050
185 707 29069
11 94 34366
506 508 21378
231 497 48083
308 560 48374
47 724 33242
206 673 10817
449 880 23087
348 389 34482
135 857 25962
485 742 38419
15 385 22804
5 99 27019
251 415 17889
218 794 60000
288 909 20518
56 470 45706
691 889 42953
597 892 37643
551 655 21633
149 546 31385
71 656 29967
428 706 33121
52 825 28844
476 520 13928
191 678 51000
362 515 50040
792 866 42953
55 193 65734
98 866 56223
464 914 24207
7 295 12000
410 692 59363
2 631 53367
637 655 34000
85 849 38419
503 735 25710
56 641 37736
130 897 14318
825 826 25000
834 884 48104
137 620 29614
302 698 24413
105 148 54083
48 888 31305
159 420 27074
89 433 41012
372 625 13454
478 591 38601
214 688 47297
81 431 10050
481 734 34886
185 633 29732
608 610 27295
17 869 20809
267 523 44777
388 714 16763
343 601 25000
120 200 24021
269 472 17493
28 588 54562
378 465 27785
118 607 11180
82 908 33061
346 423 29428
382 541 28018
143 499 71847
610 831 29428
235 476 14866
92 116 29614
649 679 34438
248 814 36401
273 664 27203
188 700 53488
142 684 36878
267 759 16031
364 483 75664
47 702 47011
535 836 50990
225 315 48260
547 843 42579
513 684 55444
196 783 41677
194 504 55902
599 885 62394
522 660 37216
441 781 17720
367 602 48415
784 878 33601
221 248 11705
27 764 22361
435 807 31780
176 664 19235
33 367 13601
429 823 64070
105 209 42438
69 827 20224
528 653 30414
178 873 28231
484 819 32650
306 693 27074
396 911 24698
63 680 56569
648 766 29206
682 691 19647
630 687 11045
187 668 39623
433 897 58249
447 477 12728
359 577 69426
124 632 10440
180 449 19698
204 415 51430
235 798 31048
498 501 32280
725 835 14866
126 737 58181
110 535 12000
601 847 26833
24 418 21587
689 853 18439
463 859 16643
364 487 45541
145 890 35468
790 841 45011
100 273 55444
637 761 32280
387 768 64846
18 913 29206
673 907 25612
103 550 31048
419 590 63246
278 531 56939
384 826 23770
163 836 33615
749 816 31385
614 720 37162
127 626 47802
496 616 74095
11 214 28792
627 698 28160
109 233 31064
79 96 44944
294 589 38949
145 271 22136
227 770 56223
360 899 18385
719 883 24187
482 848 33526
225 739 14318
32 723 54589
486 764 48765
95 548 33422
409 425 24698
395 785 17493
702 850 30083
438 518 48374
165 621 47202
85 296 43139
426 480 12042
166 758 24739
401 636 35511
103 280 33287
363 620 39115
24 164 11045
379 421 19313
32 348 41195
599 704 19235
57 602 12083
93 356 53460
286 767 63127
8 191 37483
290 352 23022
265 629 11662
53 909 26401
7 793 21541
211 565 40162
721 839 40804
116 381 50160
136 140 38079
398 893 38079
383 723 48549
48 618 19105
215 266 33242
378 582 73246
99 594 43012
190 832 36497
157 862 48600
9 307 28071
75 810 16553
385 903 18028
624 837 18028
268 414 27785
351 562 15556
528 787 57689
678 843 35128
791 867 39825
393 731 22136
546 558 11180
47 155 27000
97 413 29017
475 621 31780
316 854 30887
77 629 11180
297 875 16643
527 906 28792
576 619 54000
301 770 31048
66 97 59034
542 875 26019
324 397 23601
191 727 10198
142 513 63702
750 862 40719
83 598 13038
45 794 44045
105 502 33734
124 806 10817
181 316 33121
263 377 38210
521 896 38639
64 903 49092
166 264 17000
319 815 35014
359 628 28443
107 604 12207
221 379 35511
193 508 31401
215 736 26907
528 599 56604
370 537 38833
70 286 56613
547 606 18601
85 601 26907
21 735 31623
72 363 14142
102 791 34928
301 732 34366
769 905 36125
31 537 17000
68 248 31623
746 772 16492
470 669 12042
447 597 19416
98 613 82710
201 578 29069
207 621 38053
125 786 23259
296 346 44598
150 187 22136
160 522 45804
30 256 41231
344 708 26000
210 230 29069
37 345 42190
37 357 20248
273 795 39115
414 863 32450
217 663 19313
506 509 15811
218 455 20591
793 832 25807
465 582 66189
36 262 26476
614 914 41110
508 575 30150
228 726 33000
234 757 25942
447 778 33242
82 670 33242
707 821 22023
25 617 44283
148 769 19849
180 599 17000
384 489 35440
301 419 25179
263 265 44181
3 711 30676
339 584 16492
338 851 54489
708 900 33615
299 309 36056
143 411 10198
158 699 34409
664 783 62394
70 260 37216
153 805 36014
473 796 21587
58 526 12166
179 641 25000
527 565 20025
124 840 20100
199 557 48083
170 353 48374
274 778 51225
50 524 44721
258 735 26000
161 712 11314
64 448 67624
18 183 29120
581 760 21932
332 559 62769
104 631 42544
61 889 19105
22 138 35355
504 597 35057
440 810 19416
150 202 15264
142 685 17029
177 404 13342
113 525 58464
832 837 34482
224 297 27459
63 138 48301
1 821 39812
361 445 21541
518 806 12530
181 512 39051
259 424 19799
396 445 27203
50 548 48847
557 764 46615
271 549 26173
154 827 31906
48 205 39825
523 759 40447
358 884 43278
348 858 17205
596 690 30083
134 488 29614
220 574 39825
27 890 39459
122 597 30017
62 348 74465
649 810 46043
355 808 34205
658 904 11180
175 517 28284
457 854 35228
359 448 196125
243 835 10050
517 623 17263
387 885 57009
328 737 44283
81 138 14422
638 860 12000
222 763 17720
356 908 29530
32 80 25318
443 642 24166
305 804 25318
383 470 45177
151 632 37216
344 900 27459
458 491 13000
401 582 26077
553 733 49729
54 243 25495
22 63 27514
69 174 29833
271 396 19235
320 816 29206
726 897 64622
97 816 32062
416 657 16492
227 732 20591
54 542 36401
29 718 19723
72 141 26019
571 778 40262
52 901 14142
220 284 26401
837 881 26420
594 852 44045
56 817 41617
588 699 59464
564 630 28302
499 525 34015
371 860 32016
154 889 38897
541 805 25807
633 639 30150
205 693 42720
73 740 18111
115 852 17720
169 393 31385
239 384 28284
165 688 29411
71 912 47074
229 521 23022
106 681 50210
34 184 60075
635 805 41012
146 624 60033
553 605 37483
296 529 32016
354 592 20396
621 791 41049
194 556 55758
143 306 23770
61 827 15620
59 854 43046
106 295 30871
273 449 14560
859 860 25632
256 718 30871
257 697 44283
206 830 25554
156 232 22091
118 361 19416
76 469 67476
81 679 24207
85 343 14318
226 565 26571
372 800 74027
474 550 42544
45 133 20616
272 553 35341
616 754 16031
173 243 25710
114 203 24759
67 659 40162
406 893 38079
631 820 27459
208 238 30150
126 790 42942
578 593 10630
461 654 20248
295 793 20396
134 184 31828
382 781 19647
500 573 26907
236 812 31575
328 857 43186
299 646 11402
156 417 21954
61 395 33615
148 459 59008
229 886 33061
561 730 34205
104 289 21095
49 801 34928
476 780 19235
135 761 54571
619 709 47676
497 831 43417
563 652 30017
141 363 19416
805 868 42485
167 375 17464
602 904 25020
38 827 14560
346 560 32757
331 428 19698
355 685 21932
111 171 30676
628 746 33541
23 728 23022
8 606 30083
475 796 45880
126 430 30265
211 527 39623
67 911 65368
277 402 51624
608 856 37121
438 489 43566
649 677 15811
445 762 16279
368 765 47170
203 323 42048
109 870 35440
618 730 23431
311 631 39446
488 697 50606
370 409 14866
288 870 16279
182 514 27803
518 711 48374
44 254 22627
194 333 50249
683 880 49396
186 841 25318
323 410 35384
383 650 42953
168 215 10770
131 823 15652
36 291 16155
431 575 14560
90 807 20616
752 819 35693
616 800 31385
276 582 70385
238 249 15524
213 694 20100
601 802 23431
444 664 34015
4 487 56321
2 572 57009
694 824 18248
730 900 32280
173 542 55660
641 650 34015
173 767 85288
349 531 45618
571 776 24759
16 906 21471
209 502 42953
184 488 29833
564 857 22804
251 842 27313
315 467 36359
26 426 17205
45 600 38419
555 740 16279
304 697 20100
581 881 33242
299 649 50359
564 910 17029
380 718 60415
450 627 44385
6 358 37443
11 210 36620
398 406 50596
500 611 40000
31 253 50160
831 856 46872
153 913 30480
310 408 32757
146 258 54083
466 649 14318
497 511 26926
385 689 28018
135 910 25456
370 377 41761
383 669 39217
182 728 33000
386 556 40112
148 663 70767
319 844 28160
520 782 30594
424 585 17464
493 555 17029
364 738 37336
39 789 23195
35 872 31780
252 366 32249
86 454 20616
254 554 22023
575 679 23770
411 693 25495
217 844 25060
236 554 30806
705 726 22204
647 684 21541
208 365 11705
842 876 35171
434 727 14318
29 398 33106
15 324 15811
161 405 63600
160 289 43417
598 606 19026
421 911 18385
280 462 45695
282 457 34986
203 878 34713
285 765 45177
703 847 35000
235 520 24515
524 675 48836
637 737 31623
256 522 54818
430 506 22023
37 845 42755
79 399 31064
368 394 56365
270 429 41037
226 527 26401
699 740 34828
504 715 52202
513 819 19416
556 866 14142
408 617 49649
296 359 49366
698 701 41049
357 511 12369
194 690 40804
2 475 51000
23 182 39408
447 892 22672
177 416 20518
661 905 16279
76 152 67469
283 854 11180
109 534 33242
87 406 11180
353 501 42485
609 759 41304
14 518 27019
1 523 35014
76 491 14422
81 247 23259
123 426 23854
580 657 29069
240 469 32202
216 428 61294
525 859 31321
368 722 13038
429 791 33734
244 718 44283
100 902 29530
34 892 20809
380 625 12042
580 836 12083
351 557 28018
47 473 15620
293 543 53141
262 682 28231
435 634 50160
350 861 17720
766 792 31575
563 622 24042
98 633 61270
255 608 27785
41 226 36620
469 491 59135
562 764 28636
7 317 24331
429 714 11705
300 906 32016
146 735 69462
325 332 45651
724 808 36222
64 877 31064
192 400 32000
287 838 35000
258 502 24597
518 632 19723
578 910 30364
97 488 63600
242 666 40000
499 579 18028
166 492 20616
4 483 30610
207 510 13928
304 822 23854
524 882 45277
415 585 40012
212 692 39319
699 831 45618
442 789 56613
602 748 36069
244 380 62936
403 669 25554
365 485 29530
784 816 39825
787 885 23345
526 889 14000
337 733 11662
132 223 38079
265 723 53310
336 876 31145
325 898 31890
392 487 31385
400 745 52631
712 873 44283
587 886 69354
88 432 13038
89 736 75133
383 538 43278
93 446 51088
225 463 22091
19 440 34132
371 701 42720
289 786 36892
34 120 47854
524 548 32650
506 646 35847
768 852 39812
12 403 33734
155 453 31321
445 659 20881
354 733 35609
200 571 27893
801 810 38079
145 549 11180
474 515 10817
244 835 30610
3 668 31257
464 614 34059
178 895 12083
287 762 21024
55 265 33061
294 452 27019
108 408 26627
384 438 48270
109 662 35341
58 150 52326
123 480 31401
530 756 60745
142 453 40719
701 739 42297
270 823 48836
635 644 60308
344 730 14560
49 748 54452
336 735 28844
140 270 27019
420 612 22804
25 367 17263
284 884 45310
340 760 26683
25 108 81320
505 634 13892
359 772 39623
119 184 31906
113 699 43966
76 240 96187
563 853 28160
321 773 33000
362 550 58898
130 301 26476
70 582 21541
280 550 10198
568 761 17692
41 490 17720
529 628 19105
60 326 26401
9 215 33971
108 466 52839
300 572 39962
37 511 14036
493 869 23770
292 809 22825
121 587 55317
84 706 26833
323 721 27459
414 613 22091
126 646 40249
271 607 23022
328 761 62008
145 814 28000
472 511 32388
814 890 36249
450 603 26926
287 445 23087
174 395 35000
96 198 27203
590 770 70214
667 668 29428
126 328 44922
818 846 57723
329 849 21024
185 639 13153
163 318 29411
116 261 88549
364 392 44688
451 696 55606
622 853 29000
56 294 38601
304 308 29614
135 328 25318
672 801 42755
32 858 30414
224 730 24597
563 689 28302
115 598 22361
281 425 14000
588 676 60299
144 625 27000
148 876 82098
121 765 45222
390 745 26907
195 474 25942
310 443 30017
451 532 12728
196 668 30017
448 772 157000
97 648 39115
140 456 29069
396 549 22023
268 834 30083
536 771 17000
128 732 18385
591 891 19105
572 700
308 227
735 581
50 692
924 534
693 745
349 629
860 563
735 231
639 178
407 182
428 576
930 578
680 611
197 825
191 263
210 707
500 113
551 271
746 777
362 477
625 371
931 368
276 760
703 267
823 690
608 129
137 693
214 372
194 316
577 530
520 536
710 237
556 987
746 490
883 663
28 623
811 701
240 82
786 806
193 209
613 751
346 464
707 212
753 350
156 687
259 148
145 517
657 241
351 412
635 749
579 546
875 709
140 398
566 431
434 467
687 207
771 656
918 515
364 271
785 687
447 605
616 397
219 878
621 336
519 959
738 75
652 65
800 717
33 480
690 535
558 183
168 694
886 731
603 239
991 569
522 413
188 692
733 916
545 532
586 342
287 795
886 606
524 134
397 926
369 836
154 429
793 892
765 298
866 341
839 368
918 704
275 876
441 187
391 341
691 932
521 900
524 833
951 533
752 384
350 369
355 174
317 836
257 262
279 433
374 601
589 591
645 324
922 625
215 510
101 527
431 826
186 636
470 786
877 573
947 710
392 127
670 113
523 973
603 978
507 640
553 919
824 720
701 614
198 294
493 325
659 456
867 222
407 346
853 254
344 31
235 701
734 342
474 967
484 257
272 73
480 176
594 354
725 80
305 54
532 184
192 149
186 603
133 328
660 90
305 531
14 423
261 382
370 468
794 609
659 630
977 635
459 110
824 680
259 175
380 791
584 481
164 621
915 391
281 284
537 29
980 360
238 525
275 749
367 221
277 505
597 126
754 196
103 350
506 665
111 556
719 744
110 379
793 746
444 205
760 450
280 535
615 27
430 428
793 441
884 477
954 400
528 105
496 990
507 750
497 404
773 616
829 748
690 817
408 594
823 569
657 648
551 367
624 877
334 822
751 551
679 727
707 954
599 143
627 979
467 197
807 601
488 803
450 393
176 542
878 412
341 221
735 716
244 457
386 152
167 293
401 796
182 772
380 192
758 206
526 72
320 316
719 258
329 945
697 766
626 44
398 288
272 710
163 464
262 650
163 230
874 197
782 311
520 654
360 165
99 574
378 769
905 599
793 762
702 483
701 152
101 463
738 686
626 557
997 473
392 34
611 51
135 373
153 387
41 344
369 28
596 321
622 55
742 671
181 700
388 408
246 410
627 526
691 196
146 563
210 354
454 980
308 477
475 433
70 484
907 789
857 658
529 477
262 497
533 433
789 194
646 677
591 737
28 605
304 81
681 83
802 819
787 427
655 930
521 392
90 527
352 108
450 798
391 721
299 864
544 503
945 464
935 468
676 782
425 662
66 434
701 104
900 670
239 273
667 860
877 678
239 106
919 689
403 490
361 629
367 957
140 449
172 794
536 298
221 269
879 249
284 743
838 837
461 916
719 731
163 609
763 229
432 922
556 328
674 371
330 259
189 110
954 649
912 443
214 655
913 493
345 605
229 497
325 296
501 891
811 857
510 543
470 841
184 834
743 153
340 260
928 455
480 282
374 917
688 139
569 124
783 131
590 840
527 596
751 121
308 451
763 892
468 83
636 457
273 576
895 419
702 842
410 932
178 472
32 665
409 942
819 326
516 577
421 810
983 598
613 188
686 847
500 713
785 860
197 121
268 823
45 634
662 766
318 963
501 87
686 102
354 904
548 173
111 739
724 720
230 438
706 250
453 710
384 429
545 491
296 655
150 319
427 346
758 925
580 130
674 400
557 451
31 573
661 38
172 327
901 730
436 129
471 508
606 577
215 811
597 790
811 487
307 108
526 610
718 695
638 373
82 773
87 323
402 686
772 718
672 66
203 848
200 402
750 890
657 680
3 486
371 60
421 543
293 538
476 11
152 418
955 322
667 339
531 496
446 867
184 593
771 791
550 901
567 751
404 416
265 521
391 772
297 755
904 252
913 418
668 56
21 479
414 971
461 419
544 517
837 700
143 843
577 106
334 109
497 355
576 341
792 905
806 299
810 557
815 343
754 520
413 234
653 588
749 710
569 242
460 141
280 133
648 356
748 467
694 82
278 825
583 953
157 851
801 423
321 775
882 779
386 469
229 166
377 817
729 240
283 73
975 482
967 566
260 323
756 615
797 809
281 906
264 628
824 207
55 559
599 298
245 674
85 556
983 502
426 512
251 232
37 590
271 138
346 845
308 176
692 472
592 944
352 699
894 274
849 701
186 729
696 891
74 673
158 218
738 746
659 138
66 746
503 961
616 611
210 204
979 561
290 521
176 681
204 495
193 303
104 226
65 608
529 725
257 592
703 347
538 694
286 466
326 442
614 932
757 370
511 338
678 425
532 342
526 333
328 226
42 622
882 438
145 192
971 422
352 854
482 748
416 209
701 594
354 29
697 459
539 667
244 311
607 699
391 392
243 623
773 668
174 254
838 401
342 937
247 764
401 769
891 770
605 205
953 613
203 510
878 500
577 513
499 541
943 356
811 233
408 130
127 432
969 671
554 626
441 11
382 439
857 607
370 367
655 80
309 866
434 327
358 43
770 834
708 182
177 664
594 830
585 189
371 437
841 155
426 970
147 465
624 177
211 797
515 228
154 255
207 268
114 514
443 231
632 649
585 899
654 972
255 248
721 327
716 801
562 345
572 762
386 977
493 210
258 574
236 551
288 570
25 500
616 351
632 441
444 415
964 441
453 628
88 669
422 456
940 304
375 668
789 880
501 203
916 558
506 144
649 824
579 934
887 593
808 449
723 374
417 908
676 212
346 785
599 598
733 828
868 592
668 102
132 587
652 734
108 600
703 387
935 412
545 753
846 181
34 650
65 289
708 311
159 504
572 816
509 170
339 183
204 774
413 192
357 561
160 328
630 494
332 732
323 935
527 423
539 243
296 279
691 611
497 778
769 363
422 68
9 451
422 275
297 611
494 748
285 84
454 435
626 346
890 623
468 29
737 173
529 307
220 177
554 879
586 292
453 469
704 74
212 767
865 387
814 798
422 309
663 522
249 525
688 185
700 62
207 315
208 427
890 640
313 334
779 453
321 602
571 51
795 582
766 577
434 521
310 819
285 730
617 213
872 403
862 676
424 356
148 675
591 307
847 614
571 323
656 437
410 636
831 669
834 359
200 185
181 136
673 434
528 244
391 238
187 812
657 853
826 650
396 835
161 582
180 752
286 307
848 823
459 936
304 729
144 649
848 798
281 695
296 177
384 856
805 468
833 324
548 122
533 737
188 448
580 769
374 518
725 552
545 21
639 559
323 113
596 883
609 38
458 85
197 382
666 894
812 166
485 864
466 709
512 482
228 136
139 349
815 311
813 571
954 367
668 600
174 486
80 344
884 215
757 882
202 760
332 467
778 224
440 301
124 704
276 653
166 676
904 335
762 776
976 465
458 563
698 713
293 920
293 829
650 187
492 884
606 415
377 282
122 238
503 386
81 290
483 725
226 707
816 750
271 481
647 693
279 550
431 244
710 85
403 271
612 151
470 666
531 861
25 386
833 548
248 397
909 241
870 515
289 936
844 857
469 992
975 445
671 954
304 591
615 962
164 318
673 475
455 124
703 429
772 515
484 849
787 727
219 304
870 449
310 620
263 79
473 363
341 142
562 867
357 609
755 306
748 430
292 133
42 430
710 453
896 721
92 273
625 255
432 890
997 458
694 735
423 109
707 605
846 336
224 100
228 86
588 246
535 120
732 146
362 239
632 90
324 331
519 868
410 501
247 880
129 203
323 284
555 736
441 903
337 45
162 755
595 570
615 555
797 697
545 980
124 481
900 399
103 629
372 588
692 421
599 766
134 363
225 556
342 571
722 132
452 888
721 616
472 408
363 419
850 649
298 304
20 581
233 824
405 884
686 923
373 896
288 206
508 46
872 556
183 794
940 478
486 194
149 620
509 250
506 563
273 614
297 623
978 615
623 452
585 724
60 571
474 113
580 828
306 123
385 90
198 690
912 659
622 479
739 459
589 16
733 810
126 458
329 428
245 895
511 829
245 822
808 401
319 558
430 369
669 870
634 799
866 472
522 621
455 193
131 489
787 668
647 123
377 687
568 970
185 437
676 910
626 32
577 660
839 251
767 174
518 80
205 477
569 556
778 370
216 829
677 187
224 424
201 244
888 383
254 797
886 685
502 239
681 43
644 545
482 90
843 222
