729 1262 18 121
324 424 48549
88 338 26833
16 726 44147
235 240 12042
256 720 22825
196 588 25298
569 611 18974
187 346 29155
162 258 32985
179 438 14142
417 707 24083
145 146 113146
344 716 28601
92 327 106888
183 309 50040
358 408 45277
217 526 60075
235 531 47297
272 288 45618
602 661 44598
211 349 28844
134 575 43139
158 478 53151
215 515 40311
92 435 141152
259 307 48166
261 683 46519
29 445 33541
394 501 24207
52 532 21541
221 610 25080
260 615 20025
57 553 50448
267 538 47854
301 486 52811
308 323 45354
123 353 38897
74 116 20025
494 621 44922
317 593 31890
96 605 62201
509 652 51624
212 587 14142
117 538 57706
35 360 47011
447 487 14422
197 277 24597
339 388 33615
142 238 33121
102 183 61620
413 548 15033
37 116 44418
232 255 29682
21 662 35355
228 410 17720
253 271 74793
302 687 24042
44 106 20125
440 498 36056
44 501 17692
180 689 29833
522 676 13153
345 615 16125
203 710 36688
308 648 65069
241 704 31385
403 425 56089
550 713 18028
355 681 55660
670 722 55227
124 181 25080
113 285 63198
135 503 77897
211 503 55326
139 369 40719
589 692 13601
95 270 26683
257 509 49092
203 677 20591
276 347 57009
272 315 29000
23 217 68007
216 369 39357
565 633 68352
472 555 63411
329 477 18439
282 397 23409
472 645 21840
263 518 44944
350 653 17804
317 487 31048
185 683 37483
72 645 18601
137 361 25554
33 211 51478
321 581 21587
297 625 54818
159 637 23022
36 138 34986
71 510 21954
150 634 98087
181 709 26476
670 717 33242
374 564 18248
78 467 47074
71 578 64885
95 382 43566
620 658 19925
486 726 58728
393 623 55946
285 616 55227
265 681 18682
31 109 40000
589 625 18788
400 488 17263
576 640 21024
112 337 41976
271 626 10817
344 474 34986
132 503 40249
112 423 47043
276 607 21401
483 563 45880
554 722 42202
1 326 46755
5 146 13416
193 415 55946
202 587 34015
18 177 42720
262 390 40817
150 449 86977
312 385 46390
244 318 27000
42 672 60415
23 61 41231
70 178 16492
505 556 11705
169 393 24839
76 386 45804
27 528 54129
459 580 28284
153 165 25495
47 522 36797
496 693 36674
27 113 52697
130 527 36014
48 642 35468
307 420 51662
93 117 81320
112 547 37054
47 420 55326
427 526 22825
94 152 48010
167 248 33838
494 714 79981
1 224 25318
48 222 23854
101 322 66310
295 427 21840
195 321 13892
443 614 50090
347 687 74967
7 509 48010
213 344 41785
67 315 61685
355 608 11402
18 232 16155
37 74 39115
341 550 33015
233 367 47011
225 608 80112
306 629 37696
111 509 56080
280 383 17692
32 454 73164
288 436 51078
72 472 23259
516 598 31257
432 720 33242
455 482 36688
531 632 48836
238 268 34059
106 538 40050
229 399 33615
313 420 35735
86 367 30017
396 631 32696
519 669 32000
337 570 52402
473 639 45541
542 577 19026
254 702 68797
116 294 15811
252 641 31305
247 605 42755
102 309 48836
142 260 42190
40 521 21932
360 432 53600
368 665 36235
172 532 61057
463 521 60539
581 703 39115
206 450 32249
305 444 17029
530 605 33971
20 652 52038
74 429 25000
96 316 16643
90 136 118849
33 529 39051
391 605 58856
61 309 32388
40 122 27295
442 590 44922
191 401 28178
50 515 20100
188 302 34540
62 101 23087
412 469 38833
182 590 28636
143 511 35171
20 307 44911
39 590 49729
17 654 19849
167 667 31385
50 391 36797
102 399 48374
90 345 22000
431 618 34482
172 485 59933
131 276 47508
11 335 15811
625 692 30265
407 698 52953
192 536 27313
42 638 55027
56 401 24187
88 270 44688
316 515 42190
157 508 33526
472 654 47170
166 532 11180
127 450 54818
82 543 24698
269 459 15133
497 691 28443
70 398 60374
170 706 21541
78 235 40719
238 292 17493
204 672 11402
368 469 57385
212 592 26926
123 269 35228
113 616 44407
247 316 34205
313 655 19026
338 398 141209
7 111 15297
466 570 75664
231 516 20616
372 555 22023
387 426 65307
310 657 28636
221 534 18028
480 610 82928
455 499 20518
405 418 38210
114 331 15000
585 682 22804
248 628 33956
513 619 69203
54 59 27514
191 653 32388
45 286 24698
641 685 16125
505 680 33541
33 43 61847
216 643 38471
7 488 25060
199 296 54009
380 621 35384
33 512 43417
394 671 29069
290 556 21954
12 692 23601
289 448 25495
642 718 31401
405 431 43290
245 546 54083
162 633 31906
99 327 46573
205 405 33121
244 383 34132
252 253 72670
285 669 41183
351 554 27857
274 296 23707
255 537 12369
23 724 22672
302 493 106944
550 563 53460
52 608 18439
30 89 46390
347 493 52773
364 452 43174
15 474 53254
256 360 17804
194 509 55082
171 523 114726
431 540 12530
647 669 36401
286 426 43105
206 492 30083
39 119 14866
27 329 41012
128 592 41773
46 538 63561
149 343 34928
134 597 49092
461 475 15133
3 686 26571
58 623 43863
69 607 29833
57 572 37336
569 641 24187
136 712 98737
370 402 35468
353 381 45188
342 591 39205
387 729 15133
174 674 23087
222 550 17493
58 263 27459
373 571 33615
31 635 45188
132 283 20100
221 649 25632
59 334 23345
449 516 43139
428 717 20809
31 311 22804
253 584 53339
387 566 39825
102 437 26173
210 455 25495
48 713 17263
49 527 12530
574 597 18248
25 493 37108
450 703 32558
118 262 18028
13 26 26077
644 670 21471
32 462 17029
239 660 53907
260 684 21095
361 362 38079
511 687 28443
219 661 29833
404 604 33106
264 317 18385
340 436 16000
525 528 55036
572 639 24515
156 189 17000
18 573 26420
229 668 59682
51 297 34540
188 511 15297
40 463 66708
106 137 35355
102 404 22472
77 547 13342
203 567 27203
423 520 52393
301 648 57035
91 474 22804
297 636 17000
421 427 54562
500 647 85440
236 475 38275
318 585 33287
164 450 19105
523 667 29206
280 570 66219
478 551 10050
161 443 28284
12 451 69231
405 421 84172
38 49 12369
42 659 44283
240 291 12042
559 670 80411
315 646 32650
62 111 70831
372 549 19105
330 522 33287
10 226 16643
389 596 15297
283 503 34059
127 220 38601
5 145 125897
520 547 63063
279 562 34205
430 594 41593
163 202 51225
87 644 43278
194 594 66483
553 704 23345
342 446 66940
78 114 22204
139 379 22136
583 622 49980
88 419 30594
141 446 30017
226 631 18439
304 463 71021
22 607 21378
20 259 41773
148 256 43566
172 696 64938
14 354 18682
33 349 35468
114 467 43278
301 542 50000
330 725 38013
108 138 30000
108 484 47265
2 403 36674
558 614 47760
1 458 28636
320 603 17692
175 660 31828
436 660 20000
1 507 38210
230 371 57706
279 603 29732
358 600 60729
107 331 12649
167 623 78262
506 542 17263
288 646 48270
160 206 50000
107 711 39459
138 484 58600
324 471 56080
638 714 56009
323 401 27459
190 414 35228
43 251 37643
277 325 12000
171 682 12369
13 368 53600
172 651 21587
59 544 21954
53 678 19209
64 674 52326
177 328 35000
36 359 36497
116 322 46390
314 391 12207
442 445 15033
382 630 80399
408 681 59641
105 154 54745
80 321 14318
540 699 37000
54 453 68505
134 215 22672
197 328 13601
76 413 31385
365 588 31401
252 366 36056
357 436 92849
464 594 34828
128 503 72250
180 321 23022
90 601 35000
519 663 22023
249 639 27803
103 119 34409
295 421 66888
335 606 23324
131 434 58009
249 460 17889
100 458 53339
309 437 30364
97 189 31828
86 505 21213
124 198 14765
634 681 46840
314 377 33838
109 281 13601
403 575 16125
62 79 74007
159 564 10296
397 729 22136
273 590 38639
77 425 54589
444 695 36125
194 485 33615
10 66 34713
26 294 21587
359 700 28000
402 551 51420
69 131 48508
120 144 47011
675 679 52240
402 527 40497
405 422 40200
164 206 20125
80 84 21213
403 582 34713
154 442 32016
289 409 24739
303 724 51108
248 363 31016
203 407 45255
128 135 25612
406 452 54745
470 583 14036
14 157 43267
635 662 46400
293 699 50931
125 380 23770
331 533 40000
551 593 30480
118 141 26683
178 377 20881
108 591 33121
438 619 30364
290 367 26000
630 709 46271
81 586 51662
112 247 67535
84 417 38897
19 230 36674
495 640 27459
357 578 18439
397 426 63325
84 168 24083
304 381 72622
176 405 35511
15 622 50220
24 372 54562
504 722 38897
372 463 51088
65 132 11180
386 521 15811
160 582 38949
12 517 73348
228 644 32558
149 217 13038
352 511 23022
55 82 29732
131 526 79076
92 613 24413
133 352 22091
386 409 22023
9 618 12166
157 566 22023
506 577 28425
312 395 42755
245 433 49041
291 621 48754
462 487 40262
332 687 58873
545 628 18358
209 326 55444
554 670 31257
63 483 55902
188 687 26926
201 437 12530
16 725 16401
515 694 40719
19 430 26249
434 664 42059
287 564 39319
265 465 60208
181 198 19723
315 468 36497
446 545 24413
288 340 47170
385 673 18682
4 306 31064
518 682 12728
467 720 53907
123 580 23537
495 496 35355
514 640 21932
41 444 27857
163 587 26019
668 702 15524
4 520 37108
127 597 21954
282 439 37577
416 611 37483
269 579 27074
425 489 77201
302 352 48836
533 595 39217
79 271 70349
86 290 15000
312 350 54203
302 332 65115
384 691 11662
115 317 18385
370 609 24515
79 719 25495
216 524 51624
364 519 22136
456 711 27019
504 693 28160
17 555 25456
75 205 31953
54 544 21190
61 223 21954
12 115 49739
139 261 56613
137 267 37363
24 125 34438
108 126 45453
327 435 36125
310 685 54406
208 622 53009
104 535 46819
96 515 37590
313 396 21954
147 601 42190
481 529 43324
153 680 42953
5 701 28284
281 397 29155
53 435 47885
339 481 24515
97 716 24187
41 243 51478
502 633 19235
10 429 25020
166 172 61098
557 584 26627
530 590 50990
676 725 49010
300 435 42012
438 549 35511
272 340 52479
104 185 39446
281 311 30414
213 237 86579
375 473 33287
239 348 19235
105 273 18358
410 612 21095
109 311 31623
185 524 29017
93 407 10817
553 668 49679
275 661 30067
491 619 15652
287 433 10440
520 561 72236
199 476 20809
486 561 44294
267 483 56036
19 371 46615
479 492 59135
403 489 38079
176 710 22361
163 469 55227
114 595 15524
458 507 14422
600 696 42000
16 652 64475
509 594 51788
124 382 19000
466 562 26401
93 564 31906
155 650 61612
406 669 41000
366 643 35341
242 668 51624
49 218 43186
204 282 33541
237 671 15133
91 622 37336
171 393 88006
457 688 31016
41 484 18358
170 570 29206
412 546 46390
98 379 44283
243 695 51662
221 227 42579
156 671 16125
72 654 35468
422 677 30083
232 480 14765
35 432 44598
115 593 41629
223 343 16155
372 513 26173
171 667 142004
400 719 24413
222 713 10440
82 727 32696
154 318 26077
350 673 53824
257 652 54562
323 631 21213
63 267 23770
332 347 31016
320 673 31828
14 275 15000
190 576 45000
449 598 27019
384 425 31385
165 578 57428
363 444 37202
284 601 22361
153 269 15811
216 683 47011
77 715 21401
192 613 31113
410 701 32757
174 277 23195
53 482 59933
242 309 43681
87 598 44283
9 250 17493
201 404 18788
12 593 68154
225 417 23087
252 584 33377
227 537 43324
473 562 21213
91 120 16492
160 726 48332
99 110 31257
368 447 33121
183 229 21932
253 557 31401
422 567 13000
103 617 18248
66 151 23324
464 586 39051
166 600 11402
187 210 39850
60 238 28862
460 603 21095
104 451 21260
309 343 22091
237 633 150479
236 620 19313
145 544 26173
26 452 22804
133 390 17804
470 699 70682
56 82 29017
386 548 57871
464 488 12166
478 666 20616
75 500 70342
449 701 59942
411 657 28231
71 165 32802
39 530 28653
304 386 38118
351 717 18974
99 533 41000
185 609 21213
608 697 27659
278 286 16763
43 627 31048
485 651 49254
133 511 15297
165 376 44922
15 213 61074
250 568 20248
302 610 149345
46 189 41881
213 716 35777
89 588 18385
330 378 20100
388 507 32202
136 650 16763
388 529 22136
51 253 23770
502 552 35609
52 681 52154
571 678 46615
356 464 49820
612 701 33106
94 705 16125
387 508 51546
196 599 27074
234 596 23537
134 694 61131
669 688 57385
570 706 15133
293 622 45177
499 571 59034
520 577 64846
471 635 70007
504 658 22361
55 616 49254
614 675 39962
319 326 29698
341 481 48508
69 434 15556
30 599 16279
179 491 25632
129 375 41000
165 459 13000
60 728 54083
414 576 32985
67 125 18868
425 497 27203
468 621 57428
221 537 21024
165 510 37014
108 342 60415
39 103 34482
42 595 37483
97 144 47424
284 615 13153
348 596 20248
244 263 29411
143 591 15232
304 576 35228
356 594 61131
197 325 31828
241 623 25495
338 419 56921
172 479 55073
333 440 35128
177 664 55227
172 492 61057
94 448 42953
11 254 18868
68 544 22204
117 718 32249
13 462 42720
170 273 45354
192 456 18974
147 565 49497
415 656 21932
364 665 19235
295 405 59506
266 369 15264
395 506 10296
201 309 30480
207 285 27295
29 617 59816
227 664 53451
454 636 36235
3 289 36000
260 284 21633
207 656 14560
299 645 18439
34 622 52631
48 245 27295
140 214 43829
505 514 38471
351 658 41593
495 556 13928
126 539 10296
99 300 23770
25 347 34785
502 565 55444
214 296 29069
230 600 64661
68 233 36401
536 711 36770
3 414 39812
73 541 19647
308 396 28601
81 271 63789
299 626 20616
147 319 64900
483 718 26907
534 649 11662
366 641 14422
261 370 32650
80 195 16553
61 359 27659
66 415 25942
152 413 14142
126 138 29428
23 149 58694
225 697 67268
384 403 42154
177 573 49000
113 477 31000
3 693 22672
169 523 13038
155 571 28302
600 681 63253
568 618 21541
350 385 50695
144 344 27019
346 729 12728
193 727 50448
110 210 18974
460 606 33838
674 708 44385
34 540 41012
120 474 10198
177 232 48415
373 490 45222
139 683 42202
579 680 52154
230 696 55579
275 354 11402
416 685 20248
310 491 18028
274 707 38328
38 200 30364
182 617 23770
621 632 28302
168 180 28792
395 648 17464
598 634 56727
526 528 66038
83 128 65605
160 164 44777
151 429 56648
21 379 31064
225 703 47381
517 636 55362
422 698 32016
330 676 21932
259 652 14866
424 619 13153
290 496 28320
270 689 20248
190 304 32985
22 534 12530
105 383 37483
58 129 50567
684 728 51478
312 401 52345
573 708 26627
494 638 60033
141 628 35384
35 175 42953
513 549 32249
168 321 29069
75 121 11045
85 633 82565
214 274 12042
60 684 23770
127 575 44418
12 216 45277
45 109 24597
87 428 50220
334 510 24042
173 374 29614
363 704 63506
157 161 20616
64 174 54009
471 657 25080
251 560 45541
354 560 47802
173 407 32016
461 705 27203
98 200 55317
500 710 53226
264 447 21213
376 580 14318
44 538 34886
252 589 46011
266 379 45486
8 358 27459
73 624 38275
158 592 25612
104 524 34205
161 560 38013
192 467 47170
223 309 20616
426 602 38053
61 700 23259
36 243 22825
324 714 42059
694 723 69857
430 485 30000
374 637 23259
378 725 23601
557 625 27295
482 499 33422
456 536 18385
226 429 14866
561 726 64008
329 604 10296
234 348 16971
29 442 29000
690 724 25495
648 655 64622
6 660 29547
185 535 30000
268 728 55154
346 439 19698
182 442 30232
497 715 57079
128 336 56921
300 482 21260
99 482 36674
195 581 15000
57 702 62129
220 298 50478
70 391 36056
148 613 12728
293 583 58181
241 375 38000
305 545 34234
378 486 59933
308 655 24698
258 361 18028
310 411 40853
83 336 22091
368 666 46098
25 302 71610
659 672 39000
123 381 49041
23 303 49092
231 410 40817
167 363 19723
535 609 15297
56 191 24597
202 469 41881
74 294 20518
134 723 57140
140 709 32249
539 700 16125
73 432 28862
100 258 28160
2 160 49729
47 307 19647
471 662 56639
1 502 36056
122 441 17205
465 630 77026
160 691 39459
266 411 34205
373 558 33541
150 265 85006
156 394 21840
295 525 41231
560 614 55154
67 468 55973
38 392 37216
493 649 26249
200 392 28160
2 582 23022
85 361 26833
119 617 45486
215 489 24597
355 697 25000
490 679 52355
424 714 13038
457 525 67801
586 719 27295
130 218 43966
173 710 56223
4 423 25807
131 303 43600
105 280 41785
380 494 43382
508 566 28302
9 405 58830
320 606 24515
76 409 30017
6 175 12083
457 500 53141
451 593 13928
376 578 35440
34 325 39825
663 665 33242
12 643 27893
498 647 23345
425 691 21840
616 656 52773
539 690 16401
122 548 30414
416 569 39205
40 386 34655
677 698 10770
335 572 27803
32 517 18788
292 560 51039
477 604 22847
337 466 57628
455 558 73410
8 351 64630
83 503 14560
341 529 48083
22 434 47170
92 148 25495
204 659 39205
127 298 53759
184 512 39319
28 441 19647
121 295 19416
614 679 31623
298 450 44147
257 651 34176
205 710 34000
518 585 31145
520 715 48052
7 400 19647
333 469 11045
155 678 38079
336 592 51430
28 81 38275
15 208 80000
285 688 45310
11 606 17720
107 467 45607
246 627 29275
407 564 33956
574 723 10198
74 151 63655
295 418 33121
17 179 39560
55 399 59933
146 559 78816
514 579 20025
209 512 23601
419 723 49649
246 268 38897
176 422 18028
305 446 50596
82 653 25495
193 543 29833
4 629 53367
240 624 22361
250 405 68622
110 187 44407
440 663 22472
33 184 26019
236 351 25962
202 212 29000
322 721 28792
65 283 19209
611 645 38053
542 648 15000
218 392 17692
251 627 16031
100 362 43863
61 242 51078
101 721 51010
136 675 14866
203 422 23259
220 689 29411
30 637 10440
178 398 76557
158 402 11045
186 626 34785
291 531 53000
231 598 16971
311 659 18682
186 299 29411
142 292 38013
6 389 27295
3 495 43046
121 418 22361
441 626 34132
461 620 28160
3 448 33971
224 552 11180
64 208 28018
337 706 42059
98 278 22204
328 708 14318
141 262 18358
249 279 41629
198 382 17692
8 475 35805
89 599 38013
498 588 61984
162 502 36000
65 349 30529
30 433 27459
461 686 29069
465 476 51614
264 666 23537
432 541 15000
543 727 40262
186 645 25239
35 234 46043
339 362 48415
406 415 23854
20 509 80056
199 707 17720
407 470 78390
140 630 16643
41 695 16401
567 710 13928
85 394 58249
24 67 41012
387 443 60000
287 642 47885
219 602 38949
70 314 30083
129 263 41437
135 245 49254
159 374 12042
143 690 49254
50 398 45000
84 214 43417
68 680 34015
46 144 24207
28 152 18028
220 574 33956
445 617 32757
490 650 34205
118 390 43829
37 631 36222
224 326 39459
20 721 50000
246 512 16401
476 681 71805
319 552 35609
45 635 24515
169 171 105546
228 612 24839
345 712 11402
471 491 25495
255 480 44418
356 371 30414
408 428 45891
84 95 18028
90 712 21954
63 563 41593
233 559 17464
334 453 43738
105 570 37054
156 501 21095
333 365 41976
365 412 10770
207 406 22136
197 568 40012
128 546 35847
629 673 39812
357 453 75133
51 454 51157
306 506 55902
196 500 71589
377 398 97309
541 624 31575
494 632 30083
57 254 66851
353 646 26077
184 209 28653
130 219 43012
206 479 57689
187 439 20248
686 705 35000
21 278 14318
90 650 134618
239 389 29428
582 941
396 173
754 276
262 302
795 103
986 454
588 334
674 214
238 791
393 472
235 408
606 527
476 537
699 750
292 933
472 255
749 480
126 813
632 248
496 366
721 640
109 737
169 600
808 427
62 669
462 515
315 601
690 349
101 204
435 752
782 618
517 505
624 823
248 843
988 491
164 506
439 441
617 688
186 143
736 382
108 461
846 616
663 775
440 918
736 661
394 901
433 352
503 804
605 691
269 97
581 437
589 160
906 789
883 205
307 472
356 451
163 399
94 337
874 231
718 855
179 560
524 385
526 890
205 901
575 812
386 506
849 426
850 230
142 709
242 88
914 282
707 444
939 534
442 480
293 701
734 321
295 229
874 589
598 384
481 94
658 328
327 450
566 752
478 73
494 978
836 264
716 126
408 35
441 706
713 949
318 889
979 615
387 807
692 283
468 58
271 132
395 959
700 667
887 699
543 961
517 407
259 546
156 160
579 611
164 238
458 927
908 623
104 524
758 650
856 703
585 349
245 234
286 557
887 607
563 552
462 479
465 830
1 525
176 132
334 893
282 702
709 378
870 353
494 15
839 442
139 553
390 129
514 712
140 316
595 733
154 662
580 802
51 561
322 121
494 728
806 875
493 932
134 524
674 630
541 16
7 499
762 877
82 567
375 916
882 194
801 115
688 963
968 592
227 609
639 29
398 526
691 331
869 303
110 229
872 834
425 951
735 774
561 664
419 781
409 221
754 766
548 977
522 637
431 182
894 308
586 190
42 412
454 71
44 366
224 218
62 262
529 212
382 766
204 847
997 449
318 741
149 777
226 92
738 518
444 98
504 38
147 179
213 505
623 849
613 631
710 408
812 709
33 579
417 936
767 347
334 440
937 623
325 502
552 251
474 109
426 713
190 802
487 28
546 104
646 679
234 575
490 677
349 766
810 674
304 731
449 191
373 549
228 885
648 863
850 721
617 772
519 677
339 972
516 52
305 136
639 558
234 620
637 720
638 734
401 92
97 749
523 791
198 571
607 945
498 123
407 463
139 756
773 132
222 485
648 215
733 94
111 807
840 195
942 493
891 552
731 230
425 982
746 848
933 462
899 543
131 394
199 513
153 486
108 282
499 777
675 834
276 174
23 440
196 364
223 782
687 804
663 469
603 428
225 424
95 782
975 549
522 265
516 969
488 325
726 899
620 647
16 515
99 310
539 576
638 114
670 585
503 896
712 846
874 318
442 64
668 391
929 388
180 229
524 61
687 759
130 703
201 824
718 654
213 326
149 277
766 661
777 668
560 800
714 917
349 562
713 670
453 785
970 368
754 312
821 264
890 535
761 839
277 839
457 494
263 706
545 50
568 469
443 120
682 417
896 721
403 355
20 611
128 627
799 355
81 468
288 319
452 357
393 398
211 555
729 543
788 640
321 391
405 396
234 117
908 408
285 141
556 569
108 255
634 927
235 367
467 97
456 433
382 442
785 603
213 824
613 906
932 711
177 798
274 602
442 299
896 619
64 659
456 643
878 254
220 403
568 730
236 275
432 23
563 891
974 415
565 819
49 549
213 577
354 933
713 927
785 720
95 658
930 481
601 796
288 434
738 205
29 563
897 381
694 768
580 149
661 293
955 329
651 199
158 542
989 538
506 954
525 921
52 429
438 575
465 684
665 505
821 238
489 589
657 593
605 676
675 266
784 476
817 806
411 772
131 356
907 351
206 98
440 279
695 623
845 465
856 400
475 15
137 264
376 205
275 385
761 358
774 726
592 874
962 467
37 550
244 124
649 707
63 350
446 945
329 349
416 415
769 690
296 61
253 498
607 339
359 427
572 663
360 166
251 567
288 760
394 542
381 798
682 166
760 336
768 115
691 558
475 680
705 333
771 312
374 529
704 504
505 101
292 722
378 41
439 407
206 741
328 756
247 281
759 562
349 221
710 713
242 700
727 175
418 473
607 256
283 803
946 506
450 775
153 720
929 747
990 415
240 564
752 520
793 702
453 608
695 368
130 204
774 786
82 451
131 189
33 484
518 573
731 301
722 55
433 163
593 595
448 533
921 262
530 433
845 746
931 641
343 633
570 915
889 320
212 372
710 245
516 522
787 425
622 324
593 74
191 311
920 579
902 444
467 642
342 866
742 567
717 423
159 338
336 903
695 243
563 116
286 588
550 612
481 239
118 820
558 867
880 735
501 840
99 477
583 238
386 305
526 561
610 322
327 147
843 843
747 542
477 180
71 705
826 504
797 278
802 243
365 243
423 628
859 761
361 683
427 930
584 977
562 766
777 232
821 279
338 344
578 903
725 742
549 306
895 271
48 576
662 844
803 494
827 317
289 99
752 86
534 513
83 268
417 582
298 293
756 373
460 327
33 373
612 602
289 674
231 680
594 697
266 624
599 853
211 157
845 563
581 180
896 659
98 731
595 655
948 648
98 770
456 887
144 562
277 814
934 515
355 341
318 473
863 212
47 464
481 726
282 232
704 348
771 490
538 800
560 613
612 955
131 438
764 195
767 462
810 283
608 459
787 791
847 179
732 797
365 266
180 335
545 853
414 790
639 970
749 757
333 744
230 801
680 473
201 236
848 819
198 386
149 826
368 100
352 152
803 320
356 322
941 341
847 316
893 348
462 118
383 192
328 867
630 474
80 237
620 363
521 663
434 689
629 500
173 191
88 553
545 684
580 590
600 297
883 622
947 470
371 118
721 82
424 740
593 181
692 921
672 715
223 354
265 597
234 182
240 391
113 716
571 156
610 652
72 751
698 467
789 113
959 601
771 836
727 919
312 521
138 157
250 793
761 549
738 248
869 491
281 884
112 377
903 521
621 483
677 397
671 805
31 473
274 354
555 7
403 445
854 515
575 994
678 119
741 637
553 461
432 762
828 564
174 381
812 301
677 497
476 827
633 520
749 154
696 429
923 379
407 611
346 353
88 725
822 870
534 233
498 314
302 445
734 467
406 377
359 545
717 569
757 242
806 635
974 427
657 757
704 609
434 596
190 740
457 572
534 599
15 396
163 476
385 582
768 164
427 967
821 671
257 390
182 854
792 870
458 314
339 784
891 801
797 818
851 264
633 132
74 259
640 605
724 878
685 511
729 267
43 604
332 604
425 75
131 572
370 215
625 513
769 259
306 62
118 448
593 223
565 129
329 788
312 802
158 570
775 83
167 461
465 157
115 421
694 267
216 238
529 99
171 811
509 12
338 731
914 662
724 930
520 801
772 563
308 246
371 956
744 187
481 858
593 359
955 538
466 406
805 205
370 90
154 583
459 265
429 265
357 463
673 885
776 711
