707 2063 30 133
262 573 29682
80 103 33242
511 621 69029
244 510 41437
4 248 65146
358 425 63063
250 343 44822
94 304 47096
154 274 84906
160 302 20025
180 591 44045
502 513 44822
385 511 20224
158 306 55902
469 637 17263
291 368 48166
161 242 37216
568 668 40447
91 550 24187
593 707 28284
297 545 12166
588 662 21024
369 550 22804
625 631 16643
79 322 43081
329 517 42450
15 68 32802
599 669 22472
227 454 26870
121 158 21095
97 304 33734
78 149 38013
249 357 16031
167 568 32894
323 657 38484
96 207 55462
207 649 29833
55 59 33061
520 625 43278
226 228 39205
91 347 19105
235 368 29614
69 560 13601
135 577 20396
175 470 44654
528 558 49659
107 445 35735
138 300 21541
241 283 42202
16 285 33015
27 108 33015
216 672 32985
153 413 18385
316 600 48094
62 551 15264
225 494 20616
87 567 35511
250 536 38210
390 414 34176
314 527 37656
112 386 57245
487 504 53759
525 533 20248
430 568 56080
640 642 18601
382 387 12207
217 230 75895
148 549 25495
3 155 60407
433 494 28302
88 482 66068
464 644 17205
232 485 55758
305 473 30150
208 293 28320
284 467 47508
221 388 33615
92 596 23022
95 105 133540
371 540 39825
376 414 15556
36 579 31064
35 390 47854
291 625 37577
130 317 50990
473 539 42755
17 275 36235
88 107 70178
81 535 15000
63 660 26476
152 434 43463
10 424 17205
89 273 182880
47 135 32016
534 613 51478
23 609 43463
280 488 45177
245 288 48384
436 619 17493
143 514 27731
374 688 69527
339 383 34713
349 460 40361
250 441 20616
192 369 44944
222 488 42202
22 704 36401
335 428 51884
44 682 45651
5 693 21213
244 453 21840
80 208 33615
189 661 68600
450 621 15264
263 322 46861
199 518 30529
455 514 15000
243 349 22561
353 678 32202
484 563 22204
98 653 80529
214 566 52010
397 405 29069
446 641 17720
467 478 24042
327 605 23537
234 321 49578
345 618 17720
174 479 42190
501 639 23087
345 604 51971
97 531 27459
466 603 27459
155 444 33615
522 669 38013
26 191 51420
434 606 85276
98 275 70576
36 211 27803
182 533 10817
305 519 12042
312 347 18974
133 495 18439
181 521 34205
285 464 33242
476 496 50804
486 573 25942
587 698 42953
159 607 50606
419 552 27659
292 597 30414
23 132 44777
6 682 69462
225 553 32527
196 345 47381
426 617 43139
304 468 55758
115 324 40447
76 186 39408
194 448 44553
125 479 58181
155 390 31257
98 219 16125
43 247 22091
287 602 25000
298 355 33121
249 674 10630
25 359 40804
65 229 31305
273 321 33601
138 405 26926
97 220 25456
101 545 44777
197 438 29275
221 364 19698
334 407 44598
460 693 55785
23 46 36401
309 694 44283
294 319 21541
259 382 39825
430 671 56613
375 625 52345
151 199 43600
293 327 86683
361 440 52326
380 435 28636
59 327 78102
30 257 31623
9 164 53226
508 620 38079
339 612 44688
401 406 21541
447 510 20616
335 361 69836
39 523 63600
32 410 11402
50 459 29698
422 485 19313
215 654 16125
528 659 46098
581 683 43081
118 346 31890
168 594 24331
626 630 44272
116 298 44102
6 429 14866
10 706 21095
169 565 66400
220 627 30067
300 308 48042
114 261 14866
225 651 57271
33 339 54571
437 467 42544
149 232 45343
1 206 31000
232 416 42942
108 132 36401
328 604 47885
263 287 36497
511 704 56009
507 565 34366
265 495 29155
13 140 57489
22 564 45486
448 560 43278
5 19 52612
339 573 53824
203 246 13416
158 619 47634
198 704 12649
228 397 38013
35 409 45453
104 241 40522
422 583 24021
19 524 16031
391 476 16401
47 252 36674
93 301 44944
79 415 29732
108 195 29155
48 600 49406
14 458 60133
120 188 41195
256 481 52811
4 380 57315
36 513 39623
219 275 68359
126 507 46861
55 546 36056
112 187 35057
452 518 16279
188 209 65391
79 263 14560
262 528 47434
166 457 28653
121 456 41012
107 282 57009
154 249 72111
213 415 44654
367 413 59615
49 206 39962
35 414 61400
112 407 24021
119 325 13601
129 574 64133
225 433 37577
37 633 119817
361 489 55109
213 324 45177
412 702 22023
95 505 55027
27 559 33061
291 677 28636
548 633 18682
6 180 12207
383 624 17464
101 692 50010
305 581 37537
178 552 26249
168 487 36878
118 306 12083
534 572 34482
180 590 47518
322 389 28636
160 696 39812
390 423 10198
85 691 54009
184 241 35468
392 646 20125
453 563 10770
61 359 43600
270 485 47096
288 350 21190
76 178 39217
198 582 58592
177 628 63008
506 610 12083
128 202 58181
304 388 34059
374 701 43658
199 452 31765
90 476 64846
283 427 39205
203 258 48270
111 279 48260
35 376 67052
381 487 53852
269 619 37656
184 516 31401
302 523 50160
244 475 34205
102 342 37363
462 543 25612
65 86 44777
165 266 48260
493 552 25632
49 341 28320
242 448 44553
101 614 51088
513 638 69642
76 188 55227
429 451 50249
260 631 55326
252 418 45044
71 146 43909
145 203 34132
9 491 54708
173 545 38897
72 558 51788
100 617 70576
101 393 29275
28 141 69893
468 508 56045
257 350 21000
60 81 11402
249 433 48270
308 377 48083
165 412 28636
214 498 47676
64 355 38079
370 580 61008
529 662 38419
30 288 40224
519 578 43324
205 600 65000
194 223 27586
409 577 36770
51 242 67067
63 253 37643
222 255 35228
105 229 41304
281 336 38588
42 593 47265
394 502 27203
202 571 70576
306 444 22472
1 626 39623
260 264 56639
148 281 26000
245 412 31016
25 145 36346
506 538 45804
47 452 51478
80 293 36878
211 315 21095
607 634 54203
60 395 45222
218 367 18439
122 698 15811
50 258 39294
73 147 24083
305 431 20809
83 197 21471
257 552 45277
221 627 10198
96 654 24207
204 254 15000
164 599 11180
146 272 22672
219 638 40853
45 69 26907
561 605 10440
294 642 41593
13 698 63063
53 696 32249
12 176 20881
401 581 36688
466 538 25942
16 504 21633
453 484 22204
237 395 46098
389 602 65795
309 687 19105
260 532 22204
290 542 37336
28 62 42638
2 210 32696
46 116 49659
46 548 37483
475 653 27803
220 531 41110
346 696 27857
331 689 27295
81 201 10198
142 701 40497
254 392 29411
266 593 51894
65 224 38275
20 169 72201
433 442 16279
26 487 33121
622 658 29732
192 372 27295
204 505 50249
502 634 49820
73 647 25179
107 202 52010
358 471 27295
533 691 18439
524 693 48094
231 376 46530
542 658 55227
30 76 28160
149 166 70434
196 618 47885
5 398 66129
370 636 48374
160 330 13601
162 316 34059
29 42 18385
19 185 23854
7 429 18439
199 259 44283
133 265 13038
477 623 35014
301 685 32985
578 656 47424
77 462 21401
1 276 37855
266 320 31145
240 261 24083
2 35 33541
690 703 31385
38 508 17088
18 338 57567
181 251 46755
248 616 21932
236 246 39446
114 557 34886
521 684 21471
412 438 28425
75 299 22361
373 564 36770
344 599 11402
407 699 42720
442 620 35693
534 562 44147
37 175 29967
495 659 15652
50 286 31828
33 612 24839
316 652 22136
115 281 18682
178 209 48374
637 705 22361
552 593 41437
237 597 50010
38 620 39115
165 320 57628
47 547 37000
93 588 18248
576 623 18682
153 460 24698
43 585 18439
255 488 31623
57 402 100722
26 190 66030
254 555 38471
367 693 45277
539 578 10630
517 640 39623
3 182 72250
121 297 44045
499 624 51865
100 115 44283
105 445 34000
74 191 33601
98 459 78924
263 389 48166
36 351 34886
393 461 44643
369 641 29833
492 576 11402
237 292 19647
279 474 42942
256 434 71169
356 439 11314
139 299 18974
220 508 64031
17 638 34482
153 611 19416
63 614 32757
376 461 23770
58 391 25080
4 501 56613
93 662 29411
527 673 34482
85 230 38910
253 699 27459
69 448 39925
291 631 43046
377 570 39560
195 215 47011
498 629 39446
19 398 32573
30 186 35355
7 146 34986
455 602 37216
462 532 17117
193 402 40804
259 480 50606
635 645 27459
100 404 27803
75 497 46098
344 491 25080
342 381 38419
400 454 39205
254 646 20591
270 277 47011
343 576 43566
363 460 16125
590 678 53935
570 636 31241
361 695 42579
519 539 39115
271 399 23537
204 555 43417
130 571 39408
111 144 30594
223 289 33526
134 177 50804
247 630 60415
31 595 26000
84 163 51225
214 218 57000
34 415 26077
126 233 28862
314 589 36674
38 268 16643
234 273 65307
479 554 53151
402 653 38419
86 105 19416
49 90 81394
237 575 108296
146 454 34000
198 564 40025
106 692 25298
461 686 27586
43 276 12042
144 474 34482
154 342 25060
70 556 49041
542 572 45695
61 510 41785
295 573 36014
145 614 15811
523 534 31145
122 446 66000
600 679 28018
175 411 55803
10 407 48847
161 384 34000
48 652 20000
109 591 41012
346 670 10296
268 672 43566
127 269 25000
355 546 48104
303 442 36620
349 363 33838
313 653 30150
267 544 27019
3 217 67720
29 172 34928
421 696 89805
343 405 33377
137 170 73980
357 620 46174
370 569 20809
609 633 68542
617 690 27785
281 408 32757
558 675 49649
155 269 36674
364 664 33377
491 540 41617
639 689 24207
107 280 56613
578 655 45398
159 634 52086
343 441 39395
20 565 27203
139 166 146164
210 452 28018
135 252 15811
254 485 42154
197 389 70178
504 594 36359
79 336 46400
319 628 58138
82 664 54589
121 436 39115
45 223 44407
170 679 14765
319 617 53460
131 683 25080
131 172 21190
129 288 49010
562 572 29967
211 513 29411
417 603 18358
273 490 50804
310 564 22204
329 505 61351
174 564 18601
284 476 29732
73 299 39560
598 620 39408
82 627 55946
319 554 46271
334 706 13038
92 168 42953
187 624 37202
189 697 17117
365 450 37216
498 524 36674
65 238 26306
192 641 45541
93 618 46690
208 264 54083
34 542 12083
427 701 51923
158 568 55471
141 667 61205
106 393 62817
11 310 38013
406 581 24207
224 521 34482
400 648 48918
364 650 44294
137 331 46325
332 482 42202
353 481 26019
562 696 41629
539 593 36056
604 685 16401
153 363 22136
135 409 38471
28 411 90796
122 641 63325
473 683 47539
41 105 34928
104 338 23431
615 652 24839
120 648 40200
241 697 19235
45 243 21541
248 380 27586
289 611 20224
152 235 62073
105 521 101833
75 537 19026
165 172 29017
431 491 79228
625 677 47074
103 209 62682
239 440 39699
284 437 52010
427 672 56223
134 196 40050
517 703 39051
197 450 24352
100 319 78186
234 484 12083
300 377 55606
421 608 35511
243 483 35000
394 638 32573
106 121 24000
273 465 31385
441 536 21190
117 550 31906
188 235 41231
330 562 27514
26 651 65765
161 417 36401
365 541 22204
162 501 10050
600 688 158521
8 152 51088
21 630 65192
162 600 34713
234 399 70767
325 605 29833
141 296 52839
114 240 26926
538 585 78294
323 382 21260
392 517 33061
212 616 15556
89 597 54231
16 544 93059
297 383 36674
192 446 38053
113 654 31385
175 261 61660
274 636 55145
312 369 23195
4 340 30806
23 548 29120
47 577 44822
179 651 21024
519 656 35805
348 352 35014
396 498 15033
422 646 29120
144 304 32016
242 384 51546
460 580 54918
535 612 49649
18 427 38897
139 472 53600
528 675 29275
114 649 31305
188 358 25495
216 241 47802
382 587 20100
219 354 35609
320 552 57271
251 575 41485
1 58 20248
440 489 34713
51 325 38275
101 106 58694
455 643 42202
126 252 27166
252 409 39115
335 695 68469
374 615 76007
434 520 111615
478 643 33242
386 589 44944
42 473 27019
57 607 39623
269 461 24187
426 690 45398
11 345 33287
129 186 33015
174 541 35000
286 359 42190
106 686 48600
157 629 17464
175 458 43841
184 651 26926
256 678 66851
101 173 46840
125 365 23431
142 348 30150
200 559 24352
304 474 12806
339 499 27203
353 451 35903
123 685 33615
456 573 14866
351 634 35693
238 280 40497
209 293 86683
201 612 48374
24 685 38053
172 683 38833
582 682 15133
24 166 58009
183 373 33136
423 533 53712
107 222 78772
25 63 27019
356 657 22561
122 657 22804
114 551 18601
15 59 43829
156 207 44688
74 102 21024
269 686 16492
14 23 41629
74 381 13928
518 567 34886
398 580 67000
138 477 17720
138 623 43863
311 512 13038
60 99 25612
347 550 24042
556 613 53075
217 523 83528
426 571 40311
101 145 47539
22 541 37947
311 490 31016
606 677 22472
545 692 11314
230 525 72062
84 292 23770
310 373 21378
526 651 20881
313 459 46872
178 257 24352
371 503 27166
207 240 11180
90 230 78588
21 318 31241
96 289 22672
25 614 36892
322 336 12369
360 490 184805
100 426 65192
251 558 48600
516 651 29000
163 527 13601
271 273 146400
407 706 43046
22 621 13892
327 419 25612
104 283 14866
432 608 15264
27 448 40249
46 171 55009
28 667 57385
204 485 51478
2 533 48415
180 429 16553
192 440 27785
16 594 33615
370 515 18028
127 414 17464
151 356 52498
505 555 20000
459 653 58052
334 699 28320
268 508 21190
284 391 29206
165 288 57801
463 515 13601
31 66 55082
170 639 35355
668 696 80156
466 522 25495
241 516 28284
167 317 65803
307 463 26173
87 151 46011
26 661 72450
158 668 45222
406 503 37054
109 326 44102
399 484 67956
130 608 14866
128 329 31241
39 160 22672
218 566 48021
280 445 46239
472 591 34986
405 477 15000
338 427 51624
392 422 45222
317 671 13038
123 301 29833
2 423 20809
374 530 62610
90 523 51624
149 416 50160
19 693 50695
412 511 37656
95 277 138698
307 349 51088
483 506 32000
100 700 32388
316 501 29547
140 650 49041
479 628 31401
262 675 35057
352 672 45188
348 468 41037
253 484 51923
66 547 40497
314 673 25000
120 186 15556
193 311 23409
145 236 14866
33 573 44911
478 503 35341
176 374 74545
469 597 40804
473 519 30364
239 446 48374
144 279 23259
157 381 64351
179 494 48301
61 244 42012
558 612 57280
201 535 14036
316 616 25318
299 537 11045
403 665 32000
287 658 19799
183 328 33377
491 503 57271
400 471 34482
232 662 13454
455 702 62169
526 661 59228
253 334 36222
72 238 39446
583 662 56569
50 313 39051
192 489 26249
60 201 18385
246 418 52773
277 485 67941
477 492 24187
13 650 39319
258 420 43829
1 344 23087
15 77 52802
407 705 34132
197 621 18868
115 549 14036
256 333 112004
333 678 55462
178 493 35777
103 235 40853
127 155 34205
338 688 79404
529 588 29155
83 438 17205
567 595 25318
655 665 21541
112 660 67007
451 678 24083
70 622 45486
134 618 43463
399 706 27203
517 555 39623
222 280 57009
404 432 33121
68 298 12042
33 675 15652
216 427 55073
77 601 50448
29 165 34438
101 410 38118
330 362 23324
62 557 40792
107 265 76322
182 423 53907
267 681 18385
578 665 39560
206 626 29275
275 420 51971
366 379 25632
198 682 55317
40 661 149215
92 190 41231
395 575 65521
50 420 15133
491 656 69635
59 293 43566
71 227 27166
470 609 18385
407 424 48104
100 130 33287
649 694 39825
227 481 22561
273 512 20616
397 676 35440
324 432 45354
71 451 38949
113 289 20224
589 673 18439
405 492 33136
94 144 34828
642 690 17889
430 659 35777
264 291 15811
240 458 48374
14 175 45453
177 294 46239
173 383 25298
166 416 40311
82 674 33377
96 611 38897
284 540 40050
8 368 24042
170 509 101079
108 200 44407
51 161 52202
239 372 42059
215 458 32757
413 694 49820
306 449 18028
362 696 27166
290 556 32558
660 699 18974
90 613 52202
60 251 15524
190 661 34828
394 607 50990
185 498 18028
113 194 17493
302 330 11402
44 326 57035
76 257 30676
117 142 52469
402 490 15000
220 388 25179
129 648 26077
281 549 21024
108 215 45607
283 338 20396
76 209 56515
36 137 41976
128 482 46669
220 221 30463
268 352 26077
239 657 70937
80 264 35735
352 701 51157
431 581 38601
3 670 15264
147 685 38288
230 379 31953
342 498 47011
378 546 43012
82 274 53814
37 411 49396
142 645 48765
48 615 28160
168 644 16155
139 537 19647
569 570 16031
329 555 58000
515 580 57871
406 478 37202
155 449 40000
231 418 43863
49 576 44011
443 680 28160
376 393 38601
202 265 43012
150 421 67119
138 140 38897
226 387 40162
255 659 43863
241 427 56886
72 224 24187
421 668 69857
514 683 49649
1 599 21932
415 658 44944
301 416 31016
51 378 45453
152 606 50961
140 364 49649
64 200 24759
32 624 31623
132 215 50488
484 510 39661
94 645 37736
320 350 21378
12 616 28636
21 247 18974
40 104 35014
143 401 18868
375 520 95483
112 705 40817
302 534 49739
4 315 21095
162 639 23195
361 513 38833
228 676 12369
275 459 39115
162 679 25495
496 613 28231
67 331 31575
74 553 20248
43 626 20248
125 541 41761
667 694 49518
191 553 16279
133 671 49254
467 503 39812
92 644 43267
413 460 36222
294 337 30610
314 386 31064
40 688 77666
150 562 54672
164 669 14142
150 324 47011
522 538 40608
128 703 19105
61 313 40608
79 281 48166
198 511 53151
367 694 52839
386 584 28320
11 328 27459
7 451 51430
394 513 58249
223 363 45695
323 698 31765
77 543 29155
191 651 59135
318 463 30610
490 512 31113
480 691 33601
58 540 19698
51 666 27295
574 582 27459
355 559 25495
307 515 27203
56 171 32802
469 705 18385
317 430 53151
41 445 37736
379 536 28636
161 403 46043
681 687 19235
50 61 33526
325 378 42012
45 610 25000
245 511 19698
102 154 26833
216 516 26926
257 320 32650
365 389 27295
147 604 40804
259 379 50220
124 604 51000
383 545 35228
415 542 33615
234 453 23087
126 169 51245
129 272 59933
37 56 180472
419 707 40200
369 380 51245
237 521 160253
10 271 25632
8 291 45188
99 527 19235
414 461 13000
159 502 12369
317 608 53000
231 246 18788
214 524 60828
481 500 37014
530 615 39000
294 628 63655
171 543 18439
392 555 27659
213 572 57689
305 683 42720
73 124 37121
190 596 28460
143 683 53907
214 629 30871
15 298 32757
311 402 26249
193 465 12083
617 642 23409
2 691 48374
419 561 12530
59 605 71176
548 609 55218
364 627 16125
352 427 59034
485 583 36359
449 619 19105
196 628 38639
94 111 16279
156 694 45486
260 601 37802
649 667 17029
106 436 33136
260 375 48104
231 409 42953
324 421 50329
410 614 59405
372 440 14866
95 282 82280
665 666 41183
169 258 45891
154 433 57983
189 526 47011
396 398 45793
78 166 107898
290 534 23087
551 667 21633
163 314 33541
130 671 49092
335 565 43841
86 280 48260
544 681 26907
578 707 21000
514 702 61074
191 225 21190
71 353 18974
170 600 41437
314 584 25942
9 665 46043
586 636 36892
30 350 26173
258 418 56080
70 478 38949
354 653 89939
359 510 23854
300 623 49679
172 702 30871
360 634 16155
99 612 53535
176 615 50990
18 701 25554
207 654 55444
91 117 15524
501 689 41773
366 441 25298
77 116 33971
511 574 68029
499 673 45607
167 668 19235
372 446 17804
310 479 57801
622 643 33242
28 296 66098
179 516 21000
447 484 48021
142 352 47802
465 512 25298
236 376 48332
227 353 29698
218 309 38588
67 315 34540
508 531 53009
44 373 25962
90 250 62266
261 557 41304
34 572 47518
195 448 35440
426 703 40224
183 326 39205
22 174 42720
341 391 38949
30 129 27203
72 181 15811
343 492 41037
520 606 38601
83 702 32573
17 219 49659
208 601 17029
428 547 22472
142 176 77078
222 659 26173
296 681 29732
578 666 34015
336 554 26249
143 455 36797
240 649 24187
3 444 35228
116 355 57009
148 336 21190
70 643 50359
403 417 29411
26 74 49204
340 489 14866
89 637 25807
173 624 13892
228 259 60836
17 335 38601
431 519 18000
438 511 57009
49 476 43566
213 278 24021
137 509 29120
16 157 37643
663 666 26926
205 615 36235
318 370 18028
347 635 21932
264 368 44385
264 592 17692
303 494 13454
143 643 23345
86 229 25710
384 506 49366
44 183 34059
384 538 48301
18 374 46400
79 278 25239
45 384 42379
473 593 39699
88 332 52953
125 389 14213
269 449 40804
119 663 20100
398 586 36688
109 497 41231
52 129 53600
110 448 30806
9 466 30265
56 633 61465
37 609 53759
539 707 16125
438 621 40804
102 433 55660
128 332 24352
47 595 37537
169 420 49244
274 674 41593
210 577 27785
123 457 19698
200 355 37590
38 672 39962
218 524 61294
66 87 47011
561 663 32280
429 682 67676
366 676 26249
8 677 29833
391 540 23345
177 583 44283
23 64 36014
3 118 27019
72 251 52802
454 648 33734
28 557 71512
464 596 43382
398 636 58523
188 471 24839
16 566 78026
84 237 14318
331 639 25942
597 637 46228
253 660 29155
401 643 33541
474 650 43081
367 524 60108
54 228 37216
15 601 21190
136 571 48826
32 173 23087
196 479 49244
55 378 45277
375 532 38275
2 452 51400
52 574 63135
278 408 27893
44 198 42521
49 308 59615
87 356 17464
103 368 22847
185 524 21213
94 468 52811
386 705 49649
61 286 16401
182 217 38910
118 670 22472
122 239 76837
168 504 24042
267 566 15811
497 680 38013
347 369 22672
47 233 27459
335 638 54818
234 271 91837
113 195 33242
110 546 49980
435 489 12042
107 482 50695
249 274 49000
35 210 19235
111 641 41400
75 124 40361
192 380 33971
428 507 23259
11 373 35014
238 558 53009
42 131 32202
207 458 50249
278 281 42202
591 680 37643
58 341 24331
57 490 103817
31 47 35228
315 513 42426
111 635 24187
52 245 25807
25 258 46648
340 380 36139
659 671 50961
438 702 21378
92 487 20518
93 416 33615
43 630 53085
417 466 27659
83 602 57871
507 547 30364
70 613 43012
450 541 35128
2 390 28792
141 681 40249
41 282 16643
272 582 40706
177 640 46325
327 493 14142
134 628 51856
45 506 21932
197 365 56089
53 670 19235
509 634 33838
116 171 22361
249 632 24083
297 339 43863
194 289 31385
130 700 23345
24 73 40025
403 666 37947
77 298 50961
54 366 17692
518 595 13416
152 358 38949
318 569 18000
3 53 19416
115 404 31113
66 439 41773
432 700 14036
141 694 41110
472 590 24042
208 260 27295
194 195 22204
51 403 42720
321 453 36401
15 293 34132
119 666 28792
264 631 50922
566 687 31401
22 450 15033
138 664 46690
24 147 24698
177 422 59414
120 471 33971
148 319 50249
176 550 50120
109 180 29833
481 678 51478
384 560 24839
485 646 33422
308 626 48662
323 356 48415
430 486 50448
95 204 99020
177 337 19105
3 306 33526
230 250 55543
271 424 21471
433 632 31780
368 592 37802
455 658 54203
93 345 57706
380 550 56727
436 686 32558
239 439 63127
17 20 35777
488 558 41195
377 636 62650
14 132 35128
269 436 35609
101 236 41340
663 707 24187
6 109 22204
36 502 43417
32 187 40792
231 236 45222
315 489 38588
39 302 18682
370 570 33287
205 688 94149
70 437 34015
333 472 20224
33 262 32249
233 507 37855
52 385 16401
419 593 31241
47 518 44283
295 297 27857
80 592 22091
520 677 29206
132 200 41340
88 329 51039
175 609 51420
165 702 33121
479 541 38275
179 216 27313
243 610 23000
285 296 131400
92 464 46043
386 469 40012
354 607 44407
406 491 75928
313 475 23022
164 491 31241
344 540 35735
376 409 65192
1 540 29155
381 504 67067
255 558 46011
401 478 31623
258 359 48508
279 641 65276
377 569 47434
35 577 21587
96 156 55362
227 400 25000
537 591 29069
359 447 21024
85 259 47170
124 647 21541
86 445 28018
120 400 33956
117 645 18358
9 522 19849
425 500 16643
102 553 10770
413 693 54626
84 395 42190
340 435 16553
209 235 51923
18 688 81394
244 563 23345
110 559 45277
167 421 56798
278 415 36014
124 183 61984
87 439 15000
10 399 14036
274 586 33941
247 585 12806
324 408 23022
244 313 42379
546 559 40792
58 206 30610
140 226 59203
272 574 16643
362 562 17804
290 572 23537
309 367 45398
363 611 20809
209 493 41231
185 396 14866
437 496 21633
141 309 17692
169 252 52802
196 310 53460
21 463 39000
12 550 50160
439 657 30150
151 567 25612
57 354 19235
209 327 50000
9 603 46755
387 587 13454
184 526 21471
136 671 38013
179 303 46690
93 232 33734
226 587 35609
604 647 40608
52 288 31575
404 700 22672
31 87 35440
187 589 21213
279 698 16643
245 385 11180
133 136 24759
284 496 44283
150 572 50289
32 112 49930
49 623 43382
287 389 58000
114 667 29155
34 213 39013
564 704 35128
75 443 20616
325 663 28302
157 504 29206
216 303 45541
193 244 35693
54 259 50537
127 461 12649
63 447 37590
65 280 21633
556 622 46648
212 501 32802
377 630 31241
508 598 57489
14 215 59942
110 242 24083
181 575 25632
46 355 42755
159 394 16401
205 530 25495
420 459 23770
109 680 11180
463 483 27514
19 396 34928
54 676 29833
232 270 33000
226 397 53460
276 626 20616
150 696 59076
134 583 49010
44 564 42450
455 622 57009
56 462 50359
255 528 14866
111 347 27459
192 435 19647
155 182 55326
21 506 75286
66 239 45255
287 415 41037
639 679 33287
77 532 15524
223 243 44407
12 380 41593
13 474 50537
57 360 81492
14 470 12806
250 576 51039
85 525 63632
202 482 18682
612 675 34205
39 217 33734
89 271 36770
303 672 44654
141 687 27019
419 493 30594
80 209 75802
342 629 57775
451 590 46400
510 563 27313
357 632 29206
425 434 40162
78 270 35355
124 497 33015
5 580 23537
312 641 20396
156 611 32249
329 332 12042
569 630 63388
499 527 45398
140 405 33106
122 279 23345
311 465 17263
292 584 29411
128 426 42059
334 484 58310
530 688 73062
21 585 30529
131 473 46530
400 481 39925
21 538 85709
49 250 67941
499 612 42107
56 520 162114
29 266 26249
16 267 84723
393 686 40000
151 382 40200
218 687 46390
69 223 29530
554 628 60407
40 338 26249
464 594 20616
7 71 55714
400 500 42190
179 225 51088
657 698 31780
12 248 24187
7 582 57940
76 120 44643
456 486 28071
256 472 132015
468 645 41146
499 589 52498
292 386 45044
357 598 42720
170 331 36235
99 201 23195
126 565 35057
88 505 67535
213 408 31064
46 633 48374
341 476 44944
235 358 43932
193 653 37108
377 664 79850
197 602 65008
7 682 63246
522 585 62073
360 607 45967
8 235 46228
212 248 27295
474 698 53151
328 373 41037
431 656 23707
266 552 56303
195 654 41785
343 397 19313
326 497 13601
187 386 53759
67 137 57315
289 363 34928
89 424 36674
4 689 25495
165 245 38910
153 156 24187
253 447 14213
73 75 47381
140 397 43463
366 536 20809
361 638 77369
293 601 22091
236 393 31780
351 509 18248
147 647 14765
301 457 15033
485 662 53759
136 265 17464
285 594 18439
115 408 36797
458 654 40608
284 371 17720
321 465 13038
9 656 51225
386 597 48826
337 640 37483
219 394 50596
307 483 28601
103 592 21095
99 163 25080
239 695 17804
93 685 58822
424 705 38013
68 546 42544
53 217 64351
534 556 48384
621 704 42048
59 378 25710
303 433 33377
102 225 38079
304 531 50596
85 480 33015
32 614 60141
258 286 19209
261 458 37202
244 321 31016
32 660 68884
193 321 18974
108 448 48104
142 374 65803
588 618 39560
259 387 44777
511 582 67779
267 687 27857
69 194 46271
53 160 35341
156 413 19416
73 139 53600
440 695 44283
274 664 88566
424 637 35000
452 577 47885
483 610 21587
330 534 49518
166 301 37643
111 312 24698
268 348 41400
63 359 32140
640 690 19026
6 326 57201
8 606 21471
184 697 27203
318 515 25495
74 342 36688
598 627 41437
315 340 31401
217 525 27000
136 202 47634
13 226 12806
323 587 15232
149 270 34132
182 525 18788
603 665 36249
190 464 71694
655 656 14142
317 568 64498
55 68 23022
154 586 84054
164 344 14318
335 507 36125
243 307 45354
308 623 39395
590 591 37336
91 645 26833
7 272 38079
525 691 31016
357 674 12728
456 568 40497
580 636 72346
262 486 28071
307 580 47381
157 214 35128
117 176 61074
4 67 21587
173 410 17464
88 282 61033
297 692 10770
206 308 48754
228 387 46174
295 339 31048
39 53 47043
223 349 34015
371 467 40706
444 449 11045
319 549 56045
204 277 53009
351 579 17205
346 668 73082
294 617 36249
521 575 52393
315 361 55606
471 500 47297
104 697 46861
154 396 61741
183 497 44944
124 328 69570
300 664 42379
172 514 54120
133 659 19000
186 648 29833
121 692 40000
67 689 10770
31 547 45277
100 549 47011
430 528 36401
125 322 25807
212 316 15652
242 378 67231
620 632 31828
9 669 46872
561 707 37162
46 64 24042
337 642 27803
307 460 64133
207 694 54148
25 203 14765
146 648 40719
246 258 53009
384 417 45706
82 357 27785
53 346 15232
229 521 62642
158 456 41485
272 648 52000
542 622 57706
571 671 50804
233 547 18788
202 426 72014
11 196 36401
324 404 33287
152 425 61270
21 483 54589
486 568 18868
551 557 31385
26 526 59034
224 238 19723
542 556 29967
99 499 49729
392 640 57280
602 658 29614
59 325 53666
26 92 44045
75 680 24207
345 685 61074
296 544 29120
529 583 41231
60 575 51108
151 259 22847
20 420 59481
256 425 47011
452 691 55009
517 690 46043
224 684 24698
29 131 24187
276 585 23345
219 607 55785
230 536 23345
94 635 15811
54 379 12649
322 554 29732
112 699 58600
317 421 64031
491 581 80455
160 362 21932
442 632 20616
38 442 59666
104 189 58009
403 603 15033
85 379 28443
333 590 14318
276 599 31145
605 663 34015
221 650 31145
121 295 44045
492 623 17804
422 640 66121
116 543 22804
348 645 46530
468 531 14036
48 205 20396
274 377 86371
15 55 27166
589 624 45541
150 213 36674
360 509 47265
600 652 47508
615 616 39395
163 584 48104
578 663 33941
401 683 54424
62 667 20616
282 445 47297
171 633 53009
343 366 44721
127 390 25318
42 266 27000
60 163 40262
155 423 32202
20 335 47854
222 265 39623
83 455 54424
238 488 35057
180 451 47927
24 123 16553
535 558 34205
306 619 26907
27 200 32650
343 676 38897
437 613 15652
27 110 25710
51 119 28601
354 402 95818
176 616 42802
36 67 48010
23 470 40361
66 428 26476
9 655 42048
348 508 51971
484 706 63514
91 635 17263
233 252 36892
326 682 51662
356 382 51884
118 668 62290
82 598 38897
585 669 39825
263 415 25298
616 652 36235
82 364 53460
594 644 13454
288 320 21260
443 591 16125
140 664 46271
41 95 98615
411 557 26420
425 481 47802
45 560 24515
276 669 35057
97 388 16553
65 684 45000
66 695 46615
242 546 45541
230 523 99040
358 500 56639
388 650 33287
199 567 44598
175 557 64498
193 475 16125
329 703 38639
206 341 15000
417 538 30067
31 567 25000
68 355 31241
452 480 44822
145 246 37802
100 571 50249
5 460 51478
342 396 44181
72 521 33106
308 630 22804
16 214 60308
421 432 22804
579 634 32650
384 448 49980
229 684 41773
56 543 36770
139 591 38013
70 467 22204
77 260 31623
614 660 42638
295 456 34438
184 189 29411
385 574 67446
529 618 37162
251 535 20881
327 561 26476
88 95 46957
118 158 60008
40 189 84054
388 474 36056
125 554 35014
26 381 47170
375 462 34234
64 132 43863
375 631 36401
381 629 60415
443 537 16155
96 113 12369
148 554 34176
13 587 40497
409 418 25942
154 398 81049
262 430 37216
67 211 37443
98 354 26683
174 310 28862
383 499 42012
163 395 36056
169 418 20224
285 544 102421
471 393
649 641
548 665
920 494
527 186
80 543
97 515
105 291
398 349
753 886
177 651
888 411
683 439
325 97
227 229
652 69
854 638
863 280
579 178
822 654
491 307
250 577
287 114
60 680
729 760
731 133
331 188
477 5
272 445
174 424
727 572
657 824
523 850
409 600
682 647
942 547
341 35
759 291
534 607
900 208
345 960
279 428
487 347
171 591
424 239
265 143
731 607
960 384
523 427
807 726
312 300
201 478
532 654
625 505
254 232
184 124
946 684
478 412
252 265
555 931
797 758
450 38
730 787
288 150
432 941
780 557
941 499
253 209
404 221
425 513
77 463
492 957
51 641
692 163
57 594
171 396
195 187
122 827
363 624
173 266
546 924
660 308
283 536
634 953
626 545
393 963
737 538
296 901
736 936
515 508
817 403
729 89
132 730
785 411
254 922
411 148
731 375
901 675
571 911
369 734
647 777
693 184
149 289
865 207
377 974
590 763
366 906
350 161
77 565
337 213
788 427
684 866
408 160
426 61
364 690
220 164
821 388
547 692
289 317
128 408
566 763
752 477
67 695
84 624
302 625
765 640
635 693
314 826
158 446
397 752
293 457
328 132
419 842
204 713
723 638
402 824
983 538
602 390
19 598
639 402
516 63
828 336
359 490
758 433
693 765
115 485
69 657
333 672
105 793
441 655
691 537
72 330
467 156
669 196
608 672
464 132
641 105
548 752
928 601
517 622
354 269
963 447
594 921
446 372
257 476
61 738
488 747
687 80
760 691
995 465
210 144
286 477
634 822
227 613
354 62
882 391
245 743
208 383
777 200
70 536
505 966
602 617
145 613
803 169
599 165
139 419
649 864
124 367
831 160
769 79
719 183
856 475
858 784
399 175
377 172
206 673
273 555
203 563
665 572
306 167
548 914
365 854
722 747
193 844
964 364
502 393
435 98
190 237
184 341
679 628
920 530
927 428
408 639
606 108
378 125
788 225
567 600
549 108
899 659
713 357
685 369
435 868
418 195
468 954
726 203
675 449
80 436
644 473
418 969
591 528
708 718
139 763
758 612
815 835
134 327
682 755
637 967
458 937
812 525
433 87
826 196
335 237
444 231
823 791
222 493
716 735
485 325
900 432
673 268
569 477
540 935
738 643
754 816
202 832
470 872
8 414
200 406
769 736
670 528
177 213
415 71
507 822
359 610
139 255
406 841
252 428
569 52
773 300
615 708
139 796
762 910
132 500
879 822
624 268
831 666
479 356
140 843
384 638
748 454
420 923
359 672
331 951
860 221
458 460
671 42
784 748
353 574
207 447
428 163
451 584
124 250
656 962
209 258
288 726
568 807
542 17
594 797
244 201
37 604
594 370
90 714
516 602
743 232
738 408
330 414
558 697
488 242
546 372
529 75
199 620
880 792
809 440
837 751
627 915
909 512
941 421
435 786
515 287
296 706
221 431
852 802
323 640
711 483
404 684
276 313
114 589
234 341
150 646
294 850
509 611
972 493
306 849
9 526
750 852
831 607
326 652
264 745
880 225
576 837
890 487
502 408
657 174
604 449
449 386
159 679
526 668
815 422
798 333
449 209
200 427
973 563
799 298
59 457
927 681
273 185
741 521
674 284
101 356
762 784
986 613
865 546
497 631
460 177
667 361
284 610
612 493
535 120
128 298
832 437
521 270
441 455
832 488
178 616
891 317
144 178
662 711
560 326
277 271
621 517
881 452
687 150
695 497
610 830
384 253
211 491
658 917
688 487
716 382
311 614
639 668
476 437
230 823
651 748
915 611
592 957
613 170
622 442
589 209
767 887
95 416
369 474
897 772
352 315
386 712
609 416
377 454
708 867
391 665
717 676
650 815
387 17
251 504
480 143
651 700
383 602
101 743
376 298
740 688
254 357
805 711
437 722
204 786
637 658
743 900
45 385
334 789
836 252
785 583
85 529
470 826
347 402
415 728
710 237
32 347
875 480
587 730
459 512
269 526
749 529
842 499
588 485
713 253
44 578
577 685
377 940
818 477
763 805
367 206
576 696
265 578
51 492
680 600
817 812
99 455
334 517
537 792
75 713
385 93
828 705
476 179
639 705
178 174
491 268
703 51
863 795
394 319
422 491
768 361
698 918
317 87
105 383
6 546
300 411
728 416
850 770
486 450
597 407
399 484
249 649
645 572
58 431
347 859
465 259
804 830
186 793
509 794
715 104
460 902
876 492
909 781
426 396
576 419
224 351
734 222
431 856
477 500
103 597
614 155
584 863
59 394
953 448
931 589
414 452
664 87
236 870
433 259
795 604
753 307
991 566
782 797
214 511
887 803
903 554
334 502
504 264
798 200
263 821
691 588
329 402
75 244
478 987
413 336
496 556
578 162
594 600
784 159
590 908
480 861
179 730
947 345
754 360
180 191
611 611
473 577
534 915
595 505
38 593
406 296
308 369
460 420
262 613
414 589
198 158
570 25
606 795
290 230
766 595
259 106
350 691
838 415
437 46
233 375
703 180
301 660
236 850
427 562
410 30
501 906
298 190
400 234
260 346
483 620
807 808
212 602
800 638
574 67
707 557
499 778
533 287
549 288
374 784
456 607
532 806
146 509
529 975
567 426
703 642
315 361
959 573
522 209
358 439
151 536
205 762
639 938
475 333
600 244
697 477
150 733
634 879
23 529
36 564
151 268
274 381
683 56
703 582
742 70
686 957
697 320
456 377
989 424
207 236
338 554
367 314
108 669
257 336
86 281
953 645
407 741
304 74
444 254
448 160
542 866
466 526
698 780
932 381
916 417
303 759
164 696
578 715
720 288
257 565
387 538
562 408
627 834
108 216
498 364
683 359
244 680
634 121
540 350
122 207
697 266
241 101
980 598
800 406
569 264
715 921
884 621
960 470
270 782
813 460
281 767
375 507
693 65
805 379
212 814
76 644
132 448
454 75
688 400
778 179
948 400
867 748
392 133
360 367
358 381
746 499
367 560
438 842
725 813
796 101
149 754
291 337
634 356
352 347
316 327
455 58
505 738
444 358
535 673
424 793
780 257
620 891
665 275
509 857
632 476
98 262
33 476
988 452
72 575
552 45
149 551
318 455
459 977
98 682
619 724
543 62
944 272
945 489
289 783
625 599
598 787
530 165
489 94
823 539
500 658
829 177
739 468
731 831
401 729
850 302
273 505
301 812
215 567
705 901
751 865
294 361
