929 2126 25 126
196 301 30083
214 334 40311
98 892 21954
595 803 13038
542 903 53759
92 467 27313
198 802 22204
309 824 15556
185 605 61685
229 380 31241
93 205 31064
607 726 18439
56 197 37054
434 720 13928
226 266 14036
253 470 35355
256 336 26926
111 275 32558
51 631 24739
126 693 35355
513 655 26306
182 912 20809
573 680 40804
253 347 21840
159 547 46487
240 387 65490
379 412 26401
458 847 26401
222 466 29069
75 407 27203
525 765 29833
206 921 38471
756 887 37577
82 376 27659
372 386 70605
576 733 20616
163 729 21378
23 444 28018
369 462 33956
437 700 52773
228 743 42048
151 446 10630
386 833 12806
137 434 39560
367 907 104738
137 317 31765
732 838 30232
577 609 10440
537 882 58181
47 596 11180
209 411 31145
74 436 32802
515 731 27659
453 763 33121
357 830 27731
554 667 16401
244 311 61612
452 765 40804
741 745 19723
302 405 35777
61 321 19000
173 317 27857
170 589 23537
571 605 115918
89 140 51884
488 820 16553
374 808 51478
475 767 12728
651 738 33061
440 544 19105
175 433 148223
237 322 25807
74 728 51264
258 652 50090
236 706 49659
66 575 37802
642 912 35903
524 595 33971
30 573 23854
286 629 27000
299 785 43290
555 902 25495
20 95 24698
375 577 37014
569 589 38184
263 615 75802
883 914 55317
143 701 19416
124 341 25612
618 844 26926
106 281 22561
194 835 14213
666 878 22000
271 581 30676
132 912 21378
120 862 49204
475 644 16125
235 488 21471
612 710 24166
345 483 42521
124 743 51225
399 773 28460
179 595 33287
389 601 16000
845 914 37121
15 571 123665
381 528 15264
128 285 18974
38 73 17464
209 862 37162
244 461 46098
20 899 21633
24 247 32696
593 756 37483
342 742 23259
103 711 25807
819 903 47634
205 222 29833
40 386 39812
635 710 43382
385 834 14213
109 767 28653
718 806 28302
78 744 22204
265 886 14866
35 782 19849
404 846 45310
303 729 47508
46 461 19647
735 895 52086
142 588 18111
44 172 47011
45 149 16125
171 320 47885
346 580 81049
96 245 45804
756 783 26173
334 846 47011
67 811 46000
89 889 46098
473 745 30414
286 890 41000
117 876 48508
843 868 28443
306 821 38184
783 887 52202
524 627 37108
577 759 31385
813 872 36346
657 831 26000
150 705 34234
500 768 44385
790 884 25080
91 743 26000
167 868 22361
184 600 21471
504 928 44598
433 783 34540
274 622 15297
215 775 45277
3 476 43186
783 825 86279
108 615 31623
604 908 41183
372 618 68447
582 659 40224
294 775 47539
110 631 15264
344 562 38118
499 520 73062
469 630 29069
694 866 32016
195 401 50289
88 779 35114
64 744 39825
318 457 30000
435 888 154052
244 841 46098
500 619 61294
842 928 20248
71 140 39408
352 886 42202
99 641 12042
252 773 31241
464 516 51352
407 605 16401
404 517 27731
155 162 45541
339 664 37577
385 673 17263
467 832 20025
479 527 29000
65 119 35355
492 583 135300
102 633 31305
657 811 36770
379 619 36000
825 887 35228
524 881 60959
293 757 25080
606 662 38013
301 713 33734
133 863 19925
402 721 54424
311 484 38184
342 853 35228
521 642 27295
169 248 15133
789 840 39115
158 654 34525
300 330 11180
421 826 32573
622 822 10817
70 303 37336
656 691 39408
90 604 18028
215 294 52631
149 207 41400
554 915 36674
201 658 33015
508 588 30083
200 289 10198
590 700 23409
67 916 44011
398 563 11045
477 501 39446
470 474 19416
3 64 45880
619 638 32311
96 683 53907
248 341 21190
39 781 32573
738 745 41773
541 884 35609
36 536 26249
188 344 58000
44 335 45310
557 745 42638
23 531 26926
766 852 29411
539 834 34366
714 874 51078
533 601 44598
121 155 41049
539 869 36892
193 536 57559
113 303 36000
122 268 37014
147 275 56851
402 877 42012
172 220 39962
263 416 60000
702 907 49244
422 876 39850
401 702 31890
75 214 12207
144 696 26401
547 603 73246
114 586 27203
498 844 34886
220 270 21095
12 282 25942
471 730 29428
58 890 28320
722 787 21541
380 858 22023
67 657 32802
424 884 47885
544 773 21840
645 883 38013
572 851 14765
86 608 29206
56 489 42521
374 559 51478
651 854 38288
46 244 37000
138 248 27731
691 731 35805
305 856 28018
127 681 22361
135 516 49204
96 513 47802
721 877 48466
197 359 18439
180 494 39205
56 825 32016
672 891 42720
7 520 42485
141 500 24042
54 444 35777
183 610 24083
373 850 41049
175 825 29206
301 388 37000
274 354 27313
92 922 27857
441 791 20616
60 765 35903
18 254 33422
282 393 57219
477 726 61685
202 536 82928
31 421 40447
369 577 20000
587 688 41485
241 268 12166
212 578 15811
27 173 37696
505 838 35114
227 614 41400
285 571 168324
255 695 22627
254 365 25456
58 629 21213
171 687 12649
173 480 40311
155 397 36359
185 571 56000
438 463 33615
8 520 51352
76 373 23537
278 742 46755
100 317 50249
75 368 26077
156 412 28636
734 748 39115
148 240 35355
359 592 17029
116 829 20809
430 495 14422
252 909 43658
261 678 41629
316 853 39623
410 711 51923
16 700 15232
300 462 14318
89 757 35903
537 550 56719
27 401 12530
419 508 66641
173 401 41110
590 747 26249
706 784 39623
538 647 12806
28 522 67882
845 883 39319
584 839 38601
703 709 21840
56 359 38588
17 449 13038
202 734 12728
219 674 24597
33 737 28460
621 860 22561
456 686 26401
179 848 24352
510 712 26926
611 892 49092
743 824 28284
162 871 74431
396 705 68000
694 794 27459
693 715 28018
387 681 50090
142 909 17029
155 671 30067
132 178 23345
239 837 19416
54 635 14142
281 444 32527
588 649 48415
500 827 60033
283 864 26077
259 545 32280
466 832 38588
278 804 13416
502 760 24042
48 415 25495
167 606 39560
6 563 23431
116 813 20125
290 925 39825
237 927 23087
66 442 36892
472 717 30414
546 563 13454
529 883 31623
358 672 15620
125 875 33541
341 526 40706
430 833 47381
590 894 18248
350 455 33015
418 820 25495
552 652 15000
376 557 24187
213 888 51010
92 335 39699
50 465 32000
770 865 24083
502 814 33302
138 341 32985
607 929 21378
6 398 15652
797 925 17263
404 477 44283
625 717 20616
190 308 31401
35 276 30083
50 228 17029
896 914 61741
6 390 27074
188 653 48021
580 631 11402
21 469 48662
246 623 28653
803 848 19209
540 647 60803
120 141 42379
394 772 25080
797 824 28844
397 570 38419
443 533 22561
44 93 37643
30 741 27459
21 683 47011
904 922 15652
168 641 60000
11 24 27203
620 895 27459
61 630 21095
40 618 37162
633 710 49769
680 741 41231
335 740 55227
244 526 54918
462 609 23707
79 531 18439
111 562 22825
582 616 42544
435 481 60415
249 890 25962
594 636 41629
457 506 35511
51 105 16279
442 644 35609
305 706 43863
239 565 41437
344 666 43012
38 145 55902
616 635 34482
157 304 49649
319 503 33121
232 270 65490
173 529 48010
405 664 24021
176 675 11402
102 710 37590
622 840 14866
285 561 18111
254 438 19849
372 528 55758
112 159 31401
443 696 26926
259 672 39925
158 264 23770
93 628 23087
184 614 12207
770 773 11402
29 485 31765
874 877 48826
574 623 15000
327 692 22091
95 259 24187
158 522 12166
224 515 15297
190 225 14560
215 669 19313
291 530 21378
52 926 22023
615 816 45793
160 524 41617
145 668 39446
836 857 18248
17 426 21471
99 923 21840
246 688 26627
323 801 26476
319 549 28792
372 430 59666
80 586 29000
26 67 40311
243 571 18385
234 570 52345
20 102 35511
812 873 18601
556 785 50000
379 638 38419
758 911 53935
57 179 38000
439 735 15297
87 125 13000
463 486 33015
550 579 28792
409 681 19647
348 536 16492
353 855 18385
31 441 48021
24 640 31401
177 521 65368
689 722 27000
131 734 50990
602 869 14765
225 435 91022
419 649 33106
103 233 13416
746 849 17000
489 771 39812
62 251 49092
735 874 40522
388 877 17464
35 469 36069
22 521 20591
722 924 40817
171 905 40608
462 713 32249
251 308 15652
789 847 30414
183 878 17000
267 583 126384
523 661 36235
242 398 25060
250 800 24187
96 655 42107
585 616 51108
77 617 27659
194 620 31048
383 556 25710
229 586 44553
15 561 28425
170 794 20125
217 295 60407
109 815 32450
202 520 69181
252 399 16553
168 569 46098
39 364 13416
33 833 17464
558 889 29155
301 332 46648
209 289 42048
235 418 24187
478 607 20881
365 676 30232
253 769 66068
830 882 47676
706 856 22472
132 210 34015
171 587 41231
12 431 70029
273 906 27295
478 572 13153
89 527 49820
111 326 37108
289 297 10440
675 808 47539
383 910 28160
523 723 21213
392 515 39560
290 797 31305
589 664 50596
578 719 28071
334 685 39013
223 455 17029
731 839 24187
509 582 52839
74 729 53852
314 331 26249
165 338 15000
354 822 34366
654 668 20881
259 358 35355
150 396 38210
630 683 24515
259 822 40224
261 829 14036
9 271 48847
624 637 22561
525 761 36056
186 598 41000
754 881 32016
588 909 24207
84 923 26249
40 112 16401
172 530 23345
78 494 15000
736 776 20125
305 813 33242
205 300 33541
224 555 14142
780 811 17117
304 447 28844
287 789 33121
613 893 20248
140 293 37443
477 517 37736
327 821 12530
358 711 53451
169 413 25179
162 914 75027
69 513 23770
133 504 25962
20 633 10630
317 682 19026
472 890 20591
343 812 25554
269 310 23345
281 559 19647
504 864 28460
386 618 48374
205 432 25710
702 725 76118
292 370 11180
30 554 44822
481 793 77389
533 696 29120
103 672 44283
183 203 26306
698 866 21024
91 824 26907
707 921 25179
315 530 15133
21 96 60531
270 740 38484
448 485 17117
332 767 32016
794 866 37483
540 855 48052
85 920 65552
227 732 20809
53 451 22361
687 882 39623
72 219 13038
106 659 26833
416 615 18601
207 459 32000
566 591 23854
14 686 16155
245 392 26926
854 926 16000
17 804 39825
232 583 87664
538 679 41110
66 815 47508
694 724 27019
218 465 42450
115 747 31064
775 846 16763
6 819 53075
680 745 42953
427 719 19647
236 352 51971
12 568 63246
388 577 31401
356 484 32000
740 922 49254
405 795 17000
356 857 14422
367 817 59414
148 640 32650
447 860 22472
467 468 19105
384 742 32016
70 266 44922
329 466 23000
64 476 21260
266 598 36401
154 543 39115
506 667 21260
101 852 48765
38 632 71400
586 643 25080
56 705 16031
215 765 51971
622 847 30364
42 188 49769
425 794 34785
423 753 14422
280 428 34482
161 483 21095
768 819 28792
283 801 40000
28 853 80411
94 806 34482
374 509 38013
271 638 34986
72 873 16401
232 492 49649
383 451 31016
11 552 28178
584 902 47518
445 644 12166
313 897 67067
515 555 24042
334 906 32802
489 764 34785
424 868 43267
117 739 36401
85 697 30676
69 655 27586
1 589 49163
336 920 70491
72 316 13153
431 816 69354
378 841 59682
187 435 19105
4 240 23601
10 800 20616
408 517 10050
176 502 26420
326 508 83522
116 872 35468
337 740 30610
109 475 28018
172 315 31401
150 359 55082
193 231 56613
679 792 14866
82 719 41110
123 393 10817
312 782 31890
439 835 41485
471 837 33422
535 763 21095
597 610 44721
186 534 31064
298 350 22561
645 880 17029
573 741 10630
30 557 33838
663 850 37443
168 425 32558
301 877 44385
95 791 70831
9 53 29155
490 823 60008
9 41 21954
350 752 20125
68 671 37014
343 873 33061
101 460 12649
250 494 10050
325 553 12530
1 817 41195
459 607 28302
541 790 30150
565 604 18385
473 738 34670
559 808 18974
597 917 52086
2 866 23854
385 539 45177
368 665 11705
514 744 13416
300 713 39051
97 127 72450
756 861 41629
509 567 19105
282 796 71449
119 191 46174
408 685 44643
169 854 10198
201 283 25179
113 898 13000
24 258 58310
98 611 33106
743 797 12649
453 786 19313
290 341 18439
172 418 41037
84 682 48166
37 793 15524
118 174 46872
37 296 27659
60 304 50695
191 373 37363
260 696 26401
500 581 42190
105 481 34785
509 787 24839
260 553 22672
196 388 11314
185 407 46325
274 710 51865
165 371 46615
26 40 24759
782 865 41869
65 491 39560
351 583 72498
3 744 30610
516 540 23601
292 661 40608
23 204 23259
871 894 37802
16 198 11402
696 888 40719
673 834 11314
63 405 61008
87 415 37947
73 158 18439
363 545 20248
750 817 48918
45 478 26173
360 507 28844
489 825 27000
28 543 143736
7 476 27019
130 870 12207
5 131 19647
143 242 24083
371 884 58138
95 441 71063
19 871 19105
18 289 22472
452 761 23087
46 311 50010
428 621 28302
88 518 30463
524 720 56719
387 389 49739
334 404 40012
563 729 49244
546 729 44294
82 651 47011
91 809 34132
163 216 11314
762 808 32202
314 632 58009
770 782 48836
703 740 30000
730 749 62129
175 396 76557
258 573 31113
125 298 14866
431 568 24166
94 707 12083
295 603 60828
594 816 29275
44 900 46098
560 645 25495
53 164 14142
687 715 21213
217 328 56223
120 322 24759
509 623 52154
132 603 47381
485 634 27893
55 190 32280
431 615 80951
224 584 44045
246 574 16125
72 921 34059
778 918 20881
177 531 57567
689 787 27586
92 466 49739
852 926 51865
468 922 53226
62 551 14318
303 390 35384
320 823 15232
318 827 30414
47 928 41785
356 514 31145
500 532 56939
46 86 36674
310 620 46325
97 181 10050
580 862 44147
173 230 36069
529 754 32696
897 903 35468
810 837 35805
346 849 24083
318 427 38601
123 889 119670
80 333 10817
205 462 36056
120 209 24331
600 856 43829
213 601 43046
22 642 16643
544 770 17692
436 534 14560
206 742 28018
36 193 44654
26 831 45967
447 929 13454
185 382 50040
700 747 25080
415 712 13342
166 681 24839
1 664 12042
162 896 54818
275 446 12042
66 330 62801
223 231 31257
59 535 24597
194 735 34713
8 716 40224
12 253 38833
252 508 37483
692 821 18358
763 773 32802
246 777 26627
405 732 57271
75 605 22204
115 519 25456
2 524 46690
479 807 34928
332 402 51624
214 846 43417
675 689 30676
384 543 17464
209 463 18385
645 725 65734
121 671 21378
664 753 48083
163 632 28320
480 725 73007
226 436 25495
134 305 35903
612 823 44911
558 805 12207
488 772 12166
121 129 37537
433 825 119017
115 660 34438
725 907 125320
139 454 37736
349 679 36056
363 822 27459
486 617 29069
739 876 34059
339 804 29069
148 696 29155
722 886 50329
277 604 37855
194 406 33061
514 857 31016
669 765 42638
265 647 42450
568 731 42190
91 458 19849
54 79 22804
208 257 20000
355 569 38184
124 797 48332
184 678 35440
507 650 16125
464 671 27459
113 299 44283
115 845 16031
581 768 13038
203 275 30806
60 669 19105
786 833 25298
94 695 47043
15 285 44721
38 699 21932
430 786 49204
140 549 41881
287 309 39051
308 325 34828
107 443 26019
882 893 29530
354 633 17804
272 899 59540
447 621 26000
100 168 47854
108 496 31623
16 129 42426
144 260 18385
561 626 25000
724 732 15297
321 477 24515
135 758 35355
130 751 33302
372 495 50990
358 545 17088
188 531 48466
798 896 25710
219 316 19209
21 245 29833
41 299 33061
151 878 10198
162 894 63600
576 766 24597
226 534 23195
617 915 19105
298 752 14560
216 632 31016
82 738 31257
138 925 46840
423 664 52839
872 918 25298
157 477 47434
253 456 49041
306 806 37483
487 677 26077
189 493 14000
103 891 24042
520 835 53263
347 474 12806
69 257 26173
379 427 52631
428 525 12806
646 717 25179
329 832 33136
646 876 18028
19 115 18248
695 742 59076
444 808 36000
363 913 13416
764 771 28160
173 923 39560
866 885 23022
647 760 25612
119 373 48166
766 926 32757
670 719 30083
52 854 17117
599 721 51971
263 518 134970
406 620 49649
364 645 39812
238 436 35228
402 484 16971
438 486 14142
258 915 34482
114 859 26627
124 461 38210
552 680 11180
371 424 61033
58 128 17889
750 907 179480
107 240 27166
263 636 21932
413 854 29967
295 912 30364
55 325 20125
229 378 57428
461 465 41110
102 177 38013
130 920 53235
15 739 39217
109 644 31064
168 512 45044
45 399 28320
690 925 37014
307 469 37643
522 793 104278
261 663 43738
284 496 16125
204 808 33615
886 924 31064
799 870 38639
322 463 14318
618 749 49041
401 907 40000
483 919 42755
543 853 66468
420 495 12042
85 189 34366
307 851 33422
600 885 39217
271 357 14318
82 138 49578
694 753 29206
164 556 24515
431 731 36715
31 66 50961
34 273 24352
352 813 46239
60 294 48374
693 840 42544
372 381 50990
377 505 48010
280 288 54000
361 365 20616
459 929 19235
534 648 10770
815 891 30232
632 701 47170
63 732 26571
299 768 24698
227 377 19313
256 868 35805
236 886 22361
548 565 33302
105 110 29120
575 644 27459
393 807 14765
616 659 18439
303 898 38275
653 788 28443
33 386 24187
18 297 22091
184 856 38910
273 685 22472
42 562 21024
451 910 19105
652 680 22361
484 608 39560
54 531 34928
61 477 27785
197 592 11402
385 492 15652
267 499 19723
261 505 50990
331 828 45891
90 703 21024
241 482 22825
118 215 57070
495 691 15556
107 533 31145
151 275 17029
43 806 41976
293 528 44553
698 885 11662
57 353 10198
506 670 32558
416 816 29411
346 746 26019
377 614 40608
697 920 71176
799 920 23409
225 888 63032
38 158 30414
109 442 20224
723 752 43863
483 826 24187
404 408 26077
4 389 30529
27 230 15620
21 35 39661
542 819 57940
740 904 42953
138 413 24083
324 864 25318
209 297 40804
843 920 40012
150 364 32016
48 180 20518
584 782 36235
122 243 41976
192 606 41183
83 380 21633
573 652 49649
596 928 45222
421 441 19026
743 809 31890
21 902 16125
574 688 24021
34 96 56604
67 831 16492
286 756 37537
491 893 20248
287 366 18028
1 339 33242
220 335 43932
410 465 50289
217 417 29428
532 554 57280
349 792 25710
596 736 31000
139 780 29682
174 215 22361
403 639 16553
368 407 22361
338 382 43267
440 770 15232
112 547 19416
316 674 10770
416 594 49679
205 369 28160
366 789 35014
468 832 14765
249 717 44777
194 439 38013
455 723 23854
317 434 28601
98 498 29530
737 786 19925
506 867 17029
279 497 27203
728 873 20100
331 849 39395
507 703 23345
65 688 14142
185 243 39623
310 351 27295
70 785 68884
36 415 38897
699 812 12166
191 491 34828
265 353 28844
396 725 24352
527 686 40497
117 165 67683
437 848 12369
145 314 48104
433 629 18974
206 853 11180
50 218 29017
533 888 31016
48 712 26077
600 698 31145
259 363 39294
137 720 43046
133 450 17692
578 690 24331
826 919 41725
665 846 23431
837 892 17029
622 774 21840
255 405 30594
662 671 20809
764 861 23854
63 327 32558
663 785 75604
229 875 47676
170 423 20248
744 800 26000
240 552 44407
265 924 36497
510 875 31257
130 761 21190
186 306 28178
16 437 51430
6 242 30017
267 269 44553
430 656 31257
320 693 17088
684 847 17029
622 913 33422
360 834 12207
152 807 38328
375 628 20025
403 410 39446
122 482 41437
454 468 21095
337 703 42297
28 727 14866
581 638 28018
274 774 31890
146 680 30806
688 905 43863
608 639 28160
210 826 18601
1 449 35777
362 441 11045
676 901 13454
707 742 37108
22 653 44922
501 846 43012
162 771 44944
303 563 35693
510 637 31257
238 648 33541
211 334 28178
391 524 38210
332 484 47508
95 899 29155
532 927 16971
142 737 18358
249 570 54231
38 264 34205
35 584 34482
454 780 47760
154 426 19925
9 556 26926
342 543 32450
249 286 36674
235 583 25942
135 336 29155
311 841 55579
8 448 16279
101 859 46690
177 899 31401
343 727 24413
332 403 12042
521 653 53235
421 919 19026
661 818 27459
383 850 42154
143 542 49244
12 470 42638
145 849 38897
450 801 53000
842 863 13928
202 448 22804
339 449 32757
335 904 40162
91 789 31623
218 228 33287
485 748 21932
483 603 40804
154 804 32558
60 428 37216
356 879 37000
208 518 27203
648 806 19235
110 580 24839
143 331 31401
392 496 24759
227 694 39000
359 896 16279
330 575 43829
101 146 55227
491 613 18111
531 653 62298
145 654 29530
39 359 50567
32 127 10817
489 887 20100
196 713 33302
697 758 53151
33 649 40853
490 585 18682
79 177 51010
390 898 17692
301 402 43738
595 627 20616
279 498 33838
240 443 36235
295 328 32558
714 877 48508
232 337 64846
23 842 50478
165 174 53254
327 838 31048
230 480 10296
213 533 48826
477 566 33971
114 926 52773
145 331 43738
216 242 36249
18 251 65115
22 788 50289
726 929 28653
588 737 20125
211 906 33015
137 754 13601
545 913 31401
620 735 45222
476 716 12806
104 812 58830
470 568 35468
117 371 45277
625 790 14422
473 766 26077
490 587 14422
370 429 43012
322 486 38275
454 657 34205
127 818 42942
284 392 15133
211 605 45398
59 839 28284
130 424 54129
103 358 43139
277 704 15620
469 683 27459
627 784 14213
69 496 20100
482 739 43863
870 920 48384
288 920 45607
520 716 34132
197 798 18439
70 598 16643
422 472 17205
335 432 62225
492 650 44721
206 707 39825
4 107 13601
304 929 28653
255 795 20518
172 677 66038
61 726 61555
326 417 26306
127 409 22672
254 463 33287
512 641 50804
38 104 67602
584 731 43046
281 808 26420
119 777 15033
862 897 70406
25 345 26476
122 571 28844
603 916 19698
362 791 10630
355 817 48104
25 780 21213
228 809 26173
105 187 26249
159 295 14560
602 805 53310
18 62 47011
539 889 131095
129 590 21260
201 323 13000
313 828 12042
222 329 35805
147 149 57009
195 367 79025
147 326 70406
38 654 37643
228 711 37696
135 464 39115
723 875 56321
212 379 55082
174 382 12042
685 906 31401
454 811 47011
5 748 12000
409 661 41037
35 902 29411
591 683 30414
14 456 37363
47 762 37656
195 512 61000
235 820 17464
203 917 49204
136 655 29000
188 562 45044
619 827 27659
710 823 36401
2 160 10198
850 910 32894
391 595 23022
243 382 56727
312 572 30265
168 589 30610
561 876 37121
58 422 16553
393 796 44283
260 308 23022
372 833 72007
31 891 36139
158 668 42379
376 670 23022
127 181 82219
31 672 46573
182 642 18439
40 649 47170
100 720 41340
442 575 43012
403 465 37696
486 676 29732
98 497 16031
2 81 13038
83 460 21260
492 673 29411
458 809 27659
155 570 43012
268 739 39812
3 721 31953
319 805 52469
528 769 21954
437 519 30610
11 652 16031
153 918 34234
77 486 34928
89 805 31780
728 812 33615
414 668 36892
568 691 21401
157 929 58034
193 350 25612
280 870 29275
370 875 53038
180 637 32140
205 628 38288
822 913 31906
395 497 20248
491 755 25710
160 885 16031
288 658 22091
274 822 10817
347 470 17804
665 775 23022
378 643 30364
52 526 12083
375 714 34234
234 397 60531
282 594 11314
758 792 19698
176 762 22204
677 900 34438
381 618 56080
452 751 11180
270 335 46573
169 526 24021
456 796 12207
57 199 37947
270 315 56851
166 601 29833
340 418 25179
78 836 16125
311 857 25495
86 465 24597
145 632 68066
277 539 33956
479 686 38013
418 677 68154
129 700 36878
9 164 27019
392 555 21840
64 800 35693
45 312 33941
253 528 66129
693 774 36770
59 656 13928
426 750 14036
135 167 51546
199 848 25318
34 685 33615
283 324 10440
52 114 48415
110 187 46573
667 827 40497
808 928 49729
269 406 39925
181 523 44553
135 540 48332
75 665 21095
596 814 18028
234 249 22023
81 425 48104
532 827 59682
440 865 10770
628 900 12207
33 786 17000
184 305 19313
224 902 33015
188 788 36125
334 408 49930
473 733 19647
269 351 15620
164 383 11045
155 894 44553
91 684 16643
34 779 43012
17 817 21378
342 384 15556
202 267 138134
32 181 92698
88 136 29411
276 469 36056
449 804 36497
780 916 28425
201 801 22136
322 927 20616
367 750 75107
473 576 28302
234 861 42638
183 801 26306
355 367 24083
349 736 34015
70 663 74330
582 585 25495
39 645 33242
129 516 45618
752 875 33941
55 888 28862
606 790 44777
36 87 41000
394 895 60745
648 718 18682
230 702 37014
41 556 19209
242 701 22204
612 616 35511
276 307 23087
30 258 35057
724 753 39459
695 804 52612
611 831 20616
567 787 14000
238 718 25179
350 723 41437
8 202 21095
349 776 22361
245 284 17889
507 704 34482
321 566 18028
400 805 53814
291 340 27857
258 901 39623
535 839 31064
212 427 28071
89 293 47434
524 600 54378
535 865 26926
331 746 28018
171 715 26571
293 749 62610
560 883 20025
166 389 23195
210 564 26000
805 889 37216
199 437 23409
295 547 56080
557 667 37108
424 920 53254
15 268 58694
288 799 29732
76 116 30265
142 453 17464
235 340 27295
744 879 17117
56 150 40311
272 564 12166
471 548 18439
508 909 17804
304 428 25080
289 411 29833
40 547 15232
234 756 44283
119 778 27857
374 787 18111
256 843 34713
221 351 11000
892 922 44688
66 139 68447
303 785 40804
309 550 38118
444 531 30000
191 451 14213
134 261 31828
42 111 10050
152 456 21932
43 821 45880
394 620 55570
46 608 41785
400 889 83385
487 820 39000
529 560 25080
500 638 47508
690 719 32558
369 759 17464
406 499 17720
541 625 26627
139 329 37537
134 813 35384
138 690 47413
667 867 15033
691 839 41000
604 709 25495
323 597 29275
428 761 42048
505 692 48260
535 544 16492
120 897 53254
204 444 13928
49 597 39699
210 791 22091
29 64 25632
189 911 11045
126 823 29017
280 621 26571
262 511 17493
192 249 51000
156 379 23087
73 654 23409
221 583 62650
122 241 27019
637 712 12806
736 911 39812
391 519 44102
660 845 30017
176 814 35057
541 646 29732
502 689 35171
25 161 14422
153 722 41195
591 685 50448
387 661 50606
180 378 41231
151 203 15264
517 591 25318
390 819 36056
398 546 10050
388 714 52953
343 699 18028
349 538 11402
31 919 43012
99 401 46390
94 718 22804
85 864 36892
457 719 26907
85 201 45706
238 921 13342
464 662 33838
830 893 37590
65 246 24021
565 709 21633
186 692 42720
42 788 46239
645 781 55444
287 550 23409
106 509 25020
456 769 53460
504 596 27203
371 751 27203
252 763 46174
528 749 37000
97 661 33302
24 148 22361
503 549 26077
81 794 46000
502 776 14000
286 433 37590
279 730 55082
179 627 37162
680 733 45541
223 723 25000
187 551 35014
628 677 38328
217 642 21401
192 570 35384
199 353 38053
3 879 18385
97 818 30414
240 640 12806
153 777 11045
237 532 14866
62 187 32202
28 674 45122
233 891 12083
134 678 17088
511 845 35735
380 859 26000
519 660 35468
566 630 21471
239 922 51010
498 611 28284
634 748 22204
172 291 31906
592 896 14318
43 63 51400
34 591 64846
494 836 15652
379 537 32280
393 636 31953
54 616 30480
233 410 26420
237 486 39962
74 238 49366
67 603 47381
328 417 42720
79 635 25298
156 830 28653
217 788 50220
146 733 44418
606 868 27659
442 815 22136
68 606 33106
143 828 56569
131 708 34132
37 346 15232
133 324 25632
359 781 37363
236 353 22023
248 413 25942
348 734 60141
13 770 20396
178 564 20100
373 829 47043
178 521 22361
400 869 23409
299 581 31113
276 312 25495
42 326 35014
388 609 29411
412 638 35511
54 659 37855
296 668 36878
7 439 33838
229 370 45891
16 802 31385
267 406 23087
239 548 16125
277 908 12042
26 547 12369
355 512 22672
82 413 40025
146 387 69029
874 895 58694
413 651 38053
84 100 18248
181 231 58592
170 425 25000
98 395 18682
92 904 20809
22 217 26019
387 409 57280
162 861 44294
79 102 41725
485 716 43290
146 576 33136
245 513 13601
140 503 33136
234 593 13038
60 525 29547
380 460 32249
537 579 58412
280 860 32696
636 889 146659
287 579 18682
117 884 61205
90 709 25000
281 659 17117
264 522 29000
390 563 19235
167 464 32757
63 302 54644
153 509 48104
225 551 62032
436 648 17205
186 266 17029
764 887 32280
236 265 10050
133 344 23259
227 698 58822
128 629 34670
100 425 38601
397 861 44204
391 848 27295
494 841 37483
328 419 15811
262 391 35114
511 754 42638
771 798 15811
519 700 46669
152 686 30265
507 673 20125
161 345 34713
13 312 26420
32 166 18439
85 658 32450
292 429 42720
189 596 41761
372 474 19313
587 905 20616
19 914 28425
585 587 30150
262 881 11705
300 575 41976
288 597 16000
214 605 25495
279 810 19416
309 578 44204
858 859 12207
132 182 22847
728 921 30414
575 713 26401
198 540 47434
445 475 25612
376 738 24166
78 857 27586
457 867 35735
161 603 38079
13 782 45354
36 348 16031
521 899 60208
51 110 24839
276 782 13153
777 778 27459
207 607 17000
725 880 70661
220 315 48384
304 621 16125
18 110 44944
318 619 20000
247 308 31113
553 696 10817
373 910 24352
71 471 33061
189 697 33941
108 208 33838
517 566 10296
689 924 22472
152 479 13601
283 450 31890
229 429 18868
26 844 42953
292 387 53160
404 501 37643
141 903 18385
366 715 22023
192 790 23601
70 729 37483
87 298 16125
179 199 12166
257 655 38053
454 832 26401
139 345 51478
614 678 29411
768 903 47096
141 897 31623
610 801 17205
420 568 19925
114 852 39051
131 348 22561
86 403 28178
478 851 16155
603 912 53160
527 757 48549
364 396 48010
598 692 31906
313 746 54918
510 624 31623
71 604 34205
43 302 17205
280 761 44553
569 817 20591
53 191 31016
3 599 44721
361 901 11662
585 688 47011
12 796 69080
597 658 28425
677 895 58873
391 803 12166
227 600 54571
142 763 23324
527 889 47927
311 356 27459
273 779 66611
626 739 35057
10 180 41761
37 481 83487
199 802 28178
410 891 30000
607 851 27514
118 775 50606
58 286 36620
206 342 28425
166 213 29000
126 274 36674
480 880 48795
181 223 31145
179 784 45398
791 826 20248
167 662 28284
736 792 38601
117 541 42638
10 708 37216
417 419 36125
296 414 13000
605 906 78160
697 911 28178
271 299 32757
68 662 23854
674 727 33541
454 892 59034
370 523 24597
336 758 46690
71 565 34234
393 594 50695
506 557 30480
9 755 14213
352 918 30414
193 298 11180
26 618 35777
357 412 11045
124 228 34059
493 864 11402
684 789 21378
157 501 36688
339 695 31953
74 104 23431
323 610 37108
886 918 57567
249 593 24187
19 747 23022
582 623 22804
165 452 49254
487 895 59414
352 872 42485
406 835 27295
85 493 35171
394 487 11314
37 414 26683
77 237 29000
730 810 45222
539 704 27659
30 667 48021
247 361 37537
279 749 21024
504 863 33242
369 609 25554
144 247 16125
493 596 40050
6 542 21213
292 460 46615
291 418 13038
237 554 51108
374 675 13038
562 666 34540
18 200 27803
695 795 31064
853 921 40311
493 504 31241
83 229 12166
405 753 34482
97 523 45100
319 602 14318
395 892 16031
174 338 46487
180 250 40447
345 919 22361
80 114 13000
431 515 27514
5 708 24021
121 516 46840
49 860 16279
45 572 20881
459 917 48765
755 830 43012
424 843 31257
647 855 46043
129 155 48374
626 876 25632
258 676 40706
542 828 64070
841 857 46615
418 487 57280
168 355 35511
733 745 16279
831 844 51478
76 872 19235
333 586 28636
411 862 15264
74 226 43012
446 666 12369
332 639 14866
362 421 23324
427 457 23022
576 852 35355
140 730 15033
313 346 64070
186 226 14318
435 551 38588
377 678 28844
114 858 15811
836 841 36056
47 814 13038
69 108 24083
140 471 31623
437 802 38910
208 615 46098
278 543 31906
375 759 15264
408 591 24739
539 908 34234
465 711 48795
14 757 21633
579 687 32573
595 848 26476
10 29 13038
263 594 38833
763 909 19647
324 450 23707
149 399 19235
136 779 30364
360 539 30887
279 844 35128
95 272 69405
445 575 21213
203 878 21095
567 722 20881
162 397 18439
87 510 18028
359 364 51856
613 905 15652
772 820 13928
333 643 46400
112 649 36770
365 438 33377
130 452 30887
173 682 11402
760 924 15811
600 614 23324
67 547 48826
801 878 38949
77 554 30017
55 225 35355
420 691 19105
200 580 38626
736 814 18868
221 310 27893
518 655 41231
10 64 31828
94 742 31064
254 297 23345
624 875 32696
650 673 32016
511 881 19105
502 538 30364
5 634 14318
222 432 13153
422 561 29428
123 636 27019
599 879 35468
606 884 41110
53 491 27514
49 447 24042
89 558 24187
675 762 26249
776 814 26249
682 923 35000
622 103
512 153
702 812
931 584
804 826
767 310
704 843
774 875
643 377
768 806
893 551
179 764
220 576
251 831
88 237
371 241
639 58
907 415
362 179
507 566
130 624
420 600
430 484
909 529
463 721
348 718
437 40
829 124
769 819
820 509
540 683
982 627
289 668
22 586
163 602
844 820
905 271
835 179
331 94
331 700
662 366
362 535
662 169
514 884
221 539
691 683
390 406
794 781
226 463
647 645
939 354
749 624
616 366
485 484
984 513
265 82
437 276
142 195
244 646
132 435
134 546
954 414
621 200
745 828
570 378
526 732
385 734
246 258
93 677
701 253
349 883
783 137
851 186
758 197
23 471
552 324
818 459
729 771
471 502
775 659
513 140
743 541
837 675
508 78
305 401
658 699
853 780
35 662
271 884
386 919
626 576
446 837
543 860
713 127
516 589
70 616
951 704
375 799
494 40
511 96
855 647
501 531
592 657
776 212
951 365
481 423
939 573
95 701
577 709
923 373
352 534
341 687
714 324
787 654
380 176
556 294
130 296
39 415
539 361
822 397
304 263
42 320
152 839
682 626
853 767
567 529
976 636
126 203
329 235
191 382
823 831
424 653
356 455
564 261
319 315
52 638
446 129
710 578
464 761
317 860
782 383
271 625
806 282
930 513
845 234
850 592
292 556
929 539
237 541
300 62
311 511
206 841
513 363
668 45
281 229
671 446
135 477
865 174
360 662
514 163
455 709
274 184
759 243
626 356
115 362
970 613
270 299
554 75
737 605
568 122
605 464
515 931
451 75
85 406
256 65
424 391
470 553
428 630
437 238
780 766
950 714
415 632
294 493
536 235
26 400
701 199
968 385
408 516
339 396
975 482
585 365
212 252
869 783
671 906
496 19
602 793
267 119
378 250
425 240
890 393
297 446
792 886
298 519
440 463
541 829
743 97
212 508
63 712
846 401
458 652
11 503
679 497
990 592
16 481
95 426
767 251
394 601
676 646
796 136
481 910
609 964
518 810
927 735
165 653
989 478
715 196
579 203
648 628
839 687
425 50
923 766
468 977
586 669
202 190
566 971
444 292
818 430
752 148
369 848
912 570
63 303
782 284
33 361
728 683
107 643
546 377
922 499
722 603
188 207
740 772
951 463
255 567
217 772
881 436
650 145
279 330
75 696
855 507
537 601
943 500
587 283
430 158
116 806
856 152
443 302
714 210
676 961
65 291
632 954
460 912
688 396
460 630
14 563
551 562
328 512
174 574
368 941
680 65
333 792
202 421
476 445
156 776
322 443
115 659
108 197
172 174
632 517
256 421
888 403
690 596
532 958
889 686
286 839
108 477
374 658
887 250
885 413
867 772
695 364
547 796
610 764
652 155
714 288
179 454
529 253
676 186
167 552
944 477
657 547
616 937
692 733
197 563
855 330
812 269
496 956
781 124
461 101
730 464
330 922
582 506
115 546
839 415
285 441
332 446
966 504
361 570
643 224
350 636
489 789
536 794
837 277
634 724
769 668
36 516
472 867
304 340
449 915
100 362
655 99
542 984
702 610
725 75
829 149
366 476
489 716
891 277
223 751
845 836
393 346
889 767
620 964
495 302
427 278
526 573
573 45
697 760
682 409
562 626
285 115
387 959
894 474
488 657
575 591
325 82
899 454
615 511
575 21
37 449
569 832
884 696
153 335
249 748
575 329
446 381
586 857
764 523
586 221
806 734
694 444
819 663
287 782
76 398
625 345
714 64
405 978
292 692
904 635
610 801
947 610
740 312
442 191
130 657
161 833
593 926
370 817
326 34
262 198
760 296
240 560
318 951
448 34
653 772
633 712
76 517
620 139
669 939
15 445
78 543
959 651
599 692
869 380
683 420
734 580
899 245
817 792
116 746
365 596
545 959
341 623
218 710
500 677
135 210
575 141
214 333
548 107
649 39
707 495
169 431
849 671
235 690
177 694
516 823
139 156
484 118
987 387
732 177
417 218
866 449
693 875
218 610
499 658
557 712
940 547
453 468
577 752
319 504
203 470
786 864
638 71
343 467
596 356
164 367
267 642
432 781
916 748
215 821
730 494
611 589
212 476
851 659
686 664
561 799
853 418
298 282
647 677
489 812
457 812
443 799
138 576
212 737
347 850
145 224
793 574
231 741
593 732
731 844
120 522
203 520
202 854
416 55
962 332
83 314
457 688
665 760
784 847
852 451
585 918
585 961
233 110
567 440
607 392
419 985
339 410
741 762
227 702
113 675
359 800
361 773
686 944
759 390
100 488
411 368
314 893
363 430
625 249
765 500
411 943
281 594
480 398
843 765
415 149
556 30
99 654
720 781
168 668
349 276
88 542
47 690
398 194
723 881
438 610
877 172
906 707
480 187
159 423
738 629
222 875
279 795
412 103
511 954
453 498
808 419
962 552
718 173
233 624
861 840
663 453
402 339
360 974
363 295
163 269
782 325
707 48
237 608
568 610
759 286
345 706
361 862
340 895
654 509
967 420
868 564
960 515
792 474
151 651
650 351
788 520
268 908
471 426
387 101
106 215
363 514
749 295
448 628
383 887
97 547
478 379
199 704
600 72
238 228
26 344
201 533
833 529
544 393
556 755
817 589
585 820
684 512
627 499
904 357
717 386
526 424
554 994
193 619
549 435
795 680
579 432
289 623
573 99
343 219
84 567
274 128
191 183
148 784
455 210
379 408
256 437
692 239
682 772
526 216
947 594
327 936
418 700
376 904
5 458
232 288
197 500
676 722
582 810
276 477
389 769
524 491
605 410
546 228
105 731
505 461
839 477
316 734
730 444
641 898
193 446
566 559
532 402
817 747
185 254
99 239
471 223
566 858
145 174
116 557
915 360
778 222
515 559
791 820
495 494
131 822
812 769
718 414
648 719
904 560
506 39
411 614
797 705
579 740
364 90
141 249
412 331
722 163
327 653
427 941
772 578
877 552
433 557
859 208
73 658
239 659
405 760
278 419
493 447
411 161
929 679
266 271
630 275
621 115
41 460
331 501
779 484
879 214
113 433
741 522
283 259
552 638
402 961
785 114
435 388
874 471
571 896
570 245
363 326
857 562
954 632
460 82
111 581
612 567
35 555
236 837
617 468
568 392
445 359
688 536
216 691
665 222
598 512
564 167
666 129
954 524
315 372
523 185
819 164
365 227
795 266
424 13
407 920
378 953
266 66
489 271
724 132
805 802
401 899
534 513
613 642
820 779
577 771
620 853
614 489
741 852
166 246
727 145
712 514
489 131
672 823
472 359
903 728
581 188
349 26
179 504
815 129
776 149
738 247
318 845
195 662
596 191
812 569
801 877
678 872
379 377
280 641
774 545
101 274
425 896
825 536
715 96
650 586
726 793
815 553
865 276
363 202
804 838
314 783
650 25
169 357
871 758
587 149
442 116
632 386
197 146
263 849
350 332
573 849
428 351
171 389
427 413
251 613
222 143
140 400
795 600
602 723
718 373
268 814
224 596
250 146
583 949
231 587
572 538
64 459
397 368
524 362
529 335
23 629
448 736
321 125
176 587
171 143
482 232
690 321
274 660
464 379
405 552
616 546
193 266
480 650
368 340
920 267
559 140
635 131
205 828
662 582
263 137
236 399
752 793
290 467
400 253
444 203
674 77
278 915
703 160
168 846
453 432
629 610
344 808
431 734
807 162
538 285
389 393
550 691
144 755
618 62
956 674
728 346
570 954
649 213
560 568
568 500
646 558
233 83
469 667
757 450
846 322
573 282
657 421
381 750
456 792
282 684
394 969
682 915
727 755
373 829
613 216
216 650
577 549
747 725
388 456
245 337
330 757
381 160
59 475
595 568
429 215
873 261
609 306
188 526
812 624
754 95
747 607
410 285
501 252
709 752
802 649
809 639
215 451
235 163
861 367
375 461
336 421
208 614
532 166
764 483
250 309
340 943
198 392
348 192
533 321
796 147
667 833
847 734
123 248
627 805
309 501
709 795
381 89
434 147
610 429
386 121
191 291
513 179
454 312
213 112
991 541
241 919
163 214
575 674
386 818
624 403
325 222
626 875
288 131
792 353
727 324
489 578
556 865
884 480
146 626
765 376
434 854
598 424
10 536
472 2
356 940
270 608
598 337
340 385
403 649
587 585
344 157
825 490
426 718
259 489
509 329
499 696
244 377
749 135
420 847
488 61
437 338
665 565
763 607
820 407
405 445
193 479
