568 1233 13 146
95 372 58138
70 152 26019
400 516 49041
125 529 35014
125 262 38328
127 331 54009
465 520 14765
375 476 20000
27 329 19105
73 487 30414
361 472 20396
422 519 29069
239 312 49041
425 555 51245
250 552 12083
137 452 18439
145 321 55326
374 410 61008
93 474 67209
2 146 36401
135 136 17889
322 477 30480
155 369 44011
317 549 35609
4 495 14142
270 311 78518
104 409 33242
475 478 12207
14 530 62936
343 485 21378
10 14 58000
58 147 38079
277 408 40706
329 527 72945
318 545 90956
384 540 23707
210 322 45000
177 216 30480
291 372 23195
88 91 51400
37 473 32202
324 523 53235
16 246 65947
3 335 37483
230 302 29069
34 287 21541
20 315 240566
76 111 58034
367 457 12042
73 87 40608
281 466 20396
76 548 64661
167 544 37656
406 524 31385
309 535 28425
265 420 56303
126 345 55009
51 124 44922
114 501 54009
52 538 13454
218 525 61660
79 91 29614
139 237 37696
53 323 45310
118 318 22023
7 233 11402
217 287 36878
14 278 71113
462 561 43681
180 198 43966
35 560 89107
127 443 78772
28 462 16763
184 440 43417
69 263 70257
345 472 137088
253 368 36770
335 486 26926
463 492 31623
319 422 60531
88 554 74041
9 477 18385
63 377 51894
7 476 37014
101 536 20100
432 503 30150
23 537 39205
262 347 47539
205 552 39051
193 459 20396
11 239 44721
362 388 46098
197 401 25495
113 172 79209
234 445 24187
157 252 60008
81 386 87664
105 195 13928
159 439 28636
38 284 21633
251 485 33422
78 454 50478
222 400 68096
400 523 54918
268 515 37696
89 545 120033
41 467 25495
76 315 34986
104 318 53339
243 475 45880
425 485 29275
21 262 44721
5 372 36770
73 105 24083
437 562 53759
74 547 33601
167 204 42521
251 555 58941
8 334 38588
234 391 29833
116 463 41304
55 133 41231
193 200 131795
190 355 38639
387 483 28160
307 532 70711
58 160 54571
168 327 73430
402 535 32558
212 358 90785
165 297 37855
77 430 47802
85 444 69462
209 481 28178
233 549 18385
94 204 47170
513 556 79322
11 70 41485
33 213 69771
241 502 72801
26 527 70576
177 204 21190
451 489 72567
241 400 23259
59 358 51865
347 489 49204
48 383 79101
20 253 61911
51 119 72180
223 474 17720
42 149 70178
66 492 39319
120 556 23854
268 334 17464
64 511 14142
214 390 63891
64 223 65307
153 238 34409
110 547 45804
319 491 15620
132 417 27203
168 494 38328
220 283 68154
374 537 60539
216 376 27857
75 440 16643
11 331 33015
23 301 30610
75 227 35805
198 290 29120
50 270 22023
23 270 54589
182 418 35014
52 287 40361
175 196 16643
254 370 36235
158 182 33838
19 475 24187
236 537 15811
247 333 21954
6 292 89939
554 560 45695
204 455 16763
301 535 27019
238 330 12042
154 444 63063
287 538 41183
172 352 18439
231 303 17692
44 145 21471
209 427 14036
91 205 51245
225 281 76217
108 323 13601
451 542 73007
194 350 33061
195 239 68007
85 95 13342
54 521 81908
63 561 18788
46 394 40050
301 537 12000
10 452 24187
142 327 40012
187 525 65795
221 508 30265
5 84 39623
265 341 31145
134 250 26019
23 273 63071
163 360 21095
494 503 34828
299 514 33734
216 314 35735
328 365 84386
41 546 33422
45 219 27313
124 479 54818
126 293 20000
196 289 33734
211 510 59059
201 440 46174
242 399 16763
378 524 26571
327 384 44944
152 177 52802
181 264 37802
277 383 90000
493 538 38601
514 531 20224
52 80 32450
193 551 55227
68 406 39051
59 360 31780
142 432 33287
355 567 22136
250 332 22847
410 497 30887
278 530 78588
129 346 40224
138 395 31953
21 539 49204
383 484 43174
20 141 62514
251 343 25495
451 515 21213
201 235 34785
103 227 30067
7 451 53226
67 225 22847
294 512 48754
41 180 32985
129 266 72863
476 549 45011
9 322 36674
71 252 28460
120 122 89939
22 63 43012
161 218 58600
227 505 55362
504 540 43290
296 546 55154
119 521 72422
60 261 17029
20 294 176918
365 533 11180
80 493 38000
224 232 11180
472 473 26000
130 386 33242
370 559 40804
108 362 26077
169 351 111893
43 245 28844
111 315 48826
22 223 47508
58 387 71694
226 546 10440
173 214 43174
346 499 47381
62 384 50249
193 339 95131
150 533 27295
316 407 62129
310 461 39459
1 249 12530
207 415 42297
42 519 39699
214 326 55973
165 241 55218
397 437 60671
276 387 53740
112 404 14318
267 548 17263
69 360 22804
80 287 57706
269 412 42521
180 226 21024
75 103 28460
219 516 21213
383 461 11000
43 169 10817
184 333 40719
199 486 53254
26 324 58523
47 499 65460
354 425 43046
83 362 57775
69 416 85212
357 369 58181
98 186 42012
104 545 65299
359 561 11705
104 396 20025
160 558 27731
127 439 52240
183 306 29017
191 478 16279
171 532 46065
295 353 21401
18 122 39825
139 194 19000
497 554 54203
329 526 40200
26 191 22825
166 441 72670
66 116 32311
16 314 45880
30 477 59034
18 120 52010
345 479 46011
164 428 114634
334 515 28320
312 339 34059
50 231 54644
187 218 59203
33 530 43081
426 461 58052
413 502 43278
336 409 42379
489 525 44011
150 242 33956
40 144 25495
146 357 71561
253 546 58600
66 463 45453
29 260 59008
216 482 70178
94 286 73600
57 374 39395
245 328 136741
378 416 46239
4 348 44688
221 373 74518
228 443 41437
55 353 47539
405 520 12369
327 540 49092
255 358 76059
203 281 30017
89 414 28231
49 50 33615
486 529 41773
30 210 20125
96 337 26401
305 496 18439
43 355 32757
424 526 43174
302 469 15000
322 409 85088
197 450 32757
140 186 22204
9 202 17464
160 278 55218
35 64 44643
208 405 11402
205 332 39051
506 514 31890
64 93 42048
230 469 26077
271 441 14560
300 403 17117
115 220 61131
123 467 20248
188 317 47011
512 528 36688
62 168 68622
315 548 99644
108 303 47381
290 502 45000
229 517 47096
220 389 89828
109 354 26401
308 552 31145
406 536 29682
81 194 32249
52 493 33601
349 547 54037
179 558 30414
148 330 40262
404 502 50606
96 548 40000
202 547 80262
147 504 31048
188 565 29017
247 351 51894
61 505 56727
106 198 16125
1 16 64537
241 435 32016
316 404 61294
133 353 62610
32 207 40608
175 309 48765
313 427 18111
35 498 83546
176 240 29000
420 505 47011
225 466 76164
328 462 32527
211 395 72422
120 373 64031
195 460 15524
217 268 83235
320 500 72111
29 366 56436
68 416 55946
35 500 48836
39 454 31048
42 544 34482
97 235 19026
199 266 34928
194 438 20616
264 553 53263
49 388 50090
13 115 32202
213 559 56036
74 159 51971
451 525 77621
36 215 16000
284 546 29017
75 325 13000
327 503 42521
215 429 68964
46 488 14318
48 275 60108
398 519 13601
202 443 60531
293 472 64133
419 552 23345
2 108 21954
150 399 36878
96 222 65460
168 539 32757
111 457 39812
34 501 65521
315 411 21024
100 415 41485
279 463 22804
136 199 53235
347 525 29428
231 323 49041
403 499 10817
20 131 57801
289 374 65299
218 543 35228
34 268 100319
121 260 41340
286 495 14036
265 532 27659
92 426 38275
391 445 43324
196 218 12042
5 421 26926
161 347 13928
13 379 13601
54 156 17804
139 184 46690
121 562 21401
333 382 30150
331 369 53600
22 377 35511
45 189 20616
251 270 67067
297 413 37643
49 273 46487
9 228 28636
299 454 64008
280 356 34059
263 393 55660
294 568 63246
392 431 28636
247 453 41304
437 468 69971
176 280 28862
39 488 40804
275 484 36497
20 277 97693
45 466 28284
10 209 33956
141 224 14318
317 542 11180
349 430 50090
388 498 42450
217 476 15811
56 210 61984
12 550 45188
364 399 15811
348 456 40460
47 403 70214
542 549 42012
286 299 27459
259 371 21471
131 240 27731
21 125 48466
152 455 61465
212 255 73980
101 395 81025
235 440 38079
63 462 44688
62 529 45277
245 533 53085
65 263 50220
15 374 33422
205 565 46098
124 521 74330
36 255 42485
145 353 26306
516 523 16031
239 439 58052
112 123 53009
6 114 86608
92 420 36688
98 397 31305
84 429 48021
148 258 19209
151 374 51157
35 511 39661
119 436 26926
365 442 25020
259 378 28071
312 381 34482
28 140 12369
161 175 43012
240 294 93862
212 471 38639
13 563 43012
167 456 39661
298 329 45793
198 280 56080
42 47 55471
147 510 18000
53 311 11045
270 555 20591
171 261 28844
64 474 64938
194 382 22091
64 500 22136
213 348 45891
419 565 28443
58 558 37537
481 524 39459
405 476 44181
308 419 39205
350 419 69354
179 536 40050
41 389 44102
16 17 51971
237 553 47202
95 291 58189
271 507 14318
41 226 25495
39 46 49396
376 431 27459
464 541 37947
483 490 13601
106 557 36497
74 77 47424
353 515 78409
87 195 29411
151 236 10770
167 519 45880
65 68 55973
111 512 71505
138 470 50774
63 397 38328
113 207 30806
153 258 40804
160 481 49163
106 290 15620
33 78 20125
119 431 32894
423 548 103586
61 342 39051
50 273 62586
170 254 13000
186 274 36401
248 302 22804
266 276 30000
293 361 45880
280 284 47381
89 430 80411
29 150 45880
423 458 52393
197 376 62801
401 450 19209
53 244 48384
364 442 24042
138 234 38626
81 130 86023
155 331 28460
173 243 70000
71 157 57245
346 483 22804
129 564 20025
324 446 17720
168 321 48332
87 105 31828
171 307 115248
115 563 44911
27 464 13454
66 93 57009
271 534 17117
79 188 43863
191 527 60017
32 458 23324
117 434 34928
164 174 119921
372 496 24739
30 320 30594
333 438 20881
125 402 36235
57 497 31048
137 427 34540
82 86 14036
216 392 62370
287 375 49578
302 321 31906
158 447 39459
16 197 61400
367 411 22136
310 340 36346
31 43 51614
44 385 31906
391 424 33377
18 449 13038
407 566 20248
339 509 22204
407 541 10296
142 211 71000
189 281 37216
42 319 60208
401 551 41761
82 157 51478
130 344 71386
300 346 54231
279 336 31780
356 568 12000
245 365 59439
187 522 32280
48 563 56045
38 176 27785
118 396 25318
530 559 40000
279 492 26833
7 268 58856
20 224 56223
153 330 38897
41 115 58694
255 416 92574
338 441 56586
371 378 15000
522 543 19647
481 536 47634
97 184 43324
4 213 29682
280 528 21190
399 533 32140
184 237 24597
261 265 39000
402 529 31385
46 479 31780
258 393 37483
154 429 48374
282 480 19235
264 342 52631
6 92 22825
242 364 14866
22 397 56365
177 314 18439
352 390 20100
179 510 52555
73 77 39000
359 377 53935
6 420 25632
190 417 37000
35 320 76844
400 433 18439
299 495 22023
131 296 24000
197 459 72801
376 450 48466
311 323 43417
47 129 32802
82 220 65000
187 451 77795
2 477 61392
232 253 16031
404 413 60166
399 442 12166
162 291 33242
325 553 55444
318 396 36770
320 477 70774
330 393 46573
172 518 68447
99 128 60141
167 422 59397
200 430 103470
79 187 18028
338 386 35735
441 560 98737
308 350 59841
24 562 35847
16 459 60745
349 414 15033
202 409 69584
267 423 87132
31 132 61717
208 264 34482
340 383 17804
298 541 45618
232 563 32249
200 381 42202
51 521 36892
457 512 42379
332 554 47127
146 477 36770
498 560 82462
203 337 73437
259 313 28320
70 331 43417
46 124 58728
109 425 28425
460 487 15811
15 410 40311
214 330 60083
303 388 43909
3 136 15556
408 563 26627
158 518 43278
303 362 32757
395 536 85866
149 456 44011
424 470 22672
153 395 82219
98 274 46690
62 550 60083
304 325 54918
278 370 70831
111 367 30000
36 137 67941
130 417 69051
233 476 41231
123 389 40311
409 547 50000
248 503 32650
141 277 41037
124 394 45000
43 567 17804
144 185 17804
394 506 51108
91 543 36688
133 316 31765
71 133 40112
363 377 41183
222 433 55902
435 512 71610
249 339 36056
25 290 28160
165 502 75293
12 62 43909
505 538 53009
14 421 37121
148 393 22804
385 566 57983
450 517 42202
149 403 37443
244 357 66731
72 554 54083
79 542 29069
262 272 35341
141 408 10817
197 551 38601
23 50 54818
85 154 39217
342 520 42755
377 545 139435
404 557 30232
200 551 187019
244 491 17493
444 473 41617
280 568 27857
391 527 45310
103 505 56754
152 246 58856
385 469 23770
400 435 50220
56 336 38588
283 292 72450
276 540 62290
220 501 20809
464 566 34000
40 45 40249
379 563 49041
534 562 17464
230 385 18358
61 304 21260
10 278 23770
56 93 44777
249 459 47011
38 296 22091
326 434 40311
174 373 54231
275 283 29614
294 315 63655
94 495 67082
42 456 37336
295 489 37014
67 380 16155
160 254 52469
32 100 85586
285 517 22204
152 422 59405
489 539 60083
427 524 23324
81 308 64498
323 357 30017
295 515 81154
3 555 40311
405 549 59414
298 464 32388
5 85 38910
110 414 20000
29 242 26000
143 513 79831
194 553 44944
354 555 18028
211 540 47854
79 317 37121
375 520 31257
156 229 13000
134 166 39217
40 185 30150
14 78 44922
42 343 70064
60 420 47381
173 434 32311
117 395 64661
282 508 26249
42 398 40853
253 296 65513
167 455 36674
313 378 21024
125 272 11662
135 354 30529
366 567 46043
21 347 71694
108 146 53038
319 398 48765
211 470 59682
308 386 55902
60 426 54000
84 85 44407
104 279 40162
98 140 27785
225 380 28302
90 179 30017
58 254 60308
262 309 57428
17 314 10198
343 491 45607
84 421 19105
130 260 14318
275 379 31385
5 496 53852
156 401 22204
297 298 77078
19 26 17029
192 325 12530
321 539 38897
44 321 46840
274 437 55036
178 380 57009
320 498 33838
17 152 45343
215 255 51662
11 152 53759
55 316 25942
92 310 36359
44 566 59666
500 511 11402
276 504 51010
110 118 41000
396 547 51088
15 497 21190
105 487 11705
381 460 31305
398 422 24698
190 366 21932
46 514 83217
272 402 34132
449 556 36770
40 446 44011
441 507 14866
120 449 39962
19 390 23537
145 295 18385
192 440 27074
163 556 63388
231 270 64288
88 332 61847
18 59 25554
3 135 27166
327 494 54009
163 263 53339
363 474 37202
142 470 36892
346 490 32573
248 494 13892
203 433 43658
68 395 64133
77 159 31048
264 269 44294
48 408 43863
351 453 18028
285 521 59481
5 14 58421
306 564 11402
313 524 18974
300 499 13038
294 457 35228
227 325 35171
541 566 12166
256 506 21932
305 488 19698
128 228 22136
368 563 49769
138 211 58549
100 288 97801
117 445 10050
489 515 74243
31 247 73348
178 418 21471
479 488 32016
175 262 59464
256 531 20809
126 206 24207
68 107 31623
195 381 37643
336 492 20248
328 561 39825
108 231 50160
260 338 44911
170 483 46098
59 448 42154
100 207 63514
67 267 55009
235 453 71840
214 238 56436
251 425 31048
180 467 45541
10 427 38833
106 502 50922
103 265 52355
124 345 86348
206 293 39825
113 518 42202
279 545 37216
176 284 26683
482 506 41012
30 322 40249
202 322 43932
161 525 34928
222 435 88278
90 558 29017
129 135 74733
276 384 58600
97 440 24413
301 335 37696
283 484 46098
382 438 10440
217 375 29155
113 428 31780
12 384 12042
236 535 18868
49 231 50596
80 520 47297
111 222 12166
158 458 17263
57 560 57009
174 480 39560
69 448 22023
225 337 63032
184 192 32000
91 565 40361
64 468 48021
66 474 51196
174 282 29614
213 300 43966
99 127 53339
302 526 49092
123 198 46098
107 153 65795
243 445 44011
169 245 30806
26 390 31113
344 382 50359
162 206 43046
39 496 27586
189 466 36674
120 221 135118
40 466 41231
34 538 48826
144 418 19416
306 485 27019
512 568 44011
253 563 35114
216 256 83570
528 568 35511
395 510 101533
261 420 38013
133 515 76236
134 386 51478
3 23 61911
189 203 50990
108 357 41593
208 465 16763
87 239 64885
451 549 56859
172 185 47760
112 252 21954
162 345 66068
173 326 32388
114 292 26077
358 471 78848
72 166 22204
1 509 24698
255 371 80802
339 381 39205
286 531 15524
257 290 32202
154 215 67469
84 154 20248
304 553 24698
415 480 41869
172 447 57489
99 443 68949
47 346 43566
298 407 52202
27 385 32140
65 107 64444
429 452 20000
198 528 52498
182 447 47202
390 446 60075
243 434 59933
294 356 68000
91 522 22627
412 565 29411
244 343 54424
478 527 51894
269 419 40000
1 459 48508
358 448 28792
92 292 97652
68 101 34000
376 436 37108
8 86 39013
91 188 26019
360 448 24352
24 29 16125
32 288 38079
112 557 39560
214 352 59008
80 342 19416
201 341 21024
11 246 50695
256 482 29682
6 505 56859
102 444 57428
31 169 52393
8 133 50090
157 220 88233
25 198 40311
385 464 41593
129 490 33061
240 356 29967
83 320 31623
65 258 46228
288 458 27313
171 265 43829
147 276 53009
55 566 49406
160 370 28844
159 443 65605
316 413 50488
173 475 56294
8 71 25495
214 428 88102
155 422 45618
206 291 13928
463 545 35847
55 407 54378
163 513 51088
143 164 79649
24 121 39357
273 498 96747
54 229 24698
56 322 64475
325 440 22847
71 86 50120
63 359 13416
37 102 31575
162 305 12042
132 344 14560
216 431 43012
122 358 32388
257 512 67179
89 118 38601
119 482 38949
456 544 15524
283 340 35805
76 96 31064
317 412 48836
95 473 49729
44 55 61294
42 306 63514
368 546 43382
396 409 34785
25 257 22091
100 508 36401
223 363 35355
133 334 60415
14 454 76694
33 559 65970
51 394 53600
87 159 26000
166 338 21000
468 507 32696
342 493 46098
135 266 72732
243 478 39446
193 197 64281
142 540 65947
37 472 26926
186 365 42450
133 252 43139
165 298 91967
144 178 32650
171 277 240010
212 444 65276
11 127 43600
119 392 30232
69 163 40804
414 430 52202
99 146 79076
57 498 101242
341 532 23259
70 155 29614
283 379 53907
437 534 44011
109 183 43186
6 538 63127
24 274 31780
116 474 55902
276 550 43278
298 523 103942
166 386 35440
137 313 34366
219 523 34886
47 564 25000
83 388 33956
128 146 44407
510 536 75432
89 110 25080
175 289 42579
229 285 39962
220 292 49010
2 362 25807
32 158 17720
150 366 15811
395 445 59093
302 432 44418
60 92 54562
49 303 44822
380 423 24839
33 454 34482
102 471 83762
317 405 64761
436 517 34713
57 273 44385
130 190 73110
28 328 28862
307 351 89939
181 405 27019
361 473 29732
143 373 32558
441 562 38079
25 512 55902
72 134 21932
58 90 26019
69 255 66219
62 125 60959
430 487 63820
170 300 53759
61 493 51865
103 201 51624
183 485 19698
312 509 19416
96 203 69771
342 465 35355
132 247 45967
33 299 66030
198 557 43909
387 490 18439
431 436 25239
294 411 44654
123 180 45255
29 130 57974
347 539 63977
151 309 11314
181 208 22361
171 801
416 754
437 569
183 551
114 405
923 522
750 504
744 406
416 827
214 372
254 762
439 454
885 371
172 412
570 654
157 738
183 693
210 126
515 213
930 250
535 477
614 948
490 601
704 831
754 224
532 212
577 348
700 922
720 833
488 816
866 807
498 56
176 473
832 486
567 810
164 291
52 299
862 237
113 475
571 143
824 304
280 616
836 849
607 397
607 161
71 501
311 570
964 351
473 673
456 644
41 584
851 536
377 685
46 693
661 368
478 893
560 669
321 439
223 148
979 552
854 612
477 476
655 961
555 853
305 244
516 928
597 36
323 297
224 201
243 722
739 381
674 722
266 905
348 885
896 651
724 68
305 905
185 455
679 573
833 563
785 707
797 406
484 756
141 376
97 370
783 405
273 865
644 633
351 972
322 413
685 602
943 511
517 871
203 621
84 373
693 66
919 685
679 896
326 770
413 46
307 327
58 268
905 624
427 944
250 887
758 261
353 287
405 735
405 576
341 949
726 126
741 335
441 99
849 477
866 345
528 958
441 275
382 949
90 637
242 85
686 796
175 145
784 304
28 541
517 522
33 408
280 797
367 814
337 550
735 777
884 215
819 767
699 384
690 707
410 566
426 558
214 337
416 320
832 691
703 910
938 312
479 378
282 93
552 126
617 416
403 788
356 424
353 200
227 570
763 849
540 582
217 723
380 227
134 357
272 716
57 707
790 355
515 61
297 875
268 426
596 518
74 460
248 168
320 163
645 240
677 744
210 633
542 454
845 855
287 483
990 579
496 156
439 213
354 48
595 561
838 223
185 681
567 97
307 387
816 272
758 592
547 72
362 580
878 699
541 140
721 897
678 555
711 603
627 166
791 824
512 223
878 667
104 785
813 691
245 874
609 570
98 721
774 259
421 505
191 884
949 651
409 843
661 128
178 661
670 651
52 423
466 81
778 582
247 364
497 834
408 378
111 236
208 535
449 171
148 291
162 661
788 514
621 571
618 186
862 406
361 21
714 128
583 912
925 306
606 57
835 281
875 622
388 821
69 702
571 396
425 689
914 304
741 511
452 306
938 684
536 572
867 677
400 199
246 806
859 203
690 208
730 857
481 269
331 670
820 873
207 781
852 735
539 405
165 812
689 681
375 624
730 354
898 303
275 478
183 253
132 583
732 222
341 215
229 311
721 774
966 563
555 517
294 195
788 615
951 599
387 497
652 37
740 446
749 636
442 627
640 818
523 532
517 658
711 862
922 394
387 467
968 340
236 381
465 957
810 216
631 129
383 42
928 423
844 249
48 668
159 562
824 506
507 19
602 603
746 251
65 428
863 455
33 388
800 130
630 429
884 239
653 277
582 307
174 539
250 522
509 577
545 383
438 701
838 626
82 469
333 581
959 690
721 699
548 574
962 480
388 684
199 820
248 332
173 695
754 86
684 356
712 556
381 971
312 667
494 786
562 410
452 834
394 727
587 192
884 656
407 208
478 418
707 950
558 346
392 190
281 743
668 690
841 716
724 439
474 563
458 926
669 55
677 765
177 846
957 444
948 630
829 582
350 619
805 763
8 457
304 527
601 505
217 580
326 946
780 689
899 757
508 170
643 412
426 592
829 817
832 190
364 728
180 177
661 973
230 179
49 345
431 733
588 947
720 868
762 886
776 840
756 126
864 317
313 700
252 450
248 301
88 431
304 69
544 633
791 543
136 671
608 983
257 313
893 382
582 42
216 850
811 713
968 430
440 442
580 380
711 754
349 505
476 723
800 341
510 190
481 299
115 620
347 178
73 541
386 309
407 945
665 924
265 654
735 873
680 187
79 704
494 550
248 539
735 322
775 571
293 322
632 322
932 321
418 912
605 634
763 105
721 604
677 306
325 961
424 86
274 270
803 789
548 107
717 660
932 546
139 395
252 675
566 23
476 332
383 594
979 498
246 350
410 92
182 351
276 943
121 648
507 360
676 169
427 243
721 216
100 662
656 864
821 710
285 849
905 665
636 804
737 885
349 835
105 301
440 285
570 187
509 100
207 187
221 119
91 689
702 481
202 351
893 740
143 483
194 666
243 611
765 134
518 44
124 789
230 878
968 441
684 927
487 963
587 339
794 587
611 133
801 315
596 828
557 374
459 347
104 198
45 325
71 325
566 917
494 225
779 527
429 814
501 235
42 488
392 59
272 377
116 608
322 513
958 388
354 598
451 549
239 891
74 487
631 466
335 517
322 655
477 933
871 563
532 417
173 561
94 455
590 661
505 754
257 533
534 846
850 423
710 278
510 390
386 416
891 569
117 567
626 815
391 17
180 824
356 406
545 843
779 174
299 171
141 546
705 460
633 201
66 655
482 89
254 646
787 574
21 615
669 586
634 217
266 338
630 510
518 342
523 282
790 209
482 521
216 457
144 566
969 620
767 876
657 820
526 556
309 347
521 577
860 526
574 447
429 421
623 327
701 554
650 591
247 626
469 994
845 278
368 912
669 34
734 528
420 495
67 744
700 676
829 649
623 704
432 609
255 105
752 297
293 414
240 489
581 722
672 969
673 813
910 336
336 570
712 632
621 339
822 838
820 190
