866 1795 24 90
17 430 63812
42 440 28231
101 358 29614
261 277 21000
194 806 19799
61 507 47707
215 633 36770
502 721 47424
532 820 16125
25 583 38275
264 764 45277
379 815 20518
43 442 22804
433 652 44721
246 760 54406
123 707 36139
416 424 33106
731 817 44922
449 821 50120
225 277 17088
383 686 33526
272 827 38079
463 774 26249
414 676 24331
295 622 14036
264 748 37216
76 188 31890
290 597 12728
543 818 32280
146 194 29833
282 538 33971
59 482 37054
472 556 60033
438 475 42638
374 618 20000
309 715 44944
51 280 13153
228 801 29000
275 498 31305
172 795 38601
98 417 17263
259 614 37202
350 861 17464
230 364 16763
247 325 34409
342 372 24759
346 424 31257
614 733 34986
428 649 24042
648 807 19105
145 499 35341
274 624 14866
417 863 48332
255 446 25000
24 213 26077
394 690 17464
622 851 30083
41 335 37656
89 639 38210
394 559 44598
176 710 37216
210 326 70725
467 798 50774
137 483 43012
346 851 18028
669 767 34540
715 814 41761
713 784 41761
356 759 45122
783 862 38013
55 172 46174
394 733 63789
106 778 28636
507 578 10050
500 528 35355
129 773 46861
595 645 30414
533 551 26420
211 519 17029
45 367 16279
95 464 34655
107 450 33838
244 853 41437
636 840 15033
520 809 32202
568 833 35384
333 596 40719
495 512 46141
137 675 40000
467 794 37202
347 350 29206
148 406 20616
124 765 37336
114 356 65299
306 658 32249
277 553 34482
276 461 37947
457 585 47170
71 507 33242
73 378 35128
241 332 34059
235 831 19235
334 806 51088
7 780 35903
88 223 36878
54 775 24042
815 841 18000
18 141 53235
581 703 32280
479 481 17029
70 555 49739
279 410 22472
89 234 23324
442 689 34482
117 495 25554
136 379 40000
583 824 35171
500 592 56400
702 857 29732
490 666 39459
216 271 30887
238 857 48010
305 848 55714
44 640 26306
231 587 33377
129 301 39962
75 493 25179
81 473 36620
337 655 37162
276 559 25612
626 772 20100
50 98 42048
316 634 41037
342 385 28425
34 348 38601
781 822 20616
493 558 36401
65 121 58549
13 590 16553
198 300 50160
67 350 12369
34 262 35693
369 443 31145
283 582 26627
94 360 26077
135 647 58138
132 769 50249
216 654 28425
387 525 12530
144 716 31241
209 371 26306
259 714 28160
379 841 14318
253 391 28636
434 692 35114
76 665 63781
15 439 34438
68 220 55758
190 610 30083
623 756 23707
252 512 38275
70 611 49649
376 389 32016
120 255 50448
153 427 15000
432 612 48270
126 350 61522
411 691 64777
433 438 60407
628 709 52240
5 502 34205
300 469 38328
383 665 46840
35 126 53814
166 670 41437
673 701 42190
341 812 43290
312 643 49518
421 481 21024
269 651 45277
677 847 46239
214 737 27459
274 772 20396
497 725 31906
108 581 18974
396 447 45177
154 692 25554
468 590 55946
165 781 18385
101 417 34482
60 863 38484
13 516 18028
286 347 34828
486 601 62682
234 798 38910
121 456 36069
133 206 36056
534 862 12649
615 864 20809
174 707 24331
402 637 31145
103 822 35777
25 165 39850
260 598 58138
163 761 17720
171 473 26476
50 107 23345
37 326 56824
586 850 35355
59 731 44553
206 633 25318
393 461 27659
443 484 39294
358 690 34132
273 324 55570
86 645 37000
635 690 11000
158 594 52953
157 265 39205
302 422 21024
511 557 25020
145 478 40311
131 243 21190
225 367 33302
471 666 34482
121 282 44045
499 610 38328
93 740 17464
175 258 33061
309 546 179769
360 496 74545
64 527 52802
414 838 40012
38 842 20000
25 633 44553
35 350 54120
556 568 33526
190 661 41869
159 300 66940
36 738 11705
580 804 22804
304 502 31064
69 769 47074
433 738 44407
47 396 34828
130 762 16125
138 668 25000
279 865 76158
153 510 41231
47 763 32527
191 537 17029
280 810 49649
420 534 20224
71 257 56400
62 780 38897
193 706 23770
655 708 38079
62 227 31064
6 449 15524
392 544 30364
236 250 51894
248 551 18439
234 843 29967
77 304 42379
342 473 27659
270 720 15297
259 460 12207
201 532 35355
426 539 17117
240 572 47434
240 660 42953
58 784 49204
285 459 15000
43 140 28302
128 392 35609
366 522 32696
481 825 41617
756 760 24352
326 388 31064
92 606 39812
56 503 14142
175 371 57315
217 586 63600
699 864 25000
609 856 44643
612 726 27514
116 595 21024
467 588 60208
692 824 23324
661 854 38079
449 751 42755
699 854 13038
95 241 51264
486 571 68007
14 84 43278
8 178 40361
236 306 29411
598 702 35440
268 542 18358
68 438 49336
29 538 40162
688 734 38328
221 237 25710
106 377 29017
103 431 53310
206 319 24739
262 465 11662
462 742 55543
587 638 33838
574 621 45011
491 833 20000
469 644 40224
97 321 41183
188 233 20616
318 858 22023
482 817 49396
162 605 67742
24 244 11705
678 850 13892
677 758 11045
50 450 37947
79 393 82462
503 594 40447
307 408 54083
25 206 35693
224 330 21932
415 502 32202
22 345 28636
23 476 48508
144 366 46573
154 824 42012
411 668 71281
437 554 22561
208 543 72691
225 720 30594
443 757 33121
757 800 35468
371 835 29833
26 123 22472
162 412 49649
178 451 16000
170 398 14866
400 601 32558
85 728 51923
281 688 31064
42 778 13892
117 247 57585
243 305 38471
158 761 21932
404 848 25495
277 720 32558
767 798 35228
414 607 18358
493 786 18868
563 836 24000
291 389 24352
393 714 55154
551 640 19105
20 311 18028
555 670 31765
314 519 33377
446 606 22091
25 319 33615
326 445 68154
81 375 65795
374 813 24352
594 804 48508
480 552 27785
16 242 45122
545 703 26420
123 680 47011
773 831 44553
13 155 17029
200 767 26401
91 136 11180
606 755 46819
256 385 13601
137 209 39000
708 857 42000
397 739 17000
54 509 21000
200 669 11402
221 821 40792
17 785 90477
170 550 40608
131 630 41400
20 766 24698
346 445 39825
115 135 29000
377 668 25318
475 544 43932
278 343 26077
3 779 13928
41 413 19235
504 818 21024
587 853 42802
639 736 25612
716 737 18788
228 281 47381
138 693 26173
412 605 31623
136 416 15000
92 655 20396
163 308 23259
338 813 11314
658 742 11180
18 448 15297
440 752 19105
574 593 40361
613 842 38053
390 558 33000
311 751 24207
227 269 55606
248 313 28601
638 853 37054
723 865 34409
32 143 20396
86 330 12000
398 794 44102
144 737 16279
188 748 14318
610 659 67179
157 697 52326
138 411 67424
432 643 41725
301 773 57140
148 698 30364
571 601 16971
370 758 18358
677 743 29411
155 317 15033
386 832 44272
21 160 14866
654 683 14142
130 526 20591
488 718 25710
40 648 53824
134 482 28792
60 559 66708
98 396 41437
4 747 19026
358 394 46325
382 715 42426
150 589 30017
91 118 28636
373 612 41231
249 668 33106
335 746 34713
145 186 17692
199 414 28284
33 591 36125
32 584 39051
662 777 13928
391 453 15811
220 782 48549
659 740 35228
95 353 30529
5 232 18358
146 260 25962
56 856 46141
54 719 28844
330 581 31064
292 686 36401
173 642 15133
531 800 30806
210 451 78918
649 683 23770
168 516 11705
218 476 23022
298 655 16401
216 673 56798
14 378 20518
201 405 14318
175 637 34015
429 505 33615
121 566 20616
116 618 11705
308 856 29614
7 269 58421
587 632 35128
31 95 22627
590 782 53000
237 263 30463
150 316 33838
326 344 82620
131 493 32894
668 691 30414
156 795 13928
611 649 42438
57 849 28460
599 616 32985
647 866 49649
585 725 44385
293 676 18601
98 450 59933
8 239 29000
548 728 78645
23 295 55714
156 628 27295
403 647 68411
56 609 35128
233 297 33136
99 812 21024
192 532 29069
156 540 37802
502 666 49041
176 247 40112
270 847 35847
406 513 25298
97 699 28636
732 850 19849
104 305 17493
545 745 40262
277 498 27857
680 818 56754
134 331 22000
72 136 32573
511 842 42544
65 282 39699
10 817 74027
363 710 44553
81 95 37855
26 706 43658
230 758 27074
729 831 18358
143 824 18682
446 755 28425
651 755 10198
250 742 21378
411 800 24207
201 216 10296
152 235 25060
610 664 30083
127 790 17117
117 252 41000
720 805 39825
242 351 45222
522 796 24187
558 712 34670
77 502 46141
299 704 29275
405 532 30083
655 688 28792
223 486 18682
397 814 47424
322 680 31016
254 492 11705
392 475 22804
284 550 14318
275 367 25942
287 419 21095
318 582 46325
273 660 45486
284 403 63789
262 620 24352
60 635 34015
141 232 34409
20 810 21932
142 314 32802
366 678 31890
295 858 60605
382 768 39319
629 811 24083
359 381 32311
307 631 63702
384 775 21471
168 287 15556
122 436 38419
235 722 22361
19 666 19313
704 842 29732
509 746 13928
32 603 35847
150 466 39825
398 698 40706
107 793 43463
408 631 17117
119 783 36000
419 682 37643
89 843 39623
721 839 36497
296 347 15297
49 688 43417
353 674 16553
163 503 15133
635 863 30265
524 620 15000
55 795 39217
114 275 23259
84 653 38588
815 851 51923
673 705 50220
341 601 52355
187 480 33121
143 584 44688
38 487 45880
28 688 14560
45 315 39598
436 549 33377
298 337 36878
256 809 33541
217 458 45177
344 445 40804
478 740 30414
306 566 38833
52 372 16763
96 187 36401
575 715 27295
410 865 75928
571 787 41400
178 650 12042
547 836 34132
102 720 46098
317 576 34886
389 791 18974
555 611 42438
454 569 75802
55 540 23087
510 539 33601
710 840 10198
206 430 31780
651 717 36401
736 789 38118
332 431 60017
324 354 20881
143 319 25080
400 515 12083
370 847 45000
11 207 47508
219 552 46957
412 485 26077
628 795 23770
247 570 13153
499 659 53759
449 489 21633
373 641 32650
36 149 23854
112 418 24187
436 849 38288
187 387 23022
19 410 67956
99 400 61555
49 377 11705
15 526 16125
700 854 49659
314 780 31623
185 661 14213
5 619 21190
171 342 23537
438 564 33242
213 695 26019
7 227 44102
525 629 39294
489 766 11180
477 688 44643
30 274 22023
682 790 21213
227 806 69836
372 709 47170
83 419 33941
173 459 28601
187 657 43909
608 659 42012
685 816 44181
40 213 26077
382 548 14866
60 394 35341
440 734 13000
55 787 24698
212 373 41869
264 534 45354
272 809 13038
252 495 29967
267 286 48083
598 718 30150
301 644 43290
142 519 33615
146 807 17029
184 844 30067
165 215 12042
68 797 22361
452 687 22472
463 782 67742
273 331 35341
56 308 34525
274 741 22023
323 696 25612
491 744 24166
355 751 44011
111 602 37054
175 483 45607
94 806 20518
458 659 33377
189 363 38000
105 518 25495
90 564 65924
409 516 21260
300 354 45541
317 782 26019
577 621 43417
685 765 55145
476 706 31113
134 535 30529
413 421 45695
122 369 12166
586 631 29155
158 485 39925
248 570 12530
306 742 37162
116 621 69871
160 483 43932
568 662 64413
665 686 26420
155 671 15297
629 834 35468
159 486 52802
355 821 39000
2 51 24597
251 617 18682
407 689 20616
198 399 55109
113 582 77987
313 596 18028
404 500 55036
411 531 24597
750 756 29732
210 357 24042
33 775 44553
594 696 14422
226 828 13601
781 802 29833
387 480 18028
161 643 17464
369 418 54037
317 590 34670
309 382 54589
403 406 37736
103 332 33526
63 198 38588
30 492 34713
676 838 43829
12 172 13153
427 510 29275
294 425 27019
393 679 119004
39 383 52631
818 830 37483
30 266 18868
331 581 35384
631 850 56036
92 708 37014
549 849 20396
276 733 30364
265 464 20881
84 704 41881
522 716 38471
160 598 11662
65 682 32558
74 547 11314
340 437 10198
235 773 36401
532 654 36715
297 420 16643
513 866 19105
286 441 18601
100 552 51614
236 744 30610
90 327 14318
101 763 27659
834 859 26627
42 752 29120
233 681 30463
560 767 13000
230 596 20881
423 661 23259
222 834 21378
747 830 29069
139 710 25554
558 786 27586
564 782 75717
214 727 31780
687 695 29000
42 402 142088
15 130 12166
153 435 13928
67 852 20125
194 334 40719
599 799 32062
111 709 27659
242 413 42048
263 501 10770
54 288 16125
303 525 22472
87 826 11045
352 483 25239
583 816 19235
99 341 51108
304 490 36125
166 776 55027
39 107 55660
517 640 23345
472 504 24021
12 515 41000
3 831 21378
190 530 43382
251 846 35114
461 646 49204
663 759 23431
609 783 47885
111 166 55758
801 852 52631
77 820 43267
39 204 32016
647 837 71512
179 796 21260
231 853 29833
185 323 13601
124 600 61522
413 825 75432
157 431 47434
260 718 47676
74 808 30806
347 852 30806
529 546 13416
219 441 23770
28 92 10817
93 478 23707
532 630 14866
360 806 43463
370 687 13601
10 482 32249
538 817 90211
344 388 105891
451 508 61717
246 656 18868
3 593 44283
332 353 39699
463 468 34176
2 278 29411
111 151 24698
265 674 22825
46 747 11180
258 402 29155
104 627 10198
19 839 45398
767 846 51856
157 316 53759
177 378 27803
637 845 23087
295 476 27295
293 634 11402
363 506 23345
289 448 55082
315 632 21932
596 743 42450
299 312 31145
452 474 30480
477 734 41400
240 791 11180
497 530 28653
15 527 36125
13 409 22204
531 693 101213
749 847 50210
18 61 48765
520 555 56859
307 509 57871
583 597 22204
616 856 17464
336 755 71568
419 855 30676
449 681 35468
437 713 31385
12 400 45044
149 738 16125
364 452 33061
204 863 35693
95 653 32573
54 384 29069
56 125 46487
169 470 62032
256 272 37216
449 735 40804
94 857 19925
743 749 54037
569 800 27166
301 588 25000
9 776 63071
195 550 38210
293 792 23087
218 706 21024
2 280 33941
237 844 13416
345 514 22204
249 693 15297
533 640 27514
638 819 32016
245 584 12207
164 287 27074
31 81 22472
546 728 41000
6 561 51078
627 786 27295
302 466 29120
370 677 17117
279 529 22204
576 812 44385
542 657 12649
177 704 59034
451 650 12042
70 753 44272
647 723 102142
563 808 21954
210 508 46141
592 711 37696
90 744 40311
100 861 31953
430 785 55946
352 517 15524
146 452 41629
139 840 19209
9 555 18601
90 774 46228
327 556 36056
241 353 32985
294 512 48270
329 357 54000
189 506 27803
556 777 62968
124 608 45277
718 724 48918
21 483 46615
577 773 26173
351 413 24515
182 229 36056
434 685 39699
34 667 36056
152 577 10770
139 575 42579
596 724 23770
191 813 29000
673 769 39560
27 122 34059
61 71 52811
107 264 50010
197 435 10050
17 103 26249
16 48 18358
118 424 41617
303 480 10630
96 97 52802
509 775 36235
460 714 20100
267 801 39115
183 324 22804
36 652 18028
716 796 39357
301 729 37108
57 826 21932
180 293 24187
46 652 17117
148 398 28862
139 425 34886
532 683 34234
644 729 15652
270 684 16643
43 170 31305
462 538 10050
37 679 22361
244 819 37643
78 278 30083
104 848 61205
394 635 24083
537 645 43566
669 846 53009
556 833 15232
580 605 17464
589 676 35014
441 717 19235
272 375 45044
391 418 51740
459 609 21587
370 695 25298
83 731 12530
282 742 53852
345 533 52326
340 554 25000
293 557 15811
113 348 33377
111 301 59211
444 731 10296
697 822 29155
116 374 19416
1 43 23409
554 763 45122
150 838 48021
12 361 20025
184 856 33106
378 473 37202
2 355 27785
349 552 36222
591 607 20025
119 534 41049
123 174 45277
226 312 21633
496 651 24187
228 377 23537
578 754 45453
148 846 53235
409 590 12207
203 494 36688
303 387 17205
259 393 43417
289 754 62008
306 380 27785
692 816 21471
198 469 19105
64 98 61847
151 588 31257
158 163 14318
188 362 14318
622 770 36235
176 506 46530
35 691 28601
117 345 42190
32 203 46487
253 849 31575
656 861 44721
173 832 24021
171 709 50931
250 658 11662
115 579 31064
647 860 48600
99 828 52154
169 607 34015
44 551 15000
537 771 35000
125 323 12207
36 747 20809
134 389 26907
641 719 18439
208 426 26306
162 623 30364
600 765 39459
122 339 26077
589 634 21401
249 778 30414
111 644 66030
418 656 25710
81 565 24187
275 356 54489
223 572 16125
687 758 20396
327 472 54332
65 456 47381
49 281 48021
315 785 25000
316 422 40311
594 657 54644
399 771 35171
535 703 37443
53 276 22804
337 492 37216
96 525 29833
588 776 22361
25 74 33615
155 202 25298
741 772 18248
38 613 26077
412 804 48094
467 560 50040
88 287 29732
593 813 30414
137 175 53009
614 713 57245
531 569 33601
67 347 23707
22 209 31828
452 807 49163
242 335 10198
341 829 52000
41 262 72622
511 613 15033
642 783 15811
534 783 36401
167 586 37000
8 283 22361
575 754 55606
33 307 62426
35 411 48765
429 625 39051
722 779 22204
189 749 26571
177 361 48166
84 177 31321
392 797 32985
582 784 35000
650 858 14213
142 231 26926
289 715 15620
182 382 21260
4 128 25942
109 558 18111
141 536 25080
109 627 35805
208 427 50606
294 397 42942
63 771 30150
396 541 43105
320 359 14213
184 501 41183
30 337 21954
215 802 24021
260 474 21954
101 340 23195
128 351 66310
83 127 38079
44 724 29614
429 728 53666
17 759 44294
232 368 11705
161 726 14866
23 573 48083
154 725 25080
147 678 25298
489 810 18439
604 681 38833
542 804 12042
196 393 31048
119 264 49659
77 105 31064
360 857 26249
486 572 27514
263 365 12166
434 816 26077
4 46 10817
142 859 41976
343 549 19416
152 722 22091
173 527 20248
703 745 16279
100 580 71386
167 600 52355
45 785 35228
567 825 19105
55 515 53759
739 835 171820
222 525 45177
252 514 15811
80 535 25298
639 649 27803
29 444 24352
501 862 19105
87 849 26173
523 822 39051
626 845 14213
99 643 46872
811 834 25020
669 789 13454
233 365 46141
300 602 38471
194 648 33242
471 865 72780
186 762 16155
24 819 43012
49 228 19925
29 817 61847
233 735 43186
337 734 23087
214 796 47011
7 62 35693
127 205 31401
544 694 21633
268 804 17263
322 825 24698
579 860 11662
14 177 37121
386 762 28636
357 460 36401
395 811 31780
463 590 67424
165 633 43417
50 863 15297
244 638 16125
481 567 36346
626 637 16643
323 594 30463
512 739 54745
207 792 56436
385 565 18682
66 730 41437
430 802 54406
341 400 68007
403 866 19723
75 827 24739
527 832 35847
488 517 24083
178 508 56294
589 838 26019
312 361 41037
307 335 63071
196 733 36125
513 846 29069
225 805 25495
140 170 40162
540 602 57940
159 787 62650
408 521 31257
67 801 52202
390 759 54148
128 413 75073
395 457 36069
268 657 29000
537 813 22204
180 401 36770
339 369 20100
219 269 55082
23 34 41304
570 596 36715
100 246 35000
44 517 23259
89 611 14142
230 743 38079
154 585 32450
337 440 17720
99 432 10770
103 802 11180
194 702 30463
119 793 41110
102 270 45177
255 441 26870
26 770 43046
75 520 36620
124 328 46098
57 756 34205
257 415 36715
86 537 39560
316 697 48703
108 273 23087
127 444 30150
22 675 48083
338 645 42107
456 468 17117
140 284 25000
15 64 54562
106 668 34655
528 684 18601
248 325 20396
304 820 38210
492 741 16401
310 405 49649
166 709 53085
12 828 47011
221 799 27203
212 612 53000
347 441 38639
176 749 55785
196 461 14318
240 389 26249
403 550 50160
125 696 25080
348 732 58600
266 752 11180
100 605 77026
286 852 21541
57 453 25080
40 687 37443
805 819 20025
234 611 15232
16 351 32450
24 695 24187
125 185 21024
689 823 33015
374 574 56859
490 532 23601
442 823 39560
39 292 29411
99 226 50289
91 416 10198
200 843 23707
171 628 33541
126 861 59093
74 290 31780
139 814 30364
121 742 18974
456 774 26306
529 788 15620
178 283 26476
307 521 41012
102 819 53085
1 794 26683
381 763 25632
396 763 50010
147 179 25632
1 689 26401
748 764 12042
436 454 39051
410 546 41231
48 351 29155
112 757 22804
549 826 45486
329 713 55902
257 619 36878
85 368 29275
365 735 19235
159 571 59237
216 310 55803
325 533 15811
487 726 22091
434 497 37216
82 670 31828
310 705 51478
133 584 33136
521 591 34059
137 352 49163
291 376 27459
158 503 20000
254 708 40853
65 590 37336
102 695 10440
693 778 41146
431 674 33106
51 355 35903
269 349 44418
279 788 19209
195 406 26077
66 386 51614
260 364 30364
407 577 26000
171 372 13000
167 408 25962
72 118 15811
7 222 48260
203 457 13454
59 134 12806
27 484 38184
32 494 58523
245 632 21840
149 433 43174
151 166 50249
406 550 46861
425 636 46174
645 745 36346
40 780 38897
25 547 32650
328 434 36056
568 777 67476
373 719 17029
141 505 19849
241 375 28284
80 703 29833
40 452 44283
183 660 12042
57 87 12042
176 636 31765
515 787 53141
52 82 23022
21 238 21401
238 626 34886
561 665 84095
61 141 58000
701 860 15000
215 781 22561
343 355 57070
648 780 43566
108 224 10770
352 488 12369
526 727 31321
10 462 169650
143 154 49980
115 705 15811
224 771 37108
257 562 35903
326 451 66708
401 613 27659
457 603 39812
459 832 18028
212 797 44598
168 682 24000
439 541 19416
424 851 28178
266 337 29428
48 797 31385
484 757 44777
595 618 20809
254 741 27019
340 763 41725
425 512 38210
7 314 24759
309 397 38275
776 798 91000
132 701 28636
217 659 26926
376 855 26683
153 568 132185
574 813 44000
193 707 21260
680 830 30463
124 458 16031
3 574 12806
124 167 69065
277 711 28302
92 281 32650
649 654 26249
273 791 18358
71 578 40224
85 839 17029
202 671 22136
21 175 56045
129 588 38626
265 431 19925
123 426 15000
268 552 48847
68 475 18439
149 818 21541
34 573 49092
6 604 44283
9 670 39000
31 653 16155
335 413 41761
73 628 11662
208 510 40200
156 709 52802
558 827 25239
60 383 72028
639 654 16125
243 786 28160
133 245 29069
78 436 33971
177 795 50695
105 415 11000
73 473 25495
180 792 29732
175 238 52010
359 554 51430
428 753 44407
325 551 19698
504 662 32280
437 614 48374
388 679 29428
100 296 25554
313 570 32757
447 541 24187
161 487 17692
627 712 59059
615 854 36688
270 553 29614
321 395 60299
230 452 31305
104 498 78918
238 637 40050
63 191 17029
227 334 32573
135 837 15033
110 808 17692
412 594 60877
520 753 32016
144 320 45880
229 548 15264
340 358 31064
431 697 23409
129 467 31257
391 750 18028
82 385 25962
567 707 20224
223 287 46690
330 645 38897
217 740 22804
66 423 26249
126 800 42802
762 832 30529
295 672 32202
174 825 26077
615 700 36770
449 766 18788
333 570 24207
84 157 38471
189 578 54562
581 745 34713
128 322 52839
523 697 40311
229 625 39812
348 524 43909
115 701 32249
211 213 46011
110 563 23770
698 767 33121
193 479 29017
23 667 18601
358 635 41012
179 678 17000
294 739 36235
112 126 17029
273 399 53038
201 310 52345
263 844 34000
562 619 16031
159 183 13892
142 603 46098
62 648 26401
69 251 18385
597 808 11180
288 641 19799
448 768 56921
115 837 33541
238 741 40522
77 305 29155
339 484 40522
205 790 36401
341 576 44407
330 771 22136
97 657 42202
348 631 71694
80 545 20881
494 585 15033
164 855 30480
89 649 33422
285 730 27731
328 685 38210
302 822 36620
139 294 33838
390 827 18439
528 847 16125
192 428 38000
769 789 29967
27 569 48549
553 684 28284
484 800 28231
512 835 117085
545 595 83815
266 274 39051
594 661 40608
97 864 19105
53 559 10198
425 840 43012
327 433 40311
93 499 23409
182 768 27313
57 750 15556
433 564 61221
640 675 17464
770 815 55082
647 846 58523
142 853 37216
122 454 25239
435 543 46669
262 667 39925
268 580 10296
271 639 36688
90 491 25080
605 804 26627
150 634 39051
383 646 85796
239 713 24187
373 384 31765
15 762 25612
458 608 38639
68 212 37855
60 204 23000
71 404 50289
110 470 16155
584 603 57271
199 792 17692
736 843 37014
147 217 58138
59 291 16763
243 630 51971
53 733 46755
476 622 33287
299 487 49396
528 749 42485
735 821 57974
342 565 27000
28 655 19105
72 153 162595
539 841 30887
170 284 39850
267 852 38471
181 826 56321
208 435 58052
386 730 56719
303 349 11180
272 390 37014
133 632 19647
96 321 62129
471 705 67119
530 700 50804
128 544 31016
145 727 28018
237 365 26000
544 652 31953
386 610 45277
336 606 43012
166 372 25554
280 311 20616
159 354 38013
380 774 39294
599 761 22561
396 439 51894
242 288 42544
292 764 37577
272 385 44385
218 421 46011
61 257 17720
420 501 23195
255 717 22000
576 782 17720
395 629 12083
112 656 29967
501 844 39294
84 464 41437
377 477 17804
270 528 29069
656 760 50478
120 446 39623
176 363 46325
487 643 10296
271 789 33242
579 647 45453
298 708 35228
406 846 41146
499 664 11662
322 830 24042
52 166 17263
167 631 28792
626 741 30480
242 746 27295
113 732 42048
328 765 61294
185 423 10050
392 694 11402
58 366 32062
455 623 37014
132 617 12806
524 631 84024
335 465 60729
174 680 15620
181 821 36056
205 538 27295
422 697 47170
261 711 15297
379 510 57306
330 745 40000
33 521 50249
241 663 12083
594 699 51430
803 819 20591
450 793 23707
190 700 23770
470 563 30364
207 384 23087
321 585 17493
179 522 13601
822 836 38601
397 715 58523
211 244 41012
307 465 49820
415 562 29411
314 834 38275
40 211 32388
527 642 22472
47 144 11314
79 357 24597
325 570 26926
162 485 30017
297 362 17029
257 518 19209
346 672 25495
557 634 13416
329 508 50567
8 508 33287
120 286 55973
34 113 60828
492 624 10050
58 113 24413
368 721 21840
493 753 24698
25 290 26077
466 836 27659
418 760 48094
496 806 75166
226 643 58310
327 564 68066
145 664 36069
553 592 49163
169 466 60902
72 510 122332
779 831 23345
560 798 29833
201 654 31906
258 835 74148
320 366 42450
258 371 44407
573 858 36401
22 514 46530
105 257 32757
466 838 58241
37 79 35693
455 799 24839
465 524 14142
22 137 40497
127 419 43932
300 540 38275
348 620 31828
404 518 18028
456 566 20881
5 721 26019
750 760 30150
577 823 37000
239 508 38639
577 722 28636
308 761 15524
505 625 38949
274 845 35355
390 663 41437
538 742 57775
218 479 20025
294 814 29206
314 859 40817
422 523 12649
144 396 35511
665 810 170423
338 618 25000
128 694 25495
219 349 40853
114 785 24166
104 261 77026
393 646 75180
297 365 44147
192 683 18788
158 412 36688
407 794 37443
285 832 31048
463 564 32249
181 455 48508
617 860 28792
233 362 27203
197 662 64257
180 557 18028
172 361 25060
767 843 38328
110 597 18111
92 336 45222
220 438 83385
223 240 48765
184 616 26173
117 176 60407
723 788 75452
164 376 14318
380 744 38079
617 701 18111
113 318 78588
505 728 61400
45 803 22561
148 767 49244
78 549 31623
587 803 27785
197 568 117209
430 633 12530
247 333 14318
76 604 44294
470 685 22361
61 536 45310
71 189 27514
128 747 25000
561 810 86371
213 244 34482
168 202 27459
104 592 73007
88 829 15133
477 778 41000
598 857 34928
624 741 12000
200 789 21840
11 775 42059
47 381 14036
187 525 31385
69 669 36125
38 401 20616
5 536 21024
70 649 36797
20 751 25080
130 186 24352
77 848 44204
296 552 47424
148 195 14866
11 199 12042
214 447 23345
109 712 31016
157 511 63655
451 672 57315
671 829 30806
146 474 18974
269 525 46530
253 453 20248
57 506
962 362
109 603
470 868
241 227
966 474
589 271
753 775
202 474
102 802
508 650
318 619
290 798
331 533
787 551
490 757
421 441
305 178
185 267
979 419
583 104
477 37
638 789
477 271
513 449
594 900
907 225
687 134
220 863
678 67
338 513
557 390
520 656
643 748
792 181
477 886
803 855
425 628
928 617
517 251
551 786
732 70
35 514
494 125
448 321
479 874
758 656
481 773
744 136
859 617
973 384
244 510
902 711
495 710
272 620
792 435
883 321
707 692
171 804
897 648
292 225
582 236
143 668
836 575
284 848
711 481
755 226
430 789
100 368
238 416
342 208
690 957
282 551
496 478
290 406
940 557
273 300
960 306
838 848
111 788
317 505
263 497
209 824
364 561
192 211
133 707
891 330
271 767
187 410
373 913
657 936
678 140
699 560
593 158
354 497
646 338
678 380
821 635
365 706
763 275
808 685
455 253
438 461
303 334
290 274
756 103
875 600
153 744
326 373
538 498
197 560
827 238
687 706
430 346
94 293
67 681
427 79
685 942
831 529
699 172
292 906
905 259
582 919
605 553
748 450
828 221
242 843
482 845
117 521
775 549
262 370
96 353
486 384
161 796
65 293
659 947
515 51
800 113
362 95
11 499
252 183
552 315
553 410
750 648
739 553
536 194
657 631
66 447
464 906
487 553
184 539
72 573
531 991
600 427
301 785
272 588
402 555
802 405
229 696
573 115
421 684
832 342
805 419
224 787
475 461
227 513
608 622
262 800
542 575
49 486
261 531
316 606
807 508
549 888
568 50
407 136
334 570
726 805
681 622
467 615
908 395
265 120
222 708
862 444
727 451
752 541
681 348
919 533
368 199
691 472
130 657
236 358
587 868
565 187
55 457
894 766
516 977
163 635
507 638
127 406
188 337
277 777
601 375
897 625
237 874
506 414
467 674
565 935
500 15
804 833
522 283
422 752
491 249
742 605
467 452
183 346
661 573
608 838
700 263
383 759
898 423
629 298
243 743
149 734
407 302
350 658
613 234
750 155
229 122
484 183
527 325
232 211
927 514
175 430
94 585
329 967
904 448
600 91
774 755
196 756
372 449
534 747
282 363
481 282
512 371
798 275
447 133
471 125
766 98
282 945
83 361
418 39
904 281
656 101
687 221
280 479
297 242
570 17
859 790
529 169
370 296
608 741
892 476
876 550
398 516
694 57
731 179
740 350
647 278
410 257
156 361
299 447
176 742
656 66
409 336
896 733
391 296
971 334
129 198
986 386
703 161
258 878
731 779
11 474
775 479
717 225
251 789
497 726
305 108
527 471
187 799
937 589
488 603
351 63
658 841
741 262
894 517
661 110
391 625
213 631
138 555
484 514
690 311
233 286
288 325
320 939
571 692
826 429
277 56
150 301
973 402
368 646
488 148
572 289
476 349
455 564
316 784
707 782
530 420
734 691
642 400
528 871
738 443
204 694
467 105
753 882
387 916
602 507
827 772
133 719
161 774
406 451
441 146
582 224
544 749
635 154
689 86
93 665
891 237
811 708
321 732
266 508
949 320
702 947
449 43
665 877
744 247
654 711
685 301
767 229
508 784
519 100
380 481
198 674
938 376
372 376
827 826
837 691
745 700
619 156
338 618
905 530
368 161
500 178
904 474
705 660
432 324
221 207
893 257
473 226
526 11
249 526
454 725
78 665
344 445
210 784
755 132
317 548
619 947
334 915
757 670
251 104
969 650
469 697
288 490
741 523
680 325
784 880
179 776
328 424
878 293
460 817
902 796
882 680
636 340
780 629
313 43
59 475
174 689
320 664
441 641
599 20
21 411
327 256
194 324
53 431
62 543
601 647
287 820
148 210
839 168
791 370
532 789
527 618
279 274
647 938
818 652
839 259
233 800
885 503
574 807
483 535
728 461
661 908
378 64
591 931
540 979
236 396
226 137
475 407
417 510
375 710
422 896
590 473
526 978
935 283
813 718
415 836
802 582
706 81
706 240
13 520
870 236
212 840
690 908
672 201
759 589
308 163
962 459
847 581
726 821
498 211
893 298
926 245
860 388
318 881
610 365
621 552
784 491
849 797
908 769
232 911
352 852
378 522
602 731
512 522
113 490
320 864
176 621
544 513
170 284
441 922
287 526
518 188
442 803
631 837
744 118
710 581
588 839
697 319
575 828
134 806
540 86
880 198
817 368
261 738
409 671
531 97
980 447
209 313
375 938
652 90
293 381
612 410
405 66
628 230
627 477
381 322
707 538
377 233
882 480
250 260
790 421
465 923
239 168
385 177
318 185
781 793
516 710
569 975
448 599
382 26
45 407
431 30
309 659
273 804
515 115
309 257
539 284
260 427
570 651
692 630
479 523
616 733
669 319
785 567
814 527
412 228
126 176
652 491
861 157
223 332
472 90
865 506
135 780
250 208
119 670
233 901
589 948
249 618
783 586
731 366
493 945
451 846
91 782
138 170
488 470
237 109
930 316
17 461
485 113
721 305
381 263
791 723
213 459
389 952
473 598
328 391
912 713
111 440
986 521
262 250
515 504
384 848
293 508
312 901
570 864
399 984
881 184
460 131
284 674
235 729
684 775
101 613
320 102
347 768
62 569
319 175
68 310
749 345
135 750
746 757
549 462
519 381
627 409
643 634
494 330
153 535
502 579
297 813
544 629
332 267
128 643
750 415
66 702
478 163
536 480
567 125
844 409
562 597
296 686
195 597
571 357
961 518
765 352
670 179
543 609
628 514
789 470
702 500
189 424
422 699
447 614
837 760
668 416
836 441
88 343
78 685
261 234
631 733
56 612
659 855
861 351
651 80
265 139
616 60
305 344
276 561
631 329
237 337
618 649
491 365
481 418
485 592
866 662
392 108
602 51
483 298
191 372
498 99
483 740
822 506
404 680
143 598
96 707
938 730
39 345
561 220
213 389
717 813
652 233
462 876
344 528
205 364
674 120
814 265
719 370
288 935
654 547
214 717
718 440
456 954
367 438
713 528
982 605
203 274
623 778
780 128
124 395
241 474
298 770
684 860
132 321
387 496
491 83
503 614
471 209
681 639
813 875
539 900
939 486
262 824
219 366
401 243
564 503
959 618
486 230
701 130
46 530
866 673
775 158
578 440
781 95
463 828
465 250
758 427
439 518
95 456
704 392
682 450
90 325
577 159
104 759
387 596
103 280
609 859
573 884
641 139
224 566
375 117
367 281
357 372
786 734
851 817
293 98
730 624
687 243
537 122
471 726
413 272
215 228
74 595
71 248
500 154
610 450
431 673
755 576
178 161
129 591
750 467
203 835
689 664
867 742
711 93
923 471
171 388
747 632
466 890
328 35
683 567
639 80
286 924
447 192
353 948
101 743
521 723
489 869
913 546
393 190
872 310
954 417
704 62
280 402
354 146
654 223
850 330
841 220
482 210
382 420
842 307
822 414
767 535
781 679
921 555
568 558
970 442
111 427
290 109
146 358
631 878
140 698
636 62
81 551
344 877
488 687
175 531
451 941
744 77
96 598
554 263
462 474
342 785
831 493
746 722
452 356
309 371
259 641
114 186
133 385
259 845
185 758
495 625
858 560
83 512
285 583
695 606
452 785
140 447
876 407
854 187
770 176
443 451
470 316
743 367
432 307
579 173
547 207
526 485
286 446
994 435
607 327
364 727
101 657
333 86
634 933
568 459
160 848
484 914
452 306
237 324
938 415
454 493
27 557
558 428
551 862
892 341
314 412
337 662
273 752
511 888
113 582
783 509
375 958
608 302
497 4
491 504
64 278
528 578
179 222
377 107
616 933
409 616
148 417
892 442
625 49
71 394
428 226
308 273
910 312
674 651
648 883
737 217
520 296
703 405
204 810
832 458
599 139
706 804
593 324
78 316
774 245
869 494
862 632
680 399
99 268
31 394
