801 2367 19 133
211 497 37443
179 749 32202
380 749 11705
544 769 14866
70 505 16279
680 682 37802
175 742 28071
337 636 21471
167 340 24166
76 217 41146
394 797 49041
257 499 27803
259 272 42379
90 486 19026
1 791 23022
409 451 36069
31 659 10770
228 752 40497
181 414 73573
119 759 50249
506 767 85147
436 723 27514
715 719 99464
398 461 51078
476 614 36139
300 301 39013
258 423 15264
196 681 63640
307 497 19799
9 159 87920
262 638 49366
164 597 40200
382 549 45618
519 661 57035
169 216 18111
286 404 29155
85 682 71344
291 651 19698
24 791 36497
302 723 44272
175 430 34059
80 193 29732
176 449 22023
71 323 25239
21 780 49649
243 606 70831
616 723 34000
53 532 59414
283 416 39661
15 156 11045
79 232 67543
497 498 41437
202 356 42579
365 379 11662
124 458 16279
294 652 23087
93 685 27659
64 267 28178
146 621 33615
97 192 20248
628 659 32894
267 346 72180
58 74 30594
143 358 20616
226 400 23770
466 549 26173
210 714 12042
195 367 17029
636 685 44407
124 506 60926
123 692 79246
334 718 26926
493 793 24597
120 285 24166
312 345 41761
19 477 67602
118 565 26401
412 585 44654
447 453 17088
280 573 37336
178 656 30083
32 616 22361
154 424 94366
86 253 16643
348 783 15000
58 256 35440
478 525 11705
226 230 36359
438 481 73553
201 325 19723
242 316 39962
95 742 55009
94 701 50922
335 764 12000
319 704 23431
88 331 35847
351 600 31828
337 685 29682
263 587 44598
63 607 10440
15 202 17493
502 670 48836
154 538 92087
144 801 26476
160 289 13454
287 448 14213
397 747 29428
27 459 19698
7 736 30806
243 382 51039
50 697 13038
54 790 69318
231 305 29967
86 153 38601
548 700 55154
471 655 21378
7 448 33838
313 574 71470
558 559 20000
324 413 39598
116 220 38949
554 620 43267
9 563 87966
315 791 43290
234 771 40804
529 598 24083
26 798 65391
669 796 41761
178 539 44598
465 758 21378
311 572 21932
423 554 27459
182 650 34785
485 488 54203
22 159 15033
24 425 16155
742 797 50220
127 760 12369
301 669 14036
588 627 27313
254 460 24352
85 510 14318
210 473 21541
51 375 27893
681 696 65123
123 487 28636
151 605 29732
145 282 47854
636 643 42544
118 135 19723
242 304 44045
66 763 32140
614 681 26833
23 35 15556
126 441 28792
333 647 38275
71 396 41437
53 383 62241
204 529 38013
623 705 28284
282 428 26571
478 520 24759
321 413 21587
125 248 21024
293 652 62241
2 151 37162
561 701 23087
322 590 49396
1 528 35903
451 596 26401
164 187 20518
110 427 10440
40 161 57009
321 518 22091
123 357 53907
441 457 53852
109 474 26926
173 732 54332
222 391 59237
230 232 29547
343 398 62008
374 755 42048
340 489 10440
155 685 32650
278 657 14213
125 298 11662
151 621 27785
257 721 34000
200 597 25807
307 332 30364
426 630 37121
238 581 44643
241 287 25495
111 791 26249
297 776 71568
552 593 30083
452 632 29275
101 523 25554
102 317 33287
100 235 64281
351 362 26926
413 631 28636
78 282 52393
128 582 26683
763 782 16643
170 614 44944
135 738 21190
167 489 17692
394 542 21401
556 601 33601
432 771 59000
1 350 43738
255 269 60000
79 548 26683
34 607 20809
306 521 21401
476 666 47508
286 444 43012
99 491 37108
111 703 94541
245 793 21024
126 768 36125
438 478 70064
142 392 54745
392 689 18439
367 772 39051
44 292 29155
9 753 13038
411 636 62610
190 705 18788
244 250 46011
223 435 33541
509 687 39319
305 509 64498
41 325 121000
144 737 35228
133 779 14765
338 689 32757
17 320 24207
496 719 61522
635 716 21633
272 728 27459
619 786 46174
163 646 32388
361 603 10296
347 477 53151
424 538 39812
442 533 35805
681 748 68731
200 491 22825
145 226 20616
8 303 49980
10 543 17088
317 782 32280
227 405 32757
286 682 71840
256 743 38910
329 334 48508
523 779 41000
432 748 52802
139 513 38210
471 709 30529
44 537 17889
2 373 34015
365 459 41485
596 753 71253
615 713 35355
161 564 26401
274 733 35693
217 290 45486
347 522 64125
530 659 41049
330 555 10440
286 309 15811
78 145 33956
107 289 23345
207 369 52154
583 624 20881
55 436 13892
104 450 17720
381 404 53151
449 768 51856
322 544 29069
232 508 25612
176 380 54120
62 461 32894
191 386 38013
197 279 10198
51 680 42638
115 758 37202
97 100 29017
288 750 17029
97 218 31064
198 509 44045
670 728 24207
361 460 29017
54 296 42107
183 495 51478
225 569 60415
501 550 110023
585 733 101237
118 431 22091
523 708 35468
259 434 45804
48 373 26926
336 611 32757
113 278 45891
306 467 37216
290 673 30594
221 438 60017
44 93 11180
92 652 57454
49 90 77414
11 590 23770
280 353 43046
261 502 33015
26 761 65803
44 337 45880
36 329 20881
184 605 42638
172 293 46690
433 574 24166
184 595 45100
652 756 46271
327 372 31401
541 610 18111
586 643 25000
350 653 42638
481 640 38897
241 553 23707
599 777 27785
404 680 19026
393 453 106621
205 801 34482
517 562 11045
118 759 19235
442 505 43186
47 149 11180
252 455 27514
383 703 202714
62 568 14213
304 355 22091
84 319 37216
204 709 55145
63 139 16155
102 369 57009
243 334 50961
235 579 56436
140 692 19849
403 665 64777
77 280 42438
246 782 11180
168 213 46271
83 567 58549
200 535 25000
389 522 48010
230 475 52154
144 359 22561
127 427 20881
445 454 27731
311 366 28018
676 762 32558
3 698 40792
23 418 40311
108 559 21095
293 470 43267
189 545 28018
337 417 39408
29 248 57428
386 444 53000
173 711 28443
276 443 27785
453 584 23409
456 745 71610
24 111 53824
332 637 38328
308 392 23022
303 667 39395
260 569 26833
63 146 25495
318 532 70725
12 464 30067
34 151 41785
225 260 59816
643 674 31321
71 461 50961
149 345 23087
452 792 22023
136 177 29069
82 564 33015
91 534 55009
56 420 35609
194 258 27893
280 785 52773
213 264 33106
496 700 67882
345 378 41000
407 557 26173
734 796 19925
638 664 42202
655 709 13000
480 716 37577
124 753 28844
577 790 58215
518 792 46819
473 696 38471
438 769 55570
297 331 13153
520 552 28320
442 507 69311
144 205 12649
106 289 13000
222 763 38601
67 91 25239
93 629 34132
684 695 35609
251 775 35511
214 735 21260
777 782 28636
362 623 38118
16 255 33971
586 674 32650
180 340 24187
43 454 35355
348 447 29155
384 526 35468
324 518 51010
247 298 12806
682 785 88549
572 610 42720
433 795 66098
312 507 47927
238 418 22204
138 577 74411
255 596 27803
189 335 36715
4 547 20125
447 783 27295
36 416 43382
189 356 29967
381 479 42048
157 174 19105
218 351 48549
55 758 46872
121 399 32757
440 770 32894
146 281 27459
47 414 52000
419 427 39051
51 381 46957
576 645 47508
668 788 26173
741 758 68600
354 727 53600
162 413 32140
41 238 180867
220 270 22472
269 483 66219
173 291 40311
326 562 63246
44 685 34670
274 585 66731
354 495 55785
144 752 35355
356 545 12042
125 247 18439
76 572 48260
42 136 15232
171 216 19416
670 778 49092
189 512 35355
493 635 37443
25 131 42450
173 512 51478
56 194 33601
424 725 68007
290 394 12166
688 772 37736
461 588 26000
170 473 55471
464 684 45343
227 365 33015
341 528 36401
450 757 12806
185 501 53000
46 87 30150
189 683 43966
171 539 31000
9 757 81933
657 661 50990
22 28 26173
736 790 36069
663 741 70178
49 322 57009
262 342 38601
267 414 25080
221 271 18439
294 296 58600
70 296 40311
64 346 70228
167 399 35228
141 532 18028
231 687 34525
541 634 16279
9 124 36139
41 560 33242
70 490 39294
111 341 66189
105 304 29732
325 359 24698
716 729 34366
19 336 27459
466 760 25080
141 474 59682
57 286 62801
519 657 26401
140 647 20396
641 797 25080
30 476 20881
465 767 16279
569 600 12530
518 632 17205
98 257 40025
425 791 24187
152 786 61000
264 672 34015
415 754 25942
359 695 61351
16 725 31385
193 602 34176
175 261 23707
577 660 19723
422 557 24042
448 654 25495
253 457 15652
342 582 28160
617 643 46840
171 755 21260
696 748 14318
430 665 22472
60 524 24739
227 399 23000
722 747 14765
491 495 13601
128 606 32573
557 681 51225
256 521 44283
327 429 42202
281 351 16763
473 670 44777
49 438 71470
223 389 58694
196 557 43841
262 664 17889
188 648 24352
38 770 12042
630 660 10817
211 770 15620
98 464 55145
159 563 38626
247 597 11402
664 754 29069
71 601 37736
625 793 14422
385 786 15811
79 700 45277
203 710 22361
35 567 15652
56 191 44045
294 691 47539
271 724 27803
527 639 37121
112 433 37643
591 773 20881
261 434 32450
488 761 22361
538 540 27313
107 160 27203
334 416 74706
495 535 23770
199 457 14318
401 424 55902
410 590 43658
174 553 31953
498 664 40853
39 155 35228
221 561 44181
18 292 40447
143 750 33956
305 354 24759
91 538 48374
503 789 26420
473 714 10630
456 559 42426
217 542 56648
115 268 22023
257 541 39812
89 444 44283
539 552 13000
72 671 37014
237 774 54818
583 619 40447
284 616 17000
148 230 18111
334 789 41869
51 479 19000
491 535 18439
450 563 33000
84 768 30232
182 228 21633
67 96 45177
114 316 78262
76 311 41183
716 730 37000
488 591 40200
407 511 25495
334 619 18000
720 764 31401
60 679 87006
36 334 60374
603 636 56569
531 690 45706
172 470 10770
153 183 31906
732 786 13892
586 617 37537
84 704 50160
142 689 45177
420 639 41761
121 167 49477
467 672 26833
15 720 18028
133 745 61033
120 656 15033
142 338 62434
360 577 33541
357 487 43012
681 771 66068
146 362 17720
280 715 44407
208 745 49244
190 649 13038
417 603 59414
57 785 29732
65 110 21471
377 415 49739
538 558 22000
64 370 89140
56 386 45000
475 623 23431
108 138 38000
262 754 25239
431 440 19925
6 419 25495
169 552 33121
296 408 36892
73 415 19105
247 248 24698
102 782 52555
505 613 36235
39 632 35609
37 788 11180
99 495 38833
572 634 43909
153 244 11180
191 381 32140
46 105 32650
396 627 40000
182 454 36497
501 612 85000
527 611 47170
87 299 29614
121 227 17720
85 719 60902
116 179 33526
349 450 19235
24 528 25239
443 587 24413
269 787 56356
224 530 33615
2 605 45880
255 483 41773
495 727 55902
197 369 55471
88 151 41773
348 389 56798
15 266 27893
130 646 42190
89 404 20125
139 649 48010
649 705 16763
86 433 51039
169 525 30676
41 217 61270
21 90 29682
399 646 30067
65 427 25612
464 777 60108
512 704 20616
251 656 35057
344 576 25080
443 593 50249
506 710 45793
490 505 35511
312 533 58249
485 696 17493
594 648 62936
585 801 56859
20 729 34132
29 291 56886
61 269 35847
276 504 28653
356 503 25020
9 506 65924
285 370 18358
87 795 23770
281 362 18111
378 533 51478
658 738 65368
14 179 18385
475 705 25554
264 708 25632
368 708 42720
104 349 14422
146 607 19105
326 741 57628
201 205 17889
271 481 93509
343 734 33377
64 775 141947
60 780 50249
482 540 21024
80 493 18868
141 315 34366
204 471 44777
386 611 26571
663 758 12530
464 698 48332
307 515 32757
181 263 19416
474 776 27295
285 352 26000
20 480 19698
4 407 15524
610 634 20518
236 462 30232
191 444 49518
164 200 21954
448 736 36688
103 505 26926
735 741 44147
199 253 23707
356 720 43681
603 674 20616
72 390 12042
54 505 44147
29 215 32202
209 463 27313
246 744 31064
157 241 28284
56 406 36249
11 645 30083
684 737 35468
163 310 25632
265 592 21378
82 270 40050
371 796 17804
330 630 34482
4 511 13454
98 777 39850
194 381 21213
72 679 29682
428 548 24207
104 735 36797
69 769 15652
326 469 65795
258 800 22136
330 456 21471
326 617 52086
168 264 47424
99 648 27203
203 720 30414
182 279 17692
180 399 37121
78 166 53038
109 594 35228
500 666 30364
68 775 16125
165 469 46957
219 620 26000
434 502 45706
679 751 160910
625 635 17692
156 799 38328
71 556 13892
46 112 46174
473 726 28792
24 341 15033
140 236 35468
305 364 38639
23 797 52469
52 373 19235
460 603 26000
109 776 36056
62 323 17263
545 720 41000
13 451 13601
92 371 12806
119 616 29155
307 498 33601
56 800 33541
156 203 30364
2 50 34059
108 577 52202
122 588 37336
300 398 48052
271 787 67357
42 177 33601
746 747 14318
484 612 47127
193 716 50695
99 164 35609
176 704 54571
444 477 38910
168 467 35384
360 559 33541
197 454 15264
81 235 69771
249 718 16125
474 687 30000
228 279 31000
186 483 20809
72 163 13342
125 768 17088
12 695 22361
494 595 39408
36 781 15556
217 673 20616
45 615 20000
3 650 28443
237 690 16279
235 260 22804
50 218 20025
422 511 14036
507 618 71868
6 582 37947
147 779 16401
170 778 42379
101 159 40522
145 148 22023
156 266 28284
667 668 21541
642 683 14318
358 378 45541
158 743 41195
411 685 52498
452 685 47011
82 116 46043
482 745 26077
457 628 38288
49 478 80802
134 640 42953
669 756 23431
350 776 23770
86 199 27731
94 724 28862
442 613 30887
341 703 28862
75 477 24042
484 602 63198
66 98 20396
277 712 61033
139 514 61000
345 414 59464
312 378 12042
192 218 43417
485 748 13000
511 557 30414
240 518 56727
52 328 17804
483 596 31401
524 679 65069
468 693 19026
228 320 14142
517 773 50329
338 700 47434
148 226 33015
459 765 30480
372 433 35228
447 584 29120
394 434 55462
522 739 46011
363 432 50289
327 379 58694
244 457 30414
252 453 89022
101 563 53235
64 507 163518
121 365 33287
178 443 43012
39 321 34928
306 713 29411
556 568 46065
208 702 27586
188 762 16031
215 762 31064
155 632 19313
181 267 74525
470 602 56939
366 610 41773
201 801 39661
131 500 34234
650 698 50210
291 678 51078
311 394 41012
37 668 17889
154 462 23022
54 70 47707
103 618 12369
52 192 47676
360 660 40050
457 659 18974
195 197 63008
432 488 19723
29 319 68680
51 579 59076
98 604 57271
391 798 45277
297 513 26000
182 320 20100
635 793 20025
25 739 38079
520 525 22136
121 590 32016
469 741 64761
8 695 12806
395 588 44777
34 621 26571
265 495 42379
405 646 14142
456 540 61205
396 601 43417
69 410 31953
608 791 10817
36 202 14318
207 292 39598
106 539 50804
133 147 30480
78 232 15000
46 529 16000
106 107 22361
274 688 47508
274 661 34482
506 799 68964
130 180 18385
398 615 32650
536 678 41677
170 696 46487
416 644 49041
371 470 36401
210 391 46043
748 771 36235
415 664 11662
566 784 10630
440 759 13153
5 773 38639
639 712 28443
226 546 41195
394 402 45695
284 570 10817
594 774 64514
35 418 42953
67 378 50329
242 709 119038
484 740 40311
97 600 54378
235 308 58830
446 735 26683
47 267 75664
490 507 100449
492 584 24083
159 409 31765
369 417 69814
10 129 14142
40 69 37537
76 303 30232
599 650 19799
560 788 33242
354 364 22361
410 769 24083
161 640 38484
448 675 14213
397 704 28425
455 609 24042
210 728 35735
382 582 46098
381 423 35341
282 400 54203
384 387 12083
76 668 13342
77 388 27659
303 572 46487
132 421 28320
501 652 43909
243 582 39115
59 266 45000
147 745 74525
190 694 43417
436 626 30083
342 638 45222
54 577 63071
329 789 44294
402 797 13601
714 726 26907
716 733 68015
383 471 39825
494 580 19647
87 112 54818
129 750 11662
231 265 20125
51 219 24698
61 724 29000
344 564 35114
276 593 49729
67 750 33302
137 239 12369
204 304 20616
60 751 74686
147 555 44407
466 624 25962
692 724 38484
31 313 43046
186 255 24331
245 729 32000
417 460 55660
2 52 28443
480 733 36688
395 629 23770
303 668 28284
249 732 18385
210 798 47011
473 485 33015
209 494 24698
653 776 42297
283 302 45891
118 440 23345
565 773 33242
176 746 35114
302 781 44777
594 687 18601
165 741 41677
240 617 52887
293 371 14866
11 468 20616
555 745 73007
516 652 44294
581 797 47011
94 271 24739
483 787 27514
211 570 13416
335 683 51000
398 437 18601
4 739 63789
256 437 27857
25 677 77827
183 244 25710
104 563 41629
57 77 27459
437 713 24698
6 342 21932
87 433 54037
58 157 25495
751 755 40200
316 429 59414
206 694 38910
429 459 43186
88 605 21000
102 417 28000
262 554 26476
606 644 21213
38 332 18358
261 402 30017
130 679 26571
260 338 66708
47 507 72560
475 508 64382
57 571 29155
676 678 33121
82 161 19209
29 597 45277
164 491 32016
358 750 30463
295 316 67000
517 738 17804
275 559 29732
512 683 20809
108 360 38079
152 583 47508
116 380 28460
211 332 16125
432 485 47634
80 716 46325
139 273 20100
330 426 20616
58 368 19416
245 625 11402
89 309 11705
129 288 14213
560 667 27203
209 784 12728
366 434 27659
738 759 45651
55 626 36222
391 728 49649
348 584 38910
411 452 15297
575 663 15556
238 542 63246
335 710 25000
59 302 48918
49 169 76059
237 331 25710
162 713 38328
254 782 41195
414 717 67720
625 729 26571
207 278 50160
502 778 12042
346 370 41304
84 449 52202
167 322 38328
708 779 32450
690 774 49396
419 620 39319
172 484 45343
299 529 26000
263 462 46530
120 352 20100
7 301 36222
160 775 15133
614 666 27295
295 671 35228
536 566 36125
113 396 46043
441 576 13892
463 706 47424
498 515 49031
308 472 57315
438 544 53038
63 273 22023
753 787 62241
351 508 58669
320 752 36000
654 790 19313
477 571 47265
604 634 36139
463 566 23770
68 233 29411
373 760 35468
514 649 35609
63 623 32573
16 177 40000
175 778 26627
373 466 25080
50 151 16279
164 188 31575
224 659 36125
17 766 13892
761 798 45100
222 499 55227
494 706 36235
377 515 30676
231 648 53000
150 287 14142
160 656 41437
324 339 28636
551 619 25495
274 412 22472
26 361 12166
229 299 31145
93 395 38210
380 458 31575
168 631 15811
393 492 73539
21 49 68250
127 382 25612
391 499 10630
192 328 38079
26 222 50010
712 771 72090
553 630 39013
7 669 41146
263 276 53226
393 715 78262
340 399 30806
17 650 47539
33 375 42485
21 60 20591
45 321 36359
12 303 51245
80 635 42544
456 482 62097
661 688 51788
637 707 49578
377 639 24352
650 766 38949
376 726 14765
5 565 22672
421 546 31385
174 426 33422
206 400 73539
424 745 39661
392 699 20000
9 409 78237
302 416 17692
126 576 22672
213 523 31257
59 626 14866
7 652 39205
17 144 46390
251 352 21932
202 720 19000
434 610 49497
37 560 31305
273 649 37855
249 789 14422
53 111 50289
483 753 55362
256 713 23537
263 346 42720
248 768 28178
385 732 16031
88 595 25632
97 351 57271
153 727 36125
147 708 35355
389 435 39623
291 385 56604
214 446 15620
70 550 30017
343 796 36125
112 372 31780
718 789 20881
362 508 65276
313 379 15297
108 543 26926
665 742 20616
75 522 24021
585 772 25179
339 735 44272
277 639 45651
268 465 10770
154 534 41110
73 800 30414
14 749 27514
535 597 41437
1 315 38419
509 532 25942
152 373 36359
317 599 36359
120 443 20518
225 338 55027
123 478 34713
213 339 42012
133 702 28862
408 686 13928
396 461 50774
225 232 64514
85 573 57201
65 419 36401
134 458 55317
77 435 28284
283 644 16125
150 654 18000
529 633 13000
376 761 28160
225 700 46840
224 645 19209
229 364 18439
553 790 19000
329 356 36797
487 593 27295
184 494 36401
108 143 15811
506 722 44643
82 640 38601
396 588 43012
253 659 13601
18 207 25060
5 118 10817
542 581 18788
212 341 43829
711 789 40112
294 736 40853
304 709 75007
530 693 23770
667 695 40025
152 624 35228
363 565 45486
79 166 36222
231 509 53535
110 328 33302
220 449 24839
458 753 42059
314 380 38328
488 565 48836
323 568 16125
269 724 11402
137 658 15652
380 746 43863
197 657 80281
243 644 75664
169 171 25239
123 701 28653
74 368 14866
534 662 20025
93 155 43000
325 560 90796
389 571 44654
252 578 13892
186 596 13153
568 734 32249
143 543 30414
18 113 27019
319 651 22204
389 492 12806
619 718 10630
703 794 35735
234 527 30017
77 223 11180
246 777 21095
261 641 19313
292 537 24698
193 484 63008
127 328 23409
468 530 25554
338 699 31890
54 533 56921
595 706 10296
647 692 17720
161 481 28071
194 800 15232
533 613 36056
195 279 56586
8 667 36359
273 705 24698
76 673 45011
447 578 61057
648 762 33941
47 345 20396
754 800 13000
34 88 43738
463 531 21024
258 754 24839
580 786 34438
537 627 34000
30 170 38601
425 608 15297
74 157 39825
30 430 35057
430 742 28636
458 787 56223
80 602 15620
393 584 90973
43 445 37802
53 318 58856
416 781 41037
40 564 48918
536 580 25298
87 529 35511
590 693 18868
158 256 14318
501 686 68308
493 601 45607
465 663 10198
402 434 42755
187 215 29530
142 719 38013
17 737 43600
22 42 41195
726 798 26401
218 621 25962
524 780 42059
336 557 32388
84 176 61400
521 672 38118
333 424 80025
357 504 30871
131 677 54708
40 645 37947
91 288 22091
154 263 42012
13 177 33242
277 771 37443
332 707 27295
135 773 37216
241 743 42190
211 284 23431
772 801 44553
112 316 42059
591 761 24413
154 662 38639
195 657 52010
123 236 73539
140 462 44045
384 694 41976
275 538 17205
313 693 33242
490 550 27731
42 745 37121
583 786 63246
141 350 42638
562 738 13000
25 403 65490
196 527 43278
27 227 33242
543 559 18601
411 792 23601
69 438 56754
418 581 35355
150 448 19026
109 297 55154
92 796 24187
387 653 47802
142 496 60828
195 688 25942
303 634 37483
390 679 18385
213 735 41000
1 608 21471
64 251 107824
562 658 60083
286 785 60828
588 629 35355
173 189 31623
185 652 67742
17 752 28320
536 786 24042
177 745 34482
353 682 86608
409 753 79906
122 398 35114
275 558 12806
707 712 35114
96 534 33941
255 622 10440
526 649 16155
234 277 13892
203 799 16643
513 607 29155
431 565 24597
266 781 33838
88 513 34059
55 137 21378
53 315 37336
33 51 55471
134 749 38000
45 122 13601
147 368 33242
472 682 37121
661 733 36069
399 405 35777
531 774 18248
33 308 26401
250 441 42755
570 616 21024
514 526 34713
183 535 39051
146 623 38588
251 370 31623
126 344 21471
290 542 15811
233 289 27000
601 793 41437
349 663 57079
310 671 11180
367 752 55109
89 381 49193
49 544 66189
305 495 47508
369 454 51088
387 528 30610
334 644 80895
465 575 13038
392 439 63008
323 556 33734
271 438 71063
115 156 33541
695 737 51245
13 409 31780
263 662 19647
122 615 27295
201 585 69007
373 624 38484
637 770 34132
40 481 51478
484 730 92698
181 662 13601
101 702 19105
474 594 13342
299 589 31890
198 532 59203
467 631 31016
271 640 85726
296 691 39825
292 369 33941
423 620 31145
432 712 72498
543 558 12083
190 546 44011
598 633 13892
500 557 34886
376 488 38897
134 787 42059
94 123 54037
554 754 19647
168 672 36056
23 742 58694
89 286 21932
25 547 25612
710 764 17000
353 785 41037
280 393 42720
189 711 23259
137 758 43290
139 297 36222
603 643 45453
212 694 31953
128 638 20248
250 768 46690
236 692 43174
115 266 19105
31 253 15133
609 739 41231
43 650 20396
337 369 69893
215 291 57315
285 346 33838
322 410 38601
479 620 29000
178 593 25000
13 136 22804
378 750 56515
258 554 14318
506 642 46819
198 364 36401
252 403 51088
376 798 21095
190 526 15652
12 684 32000
564 645 44011
497 638 49041
70 408 36497
430 476 34132
549 583 19416
134 380 43417
240 324 44272
22 101 40200
11 40 21190
62 398 59034
106 374 20100
60 486 63285
183 727 21932
324 469 36125
489 780 31953
397 512 17117
578 783 48260
134 179 32202
385 678 50010
308 699 38079
604 721 30887
324 631 22000
314 506 54818
131 666 49739
166 428 13038
718 732 31016
112 242 41110
642 722 28018
314 746 35511
404 682 52202
103 490 23324
43 317 25020
423 479 19723
230 508 43738
520 593 30806
375 682 36125
113 207 13928
493 602 26077
136 409 36139
307 707 13153
565 591 29275
531 676 26420
462 504 31321
291 319 36346
135 759 35228
179 640 13038
363 712 48466
327 574 44688
7 294 23409
176 397 43841
342 419 37162
294 516 41049
297 653 68007
562 617 57280
278 369 77795
426 555 26420
28 42 31113
163 765 25020
26 773 45277
42 208 27659
101 213 31623
181 717 19105
196 611 34670
382 466 27459
204 598 43829
266 626 36688
26 460 32894
41 201 138362
154 333 45177
318 598 34000
233 374 10198
543 750 32311
58 158 28160
534 717 12042
498 638 25179
531 648 40817
212 387 36401
385 536 24413
508 623 69771
348 492 52631
609 783 41629
106 233 25060
76 788 33121
531 762 46325
464 604 20224
28 208 16763
424 482 21190
34 513 22023
3 777 25080
117 280 39013
397 683 14000
340 524 49769
115 465 27514
439 719 38601
243 583 27514
327 459 63388
15 781 12042
550 686 43417
379 574 71344
522 571 42720
442 618 27803
74 147 28320
516 686 29732
392 472 58523
517 617 54231
343 669 38275
52 127 33541
32 770 25495
212 794 14866
269 271 25710
167 590 59135
129 543 26907
85 472 44944
475 546 43139
204 655 43012
228 367 48260
10 288 26420
105 242 33941
523 702 20881
98 499 38013
352 370 16155
169 478 39115
413 518 35468
18 537 38184
170 476 31016
149 507 62129
453 578 75286
163 390 11705
61 622 44294
407 522 66940
433 727 76158
556 602 57801
222 254 29428
26 591 54203
657 688 62177
258 381 36878
494 536 31016
360 456 15000
648 774 29411
29 164 27019
215 678 23409
366 572 11314
225 508 60877
4 522 68425
212 384 36620
710 799 36346
206 421 25000
463 676 15232
257 272 18028
65 219 45000
145 400 24166
150 553 19698
229 354 34059
722 746 10050
16 401 13892
575 767 10050
412 688 37736
349 741 43186
109 237 47539
283 497 49497
119 436 28792
540 559 39825
40 410 14142
397 642 17804
497 606 40000
171 374 52038
32 440 29530
86 727 65307
156 720 14036
255 451 42450
323 461 39598
563 757 42202
119 658 46690
299 318 45122
172 602 51088
480 729 21000
3 464 55714
628 645 29120
528 608 24083
313 365 15811
486 751 13000
121 693 23431
259 502 35903
256 306 39408
178 552 40817
185 731 35228
348 739 22804
187 188 27019
137 741 64498
219 479 21840
514 653 13038
83 252 56613
176 747 36056
65 81 28178
233 751 76420
411 643 52555
240 469 12530
288 538 40050
133 523 36401
330 360 31401
6 127 41437
140 333 27731
582 606 51624
356 711 18788
133 208 27203
350 528 55444
219 579 53852
419 554 43658
661 729 46861
202 329 26249
338 496 75538
107 178 25612
418 797 32558
107 539 47802
526 694 36878
671 765 17493
202 781 14318
104 214 41976
515 707 24207
54 736 67956
530 645 41049
27 765 28443
132 400 33541
66 744 13928
21 486 46487
6 382 23770
329 503 26077
142 439 28160
3 599 16643
196 336 36014
403 609 52355
259 728 33615
409 596 51923
316 372 27659
95 665 54562
515 712 19313
315 532 31241
317 445 22561
184 580 34132
314 722 32280
463 784 16125
570 770 16000
517 586 39699
7 756 42190
243 549 24166
157 158 31828
209 566 17117
243 551 33422
549 624 10050
441 628 30887
212 703 29155
651 704 33377
49 216 72367
363 637 18439
698 737 39217
300 343 28071
367 688 12530
277 527 25495
81 110 23770
387 514 40311
167 780 43012
592 648 31828
82 344 39962
612 730 135602
333 462 39408
239 326 27203
81 219 56859
575 757 55227
401 725 27459
266 302 39217
252 567 97309
84 248 14422
477 522 39205
272 391 34713
78 79 62008
417 636 35468
8 12 12649
379 459 39962
300 437 38275
66 222 45177
303 604 40311
470 556 64070
403 677 67543
234 681 68411
204 355 27803
420 611 51856
165 735 31780
183 250 46648
96 345 51039
646 679 43932
257 391 30364
55 658 13038
39 395 14765
622 647 41110
374 751 71610
160 251 42544
123 520 30232
132 546 32016
113 245 56569
300 675 38275
46 355 22136
175 502 30594
321 615 43105
405 765 29614
185 740 38079
495 592 36674
65 620 28792
173 249 52326
353 573 35057
175 641 28862
81 579 73055
102 445 23345
666 677 26627
29 247 50596
130 524 42190
126 250 37216
415 498 44283
13 16 44553
222 798 55036
437 743 28460
96 717 36674
406 420 17029
61 692 15811
485 726 49041
487 520 11402
686 691 17117
99 592 15524
410 544 29614
333 725 26401
165 324 41785
114 671 30806
352 656 23022
29 187 19209
438 561 21213
101 214 44011
767 799 27459
299 795 34409
22 409 27000
19 386 26173
38 211 11000
394 673 36715
199 244 21401
111 383 109000
488 726 44011
62 343 42942
245 601 40608
666 681 31765
43 182 42450
138 358 10440
632 792 39699
218 281 39825
665 677 39115
320 766 12369
690 706 32894
193 730 33242
2 48 21587
508 569 60729
675 743 41012
384 514 33422
318 383 57009
366 394 51039
216 755 35114
31 574 53824
230 546 41340
191 194 37643
595 605 26833
287 675 18000
511 547 19698
131 547 21587
147 426 35355
11 410 27659
346 587 28320
152 184 23537
82 220 32757
273 623 18385
250 597 45453
17 698 49244
310 765 10050
314 458 17088
270 768 37054
61 647 15620
260 699 58796
641 742 33422
440 637 29069
12 604 39661
182 766 26926
41 788 16125
34 146 26306
18 396 29155
54 613 26907
616 770 27019
150 790 21095
438 701 41629
141 687 52631
287 743 45188
279 454 23770
152 580 38949
283 284 43324
318 589 41049
30 175 27295
369 445 51624
148 232 25710
268 767 16031
173 789 46755
306 672 32016
132 226 15620
33 579 22204
413 467 28601
131 422 16279
134 271 65513
209 706 32388
521 708 31765
757 767 56223
340 780 39115
435 571 18111
347 557 30887
551 583 17720
248 298 13038
506 683 50804
272 541 42000
500 681 24021
484 731 36878
168 339 24698
455 783 39962
155 395 32757
25 609 25495
74 426 12649
96 414 50961
180 646 37336
244 441 55902
254 417 45398
79 225 51225
163 405 35511
343 568 39623
83 95 44654
173 385 53935
350 474 44407
59 436 19235
223 280 38288
131 511 13342
660 790 49477
301 448 24352
91 154 77897
270 344 19925
177 401 35114
281 621 32558
63 513 34540
622 725 43174
739 783 30414
92 293 13601
560 695 38601
58 521 29614
634 721 26907
455 578 21260
316 327 40608
672 708 33971
23 95 18788
341 387 47074
104 741 38484
272 610 47539
205 325 10817
240 792 21024
31 530 37855
66 499 28231
301 675 14318
354 795 41593
331 513 16279
365 693 34482
2 192 55714
497 644 47854
689 699 16125
357 593 47127
113 601 47000
135 517 34234
206 794 32985
472 510 36401
166 282 14142
516 691 20224
412 772 40000
57 444 75060
116 640 40224
16 451 40249
541 721 17117
236 357 35468
275 540 15297
292 337 63032
240 326 66030
50 192 49396
229 589 25000
231 592 37202
33 472 53141
14 134 15000
19 611 12042
138 143 23537
206 703 60108
169 539 27019
163 679 28160
284 497 49366
32 119 31401
259 670 44045
236 504 26476
363 431 27166
85 715 65069
647 725 38601
369 657 80212
150 241 29833
245 519 34366
606 638 39051
49 167 59203
117 393 13153
336 347 27803
471 598 19799
39 588 46011
752 772 52479
83 665 61131
612 731 19723
81 100 26077
139 653 61392
349 757 21024
5 135 11045
235 600 54708
398 713 32062
430 677 34828
120 178 37483
59 723 25080
97 235 67067
125 250 40792
117 389 64382
158 241 26476
35 238 37443
165 339 23707
39 45 41785
10 558 20248
198 589 17029
77 785 37121
727 795 59908
85 353 44011
22 136 39357
439 510 28284
744 777 34670
493 556 48836
39 518 34928
278 519 15000
285 443 25000
67 345 33136
512 651 45486
456 555 15811
92 756 25179
468 590 11402
626 758 30150
196 234 27166
49 780 37216
262 419 47297
48 152 25000
116 749 20616
265 305 23770
138 533 29069
28 702 24331
33 682 38910
413 615 44944
1 141 36401
86 574 32757
531 706 51740
268 799 24021
248 319 45354
284 302 58830
55 119 39115
382 760 15264
375 680 20881
311 673 21024
113 519 45398
27 365 43186
328 427 30463
157 426 39623
117 492 66611
119 738 66491
402 641 19235
72 751 190591
566 678 24000
359 560 81744
420 527 29833
222 460 27659
72 114 64846
23 567 25318
98 744 11402
260 600 37802
32 759 24021
422 500 24352
56 73 20000
408 550 38275
73 754 27857
215 676 25000
39 122 47170
744 763 31385
210 726 35511
221 701 49930
350 387 62968
235 699 52811
214 563 26173
237 297 27893
363 488 58034
217 788 54129
377 420 33838
296 736 42720
114 295 17205
111 315 40311
330 660 31145
48 605 49649
43 599 18974
630 790 42953
72 310 27295
348 522 56859
424 540 23601
347 407 12042
566 676 30083
576 628 39812
100 192 15620
496 548 102616
30 778 12728
195 228 40262
406 415 41195
386 420 49649
617 792 50488
128 342 37590
508 600 59540
16 622 30017
411 617 44407
361 674 20518
38 637 28636
621 697 17692
519 729 43417
470 734 35735
730 733 89000
364 589 24187
105 355 18000
254 763 36715
425 528 15033
267 507 140428
138 378 47170
537 629 29732
336 477 64560
101 446 33838
308 579 24739
79 428 27313
525 552 26000
635 729 25554
26 674 29069
282 548 50120
250 535 50010
270 449 38210
107 656 33242
209 536 39446
470 568 57385
371 734 33377
403 455 51039
510 719 51088
75 571 26833
309 404 14142
383 709 15033
547 739 53085
718 786 39560
91 96 39825
318 471 34000
388 571 19416
68 289 17263
203 764 31953
185 293 60008
78 148 17088
359 737 16553
88 237 40522
684 698 14142
218 697 22472
69 481 29206
430 666 49497
546 694 43566
642 747 16155
106 171 54626
263 504 43566
349 575 48083
93 537 23601
68 160 13892
190 475 33106
313 530 30000
564 576 37336
332 497 27459
295 429 10630
103 442 34670
88 690 34828
515 639 24698
213 446 20518
27 405 11045
174 630 15000
335 506 54148
67 288 24352
116 449 43174
459 671 37696
239 658 12083
102 254 50090
627 629 11662
99 188 16279
162 615 27659
155 452 31113
115 799 33971
299 633 19105
185 612 32311
259 610 37202
312 442 69116
180 524 43290
394 581 31321
124 314 16401
177 424 50636
94 221 11662
90 216 51088
388 435 15652
94 692 52154
157 553 30232
170 670 29967
377 406 21095
137 326 33838
421 694 35903
478 701 37736
231 594 45891
614 696 56648
239 562 60033
299 598 29530
300 743 13000
293 740 37590
187 762 16763
141 509 38053
269 622 57871
168 324 30887
37 667 14422
173 651 34540
229 795 17263
486 755 43463
368 521 28178
246 763 14560
89 191 42202
533 577 79712
496 715 159255
224 628 13601
119 723 19026
662 717 14213
545 764 24839
444 571 70682
116 176 44643
295 459 44294
285 587 16401
756 796 34828
731 740 13601
95 567 27019
372 574 39051
654 736 19698
162 306 33287
105 112 27019
100 110 38275
238 567 51662
205 359 24759
468 645 36878
109 774 52010
122 461 37336
284 723 45706
114 242 111221
408 691 19209
501 516 43012
674 773 55471
181 346 39446
210 670 35511
127 419 45354
503 711 23345
247 250 44407
20 733 27893
28 101 31828
439 472 35847
57 388 11000
276 357 27166
334 551 24042
98 721 46325
752 801 20025
355 529 31145
132 206 49769
151 697 12042
264 523 18028
381 680 56045
126 270 31780
216 486 54406
364 509 63285
637 712 49000
31 86 26833
19 444 56356
10 538 20248
117 223 26000
115 626 33956
506 757 95462
153 199 12530
377 498 42485
599 782 41761
198 318 33541
694 794 25179
162 467 16643
48 184 24839
276 587 38471
431 637 31145
83 403 14318
490 618 33242
41 542 117784
100 328 43566
586 773 64070
73 406 31906
573 715 13038
18 627 43105
149 312 34482
52 760 36497
595 690 36056
172 740 50010
335 545 19416
300 669 40853
121 710
366 709
863 514
702 807
642 557
466 706
698 148
925 568
425 375
493 144
185 365
913 564
457 282
323 357
470 523
426 250
914 474
792 344
631 777
920 321
126 213
497 311
869 792
108 759
736 836
719 527
81 350
515 292
272 553
801 710
144 429
590 565
466 855
293 739
880 803
458 546
952 611
586 602
707 350
205 358
978 614
493 270
848 482
757 387
692 311
58 539
465 45
371 688
179 256
344 735
497 809
394 714
62 667
611 104
568 501
569 747
608 902
620 235
542 516
108 223
361 244
749 259
266 754
365 22
449 760
808 558
472 98
221 87
233 333
637 64
787 276
39 317
557 731
590 229
647 867
933 632
613 929
263 879
301 928
857 244
424 773
270 394
815 825
291 488
508 943
132 453
88 536
301 696
561 832
142 188
458 119
759 173
746 385
312 257
852 800
427 94
369 772
828 562
223 582
398 771
537 315
795 463
607 38
529 400
37 514
219 116
241 120
535 143
216 673
430 750
77 715
54 493
819 343
20 379
499 497
316 396
628 963
633 563
571 540
287 109
131 351
703 303
278 215
390 384
260 487
239 447
427 720
504 664
491 130
80 283
725 795
202 864
546 268
332 345
643 546
479 276
572 480
535 105
251 748
369 214
131 675
438 939
530 128
960 480
230 887
289 765
569 248
247 873
476 43
660 177
332 724
378 664
163 476
390 157
703 385
469 512
625 210
648 232
498 326
233 94
258 379
649 305
52 320
245 554
585 380
265 932
143 303
609 338
211 187
770 687
197 166
806 201
368 538
612 196
825 723
328 439
466 250
261 136
306 364
97 290
375 108
879 453
180 503
355 669
796 114
407 299
260 568
239 585
386 512
211 789
571 791
386 761
877 222
542 767
907 402
659 746
856 439
105 603
157 465
234 535
988 476
455 532
460 483
20 554
972 484
156 845
814 356
520 276
310 631
764 630
575 602
143 799
563 333
538 359
286 582
193 185
951 669
343 755
476 796
287 422
306 267
768 537
618 939
181 409
333 888
214 874
114 346
897 441
113 562
245 855
178 608
272 867
197 104
656 719
392 835
346 187
262 685
911 782
584 483
638 407
653 206
13 490
445 649
174 478
859 303
819 522
256 505
279 496
391 585
220 479
270 73
798 879
146 444
773 508
403 275
654 245
819 601
515 760
827 658
370 841
846 712
517 720
364 124
577 303
187 590
497 516
390 35
498 475
343 275
268 434
318 281
813 618
249 768
954 349
496 171
316 147
649 707
864 352
866 441
589 964
312 780
251 930
519 598
560 584
309 99
570 852
670 187
480 121
224 104
926 707
328 543
786 384
772 169
706 126
34 389
653 101
255 712
266 497
82 565
701 223
702 184
510 553
908 615
15 534
165 581
631 277
568 647
442 866
557 843
43 344
913 668
509 53
122 392
380 397
97 680
34 456
823 481
72 609
323 507
899 455
673 342
180 313
766 262
624 365
978 493
600 461
66 431
405 728
438 552
573 201
268 710
577 618
394 202
431 600
418 494
658 782
744 431
385 906
596 359
121 293
107 774
486 697
729 221
249 428
469 65
341 88
675 804
723 891
521 412
164 702
317 796
285 89
552 942
147 564
37 532
413 525
313 174
525 108
955 502
554 176
721 515
294 782
632 612
127 574
113 379
885 667
924 401
601 239
810 408
300 83
767 183
61 462
397 695
199 114
504 836
727 598
586 693
510 65
107 389
343 387
539 788
443 700
17 624
164 769
358 591
605 774
153 764
619 902
672 916
48 309
790 592
429 885
630 976
914 709
720 357
781 317
359 470
691 270
114 323
208 897
433 238
872 727
801 828
543 841
82 339
584 714
687 803
673 70
470 311
203 344
678 422
962 370
652 337
413 45
543 718
497 565
767 463
898 764
471 731
597 725
181 845
713 784
507 773
474 200
114 744
586 217
433 740
276 939
41 397
799 745
635 585
680 627
90 482
864 685
633 909
561 513
680 255
247 278
466 936
616 579
212 437
578 57
302 123
605 827
818 459
548 347
734 918
679 176
306 438
512 395
444 286
681 407
728 934
843 447
772 870
554 191
160 451
374 381
73 368
750 516
738 290
371 170
285 620
883 566
508 471
420 685
635 314
165 370
627 401
796 205
42 593
484 905
744 638
190 666
241 803
781 716
640 844
244 208
497 790
912 303
256 351
494 207
395 316
840 171
717 657
141 169
272 187
690 610
131 290
627 26
214 546
682 924
847 260
333 640
201 550
394 981
554 633
548 674
797 584
721 761
751 86
819 693
412 550
341 161
621 61
414 440
528 9
288 847
133 637
494 940
712 798
361 487
279 722
190 748
596 664
708 85
647 512
675 364
864 337
261 190
614 264
671 868
559 302
102 247
240 197
197 782
626 718
129 745
58 555
152 392
266 629
121 660
557 86
403 118
210 528
344 611
765 371
482 161
228 166
493 186
855 618
931 722
509 150
209 315
414 513
210 833
720 816
295 954
423 659
652 38
424 623
240 171
642 185
512 746
563 204
799 269
690 777
504 161
524 161
966 583
262 263
636 513
512 362
237 395
657 574
308 614
873 817
758 248
346 829
569 590
635 891
893 659
554 977
100 460
507 458
224 430
584 161
786 886
448 842
352 635
923 739
478 670
419 640
706 926
987 407
677 486
322 109
738 316
106 586
162 359
686 570
208 586
268 160
187 653
310 672
420 297
249 514
56 579
854 500
340 818
819 296
845 234
726 506
880 586
322 696
514 633
276 751
111 729
755 853
857 636
630 765
826 126
593 84
746 725
676 299
568 569
652 458
595 35
413 600
476 770
318 748
400 265
256 785
413 660
866 294
532 505
749 341
185 422
743 351
603 184
624 343
685 378
63 567
871 621
878 281
734 450
614 608
523 671
609 685
293 363
853 730
370 456
697 471
511 612
193 394
84 325
373 234
231 608
212 776
868 486
336 525
729 124
191 735
660 159
21 597
272 108
875 361
579 494
154 433
594 178
921 339
383 119
518 469
533 712
811 764
750 752
944 599
936 619
716 185
783 660
38 354
611 302
932 677
706 501
688 187
279 606
772 767
308 590
55 292
524 842
722 737
501 872
373 470
913 532
728 406
686 65
172 642
930 390
417 899
274 674
688 82
356 229
146 369
173 810
935 560
726 672
331 736
903 522
409 885
346 933
264 240
539 296
114 802
341 492
228 781
305 663
581 645
586 279
16 609
438 479
396 533
614 657
659 268
752 631
553 990
896 269
394 110
405 593
455 973
455 513
853 601
371 428
552 539
340 264
410 223
734 611
160 512
798 641
891 303
908 234
816 143
374 592
947 314
762 216
554 373
668 141
940 509
636 526
717 869
805 151
564 416
827 751
689 228
821 553
496 233
361 427
364 441
712 669
332 383
497 120
141 156
935 455
414 368
531 741
181 152
734 170
502 403
529 475
614 566
430 708
700 590
255 584
805 526
430 494
53 345
902 467
497 459
266 471
219 326
585 590
680 686
962 410
680 550
248 632
235 79
186 693
840 524
810 701
559 261
142 260
469 535
814 512
738 891
301 622
580 912
367 604
369 325
962 616
399 573
642 166
102 723
659 408
858 282
148 813
110 545
756 197
876 740
745 587
474 474
536 753
955 454
