823 1442 27 59
406 651 29833
326 644 35440
8 791 27459
605 686 64885
192 622 13000
52 182 50249
671 726 48052
122 640 27203
311 517 49578
246 505 33287
109 777 46228
226 454 43463
279 345 38588
306 737 43566
148 685 14318
72 770 43417
498 803 39459
253 258 36620
519 599 25942
547 775 15811
112 153 11000
752 754 67268
166 453 11705
393 822 26249
105 626 32202
750 759 65924
99 646 16553
310 531 51088
5 403 36892
25 80 33541
459 729 46690
73 291 62266
260 633 42202
47 223 47539
150 456 71120
377 540 12083
319 362 52555
417 466 50448
372 405 33541
83 545 15652
117 653 25962
413 475 31016
433 802 20616
586 795 25000
322 425 33601
381 665 35805
493 822 15264
222 614 24083
310 410 31953
371 453 28284
554 726 38328
141 656 30265
152 762 24515
79 492 38000
276 342 34828
353 498 23195
115 372 28844
41 168 14765
21 758 31828
382 668 31623
138 559 45651
148 483 21541
400 634 14213
180 528 34670
71 740 13416
23 56 20881
532 711 41593
26 772 48260
546 782 25710
743 770 26926
166 541 22561
770 774 47508
733 786 13038
69 606 25298
16 59 35609
632 713 21095
588 784 28178
301 662 29732
171 560 22091
644 808 18385
47 603 20248
383 758 43174
225 550 42720
433 642 21095
16 679 12649
64 440 21213
314 386 27295
356 359 63388
67 446 22825
307 312 34540
70 744 16553
416 750 49820
231 504 62129
230 644 26000
207 481 17000
12 289 21471
534 566 64475
197 199 40000
378 403 28160
137 173 21190
455 501 27586
114 324 21213
426 571 23770
372 788 24331
398 809 21024
51 725 83869
205 260 36497
155 754 33015
103 184 21190
92 733 38275
385 740 31385
77 652 33422
297 336 27074
109 781 33422
289 358 43417
7 244 67179
443 652 39560
119 813 46615
742 781 23259
555 638 20248
495 654 53814
188 302 14318
187 277 33242
519 616 20809
153 220 24207
408 672 12042
142 387 37336
646 691 54745
113 284 41400
595 635 16000
458 564 34928
71 385 26627
367 570 32558
381 759 42048
233 491 10817
294 731 30414
456 736 41304
497 798 25298
229 692 14213
347 758 50478
92 813 24187
6 52 44102
51 260 75664
491 726 37736
779 804 32757
164 698 26077
61 489 16125
21 35 36125
87 410 42521
221 261 100130
108 489 23431
349 529 16643
128 771 41785
119 255 63506
19 360 27295
787 811 49396
217 772 33422
473 769 37443
52 120 33242
81 768 65460
461 791 28636
317 699 33838
717 818 33000
719 819 13038
29 290 27203
75 652 55543
472 678 27459
569 710 49041
30 672 40804
486 687 14213
256 690 27019
477 712 66030
166 771 34015
660 744 40522
6 400 23854
524 755 66189
553 718 11662
460 540 33838
253 641 43932
219 377 36878
563 593 10630
196 483 24083
3 131 48010
230 320 48795
202 749 20248
32 730 18868
176 270 28862
270 570 34928
44 322 37202
70 660 32249
161 335 30806
14 45 73539
165 685 19235
42 238 17117
87 310 21095
391 647 66030
4 339 17493
378 713 29206
448 632 25495
394 591 21260
291 393 21541
358 520 38484
43 784 59908
253 432 24597
502 817 22561
521 574 49244
504 549 50329
129 470 40112
284 507 39560
338 653 23324
156 702 30463
120 814 30083
282 803 26401
213 537 49396
33 478 34015
631 787 55902
250 291 28443
373 568 29017
773 823 38949
379 424 11180
315 392 22472
43 588 46098
104 622 24759
496 514 22204
247 250 42426
73 592 24413
238 404 33541
316 402 46755
4 605 17029
736 794 27514
237 706 77006
172 240 29017
654 766 10198
116 722 30480
413 739 38013
662 727 28792
565 577 22472
80 642 59169
92 232 41773
388 423 41400
256 438 34482
349 615 39598
65 100 20100
650 762 13342
481 643 17205
272 796 17889
35 507 44147
402 521 39812
351 542 23431
271 719 50120
320 414 26833
637 696 50010
552 728 34234
416 648 48301
83 329 12083
351 432 22091
46 199 35228
558 578 51546
221 266 27203
145 179 72111
26 474 28231
426 439 34986
255 567 20125
506 523 57009
467 487 18028
358 585 22804
44 464 18682
681 805 15000
51 565 40311
127 474 17692
123 818 26627
456 517 60836
74 685 38013
169 588 28636
100 130 19026
29 405 47127
103 493 26077
131 323 48301
234 626 18385
269 467 15033
7 713 14213
388 819 57140
417 558 49649
41 559 26907
275 680 52802
8 421 47011
525 745 25080
198 786 31241
285 528 26833
329 545 25080
82 133 28636
179 526 76400
127 155 42190
58 120 22091
147 581 37483
194 393 56569
55 177 22023
244 481 36359
651 661 48765
263 327 29069
579 806 43417
519 665 31064
84 263 13038
197 607 35847
177 517 38949
14 635 22804
13 623 42485
89 764 105513
525 761 19313
455 816 29275
54 142 25080
76 364 20616
429 596 68411
215 463 29000
484 659 29732
397 623 18601
769 820 45343
365 556 62610
631 795 34482
694 795 38484
491 746 16643
132 822 28018
89 725 47011
171 721 45880
185 255 69814
320 767 30480
464 670 23854
152 440 34828
353 617 12806
313 624 38210
461 599 50636
113 565 38013
175 638 28018
451 465 31953
653 693 23537
26 201 50040
604 714 86683
373 394 64031
293 518 46174
182 245 31780
111 601 31780
495 618 33377
419 541 55444
416 799 43932
373 682 60902
410 428 43046
199 722 43174
467 747 15652
79 278 32757
190 576 28018
161 559 41049
334 364 19416
96 690 19723
342 482 23022
135 708 58822
285 693 54818
325 673 16031
61 373 41183
484 575 16155
37 176 69354
300 440 82292
258 432 52953
222 377 25000
349 737 29411
26 355 38118
267 457 25060
333 677 41340
72 583 20248
434 688 46669
262 585 13000
314 508 31257
10 530 13601
251 638 60465
117 748 36346
55 392 24187
243 543 19925
59 516 38626
487 747 28178
139 509 27659
451 765 32650
216 708 22023
614 749 32202
107 527 33838
543 819 15811
141 449 16553
234 762 30067
396 726 54332
258 706 22672
142 816 29833
606 718 22204
169 223 39459
128 500 11705
169 784 39217
355 361 39051
30 136 25080
338 763 45607
39 724 22847
600 725 30871
341 462 26926
266 341 23259
204 783 27459
348 466 33287
476 478 71847
483 505 16125
247 503 53235
100 468 67007
587 700 26249
114 350 26683
56 148 27019
629 820 75166
556 580 17029
658 686 36770
158 254 37108
215 716 11180
208 230 31906
43 773 38210
302 353 15811
208 809 31890
77 443 34176
113 347 28284
427 557 50210
18 30 12207
151 731 36056
691 805 10440
91 815 14142
810 817 27313
45 415 40608
119 625 59093
329 534 16155
557 729 65734
620 629 39205
572 817 14036
307 690 36235
58 156 50289
303 777 26476
1 24 50448
299 391 16401
54 528 15620
271 420 52953
183 766 45354
23 601 11180
624 717 35114
526 700 15652
219 740 22361
404 661 28018
90 748 31890
132 808 39825
526 537 60166
177 677 24698
171 511 53009
628 813 24839
431 482 18439
175 555 16279
328 401 22091
513 690 25080
56 97 53759
438 630 46755
105 234 27514
125 696 41485
366 593 43566
75 582 56400
371 541 45343
681 812 36892
61 568 36139
172 346 17464
94 189 31016
230 809 41437
45 286 30150
666 702 26077
655 680 62801
136 315 24042
113 450 16125
291 503 35114
66 534 36674
453 715 13000
295 300 69260
82 698 38601
392 517 42154
606 674 20100
100 246 44643
8 248 64537
140 449 147787
612 622 27203
31 143 40608
296 734 15652
155 728 49477
97 721 17000
515 681 25179
265 668 27785
34 181 35355
39 251 24166
389 749 17720
686 711 38484
490 777 61774
330 676 18358
16 716 31780
248 421 43046
512 670 17088
385 704 29411
323 426 41049
112 608 12530
336 618 28160
313 341 36401
15 741 28320
735 790 28862
236 535 11662
27 254 41146
308 767 35341
150 191 38897
205 633 16763
558 606 37121
446 782 10770
194 822 43829
477 732 38053
447 543 13342
241 655 21954
412 447 15524
704 740 25020
265 530 45486
84 780 25020
162 792 27313
60 649 30150
371 715 24352
330 613 12207
69 662 12530
94 281 39408
85 589 37696
441 663 36401
302 519 32249
554 746 16492
452 703 32573
678 775 13153
398 732 37443
261 602 30610
27 399 52086
48 140 42379
178 494 24331
160 190 20518
33 476 40112
60 532 56613
203 504 50537
490 671 48010
26 296 43278
35 404 48104
208 436 46690
367 689 34713
190 307 31780
48 506 23345
514 563 23770
129 821 38910
500 714 52173
140 288 107912
396 597 29411
553 607 16553
292 701 18028
219 704 10296
302 617 13928
106 773 48765
290 788 22361
424 692 24042
562 595 34015
583 787 37336
18 508 11045
343 739 51614
521 723 58249
19 422 60836
62 639 43324
62 367 31145
45 562 72339
319 823 27459
210 425 26627
21 383 22472
123 717 28425
3 426 27295
195 292 12806
438 513 46840
214 806 52086
203 416 37336
163 783 17088
107 794 12000
150 790 24083
104 192 13928
667 759 14213
306 561 16279
357 405 40311
340 676 33541
318 435 36892
208 644 27166
129 299 32527
640 755 44822
228 280 32650
95 659 71386
410 700 12042
175 760 29275
91 706 19026
71 332 40311
172 361 49739
448 602 16763
21 651 29530
107 636 22472
309 382 17804
84 499 23195
127 728 35384
60 338 32140
91 733 17205
49 536 25298
128 166 14866
144 695 28320
44 391 127781
652 659 88617
657 804 34059
462 717 15133
159 488 25710
15 545 37443
85 637 31016
29 357 58669
5 378 24042
305 710 10296
149 598 39294
332 740 38013
409 529 30610
212 568 13454
566 663 64351
141 621 27514
431 551 48332
95 455 32757
430 681 17000
363 675 13000
340 419 46487
386 795 28160
230 352 56921
14 87 38897
362 758 48083
379 586 39560
184 326 11180
526 575 55172
333 379 40804
207 257 46325
445 614 21024
151 705 16155
51 374 49679
29 34 17493
103 822 30017
147 272 21541
130 171 27659
178 202 29120
572 766 27295
239 386 17000
389 429 32558
384 547 50010
51 577 37656
419 458 16000
443 522 24042
527 636 16000
444 564 41049
184 436 38013
342 614 46174
226 344 39560
362 660 58694
93 157 28844
300 617 24413
363 668 21190
262 761 40200
540 669 10817
528 649 47927
322 512 16000
81 665 21095
529 737 37336
595 810 33541
236 249 37054
444 458 18358
395 618 28601
47 784 40112
486 751 36401
751 801 18601
561 737 43600
405 468 46000
280 768 21932
98 504 65460
6 245 34205
71 259 25318
225 818 40000
254 435 38897
88 658 40012
409 473 20809
110 544 14213
88 763 29530
44 86 68884
31 707 21000
162 560 39623
89 374 67676
306 594 32016
202 627 46011
242 642 13892
33 339 28862
138 591 64537
573 744 49396
49 446 10770
504 510 74095
660 661 41304
282 498 20591
5 7 19416
223 765 23195
250 723 18028
123 594 53310
621 715 37443
82 675 74330
24 57 48104
154 194 34928
454 782 55362
600 764 52802
109 303 26000
99 691 52773
534 545 25495
350 390 19698
129 713 21190
278 729 55009
375 531 45000
195 701 18358
197 609 66940
370 682 15232
224 452 13153
242 518 57428
257 328 22361
445 749 28862
508 672 36249
457 495 53600
285 338 35000
663 736 37736
144 417 27459
287 368 43966
76 558 29275
18 52 32311
201 609 29967
514 640 34015
114 729 29411
429 576 33956
313 602 20518
42 121 19925
586 692 30529
748 785 42802
261 470 44102
457 509 45222
233 586 35128
361 459 24021
300 498 33015
370 628 21541
544 738 36401
98 274 37643
541 564 43566
174 558 36797
189 807 18974
251 800 49254
257 548 26000
78 154 12042
346 361 47676
173 546 10770
124 215 35057
450 645 40050
298 581 43417
36 585 47074
381 616 38079
363 756 39699
11 605 33121
521 778 25612
93 435 64413
210 647 10770
264 590 21260
151 294 25000
479 555 183657
485 572 32016
127 345 50922
500 621 39850
298 573 17205
134 213 31257
567 760 31048
227 546 13601
139 441 41677
86 647 16031
92 786 32016
606 797 15811
59 695 46011
425 647 18682
515 667 51352
53 760 15811
115 478 38833
118 819 51624
394 682 16643
304 645 28862
159 484 24042
96 312 23854
406 661 45607
126 286 21095
201 474 48010
384 489 29206
437 627 25962
252 773 21932
50 552 11314
235 316 29155
105 720 25495
209 808 34015
449 656 25495
186 476 26926
734 793 35384
170 517 57775
371 804 16763
337 450 26870
548 581 38328
396 671 60141
386 631 20100
283 686 27019
469 726 37000
158 435 19698
467 666 28000
17 388 33615
174 782 58822
102 273 38419
520 610 35468
144 578 22136
243 719 25000
405 788 27514
188 402 39925
480 664 23431
193 318 59481
178 431 29614
38 40 29069
402 619 43417
1 318 13038
301 679 43600
469 597 43012
418 719 31385
264 679 48052
377 389 40447
131 751 34713
599 619 38013
626 762 15811
259 332 33136
509 738 29000
152 650 13601
200 688 40361
284 807 46819
217 801 35693
400 538 23087
499 620 30529
45 579 29155
200 460 44553
543 719 14560
488 708 32650
320 352 26249
310 587 31257
297 693 17117
609 734 36056
107 343 28071
80 325 14142
204 256 24187
317 427 42720
25 356 24083
63 337 16031
19 25 25080
382 756 36674
655 703 45255
401 481 14318
398 784 60745
273 684 42107
56 196 35355
280 545 56569
108 678 25612
309 756 22361
187 485 55714
597 688 29732
181 703 26420
284 565 42012
53 255 17692
187 691 32202
74 165 34015
539 604 101980
229 586 29155
33 206 24698
100 630 84214
343 683 43566
422 642 62626
343 636 16643
160 429 29069
160 389 26926
502 810 44598
377 669 11180
187 799 49396
125 337 39925
81 353 17029
138 340 54406
140 463 19209
538 634 19416
334 454 43290
352 603 28071
222 669 26306
414 673 19105
278 755 50040
665 667 57585
514 593 16125
51 205 50922
28 68 31016
439 637 43186
236 727 24597
168 444 31241
101 641 17493
75 77 30265
139 663 16125
351 641 35341
412 800 27313
2 662 37014
211 225 44777
598 657 40497
70 121 13416
94 374 16000
43 712 41437
319 573 33838
208 326 35355
257 497 32388
102 785 53160
482 731 18028
586 677 31765
563 789 29547
297 502 26173
86 425 20248
541 695 37162
76 718 30265
95 652 44102
207 401 17029
294 705 14000
59 679 30529
223 272 32558
522 652 46011
118 388 39115
616 665 19799
745 761 24083
220 525 39357
40 394 41617
151 276 46690
268 650 39825
63 450 18248
683 745 42720
479 539 13342
37 418 30480
142 180 42953
206 478 24352
288 376 48508
48 288 66611
22 268 38210
367 420 52924
238 661 14142
257 401 38833
633 789 43738
23 569 27295
369 429 51352
98 642 54083
83 534 11180
92 198 13892
345 609 37483
707 743 38910
22 146 46325
239 811 32280
384 787 14422
515 812 34366
66 192 41773
132 493 31145
20 622 32016
351 472 15133
82 164 12728
12 520 15652
167 275 46011
74 511 43081
133 265 50488
241 262 33601
82 443 23195
412 542 40522
226 334 12369
214 415 13601
207 210 30067
218 774 34234
237 251 77104
364 607 16763
191 735 14765
533 611 39115
132 209 33242
26 757 42544
112 413 38949
9 709 19105
32 79 15000
279 411 20025
376 764 230783
46 344 20881
90 102 17464
492 699 56294
394 774 65947
642 802 19026
220 224 24187
542 819 51624
367 490 16125
197 334 38949
539 656 20224
256 783 35511
111 437 37216
29 275 22136
407 570 17804
85 208 41629
241 684 61911
286 579 13000
487 702 43186
143 707 27313
457 738 41881
9 596 67676
680 684 15264
409 769 19416
53 604 27459
726 746 41437
316 521 48010
403 611 40497
648 799 56080
551 627 46174
516 541 32650
348 701 22023
331 396 74887
180 693 58078
231 415 16125
228 329 32696
27 67 55543
765 796 15811
333 735 39446
420 719 16125
385 460 10770
234 295 31765
20 267 36688
269 741 13000
248 504 19105
321 396 14142
249 523 43174
289 495 59237
709 781 17464
240 557 33615
11 275 33422
237 567 27074
218 373 33541
390 757 33377
263 780 28636
480 712 32802
212 815 48052
473 510 44553
129 632 26571
427 725 20616
487 666 34132
66 104 41677
470 821 20616
161 743 75240
296 793 34482
134 697 28601
281 284 44911
662 674 15524
5 533 61555
300 402 57628
610 618 39051
179 397 14142
664 758 39661
117 395 28018
120 400 23601
657 779 43417
148 196 24083
22 335 28284
186 339 30414
376 754 135300
274 620 48415
266 602 58421
639 671 26000
185 714 38639
527 739 51000
216 582 34540
167 206 31401
223 796 21260
445 494 22023
229 597 56569
222 688 31048
135 582 15033
45 126 24207
75 135 46098
633 645 20000
668 675 28284
282 295 52811
611 820 53000
359 360 14142
423 472 30232
165 246 19105
366 439 12000
191 368 16125
199 687 29155
705 710 49031
106 480 16031
43 106 19647
163 437 26401
218 471 34482
312 369 40025
2 727 19416
64 399 50220
16 590 39560
227 354 19849
327 533 24187
350 772 19105
145 587 33601
456 794 20518
268 536 10630
321 597 18028
356 603 36222
330 591 27731
116 158 14318
430 691 24759
287 688 25000
68 538 23707
27 454 30017
99 759 69426
269 814 46819
163 438 27019
51 189 38079
303 596 111790
562 648 39661
35 383 39319
387 816 34176
121 238 28601
355 757 38013
136 311 40792
200 331 61400
613 676 21024
78 461 25318
305 569 46228
69 553 31890
119 185 35903
503 589 48508
479 604 112721
395 610 30017
184 503 32894
162 181 58464
366 426 30594
204 307 23022
712 732 52000
424 434 24042
279 523 58523
577 807 28425
164 443 18439
325 414 12166
287 434 49729
253 351 26401
36 110 33615
697 776 48270
93 254 63953
243 418 16125
183 336 12166
51 304 48094
170 311 24413
244 465 17088
58 814 12207
145 375 34482
371 657 43417
408 694 11180
235 440 27731
369 576 22804
384 554 57940
50 728 43681
1 57 47127
442 811 34176
247 574 56400
156 803 22361
72 182 28425
276 368 34015
402 778 36674
17 423 20881
61 471 20396
157 574 23431
242 293 34785
530 675 37216
298 798 33956
202 494 12649
299 643 66030
272 380 32757
203 549 12207
193 722 57385
17 118 12806
752 764 28284
122 755 45880
194 592 30676
54 501 45044
397 594 33242
301 674 17464
324 729 43417
365 580 60877
340 613 26401
62 689 20616
126 310 48765
42 660 23087
489 775 18439
347 507 37162
277 691 38079
239 442 21024
11 684 36139
247 723 31385
78 194 33061
44 425 50249
288 411 54129
216 488 30806
516 598 15264
31 245 24839
423 547 21471
10 82 27074
68 156 66038
388 689 12207
524 801 18000
154 599 38471
327 360 28302
357 560 59481
140 779 90272
260 730 23707
403 556 40050
269 666 30887
49 268 32016
563 755 30017
37 271 56569
9 742 10050
331 671 88527
176 407 28460
529 561 21095
315 672 39115
274 629 26019
743 774 43290
243 447 23087
328 465 24187
13 211 43863
421 433 28018
41 292 13601
46 226 24759
324 524 32894
200 321 12083
186 283 44147
49 64 57801
696 789 21213
52 442 42202
354 559 18028
293 308 40224
365 717 41110
666 814 35355
228 812 23345
193 751 35384
97 608 24515
501 652 35341
243 724 42379
38 584 30265
578 797 40311
198 370 12042
199 344 27514
485 595 11180
55 672 15620
335 743 64885
6 634 11180
24 247 38949
195 466 50220
464 512 19416
581 823 31145
111 627 48754
188 519 30676
292 444 23345
137 559 22023
159 776 38288
31 743 35228
390 459 13601
270 407 27586
38 813 47508
214 510 53488
65 130 29698
277 654 70803
183 495 35847
10 133 10050
221 550 17464
231 510 43012
50 411 17692
308 518 14213
134 211 26926
115 290 33287
404 406 28160
709 742 14560
213 776 25000
283 605 58000
535 716 48010
174 466 21401
387 428 34234
463 506 41976
210 643 29682
73 778 17493
381 750 73824
687 793 34886
635 810 30017
309 668 30610
514 571 21932
382 711 47297
450 758 62032
345 552 46573
116 226 46400
257 451 17029
234 720 26926
637 732 41881
61 101 27803
15 487 33615
699 725 17464
753 814 43278
88 785 33242
584 625 15811
340 584 51614
220 475 22847
252 380 34205
537 575 28425
224 655 23324
63 664 38210
518 791 55218
39 638 61188
153 608 20248
92 628 13928
724 800 31623
388 639 42154
504 802 36715
137 354 15033
149 215 42544
496 571 18974
505 630 27295
107 441 37947
230 767 59666
532 763 52802
232 706 56089
294 569 41773
247 589 62968
586 694 42755
658 684 53038
558 797 34176
262 683 49244
170 566 31016
471 787 35903
20 612 28018
32 260 31401
124 140 31000
533 780 24083
253 815 38118
615 737 37000
498 768 52086
646 799 20881
30 753 17029
26 217 41110
462 624 31145
416 549 32016
436 503 40361
110 343 39395
286 531 35341
168 559 25962
240 764 33302
38 625 43290
366 496 23770
615 769 43046
313 580 25080
586 746 38910
670 798 21095
153 475 28636
369 596 91439
1 323 60415
209 767 31000
235 254 64537
281 507 64405
43 252 22204
293 673 29411
36 544 31623
267 612 13000
146 173 27313
448 580 21190
89 600 54231
492 730 38949
269 753 45354
522 649 64140
12 358 31145
264 727 22204
49 67 18028
40 813 28071
380 773 43417
259 781 27295
382 686 54918
182 770 29682
249 535 28160
19 359 34828
147 796 14422
592 619 18111
486 793 40311
75 698 32249
233 469 30364
34 275 31048
422 499 47011
130 468 52498
261 821 24083
314 408 37656
430 805 16553
57 157 12042
3 122 34059
125 477 46690
124 149 44777
346 752 44922
326 808 38184
185 500 65856
304 633 18358
375 806 59615
305 413 33838
188 300 30017
4 283 48765
28 143 28284
721 792 27074
317 492 27893
146 536 14866
90 610 39925
167 605 41677
28 720 21190
179 623 13038
227 348 22361
2 279 74243
497 548 17000
65 511 46400
511 685 10817
583 811 31401
273 520 54818
191 790 21840
550 697 97494
220 452 19026
101 108 20000
96 513 24207
67 399 25020
560 792 14560
87 428 28231
232 733 44721
13 134 23770
185 771 70257
535 590 18439
551 601 34132
68 295 36892
741 747 13342
212 373 39812
483 257
352 146
559 229
552 937
914 500
330 490
930 489
633 496
65 709
739 910
512 908
524 771
901 696
681 687
425 605
264 153
127 541
345 564
800 444
540 660
833 190
346 396
326 845
532 269
775 442
462 114
407 272
367 441
465 936
352 574
322 453
625 172
574 974
456 921
860 166
471 742
1 510
183 341
33 461
170 367
277 313
906 248
784 273
954 335
733 635
412 214
766 371
252 80
375 338
371 39
709 113
333 534
49 343
714 817
329 610
320 865
497 302
386 520
242 181
655 846
190 499
112 602
750 209
421 373
350 920
511 608
385 323
378 470
329 180
931 266
117 731
274 518
565 407
338 923
825 873
347 237
795 877
606 450
616 160
745 427
517 475
766 912
470 591
820 457
655 287
970 402
718 699
614 872
685 37
550 838
134 435
145 389
482 338
757 75
771 807
173 871
373 856
760 508
618 595
352 940
173 477
554 855
632 351
490 644
368 431
779 254
404 713
173 497
70 679
442 725
284 854
403 850
755 175
550 100
505 980
431 259
607 809
117 533
124 322
364 522
925 254
557 195
897 646
212 125
697 195
752 650
439 75
171 242
959 493
371 941
520 201
649 404
740 900
907 719
860 843
375 584
312 347
273 373
476 680
212 94
122 191
724 794
347 421
262 246
790 674
357 351
838 359
303 886
230 166
326 720
319 775
420 397
414 850
594 449
461 39
434 505
498 314
434 273
854 772
175 810
293 374
394 873
258 882
775 903
307 909
185 247
520 960
270 326
806 344
387 638
365 914
529 31
332 340
343 268
44 385
8 579
315 627
237 791
850 714
685 776
451 886
296 500
600 748
639 331
116 287
589 967
585 648
508 445
746 104
189 825
289 708
503 649
489 193
608 417
277 292
285 870
401 194
157 396
441 194
181 681
412 116
209 799
653 552
219 861
692 161
551 965
914 405
672 325
682 400
944 407
933 726
171 455
876 723
748 606
247 127
872 796
489 145
240 478
143 753
429 831
981 633
203 738
812 383
450 819
951 685
394 231
328 319
511 573
241 640
699 342
732 581
104 381
231 628
394 422
467 358
311 131
68 375
908 231
291 565
558 32
489 820
703 471
38 522
883 441
303 469
309 928
561 295
696 510
313 94
591 325
55 451
802 286
121 483
425 309
61 330
207 882
869 394
100 453
92 727
656 167
996 534
469 793
819 444
315 155
690 893
965 611
529 695
374 370
409 574
15 607
9 566
818 351
524 831
771 544
486 929
287 741
552 652
599 132
358 72
496 544
789 98
459 467
599 924
780 142
680 793
763 632
231 723
306 41
514 752
487 952
596 353
269 302
714 438
299 790
409 450
429 142
629 762
906 321
982 470
478 444
303 191
505 459
46 669
706 161
366 789
856 636
218 838
681 415
657 941
739 697
367 624
186 851
957 567
303 569
358 601
492 373
609 95
472 250
864 296
733 377
186 670
932 365
542 244
553 121
747 413
641 342
848 446
879 414
481 586
198 362
122 698
89 760
316 675
382 228
318 392
602 760
734 210
652 814
567 946
229 341
944 601
265 768
406 741
432 220
391 92
512 27
783 171
308 309
851 590
524 106
132 507
753 360
500 474
313 332
465 76
759 424
414 965
503 794
822 417
824 431
504 74
845 247
683 937
363 224
906 589
613 248
81 605
273 710
147 842
166 404
177 208
481 996
210 463
741 75
823 664
353 29
179 745
921 523
277 663
811 319
564 507
646 927
821 171
206 538
139 716
276 573
711 759
114 572
185 785
532 88
992 457
350 622
616 361
194 401
591 786
184 656
852 700
712 310
410 324
350 503
901 416
523 408
894 531
893 201
451 981
866 193
35 588
310 606
823 580
750 727
359 52
75 511
377 821
745 401
740 595
640 587
277 269
24 530
214 297
61 556
674 473
774 499
147 547
267 668
959 385
583 242
624 55
707 725
153 791
554 601
266 785
110 505
697 489
244 675
452 281
638 293
247 858
237 899
613 260
442 370
440 701
292 544
763 889
246 306
230 773
365 334
60 515
967 537
107 198
753 191
856 405
448 832
181 236
377 271
739 800
389 687
517 717
230 297
528 75
149 712
610 475
934 626
227 106
936 330
867 435
326 281
424 575
405 981
202 637
999 490
210 495
130 522
811 563
451 88
408 822
614 977
689 241
543 988
95 211
763 253
914 422
284 781
283 894
831 765
637 668
479 180
442 576
879 766
188 515
95 613
222 622
616 122
646 373
213 787
569 730
607 225
874 362
477 477
817 480
160 238
759 819
632 736
608 320
698 529
281 910
268 97
817 156
334 565
503 674
767 556
322 883
932 349
192 886
604 203
549 591
228 217
334 661
670 424
537 455
538 778
540 372
740 882
303 52
542 152
411 796
776 733
376 732
704 805
842 604
728 918
778 664
672 900
869 458
475 601
305 121
367 362
834 749
357 481
98 224
168 740
207 242
114 522
57 528
453 716
456 584
336 330
157 528
859 370
660 562
974 649
286 829
379 47
353 201
227 592
28 382
934 533
589 19
318 241
295 333
387 912
844 625
661 642
627 197
244 265
738 141
416 627
70 348
181 464
330 818
49 599
589 219
638 700
896 307
516 329
816 771
161 824
746 120
269 225
758 620
947 544
864 332
859 828
255 525
187 311
481 788
266 625
770 701
794 318
620 273
301 139
210 387
579 427
620 205
848 667
647 673
87 773
201 680
220 204
560 467
631 32
315 847
972 553
755 388
54 316
541 924
321 204
368 208
397 861
385 129
565 801
872 497
524 683
205 352
221 754
879 562
549 472
492 464
574 763
561 429
801 506
148 200
508 661
863 715
931 595
178 298
387 405
240 833
158 384
797 545
268 934
256 571
950 518
697 177
341 492
663 673
392 732
656 256
21 401
153 588
573 217
164 492
715 478
928 432
675 352
713 189
625 610
954 403
683 609
685 849
409 389
847 216
774 851
632 802
609 694
470 831
118 221
198 170
574 871
841 793
899 270
894 229
323 169
462 672
778 235
535 486
424 547
555 540
676 917
177 734
916 343
143 612
319 598
731 414
319 184
696 937
214 371
294 640
157 517
268 165
508 881
546 616
180 410
449 748
521 873
316 892
600 897
470 191
211 708
107 582
190 861
571 619
250 651
627 779
308 617
241 227
657 206
930 736
797 889
628 67
762 726
286 308
446 533
438 863
148 744
313 790
115 436
322 432
894 795
79 696
361 780
635 881
743 279
939 500
109 249
169 231
257 122
919 628
343 207
53 542
387 448
381 871
451 236
573 324
24 482
644 60
190 602
333 142
413 51
574 83
635 156
285 763
691 279
124 421
415 149
282 695
430 692
879 599
482 694
376 783
123 743
404 586
75 710
287 449
938 281
413 771
231 608
417 589
571 814
202 780
631 538
513 167
555 14
365 563
488 20
601 182
653 963
499 93
811 213
566 549
40 356
429 789
396 392
640 858
583 10
835 380
611 704
713 400
480 529
842 584
280 475
186 281
510 119
822 277
244 444
170 519
883 747
41 643
556 392
155 164
845 456
96 700
361 324
242 876
769 331
605 840
137 420
218 530
477 972
654 185
310 702
638 469
383 898
439 175
404 701
273 601
826 367
306 209
898 354
631 630
50 500
524 152
716 497
438 483
172 192
561 616
800 609
764 98
668 369
693 301
662 703
260 556
515 596
142 365
393 530
124 445
743 771
637 714
919 661
66 541
872 550
994 510
633 381
841 311
