911 1575 25 101
376 645 39205
624 765 44777
256 557 36056
168 610 29732
355 892 43267
101 613 18111
97 362 23022
235 591 59093
70 370 54452
258 727 13601
11 555 35847
125 405 16031
338 637 45100
112 330 38639
686 834 34886
466 484 11045
338 398 38833
197 807 28844
542 899 23324
525 559 46819
233 723 33541
42 346 37202
245 409 48052
309 877 37537
150 631 39294
290 511 45255
17 390 69311
412 561 15652
742 798 21954
420 701 43829
456 692 20881
505 635 24698
141 572 137091
662 677 18682
54 722 24515
181 361 24759
287 665 38275
126 215 24413
380 508 61717
19 746 48260
465 505 21024
249 263 20809
29 388 41976
167 697 11180
376 406 14422
305 397 14036
35 615 24083
137 246 35805
626 908 25456
234 657 68308
213 448 15133
129 343 21095
47 898 37577
514 556 27785
404 568 45000
164 676 35128
571 740 53535
262 307 50695
355 711 42450
39 844 34670
91 560 40447
300 715 16643
139 239 30806
473 514 15264
426 568 51971
513 562 46141
69 95 18439
107 706 30150
116 700 38471
540 699 30150
468 500 38288
678 886 52173
52 193 48052
152 295 25807
419 675 41400
238 796 63246
128 194 18028
382 469 20224
617 661 33242
162 653 14866
8 290 35693
29 522 57689
168 236 41593
101 440 29275
41 855 47170
269 548 49163
102 898 44944
224 312 26926
345 757 10296
148 498 39408
367 866 14142
745 892 24839
484 763 27659
46 473 44598
280 612 40361
6 426 35693
245 777 14866
702 774 50000
109 660 40361
84 894 46957
200 716 29614
438 516 14142
491 857 22361
86 158 14318
130 698 42202
695 868 70831
18 843 51245
506 745 18028
52 450 27295
415 517 21932
155 350 18601
64 799 60407
20 345 34234
240 749 37014
34 900 16155
2 196 18974
548 890 21840
172 236 32000
360 365 29069
56 501 19723
71 300 65299
266 590 43012
346 489 14560
606 717 58592
95 449 12530
799 905 27295
329 476 13038
4 595 48754
782 852 21378
225 268 23022
634 670 35511
629 654 34655
16 563 20881
116 494 24759
480 623 36401
189 450 17000
195 567 22472
457 647 27459
73 391 45453
505 571 27659
488 558 20224
213 277 16031
415 640 19416
142 872 24042
421 910 40311
511 664 39661
459 836 44011
260 321 48000
670 761 25612
164 728 39000
537 893 52038
36 717 58600
48 198 33242
85 193 28302
425 758 39205
377 764 12042
109 168 25000
468 520 18601
730 761 29069
77 430 41593
604 790 42942
189 686 36401
165 597 27659
455 528 27586
251 803 34015
552 718 27166
610 705 69721
148 633 22023
534 705 131848
424 516 19723
48 205 24698
247 370 35171
461 579 13601
337 464 11180
629 689 27731
200 321 65437
315 518 36674
26 900 13038
126 554 20224
814 820 50000
667 873 33615
267 774 40460
114 608 46872
33 706 21213
9 436 27019
352 691 18358
535 815 11402
39 704 15811
222 676 28425
66 521 24515
301 896 27313
329 563 21633
252 429 34205
246 543 24759
133 300 32985
8 810 54562
388 627 39623
21 592 25080
278 668 35128
535 739 10630
250 512 22804
19 138 28231
402 587 11180
717 870 11045
194 796 36125
7 30 40608
571 875 23324
302 433 26306
172 743 12042
390 811 17804
368 661 31401
434 895 28160
379 881 27203
111 719 28320
666 800 35468
594 687 31145
340 527 20125
225 468 44822
38 385 53907
295 561 17088
108 772 28844
274 359 37590
367 799 36014
98 854 32249
685 725 20248
301 839 28636
665 791 26420
177 373 30871
108 262 17117
582 625 23195
224 676 32650
182 196 32985
89 897 54083
368 590 15297
202 673 41437
366 523 19416
382 482 16279
544 769 12728
42 124 47011
541 853 24187
165 568 38210
451 635 39319
461 500 27459
667 821 37363
52 723 27313
25 779 37108
643 759 49980
111 338 18868
408 875 50010
151 344 52612
705 743 14213
545 823 20248
586 679 37577
1 327 30067
603 669 28792
2 838 22361
637 742 40012
190 612 54120
756 801 24083
374 591 45000
248 514 63063
319 847 27166
481 545 26173
387 857 14422
119 367 54745
146 240 38210
54 373 20809
53 277 35777
44 832 23770
79 652 14422
268 573 19925
299 403 17029
271 422 38949
453 530 14422
30 428 35228
17 685 19313
514 644 23854
306 606 12649
713 817 41773
736 812 11180
119 166 26907
336 674 43186
345 411 44045
491 607 24698
259 422 44407
162 570 11402
506 635 34482
447 464 23409
639 888 30000
306 720 43417
679 781 39294
423 705 10817
123 751 26173
366 627 33242
181 409 60745
272 777 28460
614 847 35228
220 458 48415
319 712 18601
536 905 47170
37 695 39560
56 663 17692
271 619 29155
282 713 59076
351 659 50040
334 771 31145
588 885 31623
173 725 54000
188 815 27295
275 723 44922
230 504 15000
279 457 10770
551 601 50695
744 780 42000
5 852 31064
151 614 58873
22 718 16031
237 889 39446
192 353 46011
63 722 15264
88 395 12166
358 594 13892
460 732 41593
611 707 58822
393 706 37577
455 533 20025
169 740 26173
207 796 30083
537 802 23087
170 887 34000
634 811 22023
434 476 21401
184 194 66098
255 904 20125
104 794 34000
485 602 24413
375 863 35014
655 853 38210
780 861 77078
51 320 11180
133 715 23770
306 722 33526
60 419 35057
132 281 37802
391 447 20591
118 271 21024
353 691 44011
24 314 25000
756 881 31953
742 872 42485
340 456 22847
130 156 14142
178 618 26683
87 435 41110
131 655 46011
141 871 27659
151 631 62801
215 596 37014
784 823 15232
553 702 12042
70 736 35128
102 316 61685
365 907 31321
432 823 18358
173 811 51788
109 694 38833
221 301 35735
255 536 15652
508 557 54083
235 374 25632
71 263 66000
531 850 18439
195 730 37202
464 860 24207
495 804 21471
563 564 17263
42 638 32558
609 670 54644
666 880 28320
369 769 19235
336 879 20616
144 314 35511
560 783 33734
20 217 20591
504 540 15811
665 871 50488
94 650 50359
84 171 12806
467 697 31401
609 634 52202
411 493 17205
16 898 61620
89 400 48877
142 867 23345
190 650 27586
378 460 25632
484 514 65795
175 490 17804
78 388 17464
22 429 33601
639 902 28071
45 423 53488
1 512 30017
159 783 109041
597 851 19105
92 298 40112
41 156 19723
364 434 24000
160 730 25000
239 375 46487
510 776 33015
92 401 44777
367 886 37656
499 737 24207
103 877 32558
176 782 15811
237 761 18028
291 393 33000
57 452 38328
120 835 19698
781 788 18868
324 328 47127
185 349 21095
494 702 23345
359 425 12369
78 94 43829
294 658 25000
54 83 18248
494 560 12042
217 513 34132
13 318 19026
87 472 36674
62 779 32249
617 712 28160
529 596 24698
10 167 11402
97 321 13038
149 378 23324
95 336 40460
450 834 39357
627 862 22204
124 765 31145
92 878 35057
378 732 44553
408 485 58694
242 394 37202
618 754 12000
116 261 48104
44 526 11662
436 504 19000
701 775 22023
445 680 23707
404 855 51245
689 890 11402
413 747 22023
104 153 42450
210 245 13416
218 757 15033
4 771 11705
259 308 12369
503 583 38210
76 554 53488
193 450 32527
527 551 34986
133 268 16971
69 264 30017
74 883 26926
12 511 22561
126 846 17117
103 660 17464
223 616 40311
183 382 40262
137 749 39319
374 446 47518
146 177 27459
337 451 31623
37 143 46669
203 376 40608
520 555 15133
275 834 67956
72 598 21095
206 351 17088
292 824 12166
28 434 14142
469 482 21401
284 332 35511
58 401 14866
121 374 23259
292 544 36620
569 822 30871
44 132 33015
192 612 13601
67 509 25495
766 819 26173
406 668 36056
207 538 32140
113 611 23345
410 810 15556
7 428 29732
335 581 16031
262 901 33838
303 507 13601
61 140 14560
636 820 27166
449 724 58000
506 892 22091
405 719 17464
238 538 20248
208 480 37162
293 576 29069
479 809 27857
553 798 22804
42 586 38013
669 885 24083
130 662 34409
229 405 48000
750 801 23022
94 366 61294
507 732 27019
180 429 49041
223 709 30017
10 364 18974
767 877 10440
672 697 43829
110 566 48795
22 552 33838
668 786 25060
302 637 17692
118 422 30414
254 564 14318
213 830 23022
34 858 45486
58 299 63253
462 813 21587
815 842 22561
288 766 35341
539 728 63953
103 168 50606
418 557 29000
119 802 44654
416 539 51430
3 795 17804
53 407 31064
93 674 25080
125 719 25612
360 690 18028
317 646 33541
147 906 47074
350 398 17804
1 904 38328
260 690 39446
421 525 25495
170 452 29411
78 226 30150
60 744 25060
390 708 28018
266 523 13454
163 770 61741
739 817 32280
243 446 48847
137 597 22847
221 776 29069
349 827 27514
555 639 28231
588 603 47927
274 286 59414
453 706 29411
246 749 27857
43 454 11402
258 868 38949
276 510 84060
290 748 63506
581 871 39812
127 305 12649
438 862 47011
166 688 23601
9 445 12042
169 678 22023
11 468 19698
580 890 43841
789 888 38897
60 780 23324
20 562 53666
253 600 21587
545 786 34986
375 809 16031
468 825 36222
231 499 18028
309 767 43012
576 824 23770
570 653 25239
437 911 36056
219 276 76026
648 696 32062
47 564 29000
548 580 38328
55 65 40817
161 797 22000
398 474 23601
144 357 10050
103 582 19313
33 765 19209
470 894 53038
628 669 48260
518 521 21095
176 714 26870
375 385 55317
48 519 52355
230 680 42953
477 651 45541
82 726 27659
253 333 11402
356 780 54037
592 902 19723
198 538 37855
159 714 12042
399 792 17263
99 882 25612
140 407 27893
128 876 22627
341 540 31623
34 658 23345
317 622 25495
120 241 59034
177 723 41869
656 859 27295
257 351 45310
38 770 64281
116 386 53712
117 427 44147
203 645 38626
63 414 21213
247 327 24839
210 272 29069
178 529 17117
130 677 26926
570 793 101272
216 273 28160
57 170 26077
370 681 24187
678 840 53226
82 716 29069
227 551 41437
287 498 35777
65 628 33838
134 191 87727
257 659 55000
220 784 35693
456 599 32311
2 32 32558
489 679 43278
169 819 17692
200 764 27586
296 377 14213
442 510 37121
67 528 43382
797 874 36056
428 777 30414
657 773 29698
570 609 23537
566 850 35014
453 673 39925
600 895 17029
383 457 24698
873 884 28636
53 208 22804
13 884 21024
205 528 44385
265 554 38833
838 846 35128
86 100 60141
225 825 32016
642 768 51420
35 166 40497
307 521 22000
527 579 36056
305 887 31016
274 379 54378
52 146 26627
308 422 35847
64 905 53460
39 241 33015
254 563 26249
204 585 52839
108 901 44407
416 591 30083
256 677 34438
191 416 83738
31 42 33000
23 455 29275
400 794 23345
372 656 11180
51 495 20616
279 442 15000
185 818 51546
202 530 19209
59 331 27295
389 474 16401
397 887 30150
440 554 18248
82 903 26420
315 481 10296
366 864 14866
175 737 11180
465 571 38897
465 740 57559
139 142 38419
244 434 38288
639 785 58310
828 835 34366
549 582 15264
181 709 19723
110 850 34015
384 894 67119
189 193 23770
418 672 22361
393 496 36401
98 651 17000
493 562 50990
338 386 36235
20 493 14142
282 287 23409
809 863 37162
438 444 20224
167 566 24187
251 303 33015
580 785 16763
174 754 10198
737 805 28071
18 394 18868
84 470 59211
234 706 26173
354 806 17692
143 485 41785
21 214 78816
159 782 23601
569 646 25495
25 255 19105
229 433 44385
27 519 18682
396 873 28000
413 652 23601
323 807 38949
299 833 21378
145 889 56515
243 304 42802
46 584 24000
772 893 43909
346 441 24597
432 481 21401
104 264 24839
37 408 53226
671 710 26077
490 805 23324
396 884 12166
287 581 29275
654 689 37014
100 187 34059
211 523 31048
179 879 26000
509 539 17692
17 487 20809
562 743 50567
301 683 39962
160 889 41049
96 795 73430
362 442 42297
860 870 24597
552 625 30529
124 586 44598
224 693 27803
247 255 34540
235 703 57983
211 741 24597
101 577 13342
267 375 54120
88 605 21541
343 731 36892
219 221 32696
43 320 26401
778 883 23431
269 500 40804
400 897 23324
368 475 13454
460 909 52202
347 654 17804
632 842 52086
40 270 31780
173 570 23707
57 185 31575
105 356 57801
479 829 45541
235 446 49041
29 775 25000
168 660 49336
365 655 54231
768 769 51225
53 791 38601
55 873 46228
64 77 63127
276 896 70456
218 767 17029
69 104 22804
431 691 13892
383 572 143840
645 786 26401
43 871 26306
502 682 27659
316 848 37363
413 822 35511
417 702 64846
466 779 32062
341 348 21401
403 655 18028
114 486 54378
339 770 40804
230 787 40361
138 188 49649
297 443 20809
403 849 21401
272 861 58138
113 540 30017
410 765 12042
501 860 28284
164 509 41110
671 683 24083
342 633 23854
77 547 17692
439 540 40497
183 365 40311
372 601 24759
30 409 51923
788 878 12649
340 551 39000
14 33 17692
817 842 39699
324 524 19723
26 858 45100
151 708 36235
482 907 23537
129 135 38601
56 243 26000
80 721 55902
628 885 29682
232 233 18028
157 245 44102
695 727 64846
353 431 53759
366 862 42450
557 662 16279
135 844 41340
630 807 25807
618 856 19698
105 861 14000
116 865 18439
90 775 24597
146 380 26476
107 810 20025
168 753 42426
110 726 47413
392 844 42720
40 715 12806
554 629 70711
65 396 26627
667 855 33061
233 275 21471
84 638 14036
307 893 53824
144 167 51614
274 756 61400
100 322 52479
773 849 14036
605 792 31623
338 350 27659
242 478 34132
734 785 33015
361 576 38328
15 508 48754
686 803 16492
228 779 34059
574 654 11180
459 778 32650
297 755 29428
607 857 19235
5 560 47802
313 349 17029
108 615 16279
280 816 10630
430 881 41037
227 372 16125
317 593 24083
115 587 49649
59 81 24759
266 558 20248
612 701 48826
406 645 32016
122 788 13038
49 293 30676
614 709 46271
27 50 14318
614 631 13038
696 841 20248
138 289 29069
68 135 38833
139 863 14142
62 466 41037
326 613 15000
150 151 59059
186 284 18868
106 606 47381
115 557 42107
503 808 150030
375 829 24021
533 621 17804
314 531 13342
79 747 21587
427 488 31016
74 744 14422
424 589 48826
244 329 27459
798 829 38079
91 865 33287
29 226 28284
371 908 23770
121 483 23000
272 707 21095
86 322 17464
448 817 38000
58 541 94048
315 755 43863
425 547 14142
373 723 40200
76 832 91082
685 793 20000
155 389 31064
102 587 32249
214 263 55543
154 339 19105
157 794 44102
197 812 45891
201 616 19925
500 599 22361
393 771 28284
361 428 43566
35 537 29275
226 650 21954
8 589 38328
243 663 11180
792 848 28000
171 874 14000
7 245 36878
177 848 29732
153 899 35341
674 687 15811
314 850 17029
402 578 18248
698 821 14213
20 411 24000
3 891 33287
190 330 37590
82 175 21633
289 746 15652
499 805 19235
561 889 46098
11 639 48332
664 911 15000
424 488 30364
87 447 37216
408 695 60877
55 821 17692
381 804 21840
309 517 35511
620 867 14422
82 377 37014
285 452 29428
840 886 34132
516 790 22825
229 358 32650
318 836 42638
94 331 33015
304 374 43863
678 819 14213
366 760 14000
145 614 53666
131 360 17464
275 450 59237
140 381 15264
529 856 43600
10 28 21541
80 585 63151
477 903 29732
295 475 25318
12 911 31064
209 546 43000
134 148 22023
1 77 38949
726 906 29155
252 694 35000
439 611 12649
344 708 35228
201 826 16125
90 486 32202
61 136 34205
123 800 36125
68 129 16553
111 302 22023
83 232 50000
230 242 34059
680 787 25807
733 880 15620
443 545 24207
468 555 29069
503 612 51971
497 854 53852
157 264 50990
475 590 25000
556 868 23770
199 562 40050
153 641 20616
315 521 25456
225 463 22472
15 404 44011
419 780 50329
344 390 21024
347 735 36401
285 859 20000
445 458 21095
607 684 34059
230 341 22561
67 533 38053
172 513 32573
252 294 48466
560 702 33615
274 758 26401
66 784 18974
143 644 24083
412 889 52154
356 744 42755
265 838 37577
8 187 27019
145 462 11180
211 590 29206
222 472 21000
161 604 18868
184 607 30067
323 736 39850
156 855 51614
49 738 20100
682 731 31906
333 619 40012
176 281 22204
375 774 30529
163 257 77878
594 879 41593
228 905 19235
41 130 19416
216 435 33526
642 837 48042
128 684 20591
92 657 75153
752 845 26833
500 520 41231
675 883 22361
301 622 50990
522 608 32016
595 773 39560
144 531 38639
71 487 82329
494 553 25962
283 397 50329
215 440 10296
72 243 41231
95 283 39850
316 585 65192
212 572 90802
95 800 45967
31 187 73246
75 584 27893
284 408 59942
238 575 159665
465 729 11045
127 551 51788
450 723 37000
734 890 76059
757 767 24083
357 664 21633
298 833 14866
121 591 26000
354 710 29206
184 857 12083
21 734 25612
92 849 63285
598 720 43738
201 882 26907
834 909 57775
208 407 20616
100 589 35171
267 281 24839
546 766 36235
222 728 31765
651 850 16125
192 793 230868
236 753 60216
513 753 59775
76 196 36014
85 749 17692
270 300 46400
216 483 53852
149 909 52038
286 891 19647
163 182 31321
21 793 112805
174 206 35114
316 414 28844
237 670 15133
325 527 57974
265 846 13038
351 751 30017
255 327 17088
461 735 17000
370 812 31016
328 357 24207
38 526 23770
646 747 29206
371 783 61098
348 780 57585
178 754 26683
22 694 24698
195 330 14560
594 620 19105
332 602 23770
70 767 29069
568 851 47539
337 391 10050
273 728 29155
49 712 19105
725 793 35355
414 721 35847
326 574 11180
322 604 19723
199 411 46690
53 381 23707
47 333 33015
114 808 65924
321 362 12166
249 592 41340
291 706 16031
141 335 49769
283 724 59908
107 530 22804
61 354 56569
33 649 18358
81 567 19209
546 866 17889
577 596 23087
343 704 21024
79 565 26401
653 793 124664
66 315 14318
420 612 48010
188 535 17464
352 653 27459
117 661 33615
82 490 26926
40 789 16401
99 150 13342
118 308 19235
106 870 22804
313 827 13153
241 392 67624
83 722 24698
331 567 28160
183 762 50804
323 630 36401
155 386 34785
282 342 22023
297 515 52345
14 765 25179
623 752 17692
81 331 15811
193 240 50990
502 731 11000
147 747 31241
268 463 32757
142 687 41012
59 152 33615
84 808 48662
831 909 12166
636 876 22672
45 562 13153
154 770 48270
270 888 10296
445 615 55946
348 478 50537
584 658 47927
448 713 28862
202 497 11000
80 204 49518
15 246 37643
522 869 40447
417 560 54378
1 681 18028
573 827 46390
391 693 42379
96 411 25080
268 789 33106
717 860 23000
489 781 38328
574 613 10198
111 891 52393
276 822 51478
135 261 23537
588 698 59908
186 678 50931
298 401 43909
747 752 19647
220 278 38601
136 212 21633
494 865 13000
67 575 37108
632 815 53235
324 467 12369
251 851 24207
29 90 31780
105 576 28284
407 593 21587
150 616 26173
149 288 28320
430 893 42953
204 721 33422
413 569 19235
249 902 25495
16 244 28178
422 898 26420
539 575 20396
88 380 13000
117 837 63285
50 695 57000
28 672 49092
452 656 29411
467 524 13928
65 873 16155
208 623 45607
663 720 13601
497 530 27459
774 829 26249
678 866 50990
253 906 24597
68 311 26571
652 822 44000
123 336 74061
484 643 57585
492 708 40522
399 587 24839
250 681 23707
515 801 35000
711 892 30232
5 159 72780
197 512 16031
402 508 69584
24 664 37216
71 492 40200
254 895 29967
13 404 35511
32 182 52802
100 790 24187
394 843 59008
50 820 19000
473 841 42720
759 779 46390
484 759 45804
163 526 16643
231 260 41110
142 620 32016
462 847 50000
4 657 50990
703 746 28231
291 673 39294
248 858 59059
132 714 33734
191 703 51196
203 515 48703
787 843 66038
444 558 19925
305 601 28844
91 371 24515
760 864 10440
287 633 34928
445 843 69921
73 506 31780
33 410 22136
421 748 32450
444 760 13892
146 395 21024
207 814 44598
286 310 49193
336 542 17263
387 532 17263
208 277 38471
358 376 30594
599 692 25298
136 320 41340
83 606 24207
65 74 55082
688 802 26476
217 345 27785
135 389 28844
115 418 32558
93 139 26401
525 910 30414
624 679 33615
534 610 66400
441 489 17000
206 856 30414
559 603 39051
427 590 42202
205 355 43046
536 904 16492
326 440 38471
443 645 35228
72 471 40719
623 646 15232
6 303 36401
447 693 30265
711 745 41049
58 122 28160
502 828 28284
32 163 70235
387 491 25060
25 228 42202
750 756 23707
112 816 43278
471 598 33838
363 496 12042
287 342 25239
114 869 31401
89 278 57628
733 800 32558
252 705 167156
130 524 38949
602 644 33015
334 595 56036
230 436 30463
363 477 46065
617 813 39205
119 688 32016
239 385 28160
179 542 23345
433 867 44922
511 748 65000
479 872 10050
209 288 32757
821 873 47011
622 839 39446
90 583 18248
36 635 22804
165 543 34205
347 579 50329
31 158 16643
619 845 34438
63 316 13342
369 768 47011
113 439 31385
335 871 40792
177 395 24331
232 723 20000
122 384 49518
630 758 17464
608 869 20518
162 352 27731
472 693 25020
532 841 46690
85 803 20125
27 814 45343
431 653 12000
273 483 42579
23 621 41629
6 119 61612
69 449 13892
22 180 27857
157 818 47170
141 454 20809
259 830 16279
296 726 37643
454 871 27459
369 837 38601
519 814 38484
68 474 14036
293 709 53085
709 738 51313
261 700 27166
473 556 31385
285 827 36497
164 222 24698
304 483 38833
12 559 60075
103 517 43841
122 878 20248
328 437 35228
315 432 22361
420 583 34438
544 824 29206
223 826 34670
26 640 31321
103 549 26683
24 854 17029
260 805 29411
469 907 18974
411 736 50090
412 813 24759
257 751 21633
825 859 26420
180 658 48877
276 764 27459
73 892 32650
476 895 28653
550 795 44000
488 910 50120
624 657 75743
289 632 26926
18 568 26683
171 638 10817
218 345 14142
335 498 23022
435 501 14036
641 668 22000
640 900 38013
758 807 19416
665 713 46957
466 763 17464
456 825 26571
279 469 50606
480 830 33615
179 899 19416
477 496 41000
6 209 55731
593 646 29411
683 839 22561
45 835 39217
248 640 28018
379 756 26627
131 595 29017
727 820 26627
319 738 26401
36 451 28320
197 547 33526
541 647 99569
636 648 21260
557 578 50912
491 684 35014
174 659 34713
104 899 33422
231 716 29682
325 880 32894
791 804 27295
98 363 44777
75 194 93086
635 875 27803
833 849 26173
573 826 40817
99 492 39051
212 806 80306
478 836 39051
227 456 21587
726 903 44283
334 805 42485
93 154 41049
332 763 10198
529 577 15133
197 250 30414
458 699 39013
460 507 36878
127 733 44011
145 151 45541
271 845 18111
548 735 52431
214 487 27514
616 882 14036
626 700 22804
310 795 68066
500 692 18439
106 720 34205
707 897 51313
210 707 24083
437 588 31906
36 729 53759
762 853 61587
119 426 57009
704 835 50289
262 772 39661
383 776 33541
710 839 21840
102 399 12369
46 532 21401
135 626 38053
648 820 18385
318 459 43738
312 528 36346
671 806 11402
105 292 30676
107 649 22672
186 840 16279
152 741 45651
438 864 23087
625 718 19026
649 810 16763
495 665 31016
249 270 24083
109 534 46325
286 750 79057
312 355 36222
69 724 56436
417 852 15652
147 565 17117
258 696 24166
239 863 18358
256 855 40804
111 125 35014
600 726 28443
392 908 36497
96 310 48094
364 895 31385
647 762 14142
97 690 31145
441 470 18111
369 642 14213
831 834 61855
23 198 28302
445 901 36401
463 859 20100
325 666 12806
19 188 55082
158 797 28160
14 234 14142
508 578 66611
587 605 22204
796 876 36359
196 832 55543
673 854 52345
415 643 21024
3 311 27659
384 441 32527
62 332 33242
409 818 50606
161 874 35440
257 339 23022
675 778 19416
124 810 42012
278 641 43012
325 551 42012
359 758 36056
120 423 92201
415 549 21932
199 550 32016
112 280 44407
152 160 38601
682 828 15652
13 459 43417
518 755 39459
729 831 10050
238 621 96566
296 565 21024
471 739 18028
219 896 11662
185 313 18028
311 550 34409
590 741 41761
190 816 41629
15 543 18974
51 665 43829
486 522 54672
269 555 28844
75 294 49193
9 699 31780
134 703 39051
757 627
414 962
740 814
268 219
631 973
602 463
356 657
235 346
571 605
397 300
249 779
324 380
478 480
195 252
509 417
469 282
95 729
550 514
721 163
836 734
162 836
941 616
933 294
331 326
778 567
889 567
896 391
417 292
62 458
331 625
161 321
408 930
207 265
917 560
646 555
747 330
825 443
502 971
788 860
229 747
453 387
128 321
568 31
485 987
858 795
935 520
481 225
916 327
269 571
893 405
562 65
618 346
541 109
627 278
411 416
721 238
342 721
116 185
138 563
435 536
513 66
791 499
624 241
727 583
432 451
596 660
903 232
742 829
464 757
825 686
170 693
673 198
801 307
435 506
986 527
372 979
723 646
96 483
426 157
558 177
121 545
369 215
645 275
82 326
584 408
155 349
772 223
575 314
487 648
33 471
700 941
162 217
526 858
135 503
468 775
787 736
303 123
316 281
249 691
196 393
315 913
553 265
876 639
482 743
352 572
707 250
231 298
627 589
922 659
348 255
661 808
77 588
486 600
23 399
488 301
676 905
220 527
497 188
652 499
853 850
798 172
108 212
438 843
169 298
660 773
342 957
387 760
972 433
757 836
449 368
246 146
518 988
260 731
707 64
734 867
522 33
566 435
710 137
542 879
517 80
588 8
566 849
858 476
352 341
201 605
596 331
427 176
685 63
704 434
246 678
194 650
167 546
523 732
485 860
687 845
463 370
429 689
152 335
560 989
144 577
124 360
57 652
470 963
847 226
548 450
632 517
394 311
907 679
755 424
364 735
90 336
914 752
81 674
383 897
357 197
570 962
611 308
347 893
519 780
915 606
312 624
440 972
215 104
978 499
336 690
789 483
218 367
666 160
631 387
66 517
787 100
6 543
608 393
990 434
98 554
408 980
743 669
948 318
820 780
365 157
283 691
268 316
593 732
592 213
895 314
395 864
959 387
523 123
657 472
398 653
167 495
540 21
558 157
116 772
328 937
755 222
854 724
850 690
387 74
543 647
374 44
826 239
280 660
823 286
285 762
66 486
339 797
753 533
596 772
516 594
355 161
659 323
676 329
209 250
768 138
914 720
112 598
967 338
535 909
570 359
807 887
518 560
711 214
456 307
392 665
545 406
778 613
864 574
182 776
764 647
603 451
982 616
439 233
446 242
765 581
505 373
453 887
901 440
528 182
314 164
711 872
629 606
170 759
463 727
360 968
184 475
564 946
272 743
247 834
200 760
476 189
396 624
782 214
724 718
686 348
389 150
557 141
532 684
299 53
41 562
548 965
629 94
430 787
805 473
318 754
717 777
637 72
685 455
712 108
270 353
244 267
342 543
298 581
964 571
182 567
401 197
603 710
159 177
165 145
228 723
408 55
639 809
636 450
737 180
383 748
664 244
642 655
516 185
826 638
739 733
767 820
848 276
326 705
346 306
602 673
611 244
471 96
497 479
256 567
557 55
314 116
151 366
778 727
413 356
404 844
285 924
759 597
368 370
451 280
84 550
134 536
824 503
448 226
293 207
634 27
499 801
756 279
671 824
472 874
339 811
494 589
651 93
778 838
142 658
840 700
106 291
296 888
477 576
315 692
698 830
411 870
69 627
37 577
473 26
852 312
381 522
353 351
567 787
706 685
263 150
329 606
316 104
277 259
403 282
250 124
164 449
706 490
188 533
294 496
787 647
724 946
341 781
639 295
777 162
579 894
561 757
392 186
684 422
678 689
570 326
530 88
254 94
312 40
72 246
543 936
654 856
965 500
103 467
718 843
143 679
766 278
754 929
244 234
540 530
587 312
447 473
397 749
709 816
556 277
462 690
121 199
539 304
182 146
508 461
644 772
549 749
510 107
777 420
345 675
200 286
812 734
190 590
433 135
627 220
861 593
851 154
614 964
464 323
470 538
15 484
260 437
502 218
908 776
202 424
709 673
595 498
210 484
366 629
961 589
682 653
46 630
580 669
613 813
427 282
745 254
544 606
348 399
182 417
474 629
319 942
95 269
311 62
586 698
185 437
579 596
730 169
776 260
573 155
457 769
631 370
766 309
347 759
245 292
571 20
904 290
318 802
289 49
581 617
489 522
660 413
301 845
203 594
304 750
754 268
721 370
819 529
410 344
257 797
274 97
77 267
636 181
805 239
893 505
728 830
178 542
444 269
318 238
500 531
588 852
508 157
597 682
257 110
775 172
820 540
819 461
52 445
107 746
211 453
110 277
343 208
953 478
210 689
826 744
659 923
570 84
278 247
268 327
653 40
340 171
286 822
731 255
820 818
4 481
525 606
740 361
794 338
632 437
530 373
886 213
344 79
302 385
742 653
883 742
880 513
639 748
192 407
845 608
638 666
891 373
246 812
620 655
94 410
175 465
423 339
277 456
479 977
348 829
884 271
330 895
253 304
359 303
948 503
905 270
967 648
649 156
751 574
675 559
956 355
874 200
512 615
183 119
496 784
527 423
312 522
571 679
700 472
711 659
243 883
870 613
795 800
378 811
922 644
652 898
322 960
231 810
866 489
485 343
191 456
321 440
660 935
176 583
860 782
463 262
460 245
410 178
382 290
106 533
544 488
442 118
60 663
758 382
451 3
278 724
287 913
894 196
324 568
328 910
521 307
314 841
206 873
633 43
883 621
30 453
959 520
546 239
127 283
537 293
365 426
230 384
185 518
822 162
160 811
489 112
560 799
247 175
351 908
575 456
655 209
306 832
418 238
359 764
833 481
346 470
134 376
555 306
660 256
976 469
69 390
83 658
927 701
470 617
14 532
297 915
249 629
630 573
264 697
239 549
373 887
447 186
558 818
916 256
454 77
479 135
174 236
906 618
736 905
132 440
400 440
260 926
744 714
256 640
689 122
671 80
133 643
761 348
939 402
626 821
96 327
205 799
880 597
507 719
285 485
840 594
860 500
557 718
465 129
266 64
925 418
216 281
85 497
333 281
414 149
46 642
285 902
200 145
330 783
230 185
940 564
409 920
892 632
207 558
469 340
709 225
335 363
601 85
412 834
460 414
529 719
373 480
114 613
453 23
444 333
282 277
528 833
445 505
844 261
474 358
754 446
143 249
558 585
775 626
826 791
429 21
954 443
88 747
618 421
537 820
651 531
248 901
280 144
53 618
298 808
806 264
954 637
836 405
923 450
405 313
415 393
542 618
714 899
54 504
643 906
737 89
797 847
917 770
228 268
414 635
171 678
295 634
455 49
841 353
267 552
580 127
551 981
237 737
371 186
712 283
925 617
640 789
698 217
613 187
632 254
643 335
415 729
81 728
390 233
897 427
811 211
710 369
120 584
809 818
653 454
403 801
178 856
286 853
790 689
359 186
267 591
642 164
729 427
145 506
627 861
906 761
423 514
800 355
726 115
447 152
242 410
571 396
652 732
441 869
466 147
865 685
373 899
632 705
663 711
835 691
740 697
793 577
178 449
94 597
256 74
826 513
384 177
192 277
717 440
851 673
335 473
303 513
496 907
272 230
651 573
209 164
595 920
55 482
345 46
387 651
464 501
787 531
423 556
105 239
579 975
667 968
578 654
211 857
541 697
543 564
115 223
242 757
172 396
578 98
573 280
76 763
466 713
751 800
987 398
124 338
638 880
707 526
435 807
639 713
677 536
602 417
551 94
331 188
460 14
759 693
34 334
578 878
211 297
132 665
788 678
208 573
926 357
642 147
49 555
611 155
385 706
743 437
912 405
424 404
414 105
564 660
330 545
293 793
299 689
324 718
840 798
603 895
539 170
700 370
462 993
169 166
649 405
845 832
530 506
283 533
394 952
434 43
777 494
916 469
637 125
599 529
769 889
478 171
359 955
253 594
601 280
195 163
347 289
588 470
600 971
204 107
320 313
493 412
365 869
973 488
892 522
306 770
735 283
352 586
135 418
544 893
175 439
672 923
716 480
570 826
872 466
54 404
713 272
594 35
589 842
447 445
90 350
778 370
956 417
854 663
127 219
519 806
393 813
652 681
265 711
449 483
459 471
375 456
743 497
394 719
205 769
146 618
237 904
712 796
816 336
673 611
40 305
419 255
397 80
442 678
515 241
508 764
902 566
601 625
177 801
346 228
747 590
734 530
417 222
280 115
718 923
702 382
255 477
350 363
