968 2684 30 149
27 725 32757
471 685 50537
25 448 31953
487 864 66483
422 549 57280
485 948 35384
751 884 18358
130 797 35468
109 289 12530
178 183 22000
711 756 59169
742 763 13454
162 832 43829
216 663 27785
388 472 19235
284 592 45618
452 634 27019
200 963 25807
624 757 24698
373 767 21401
119 197 13000
109 152 34540
748 755 47424
6 603 10296
348 482 49010
440 708 20616
168 426 52839
456 461 18868
616 770 14142
816 839 20616
722 900 26571
145 438 32016
207 919 25060
252 419 27019
865 938 27019
640 715 55218
814 943 38013
50 391 22825
525 958 15652
271 519 66753
70 432 38601
316 651 46840
13 20 15133
302 632 13928
288 583 38833
196 448 18385
829 902 38833
728 849 24515
421 932 22136
374 393 19209
310 947 28653
905 942 47170
154 555 38013
481 849 19209
13 595 23431
189 911 41340
475 843 29698
268 296 24515
281 886 11180
158 592 15297
30 365 38288
125 590 37656
403 829 25060
492 628 38484
75 499 19026
392 567 10296
664 807 13601
55 329 32573
370 775 34482
223 379 15297
264 957 42000
91 213 30871
311 605 14318
362 872 46530
141 390 19416
99 201 26077
260 922 50040
733 946 44598
225 333 24042
14 208 38601
34 44 19416
95 930 48508
197 924 35609
414 452 28443
49 791 26926
13 572 26907
364 833 30676
410 778 23087
528 595 21095
234 508 16031
23 510 23537
171 288 38275
400 793 54708
316 764 36125
179 763 29833
166 507 25710
136 842 47297
560 619 31401
684 931 69354
127 483 23854
98 325 53907
147 647 24413
309 926 40460
283 537 32696
462 482 27203
344 896 72801
36 835 13000
352 477 51624
617 628 39560
295 653 34525
157 669 32311
502 681 12042
380 586 35114
145 199 25942
368 913 15000
35 800 35735
526 930 48826
336 657 18028
593 923 17263
529 793 91351
355 598 23087
376 504 41869
198 680 41183
680 765 128160
9 234 22023
778 853 45011
90 929 38079
53 727 65146
478 482 32894
223 449 24166
678 931 22561
319 731 25020
244 290 48021
105 403 29614
220 694 34059
687 956 22825
513 539 32202
26 830 35355
415 653 14560
743 820 38328
246 407 49366
13 528 33734
467 487 27459
790 892 20396
157 303 47011
217 303 43012
811 874 12728
506 965 26683
723 902 49204
418 789 30232
71 203 49497
491 929 25060
265 289 46530
301 466 53852
635 781 26907
745 779 30232
426 604 16125
563 889 31385
43 712 30017
605 951 38833
670 801 19799
377 960 32202
186 746 35355
361 651 42450
52 230 37216
438 734 33377
174 746 38897
727 852 17205
469 945 24352
65 324 24413
40 905 21378
86 697 33838
303 669 41593
486 516 33302
32 932 30414
574 877 41183
484 524 38471
572 918 23345
53 555 37054
104 345 27074
348 375 13000
69 963 39115
182 503 26173
601 622 15811
95 131 32696
454 658 30364
876 900 23854
304 551 27731
258 545 46530
61 402 19723
359 822 21024
140 488 25298
625 762 47854
491 939 39825
107 668 10770
568 912 21541
384 455 18682
470 520 28284
204 807 39051
538 744 15264
156 697 52038
289 540 30017
388 854 34785
501 509 65734
25 527 47096
555 725 20396
795 918 41976
94 823 47854
45 767 34482
435 742 44553
562 781 11045
334 582 29614
570 935 13342
35 576 39459
25 775 33015
476 603 43012
122 752 33242
590 792 40361
688 791 14866
110 610 47424
21 798 14422
646 870 30000
328 968 41437
827 909 35903
242 519 38833
81 639 26420
71 776 39217
493 925 55362
87 815 23087
294 606 58034
879 894 40025
20 79 32249
449 456 33838
457 458 18028
118 800 35128
465 761 10050
687 901 34928
402 873 21401
146 552 45277
100 943 31257
76 597 59439
214 498 40608
104 812 14866
1 765 63071
321 518 20248
90 371 21213
328 673 19723
457 511 43681
143 710 69260
127 866 11180
109 550 31575
338 844 12042
56 529 36139
480 563 28443
558 831 39623
594 619 33136
473 897 23854
263 784 37363
443 653 27074
863 901 22804
136 513 28862
82 500 28636
785 788 42426
801 950 20224
114 959 19723
569 584 14765
726 940 15620
184 363 22472
694 831 39294
220 274 31780
500 572 34540
210 731 31241
14 826 36401
842 885 57140
4 648 49649
307 546 19647
104 218 58034
221 493 27731
213 775 24166
81 387 10440
128 939 13416
228 435 29732
75 702 17720
280 363 44688
31 383 46325
30 254 18439
76 453 58669
61 128 21840
11 826 32062
884 939 22000
112 140 24331
340 599 28443
655 897 47508
385 711 18439
65 928 33601
620 951 53160
110 717 10770
5 204 16125
85 363 10050
425 668 10296
258 802 13342
457 483 48042
105 338 29120
566 907 41183
591 923 33302
677 955 17029
200 273 29614
322 681 47885
297 895 30594
355 731 45277
48 280 24515
172 901 42059
143 487 29120
2 456 41485
141 428 40522
266 917 59666
429 824 23345
467 816 22825
54 531 37577
134 911 29732
177 494 34176
281 635 23537
218 736 70036
646 783 18974
156 183 28460
233 865 57775
624 875 22627
23 53 71568
421 946 56365
658 822 21024
470 497 24698
406 875 31016
436 688 35903
91 310 29614
914 942 25554
400 851 25495
177 701 16125
717 764 29069
459 696 29428
628 709 10198
557 592 25298
30 849 49518
675 906 59414
298 723 17493
137 773 35468
267 967 17088
128 884 11662
172 767 29682
110 490 29206
491 662 14318
22 546 12083
174 724 42720
65 269 22361
38 495 29120
54 966 23409
211 862 33121
292 475 15133
673 685 35171
306 702 56143
165 399 14036
373 780 31765
112 892 21095
796 843 18000
293 455 44045
442 669 45541
148 224 23537
164 254 52631
219 650 29547
199 848 16031
298 681 39357
28 739 42450
139 832 32558
117 240 34234
474 880 33377
252 493 21213
356 390 33734
309 497 27203
750 870 41000
205 453 15000
447 897 49193
31 63 25632
173 889 24042
528 704 38601
96 332 19647
182 670 33302
413 967 51430
53 725 44777
540 713 12042
288 864 27203
687 863 18439
471 735 16000
517 526 35384
450 923 51662
650 802 36056
19 218 57871
259 646 51971
403 700 14318
135 253 20000
138 333 10050
796 957 46615
446 792 25298
314 335 24597
252 728 37643
174 821 35805
450 809 31321
479 607 19026
294 587 19849
756 927 20025
232 766 21840
159 378 32757
716 966 28284
115 649 29411
855 944 21213
561 950 19235
26 67 36056
152 357 16155
339 841 21095
149 179 39962
229 956 16763
218 812 54342
161 949 38328
594 691 22627
304 782 14142
281 562 26683
55 93 21024
258 315 12042
144 847 58138
4 513 66219
824 860 30806
123 743 57801
510 879 58000
566 645 41012
413 827 46755
232 575 26683
577 746 27586
99 909 13601
430 488 16155
28 735 51196
381 500 26926
259 427 13038
203 482 36359
193 940 32280
854 921 40608
147 633 10050
190 409 44045
789 956 45607
24 861 26870
149 218 86371
93 596 42802
596 909 33287
544 740 37014
234 471 12649
70 279 38897
16 385 17804
300 410 22561
199 556 57983
699 902 49729
544 785 22825
8 600 30000
558 718 13454
544 804 35468
497 815 29069
59 918 37014
417 593 29206
530 905 32016
644 755 33941
445 851 23324
551 553 16492
94 934 16763
250 775 27019
226 760 16492
464 706 19698
47 908 28443
167 790 24187
122 153 20809
345 569 30529
610 797 35000
260 431 40792
411 592 31257
255 387 13342
201 902 47802
676 841 45177
443 806 25495
234 735 23324
674 841 41340
21 635 19000
25 196 23770
364 723 41012
71 670 60959
398 469 28792
503 801 34986
157 442 24207
932 946 44102
322 501 48270
331 637 36125
126 294 61057
199 259 32757
49 436 32388
94 424 44418
416 916 28231
357 550 43186
60 454 15000
180 933 14213
368 394 20248
115 437 40853
358 643 34713
411 701 74202
295 436 46271
195 330 16125
200 516 40162
98 266 25612
388 889 15811
174 531 36688
846 937 49041
138 704 32062
50 425 27074
352 608 25495
559 900 41012
22 377 15556
462 705 27019
216 837 34132
332 869 39459
432 618 19235
138 380 19799
824 963 23770
13 500 33242
342 650 50695
196 512 46141
807 869 27459
183 737 58009
196 302 34015
447 655 27586
530 766 26627
100 741 35511
671 799 37363
484 671 42638
317 417 15297
194 258 26683
797 887 17464
526 774 44598
11 513 15033
22 651 28443
138 225 29411
283 415 31257
233 433 67119
695 833 37121
498 521 45222
365 539 32650
404 573 16279
458 804 46690
494 922 26249
431 682 23345
243 759 43267
413 848 55543
153 810 13038
727 926 61074
92 566 10817
212 845 25080
190 686 28862
318 906 22023
939 944 16031
432 743 17889
233 469 30414
331 905 50912
513 648 56604
429 963 22804
230 308 27659
472 793 19925
531 676 48301
604 962 21024
752 796 14318
403 844 33971
55 916 33971
379 574 49000
37 892 39446
19 219 37736
130 586 48094
240 697 47074
750 928 57567
56 630 74330
42 297 38328
68 888 36401
633 826 32202
132 351 10440
604 691 44407
23 522 19000
610 717 43829
811 964 44777
151 846 29017
57 885 57385
73 797 37643
292 895 45177
552 779 29732
492 747 50329
184 477 20809
445 878 34176
67 137 23087
73 879 39000
33 868 29120
724 940 36069
323 405 31016
144 536 45804
672 925 27019
176 441 27313
206 213 47381
759 897 47000
654 714 31321
278 440 16155
497 520 26870
46 741 51624
10 25 39623
18 794 10050
609 890 34785
120 255 33971
852 879 21260
621 730 38288
451 631 28862
147 505 14318
707 936 67720
18 175 25495
205 406 37855
76 235 48754
9 328 17464
84 507 31016
44 255 13153
37 460 17205
63 536 13000
647 826 21260
70 303 36235
297 617 18385
490 912 29206
662 767 50329
130 887 31953
791 806 33615
437 750 68264
350 946 22825
70 538 30414
98 793 123556
103 241 13601
141 674 12369
416 833 44643
434 710 35341
226 464 31401
607 902 30083
80 191 38897
82 528 26476
260 723 29411
29 150 30017
153 305 21260
60 658 24759
102 890 27295
405 677 48104
89 537 16125
270 787 18111
4 208 17720
46 680 23770
348 705 62482
897 915 40804
766 905 47265
285 877 34785
561 760 19105
287 941 62032
12 569 23022
8 631 39925
518 946 54037
215 390 29411
237 620 15620
370 527 58796
686 872 38626
126 843 54332
192 621 29428
296 869 39623
309 555 47539
678 919 51157
472 921 32450
137 411 52498
288 761 30000
339 676 59397
349 867 30083
352 884 29000
248 883 30414
505 564 17493
633 842 36235
367 892 16401
46 100 63071
571 959 14213
603 691 89000
407 941 62434
450 488 33422
527 669 26571
18 557 26000
792 910 33015
613 797 40804
312 832 32450
486 963 12166
79 678 31906
399 902 24042
108 532 58592
836 881 37363
359 658 29732
358 892 29547
509 682 58249
527 947 63063
269 437 21378
174 645 35777
71 825 26249
580 797 44922
47 369 35355
217 719 13416
143 938 45607
551 893 18439
443 695 23022
238 383 51157
201 364 44294
694 748 38275
379 877 46228
622 696 44204
189 558 70725
541 716 17804
32 174 33242
457 778 37000
118 552 13153
109 357 38053
168 780 27313
109 265 48270
733 896 76381
114 919 31016
495 521 35511
313 418 41012
146 290 36401
632 758 22672
291 401 22361
123 455 55660
80 686 32558
70 755 44102
158 338 41437
324 605 40249
8 221 47885
217 834 33377
29 328 37802
462 569 19799
491 873 66888
230 815 40311
16 118 21024
404 708 29120
661 912 34015
155 247 25495
158 411 38949
28 471 56824
191 872 45618
629 778 56569
554 779 42953
689 863 26306
494 700 13416
516 824 40000
612 847 44721
355 460 55317
84 627 45695
67 773 16763
143 434 73553
286 379 55579
153 571 21095
206 310 28443
102 474 44385
121 138 26306
517 774 44777
339 754 42048
219 705 20248
805 839 27313
204 466 23345
73 894 24187
466 576 60108
16 396 32450
368 911 37336
192 291 14318
552 800 38328
481 728 11402
414 634 34828
118 961 19235
245 579 23770
700 829 17000
78 97 38210
303 538 33734
212 734 42426
150 881 17464
28 511 11705
599 953 32249
15 458 21840
241 439 29614
342 698 32696
134 558 64382
527 834 48332
68 478 19235
544 601 42012
38 251 20000
259 848 38601
85 637 32757
284 411 38601
627 858 20125
376 805 20616
220 900 10050
301 667 22561
8 272 41049
916 924 36056
414 440 21932
582 792 20616
40 602 22561
560 691 24000
774 930 13153
137 880 91788
4 14 47707
52 815 46065
472 679 17464
453 518 33601
106 492 33971
33 872 79025
360 618 11662
514 550 23087
58 697 40000
542 793 10050
236 541 24187
343 380 16125
771 918 38328
398 496 23854
51 647 31401
136 539 38626
665 701 107056
738 754 32202
522 852 30806
177 922 58523
56 365 45607
245 581 27295
203 670 40025
338 615 18788
323 591 27000
5 869 19416
278 551 42802
323 417 13454
644 694 32280
8 493 54037
51 505 12369
420 562 46141
614 960 29732
635 886 21840
23 660 69051
243 517 21932
228 327 17464
259 761 54203
287 384 59076
212 857 39205
366 854 12649
164 239 45793
444 501 23324
408 415 15133
610 613 24083
476 691 132004
1 890 28601
565 600 13601
170 832 25080
661 762 37216
604 840 12207
166 667 35468
396 702 20000
134 749 31401
913 954 31064
352 402 18788
198 412 32388
305 386 11180
512 878 33971
15 457 32558
45 172 16125
143 467 33615
81 120 44011
357 727 45343
509 922 44654
580 879 34059
30 481 55543
579 734 44385
523 902 42048
489 924 20396
281 616 22136
311 507 24352
71 535 29732
12 104 35511
398 811 28636
444 730 88295
108 182 17464
57 633 39560
703 955 23259
609 838 69814
506 912 61847
371 619 26173
665 922 34986
917 934 52010
765 880 59034
31 877 39560
76 703 25495
564 633 22091
193 566 21587
22 227 14422
34 120 32249
314 393 49649
131 735 29614
782 818 15000
440 937 28653
122 957 45044
608 873 27514
163 692 19416
77 412 29833
186 236 13892
614 651 25179
229 687 16492
586 721 43863
333 777 27586
44 387 18028
468 867 27019
352 751 37947
759 861 42297
531 821 32558
237 714 32894
315 342 34132
794 952 21541
278 606 27893
84 724 20396
39 770 38897
177 844 28018
428 429 13601
88 350 23345
335 532 54378
319 742 15556
261 962 38275
239 254 16279
56 239 19313
476 905 51313
568 625 56798
113 946 64351
59 832 33541
334 747 21954
501 682 27893
116 237 10440
278 553 34986
88 554 18028
410 601 36359
220 722 30610
445 849 35805
88 733 24187
398 609 61847
105 952 26683
305 678 50249
224 759 37802
106 901 36249
308 331 55785
329 646 18439
643 847 39051
256 606 16125
205 518 36715
54 821 22091
209 702 33242
516 753 38419
34 303 48765
191 686 34366
57 382 43417
226 950 18682
492 873 55172
132 953 16643
237 949 47424
249 808 32757
666 788 49518
562 660 55606
163 618 18601
360 786 13601
412 883 31000
141 356 31385
59 795 10770
346 891 66310
278 304 46011
382 633 45255
190 362 21024
315 650 36892
493 672 53151
361 764 10050
265 309 33956
38 263 47802
265 540 39925
369 882 27295
317 593 17000
249 789 42638
638 809 39013
35 554 12207
32 746 16492
107 887 46228
434 556 33242
264 294 16031
181 504 31401
313 917 58830
68 395 24839
643 790 30529
404 553 32311
434 583 38184
848 967 45277
744 748 50120
805 816 33956
838 865 55902
214 753 17804
50 610 29833
119 654 18028
339 674 33015
507 605 35805
190 927 20616
231 422 59008
729 881 18248
53 926 17029
43 123 53814
720 730 26401
556 710 12728
377 614 23601
223 456 43417
137 830 19313
78 782 30414
54 676 29547
154 942 140460
297 475 41593
498 753 31623
114 386 19105
391 626 35384
116 253 46615
27 354 36401
919 931 58822
409 850 20248
179 319 15264
39 725 45607
235 321 10296
327 435 20809
154 725 38949
46 732 48795
483 629 28160
496 838 15033
315 802 22561
275 547 15000
82 111 12042
276 651 42720
189 954 11180
326 945 44045
282 444 30067
69 428 37696
109 381 32650
127 389 28320
261 548 16643
715 911 38000
269 324 10198
337 808 30265
6 656 41485
63 285 28178
549 711 54571
666 738 49336
89 283 26401
551 629 42953
325 563 15620
817 881 36878
64 356 42755
685 729 30364
416 695 63569
480 917 36401
105 165 15556
90 767 32650
468 904 44011
326 830 48826
614 894 31016
556 583 50090
216 576 51624
325 480 24759
578 707 43863
102 964 32202
749 882 27893
293 883 16643
15 778 28302
189 693 17464
278 294 56798
617 747 44911
193 645 42190
130 330 37014
417 638 35228
287 822 32016
52 87 34015
129 210 26926
483 511 15232
859 941 14142
312 931 62266
160 934 12369
292 752 27459
50 887 47518
61 491 53600
331 942 41485
55 924 17029
11 14 55973
113 205 30017
67 830 29155
166 543 17088
182 958 12806
213 249 43909
14 647 19416
142 591 48836
244 344 35693
359 454 41593
184 931 62032
151 881 36497
136 814 55731
191 730 81025
293 505 26306
66 609 16401
50 107 24597
371 962 19105
548 962 41593
694 755 33734
47 749 44598
591 677 42202
283 397 26173
390 965 24187
196 336 37336
95 739 61717
688 806 37483
397 415 26420
382 412 16492
608 931 72897
64 641 16553
37 367 36620
452 590 45310
166 772 46000
550 879 52202
107 721 33061
219 569 35384
747 910 35609
58 677 36056
274 694 21024
263 484 32249
17 343 19723
187 862 29017
56 814 102528
384 859 11402
133 609 33734
250 337 17804
64 965 39560
577 642 20025
316 717 25495
97 853 23770
106 689 53759
146 499 15297
83 712 22136
683 867 23087
41 176 42485
322 431 43966
135 543 10817
522 727 21190
233 936 56613
685 836 19416
199 578 53814
112 790 30806
33 191 121342
1 359 44272
247 817 21633
144 185 47381
679 851 12530
81 369 80306
428 541 42012
159 947 44654
800 837 13928
379 860 60926
133 287 19416
149 736 17464
96 161 15652
362 686 30414
43 743 11180
692 786 18385
618 743 17029
144 731 44102
80 621 29155
269 897 34059
3 293 42190
228 736 48826
246 941 61131
437 649 26000
385 961 33242
175 581 21095
276 797 33061
395 478 19000
513 813 40311
126 475 36249
37 598 43417
89 409 13454
93 99 40608
63 877 24413
547 900 22672
270 569 28443
260 699 20616
862 876 16401
94 313 15133
692 712 21932
644 743 31385
172 687 12369
399 534 17263
151 817 41037
505 633 18385
428 875 51245
129 742 33061
672 813 38949
518 733 39205
811 945 27785
175 845 16971
576 800 48826
285 379 25318
379 456 46872
468 533 39205
759 915 14422
239 529 29411
114 571 22472
553 573 27295
275 694 29833
209 318 26000
662 929 28018
118 837 31623
475 895 44385
512 917 33121
229 418 19105
531 599 24187
322 791 27731
47 748 31828
666 785 31048
664 949 35805
466 807 29833
267 827 27074
292 810 38079
645 726 19647
279 719 27857
479 581 37336
189 718 71028
559 816 33242
304 893 11000
583 761 40792
101 666 32802
344 779 18358
489 870 58796
451 600 22472
765 890 44721
469 811 22023
405 638 31016
232 280 32450
616 635 12166
251 698 19416
210 238 16125
286 456 37577
116 135 40361
504 805 40792
660 725 43966
418 424 39319
203 683 18028
485 913 10630
348 545 37121
15 410 17029
9 673 24739
135 772 52355
248 455 34928
66 133 26249
102 609 23854
282 720 40012
316 776 53814
406 624 22672
288 690 24042
72 420 23022
477 608 49041
607 827 28071
41 412 13038
90 373 35777
347 961 33242
187 211 17000
9 819 39395
216 466 23537
74 949 21024
72 510 33121
186 624 26476
283 295 25000
242 374 19235
617 910 20616
124 514 37643
613 764 10198
156 737 56436
617 895 38601
93 916 34234
9 508 25807
578 710 22000
13 79 30017
402 608 15264
515 828 22091
86 240 32450
298 431 19416
193 858 64000
235 703 45486
17 696 31401
95 735 28844
117 372 25080
675 702 46174
169 896 23854
29 729 27586
282 436 38275
103 753 19723
535 561 38118
289 381 35228
381 514 33971
69 273 49244
519 904 44944
202 935 25239
72 706 17692
548 780 23707
162 540 36125
388 542 15811
153 386 18248
215 856 29428
201 827 36797
76 623 43909
62 768 14036
516 574 34000
294 843 26077
651 894 44407
690 903 38013
273 356 44283
48 352 68007
8 834 43267
74 161 29411
84 166 45222
599 861 44922
466 663 30364
211 820 29698
334 689 17000
4 565 38897
103 200 20100
79 920 15556
414 937 23537
383 574 35511
619 929 37216
269 473 39051
446 582 13601
610 887 32249
105 844 29275
73 276 28460
757 875 25962
882 908 22136
391 425 24083
41 883 26401
449 461 22561
413 596 18682
206 689 48847
359 441 41049
752 810 21541
6 602 41629
2 205 35440
164 849 46755
484 784 14560
361 613 15000
389 553 40804
1 441 51624
585 898 29732
481 672 44944
262 939 22023
369 748 47043
150 247 38118
374 659 77389
512 933 24839
231 347 10050
608 919 51788
111 586 48549
139 170 36401
650 698 39812
799 935 44283
670 867 32650
300 696 10050
474 611 22136
34 255 22847
228 495 45880
238 435 33541
119 695 68007
325 589 23770
347 663 27459
68 584 28320
16 711 30676
403 494 17000
456 597 37537
319 355 40050
23 562 51884
450 593 38275
299 656 24759
144 612 30000
885 943 16401
429 585 42048
857 945 63953
93 835 46755
356 965 43139
14 123 38079
653 695 43463
312 918 48765
707 734 24083
329 489 27000
611 880 16971
27 281 49739
80 401 23087
53 660 31016
115 485 26627
358 612 31145
72 464 21840
494 523 30083
389 551 37855
32 907 33061
673 729 32016
554 800 34205
559 862 34438
191 192 51039
485 649 18385
392 865 16553
173 180 25080
301 772 20125
261 780 21190
625 776 15811
280 575 22472
116 949 50000
438 579 23409
312 572 59304
540 918 25080
225 380 32573
30 813 39013
754 856 40608
609 964 42426
155 846 19698
180 917 23022
689 901 36715
366 512 18385
101 391 48010
341 790 30083
3 123 15297
640 749 22472
197 714 17692
621 850 10440
511 866 15297
30 672 40311
105 615 32016
43 163 27074
524 784 34928
389 483 39812
568 661 15652
186 716 23087
227 651 39812
25 370 36125
52 139 48166
407 838 74330
386 571 22136
179 742 19105
219 270 29069
296 415 34059
562 886 17000
695 871 62968
637 684 30083
188 590 32573
3 14 36222
623 677 53488
277 506 26476
247 882 15264
628 919 41761
619 899 28178
192 730 30000
113 406 28425
277 965 29000
176 198 25020
502 695 31385
164 529 34785
273 784 26249
215 506 22804
233 857 69570
676 966 38949
246 567 23770
724 726 40853
3 51 28018
295 443 38275
779 800 33541
116 951 51000
461 623 50596
517 738 63411
670 958 33541
585 875 11180
184 684 50220
231 663 24515
388 921 36014
17 853 33242
448 758 25710
47 134 59034
211 455 60033
436 720 14560
905 914 30232
627 940 65307
860 898 25060
263 698 38471
24 915 12530
231 711 43417
455 859 16155
120 538 38626
782 893 16643
472 542 18439
246 504 39661
233 838 23431
318 756 56321
323 677 34059
116 620 15000
125 446 20809
383 828 22361
214 574 16031
274 722 26926
166 627 24839
221 834 22204
439 784 20591
397 927 50774
168 548 22361
60 248 16643
268 408 12000
502 806 33242
837 961 28460
97 778 44777
251 495 23324
131 508 15033
42 126 15524
68 519 53339
120 744 31828
767 929 49031
127 685 26249
167 623 26627
4 712 15652
390 674 17889
152 309 43681
136 630 53263
490 717 33838
410 622 40447
124 381 49366
125 188 18028
663 961 39000
15 601 30067
523 700 22023
46 198 30150
620 928 62201
391 740 40025
121 528 19235
66 407 19647
83 123 47127
541 841 52355
420 510 28862
639 937 27857
98 589 32202
124 130 26173
7 306 47011
69 429 39013
256 452 12042
438 707 18601
523 922 32894
615 794 10817
236 757 11662
336 512 36346
550 852 57974
642 821 15133
113 518 47676
693 891 18000
368 954 35355
516 860 33302
317 591 13342
640 968 27019
744 755 30610
183 240 21213
487 903 74061
365 630 43417
72 532 44922
36 201 27785
564 883 26476
48 855 51662
171 903 52345
419 448 17117
132 531 24042
601 626 35000
7 702 59816
708 937 20881
145 579 26926
3 455 50040
82 636 33971
70 451 29833
241 784 30610
91 206 40497
431 681 34670
435 763 45651
442 527 56921
61 352 25962
194 570 21954
313 657 53852
436 621 45398
112 341 10770
62 861 38471
473 819 35171
448 527 45000
321 703 41725
7 737 56080
159 634 21190
115 368 20616
129 435 34059
211 805 48466
135 166 25000
422 869 33838
463 885 26000
395 888 21024
254 365 42544
124 586 53535
119 871 34059
504 941 46043
24 62 23022
503 706 50120
358 847 24698
613 717 29547
675 868 20616
875 898 34482
56 254 29428
313 337 39560
262 929 31953
291 621 19416
320 352 23770
151 404 20518
294 304 26476
459 721 37121
533 904 12166
330 580 11402
208 712 13454
767 901 49659
532 781 51971
36 833 30017
289 771 37162
701 844 25000
191 401 25495
648 813 53935
177 665 91285
117 183 26870
503 532 51662
225 853 32757
514 879 40792
360 432 21954
667 772 18385
266 480 56080
664 769 34655
70 786 30806
654 871 18358
172 229 20616
615 952 26019
124 195 16031
167 643 13153
45 418 17029
640 882 37696
136 885 60877
318 362 45100
266 823 55444
110 912 41304
32 186 44294
59 162 35468
45 424 33287
378 634 21213
28 127 32311
24 768 20025
178 372 30414
652 656 50990
169 703 27731
353 895 12728
327 763 41049
679 921 24166
330 797 46043
206 582 21024
88 745 17889
43 83 22561
324 897 30463
349 468 33838
307 960 12207
738 788 24698
459 668 29000
71 375 24839
195 514 28178
276 361 23000
520 555 31016
253 605 33106
174 351 41146
346 903 66843
169 677 29530
49 444 39446
89 850 28160
94 418 45880
78 818 22804
378 414 25710
122 777 14318
539 813 14213
113 624 37014
637 766 19105
140 809 20396
245 267 17889
133 890 34059
122 225 32249
458 739 38079
286 860 16031
458 544 41881
161 654 35228
410 696 21587
648 672 34670
225 343 29614
120 369 80000
627 724 53740
751 855 21213
541 757 22204
486 824 30806
307 377 28320
174 726 27166
337 789 20616
508 819 42544
331 766 42450
188 634 35468
356 524 36688
61 320 16279
171 465 31906
525 533 16031
346 559 20616
482 683 23854
84 953 29967
246 865 29614
895 959 25962
514 580 33106
209 675 48795
98 426 161941
186 421 36125
622 668 19209
719 834 23707
542 889 22361
13 82 42485
479 827 34205
292 843 19925
290 306 15000
170 684 17117
148 526 40000
347 385 22361
289 713 19799
421 624 38601
17 586 32650
39 154 78006
339 738 38897
182 525 22204
16 552 27803
12 345 17263
521 828 28636
412 564 36770
536 847 51400
264 796 27295
357 926 48270
262 944 18111
250 657 20100
8 648 25080
406 898 32202
499 702 30000
364 681 29000
122 796 40249
227 535 29206
21 770 34713
105 829 23345
296 422 18682
35 92 29833
86 117 28018
6 299 24042
100 680 86052
546 561 19698
340 861 55902
400 849 43267
329 924 30480
936 938 19416
762 799 26306
119 714 25298
328 819 43000
400 472 40224
221 448 48415
899 962 11402
534 902 11662
211 839 34713
476 602 27000
641 671 19235
194 935 22091
221 419 38275
148 447 13342
272 279 16155
81 255 17464
215 965 12649
715 968 46271
573 708 16279
535 776 49092
93 416 17000
302 878 21260
135 949 57871
194 545 31765
246 392 19105
165 952 15811
768 915 27857
724 953 31780
43 618 15000
144 598 24000
423 880 33061
335 798 46011
216 961 34655
464 960 15297
184 280 58873
99 835 24515
303 719 43012
398 838 19105
221 527 57035
268 695 57723
263 498 31385
383 515 35384
582 747 30806
620 924 42202
554 745 31064
479 952 34928
173 366 18385
74 654 41231
325 793 69656
377 546 16000
605 861 50990
242 904 16000
795 832 29275
81 846 76844
468 958 40460
142 923 30529
152 265 39962
12 271 27659
627 667 18028
524 671 33377
434 487 64078
259 413 49244
312 795 14142
419 758 11314
557 615 28000
80 409 37216
229 789 39205
48 602 38949
463 741 42720
106 747 49244
4 692 26420
129 731 10440
529 943 176264
180 480 21840
58 86 22472
816 862 24021
775 808 19416
259 583 41110
428 585 48384
181 938 32558
75 396 21587
223 847 33615
588 592 30676
280 602 26000
289 918 25179
396 552 44181
323 638 36056
423 611 23259
445 632 33015
337 657 33242
587 957 44643
249 337 34540
185 731 31623
657 917 35511
310 446 27203
290 499 32757
69 200 45695
372 591 51088
685 881 33242
222 563 20000
66 287 36497
264 843 30414
236 716 17205
705 802 10440
363 766 21471
524 641 26833
217 527 27313
341 809 32311
318 675 46098
316 535 67186
158 844 40447
151 389 39623
299 603 18111
635 798 10630
479 534 19105
192 401 26173
308 942 50249
31 536 14213
262 652 21024
695 806 36497
44 378 48508
389 836 19235
445 921 13601
351 953 11045
121 636 14866
827 967 13601
621 720 41773
661 671 32450
9 471 29069
249 689 44011
6 48 36222
288 465 23601
84 861 44272
42 590 20616
339 390 44385
139 308 50478
204 869 30150
8 925 21095
329 596 29682
188 310 46840
60 287 34525
87 265 33601
226 706 33015
137 326 61685
218 787 56604
10 336 17117
47 558 47434
497 555 31623
449 847 39319
684 832 25962
21 335 46098
207 305 28178
308 470 58796
858 940 63135
287 407 39825
517 676 46755
20 931 51856
5 663 27074
181 246 27074
151 553 30017
507 543 29069
840 962 16643
26 284 26173
213 808 21840
108 525 32802
350 566 30232
693 948 49659
361 797 39115
266 589 40262
432 644 26401
519 888 24083
200 486 15811
295 688 17029
155 817 13038
611 964 40804
277 661 25080
19 787 13892
332 871 27295
214 828 38000
3 647 39408
365 813 33106
37 612 18028
96 654 29732
409 537 17464
640 911 45398
298 364 40497
142 372 12369
136 826 50606
159 188 42012
441 765 109659
214 516 38484
461 597 37000
101 912 72835
78 629 20616
110 391 66121
107 459 34886
709 873 44553
7 868 15652
459 622 32558
52 832 38210
201 835 19105
383 877 14036
928 951 22825
17 459 35384
296 397 35128
710 938 39661
119 416 41304
112 367 18601
133 822 31241
106 873 64327
267 581 33121
58 591 33838
126 590 30463
420 532 45122
90 261 33015
296 332 23259
280 477 67119
510 960 40792
488 809 12649
26 857 38833
451 786 14036
214 383 40497
321 733 33242
377 651 18028
314 659 11180
74 237 37643
149 763 14866
297 910 23345
493 728 20518
97 957 21095
556 578 15811
433 857 12207
193 576 24331
477 931 53488
221 252 15524
306 737 59034
189 891 29682
31 185 10050
368 485 20100
218 228 66219
626 740 19849
482 705 47854
393 525 37736
314 374 66648
222 542 27659
761 783 42953
46 77 44294
576 837 47434
272 631 17464
749 908 24413
254 849 52000
220 547 17464
814 885 24331
381 771 11045
389 629 36359
61 939 32450
202 263 25020
125 310 39205
349 395 34525
523 829 21260
599 676 53009
248 454 23195
666 856 39013
131 234 22023
199 438 45541
596 646 32696
89 295 42379
390 754 46325
233 707 72450
82 586 44272
19 650 32388
212 588 42190
803 892 19849
566 946 36125
353 628 15264
42 475 29000
772 949 18601
407 609 34132
854 878 26306
103 516 40608
203 867 31241
173 933 14036
426 691 60133
788 930 13153
185 238 28071
130 195 28178
278 708 24413
169 697 25060
703 733 63325
649 948 39217
666 740 34132
88 946 36497
76 677 33838
489 646 41437
131 148 32558
268 332 21260
223 285 24597
819 897 48270
690 864 12728
5 422 34205
394 911 25612
649 750 57201
279 631 10198
840 899 11180
121 380 21633
280 352 75432
97 587 41976
399 952 23601
713 918 15556
164 793 63506
851 921 16031
87 497 29155
459 586 47011
366 878 31048
188 452 34928
565 648 29732
91 947 20396
715 819 35735
495 650 48662
101 856 24698
96 769 14318
787 812 42720
55 596 38079
428 674 47885
202 342 24021
366 933 12042
19 495 58728
277 912 49193
131 526 38833
99 827 39319
7 675 33015
290 697 65765
243 340 25962
185 536 23259
203 348 25456
224 526 30364
251 650 34409
489 620 30414
36 416 47202
666 754 35847
10 657 18385
113 421 22804
39 354 25456
235 453 33541
481 493 25000
703 896 38833
268 871 30676
544 626 26077
49 322 39925
145 848 14765
362 906 34015
194 342 23324
537 927 32249
97 818 32558
148 655 23770
20 572 20616
75 146 27203
620 714 41012
81 937 49092
21 659 59942
353 919 40608
154 308 90620
408 653 24839
600 631 21024
467 504 37947
202 484 39115
510 614 53852
243 526 35228
181 567 12083
112 809 25612
222 793 34409
867 958 30017
546 760 19416
253 951 19698
209 396 28302
428 757 48332
506 856 13038
498 784 30610
392 938 25612
465 750 32140
1 133 43012
434 864 26420
750 948 33136
693 913 39560
10 250 19849
739 804 25495
62 324 27203
139 230 36014
358 803 14318
264 587 12042
178 737 73110
233 496 17000
91 370 19698
449 643 28653
117 178 19235
769 807 38910
281 770 28320
404 846 19105
405 790 41725
693 954 13416
292 571 40361
33 737 84309
691 840 36401
312 684 21190
288 903 51000
588 857 46271
424 780 34000
343 586 35228
344 745 16031
398 964 33541
260 298 30610
671 762 17205
134 640 34713
92 576 20616
71 348 32894
95 526 22472
247 640 43012
311 543 27019
224 243 14318
187 547 19799
57 741 30232
400 679 24839
504 816 40608
248 293 36000
48 751 44822
179 355 35341
732 741 11402
27 39 16763
60 384 43012
489 928 71512
790 803 10296
630 814 28653
307 760 13601
245 845 19026
704 777 31305
41 198 39459
36 364 25179
233 734 67179
257 583 28071
907 932 21954
656 855 38471
206 334 40361
652 855 32249
428 841 61351
168 823 46011
411 665 181177
123 820 56036
676 738 71589
411 773 18385
65 605 35777
242 659 96607
708 846 41437
274 831 30364
645 940 31401
322 502 44385
349 482 14318
301 949 33061
523 699 32573
158 557 31145
130 721 36674
159 310 40804
534 607 24759
539 630 55036
122 333 23537
356 641 41881
598 731 37000
344 733 38910
104 271 38079
364 902 59841
257 288 24331
375 825 39013
165 829 28443
140 430 29206
750 761 35468
346 722 45706
38 698 23000
154 470 40311
51 147 22672
423 874 13892
382 564 31623
85 766 26907
545 935 26926
186 577 21932
114 207 14213
376 941 12530
35 350 13601
382 732 29411
94 160 20248
158 701 36069
581 952 21024
177 403 24187
11 136 30083
594 899 17889
693 903 31385
460 598 45880
302 758 12166
558 722 29275
253 311 26249
710 936 37121
25 336 42202
389 881 43932
374 904 18385
85 684 45651
805 859 28000
284 857 48795
302 512 40522
226 801 32650
774 788 15556
335 659 14213
26 945 41593
107 425 13928
585 824 28653
279 303 36139
407 865 65192
145 967 42048
399 479 26627
45 373 32696
282 730 60166
483 778 59405
718 891 65863
632 728 46098
143 181 21633
96 871 19925
572 771 34205
375 545 28443
301 858 23259
6 476 39294
430 460 45100
376 859 12042
61 873 27295
853 957 25807
5 231 38833
106 491 48374
34 157 18868
215 754 30150
545 825 43417
152 926 45880
436 791 37202
567 938 23707
424 823 37643
873 919 54672
258 348 60008
78 778 49244
785 804 16279
90 619 34132
300 778 30000
535 801 48166
576 858 64622
353 959 22627
619 652 35355
510 522 26926
173 388 32558
351 531 31064
642 746 19026
861 915 32696
528 636 28018
714 924 38484
275 644 16125
776 825 17464
235 518 15620
171 948 15000
33 675 37643
581 845 23770
114 353 33541
209 711 25554
27 660 29155
44 159 50000
474 765 29682
347 711 36878
171 750 28302
62 605 29120
357 852 50120
699 723 19235
20 678 46325
77 198 25632
175 212 16401
652 944 25495
89 436 55218
69 141 25318
150 729 21954
391 912 80062
85 184 14213
65 951 38000
891 903 18358
187 900 29155
416 835 45880
788 804 40262
252 758 30364
594 840 18248
342 570 11402
575 602 19416
153 752 29698
270 345 24187
17 300 33541
330 514 27166
257 864 12166
58 372 49406
245 967 32062
244 896 64761
301 807 39013
150 817 25000
163 786 10817
414 639 33615
396 711 28071
340 676 48094
769 869 31623
108 393 47539
318 711 46098
341 405 38000
437 928 53085
261 371 30067
579 845 25080
256 414 24413
226 503 43932
878 921 36014
206 446 20809
139 331 18439
103 439 27019
662 901 37483
284 773 26907
22 561 23195
413 909 23000
278 573 27514
77 382 19235
751 944 30000
480 589 26306
59 540 16643
495 515 39051
120 303 47011
163 360 17720
38 498 50000
651 764 45177
304 587 23854
678 920 38471
560 656 54148
129 319 23770
865 936 30480
530 575 15620
76 955 27074
874 945 27459
478 584 16125
632 878 11045
736 763 24166
327 736 35114
293 564 25495
21 616 24187
160 823 48826
286 898 14318
378 387 38833
187 820 21378
307 464 15264
224 447 27203
87 309 23022
256 440 29614
53 522 69000
241 273 17088
439 753 27295
101 740 12042
317 923 27731
856 912 67119
186 932 46615
369 908 20224
222 325 35384
559 876 35000
171 693 54745
132 599 19105
463 943 14318
260 509 29967
64 661 20616
57 842 15620
656 691 57585
863 956 23770
247 369 37336
232 530 17088
225 957 22023
142 178 41617
544 666 33838
326 874 27019
535 950 38484
362 756 21024
484 799 37121
18 588 39560
515 521 26000
45 229 24021
49 501 46000
292 959 43417
600 692 20100
108 314 66189
532 706 40460
394 715 29732
74 714 35057
161 664 32016
205 597 25495
560 594 17889
273 524 18358
81 155 82879
106 334 53600
735 739 65000
645 907 19647
247 968 50478
454 883 25632
295 806 42720
578 936 44654
49 282 18439
173 480 35355
250 808 21932
433 734 18601
19 228 59076
426 548 38419
738 774 32062
44 442 34015
111 381 44654
111 124 22472
437 473 41881
545 625 58241
40 530 21024
162 265 17692
884 944 26401
170 637 15620
187 876 18358
728 758 48466
370 947 35609
270 812 34366
468 519 40112
12 584 20000
173 854 17029
747 792 23537
260 682 46487
622 626 42720
276 894 28302
160 266 15811
322 806 22472
623 643 34409
532 562 54231
350 554 15033
483 866 14213
681 833 31048
541 966 31575
40 476 38833
804 930 37121
351 724 30265
585 860 32000
911 954 43863
127 836 16125
226 561 20518
173 563 37643
444 665 99624
384 941 14213
346 467 40311
345 812 14765
587 782 16155
140 460 37483
259 783 45706
423 964 43105
913 948 38013
111 500 27000
768 897 25554
547 820 12207
80 850 29069
31 238 31385
28 685 50249
121 704 39598
346 718 41773
473 715 51478
149 430 170394
249 956 27019
297 590 35384
258 705 17464
156 290 44283
557 588 25239
354 770 13454
461 643 41183
7 33 41340
349 683 11662
285 847 28862
244 779 34713
336 917 39446
373 424 31064
500 771 17804
199 583 49769
20 312 65513
441 680 20000
699 922 46957
154 914 165922
259 596 55172
115 473 38118
817 846 29017
597 623 62426
51 293 24352
200 241 17692
106 662 42579
67 284 23345
180 512 30806
595 704 26926
783 870 13416
279 451 34482
324 768 25710
313 934 20591
77 732 14866
266 934 24759
641 661 28792
417 591 20591
64 277 20591
395 482 32016
305 920 32388
439 498 14036
709 919 42048
125 792 21190
752 843 25239
65 437 31064
142 737 114634
442 947 34713
131 655 31064
190 756 21633
29 968 12728
849 851 41012
335 781 60166
568 762 34986
397 537 32894
29 673 40447
343 853 34059
490 776 46098
379 516 59641
227 316 56436
58 117 42190
153 777 15297
268 653 34886
41 454 19849
287 658 20809
267 479 29614
826 842 42426
35 566 28653
399 829 30364
284 588 32311
222 889 17464
780 823 45398
212 579 43012
301 576 70064
167 405 32558
161 769 18385
219 802 13454
595 920 23195
212 433 37443
559 722 40000
142 450 81835
549 756 17117
154 520 15000
586 636 21954
57 732 31623
201 607 27019
78 893 37336
355 430 95341
68 271 20616
70 360 28425
393 533 31257
275 820 19647
746 821 23345
453 597 17464
545 799 59682
450 638 43139
296 408 25000
471 673 33838
305 777 19026
261 373 35355
80 190 42202
102 765 36674
210 435 32016
196 758 33838
704 920 10440
202 799 34000
2 898 20248
444 509 83672
50 110 57280
217 669 20000
341 638 14213
371 899 25554
93 909 44407
830 945 44944
197 916 11662
108 503 14142
199 427 25239
320 884 11045
508 655 27074
2 597 41785
1 822 32527
301 664 33242
190 537 42720
338 557 26249
560 652 34000
115 715 43966
123 211 41881
290 896 67676
147 826 28284
14 83 35114
467 559 35805
612 892 35511
207 678 42953
644 820 27019
435 495 55000
417 450 50040
182 801 37643
468 525 39850
380 636 23087
140 367 11402
569 705 31780
870 928 68007
149 355 75180
872 906 28460
427 583 32062
426 962 28601
194 315 17117
417 957
328 270
533 847
609 825
168 473
977 474
62 326
666 818
493 525
796 728
611 888
542 38
771 381
569 851
601 410
148 397
670 401
190 791
483 65
786 383
804 105
656 199
759 199
387 497
757 735
239 862
852 172
556 472
523 571
705 895
361 117
330 370
27 348
657 689
236 374
175 657
281 104
448 133
857 156
955 414
491 921
724 560
576 796
661 670
873 661
500 990
536 670
941 470
51 601
617 324
534 875
873 313
828 218
385 380
237 618
724 936
561 938
167 221
844 345
466 897
870 518
374 516
352 141
506 268
362 556
396 897
209 882
573 33
448 280
616 759
593 163
720 175
700 277
234 535
126 358
231 242
521 951
627 482
770 411
37 495
641 652
733 362
581 818
326 464
892 416
148 233
872 279
228 346
78 524
919 616
746 681
255 397
218 627
878 717
490 459
192 533
655 456
906 771
211 667
563 993
549 336
370 927
432 218
523 8
155 767
830 577
628 346
681 105
798 310
601 269
732 350
240 140
309 306
770 478
426 588
273 556
125 217
167 388
208 578
625 693
721 397
721 456
536 832
720 331
744 613
709 564
568 502
891 524
362 74
694 328
477 489
362 437
416 914
490 633
300 526
619 917
216 904
717 423
909 345
244 116
452 305
130 180
409 784
315 101
262 735
142 336
551 890
445 483
379 18
553 570
596 560
811 278
738 468
903 219
579 597
115 263
673 699
157 836
701 640
885 736
206 526
857 312
603 798
770 894
166 756
300 501
268 182
956 674
189 249
887 374
376 646
865 647
823 811
334 403
213 780
472 959
123 797
106 214
345 39
833 788
397 802
664 101
106 236
881 425
362 107
351 331
513 780
727 607
446 648
71 470
9 468
11 519
266 409
521 134
719 315
763 758
220 583
497 960
285 723
430 238
189 681
502 170
600 114
176 459
294 280
768 647
779 467
592 820
97 394
376 97
513 797
223 793
774 694
408 190
499 318
194 432
685 749
465 10
515 85
520 750
708 795
847 838
328 188
440 460
693 440
674 162
644 191
424 62
849 660
910 309
146 441
918 419
313 846
494 503
252 286
363 324
263 559
390 105
731 918
121 251
443 226
664 35
434 447
161 332
226 749
395 829
556 608
475 883
812 672
811 715
460 117
723 799
316 538
719 907
648 668
687 584
359 706
527 108
292 691
93 698
938 643
911 553
477 171
676 496
845 299
890 751
218 733
157 542
384 552
513 56
560 17
668 777
459 232
527 719
539 757
673 268
516 286
652 563
653 771
936 446
809 147
33 605
99 540
213 859
339 166
351 246
432 903
363 682
804 321
120 307
24 513
722 516
511 883
677 512
92 564
152 518
761 550
112 674
984 497
640 416
245 483
764 792
644 736
651 517
754 454
105 307
686 189
937 303
853 266
740 652
333 518
850 369
863 715
740 75
519 117
616 240
181 176
73 404
353 52
886 515
243 291
88 616
205 189
382 542
871 812
274 925
408 55
500 541
268 628
717 299
923 357
173 528
716 433
798 620
762 86
798 745
825 704
163 795
454 350
409 440
236 150
501 146
687 411
196 339
525 35
456 734
147 431
582 132
595 86
244 363
352 440
877 493
776 511
839 138
313 54
464 276
796 272
288 150
459 943
598 781
650 268
70 449
902 417
150 660
680 924
810 798
251 125
431 608
561 645
754 699
940 613
127 192
903 648
681 44
577 144
460 834
667 210
673 623
343 191
703 409
769 325
518 932
386 156
465 854
137 411
756 465
651 655
817 843
589 521
471 309
597 335
381 816
693 59
448 597
589 52
121 379
117 521
326 883
167 742
775 883
14 493
860 501
126 773
610 575
236 188
331 288
401 878
145 542
69 514
618 411
176 870
502 928
247 671
667 598
130 544
203 619
196 179
862 674
744 782
743 176
315 328
147 500
298 916
901 679
615 351
982 628
299 702
413 294
409 281
226 93
101 658
579 770
254 814
358 731
396 72
46 569
388 573
270 766
449 197
658 578
461 984
692 684
124 585
31 635
768 838
756 630
432 486
746 765
306 198
194 129
623 788
695 593
282 271
478 906
483 849
317 230
579 434
580 416
644 377
271 90
301 220
555 75
580 986
699 181
349 663
199 455
440 771
623 67
299 873
898 259
506 499
808 860
423 550
329 944
724 531
987 436
869 442
570 52
189 727
854 794
727 844
581 83
581 482
481 203
411 610
417 247
417 756
220 108
268 601
583 246
878 571
805 554
720 820
111 765
440 105
313 863
875 250
448 183
127 339
759 350
51 647
131 627
683 119
428 807
537 887
521 312
325 495
478 504
66 711
736 204
567 476
803 781
626 889
744 302
410 130
392 225
443 427
262 298
626 27
894 231
434 140
759 218
122 737
475 241
661 79
469 451
710 738
738 388
759 927
934 413
369 414
733 132
662 63
170 725
621 173
352 128
86 510
611 729
655 903
830 336
387 327
826 856
306 517
557 381
549 149
667 194
527 766
952 652
106 460
767 304
626 529
165 375
622 545
229 364
865 220
334 754
180 815
497 697
469 750
962 568
659 176
783 153
859 822
528 902
646 813
261 388
386 807
540 256
541 61
510 153
749 486
791 363
626 572
392 191
944 425
242 413
366 347
321 763
248 758
714 288
202 762
769 626
331 704
554 54
367 279
691 376
664 497
201 829
880 790
737 576
178 189
172 839
173 161
970 584
756 399
252 653
289 255
315 77
381 435
642 800
599 380
960 436
986 479
980 612
346 524
679 570
188 708
852 488
383 907
636 301
308 937
291 119
638 277
686 224
180 787
816 126
778 557
588 787
937 587
273 571
40 524
612 371
253 204
346 305
565 205
571 359
284 482
789 519
608 490
653 958
651 781
769 805
550 900
694 620
804 124
710 387
899 384
225 159
654 629
513 607
499 253
365 367
281 184
555 759
302 387
282 640
565 870
656 841
398 597
488 97
661 227
932 552
126 558
202 561
451 506
966 514
813 735
449 915
751 77
827 187
526 263
872 584
170 446
214 495
61 730
529 362
267 488
624 356
685 729
639 123
508 236
685 860
517 531
455 317
63 359
412 392
203 223
797 428
791 864
477 996
130 639
78 654
601 96
870 376
551 522
43 463
853 644
81 577
813 628
380 699
986 568
622 802
430 655
546 728
143 598
639 406
167 261
471 133
112 706
123 759
131 811
109 363
214 261
749 425
534 92
707 163
281 781
638 583
799 521
343 763
119 407
602 811
818 335
232 570
468 575
373 338
611 265
487 706
679 761
32 565
661 344
501 726
121 689
322 444
869 200
307 406
766 238
734 835
542 551
11 549
352 77
535 956
231 322
265 799
506 483
396 22
59 270
482 377
545 431
558 344
544 963
364 41
571 786
603 716
212 338
346 366
787 601
559 692
521 628
352 631
913 505
717 489
422 201
496 348
579 735
89 458
369 314
752 790
410 483
678 178
339 664
522 226
374 32
640 267
354 960
912 398
890 631
388 517
189 519
830 128
770 336
254 501
193 877
484 409
784 716
580 200
735 453
616 434
187 355
931 663
784 142
649 503
300 646
467 207
537 392
609 789
495 58
495 398
845 699
265 158
76 591
764 606
827 866
189 781
848 355
703 492
671 301
796 117
518 200
202 385
653 137
524 95
274 153
534 408
468 815
107 604
206 484
795 700
224 120
737 481
300 895
518 22
666 894
628 972
894 272
460 782
568 590
649 488
457 541
534 776
363 382
440 934
925 708
392 265
576 183
579 886
216 706
408 152
138 751
234 897
536 690
877 351
160 631
690 782
187 662
570 518
197 398
328 864
479 790
973 602
433 352
573 928
703 510
151 796
225 768
597 589
311 159
269 722
739 859
50 521
780 858
752 248
661 433
806 810
928 520
528 323
247 824
266 473
468 843
367 247
368 478
484 781
839 632
371 708
366 823
570 491
624 94
55 340
179 489
312 640
186 552
29 427
843 514
291 904
362 289
497 771
372 155
780 806
736 262
296 949
560 554
548 621
502 897
897 514
604 976
798 145
664 317
608 43
830 834
394 940
430 673
261 138
640 517
697 253
767 520
176 269
410 530
345 259
962 600
510 751
845 610
160 719
414 682
664 51
959 393
56 418
297 368
541 642
224 671
765 573
468 613
560 264
419 617
976 368
398 491
214 593
832 765
807 346
801 479
759 422
781 842
91 748
156 164
248 605
668 839
827 235
90 478
335 576
900 583
497 411
819 423
308 349
822 797
873 733
523 156
346 800
644 603
365 796
897 536
297 418
454 845
963 346
594 989
913 535
276 881
264 352
726 677
385 634
243 516
656 157
324 556
181 761
353 451
436 643
204 240
833 655
676 454
654 93
760 495
696 196
170 407
959 611
415 259
341 913
495 306
393 358
224 717
514 580
