590 1367 23 120
68 162 60108
35 341 31401
44 193 22561
194 364 24083
348 376 34132
240 448 51624
122 578 30265
312 396 59540
22 252 20616
342 410 50537
268 384 13416
171 558 29698
61 158 17464
73 509 35228
209 396 27857
304 454 20616
53 335 55606
145 174 39446
56 351 23087
283 401 31305
300 419 25239
37 258 32388
76 289 40025
163 387 40460
213 504 72125
340 551 100499
184 278 23259
162 404 35847
69 480 40224
201 298 55660
495 518 33287
91 588 65513
8 12 42059
423 445 24515
126 480 98737
407 544 88006
30 436 46228
399 470 60407
186 263 13892
148 559 51313
213 349 55731
257 471 35228
13 250 24839
104 486 20125
240 501 76295
271 533 50804
441 449 31241
108 343 54562
442 543 57271
4 66 43186
498 505 59397
41 475 39661
78 257 26926
149 369 58138
262 294 37443
12 361 38013
98 398 52000
421 545 34670
59 582 46043
30 121 35355
440 459 28844
359 447 50990
460 528 19105
164 442 49193
84 489 30150
67 170 20125
382 487 67000
324 513 22023
140 565 34176
249 494 30083
23 165 56294
292 388 78109
12 368 70838
529 550 52802
48 224 30871
69 177 50120
68 178 57306
234 345 45967
161 448 32311
232 298 57697
505 541 62642
525 555 109604
37 587 72945
34 554 30150
83 180 38013
23 503 18111
185 406 11662
135 557 32757
302 440 77782
309 573 71868
31 235 34438
24 529 80529
151 445 75007
100 124 24083
356 580 11045
25 246 28071
30 302 50120
17 277 52612
223 234 73824
149 440 18358
375 458 22561
297 326 39205
531 575 87132
116 228 33971
409 437 38471
303 529 78848
11 288 37443
242 446 11705
61 210 55973
46 463 34176
454 507 49930
203 293 23022
351 365 23409
311 487 50774
237 549 54918
348 379 39623
223 266 70178
7 395 42202
294 368 74027
346 395 27459
470 488 46239
189 527 15556
333 555 88102
366 490 14213
268 458 25456
102 420 37014
242 282 31064
2 455 34525
265 461 41437
41 442 69260
485 513 39661
169 405 49769
410 521 58249
271 367 67417
170 476 54332
31 208 29155
154 491 65970
282 404 52326
317 473 64257
357 496 56436
67 199 35511
154 551 56356
10 92 12207
541 552 74626
382 504 74061
119 362 37014
530 566 29732
475 543 41785
117 232 68884
187 357 57140
554 589 32696
35 253 24698
234 266 78262
520 580 63246
228 499 12042
178 262 47381
215 235 21378
16 274 29069
4 188 36770
366 452 37443
206 431 47424
34 325 61033
159 260 35735
36 159 47170
252 482 36235
320 389 28792
414 516 28178
165 443 42720
339 415 26401
71 538 56648
354 435 46174
79 497 103121
167 495 45177
560 582 48270
247 249 31780
113 177 33971
350 367 66408
282 574 33242
83 122 75166
260 349 49366
133 309 48010
140 568 33541
21 248 45706
434 531 24698
359 432 46098
161 510 33956
324 573 84404
98 238 152948
297 498 37643
27 103 52887
255 485 64405
128 519 28636
485 584 57140
11 425 48662
390 410 41110
388 510 63812
165 210 27074
486 556 19925
230 367 39294
153 190 35847
176 197 62514
112 479 71309
150 182 21095
332 353 58694
356 423 34059
164 393 34670
138 266 61400
175 329 47539
208 344 44944
522 583 51865
470 491 20396
69 114 51478
144 407 66287
144 544 74277
329 439 19000
189 222 21213
128 472 30676
172 553 54406
228 327 41231
221 467 25000
119 444 32696
73 232 72180
95 581 46011
146 540 36069
294 583 66030
255 435 21213
123 209 20224
177 565 35171
88 354 29530
325 502 60407
136 233 52697
92 541 38833
10 552 61205
437 455 32016
419 552 47381
414 514 52000
75 403 26683
289 341 109567
61 468 26401
293 566 28302
94 451 40311
145 352 63071
280 501 46615
7 346 51624
1 217 67897
348 504 19416
123 396 41725
67 87 19235
150 269 37656
281 583 39560
475 496 61400
192 360 17205
334 433 41231
48 151 59059
178 294 65307
27 422 43417
4 23 17464
86 518 25942
57 580 54918
153 581 50220
51 559 44147
508 546 51108
573 579 74330
38 315 78549
62 118 52839
46 57 29682
295 415 48270
153 450 55579
279 414 14866
495 569 34409
214 522 46390
193 564 16279
246 480 34015
156 284 26000
40 531 34670
451 515 23770
165 408 30480
198 574 26249
101 204 39205
102 145 48826
88 569 43417
184 186 21840
130 574 52773
77 418 41049
79 122 32650
300 337 34059
146 194 32696
435 584 11180
121 453 34525
380 517 20224
411 587 36892
167 469 57489
134 290 10440
85 569 77006
63 327 20100
363 394 44385
380 561 31321
112 544 76420
58 247 50931
40 308 41183
102 262 52010
450 466 71449
40 131 52038
202 235 17088
84 524 17088
253 341 16492
68 102 56639
320 484 24166
58 494 19000
31 33 45453
330 570 19925
148 226 26000
460 582 28653
208 296 17720
321 580 43738
54 202 25632
362 550 12806
225 478 25239
245 424 28792
150 563 18028
269 442 43966
406 459 44598
168 348 63127
263 372 39115
160 181 28653
335 438 55471
157 582 27074
427 482 50000
243 322 58822
5 450 80808
291 490 17493
152 469 31257
160 311 39623
315 323 35171
400 514 52953
372 465 65765
101 539 74108
95 505 40608
36 185 37202
151 461 54406
456 520 26420
89 196 70725
127 363 50000
135 325 38079
301 572 45541
218 541 22825
29 242 23195
174 192 26401
50 342 18439
565 568 18028
139 458 16401
383 452 56089
322 399 91049
145 522 57000
57 520 24166
58 527 33838
56 245 96000
196 363 35384
97 245 68593
416 588 42720
169 298 66708
63 320 35847
43 59 21471
59 144 32558
65 190 24698
29 574 37656
214 545 47265
110 319 58694
275 541 36878
467 534 38013
5 452 24413
327 536 44045
298 474 50990
130 428 55362
242 464 53852
99 356 41629
401 578 13454
43 442 58138
340 526 95718
87 170 18028
218 413 22204
380 386 51740
142 308 48384
24 550 50010
197 557 37802
402 453 16031
67 125 32311
236 564 24187
65 371 22136
489 587 73824
145 192 38275
44 107 28231
5 539 57940
187 323 30414
127 136 24042
499 536 26926
237 305 56080
255 497 55009
42 189 11402
227 437 32016
76 253 88888
72 395 41146
45 417 25000
169 287 75584
173 356 12166
1 236 83522
295 458 37656
19 340 65008
13 316 23324
148 512 19416
139 335 37643
216 365 57871
471 481 34132
26 290 31048
373 573 73878
498 537 24187
57 321 22204
35 200 19235
267 526 13454
15 402 46141
122 179 12806
277 382 41629
237 292 56365
23 81 41869
85 152 53151
433 466 39319
529 586 76381
46 389 14318
60 421 14036
82 568 23195
299 567 76479
33 96 52240
205 536 22804
17 379 39000
38 357 45177
188 503 42720
47 429 78006
323 328 80895
77 124 69354
375 384 20616
284 381 78518
244 307 20224
260 406 12083
313 555 50010
518 569 46690
173 534 29547
560 570 21024
121 185 49204
327 456 44385
416 449 33526
481 564 40608
403 486 24698
286 358 17889
79 386 91022
89 569 50249
239 388 30806
117 298 41183
69 126 107280
390 585 29967
112 387 61400
345 452 57385
338 562 71007
55 364 11705
369 576 41617
142 548 47043
474 526 23259
366 383 39446
63 456 45891
9 216 20248
107 463 13342
91 350 94641
272 529 31241
108 496 42379
256 294 52802
212 276 46239
73 117 21471
106 481 31575
186 278 34438
20 245 55227
233 542 56436
179 578 22804
164 547 59908
103 125 35057
222 460 15000
154 381 49578
103 476 43081
171 195 72560
169 425 24166
439 492 37656
33 320 61270
496 516 74148
267 340 82492
460 570 37162
86 495 30414
430 507 24352
224 445 42485
42 222 22804
212 416 46043
285 309 23409
315 544 20591
108 187 41183
355 402 41593
501 510 51624
29 446 13892
144 318 46487
247 482 30017
31 296 20100
276 478 16279
360 377 12806
376 504 25020
129 245 63285
168 376 40497
261 369 68600
159 217 68352
160 211 39051
78 166 41437
77 421 29967
53 76 83487
457 493 60803
579 584 45277
107 564 45000
22 247 28862
183 219 25942
241 570 26077
8 572 33422
310 465 47127
271 416 47170
181 487 25080
146 364 31385
194 540 38210
534 580 38013
229 549 35228
83 227 58215
417 514 21024
18 273 13928
113 565 35735
6 320 16971
71 248 30871
326 573 74947
80 248 30017
554 557 56009
271 350 45000
251 346 71063
272 362 53740
141 212 51971
432 441 33242
24 342 72111
4 347 57723
243 381 77698
102 178 66483
241 269 42544
73 332 22091
291 383 24166
75 444 23431
140 246 23537
176 567 70838
389 484 20616
573 577 61847
266 394 31385
512 559 66483
279 472 26077
251 395 67201
111 139 23324
493 576 10440
46 484 25495
98 578 75186
75 556 28018
198 322 13928
125 523 36139
123 134 20881
414 472 26401
163 407 13038
261 587 28443
521 585 36674
222 511 22361
10 120 21024
275 354 19723
184 472 41629
93 583 75313
109 459 29428
48 60 55973
168 463 27857
255 518 34540
133 581 47802
383 528 37216
21 201 12728
403 556 19723
241 563 34482
182 447 23770
264 396 17117
187 315 16971
60 125 43566
129 469 25807
32 443 19416
38 475 42426
337 539 30414
32 408 23770
164 225 28443
264 531 20248
429 551 143388
80 515 26077
2 409 26249
307 365 31890
81 339 26627
124 466 55606
2 487 25495
357 475 10440
261 558 30463
79 216 58000
1 402 64351
104 319 102927
46 168 43909
185 459 48260
89 218 22361
110 426 29732
155 548 38275
12 405 21587
297 537 21587
483 502 32388
130 400 33136
90 399 23087
465 488 52000
308 312 27459
309 581 12166
141 186 64630
85 127 40311
160 455 17720
114 246 33121
30 254 65521
172 497 99489
3 488 29732
49 487 23324
74 396 19209
109 149 11180
337 419 30480
274 506 27459
109 258 60415
474 538 63600
53 253 26401
92 120 29411
316 436 56515
28 105 14866
62 196 42107
115 497 37014
128 516 15033
50 239 23707
278 465 47539
68 574 49649
323 343 37577
371 505 40853
86 255 41183
87 142 31828
39 96 55946
221 577 16492
47 512 78058
135 176 16553
317 493 253332
143 273 21190
29 353 45310
41 519 30806
138 306 20616
422 568 19313
134 147 36249
155 476 37577
409 489 26476
28 496 34785
50 388 36125
29 198 29411
284 551 76322
446 509 55172
273 355 39051
99 423 40804
274 295 66483
150 447 17720
448 549 13892
59 269 58189
131 434 64031
17 70 45310
154 429 87132
98 401 87281
279 465 65391
102 174 48374
22 306 63127
69 215 33377
433 581 41231
237 473 28160
369 558 71344
279 514 42202
196 331 28018
105 360 34059
132 254 18868
293 530 19105
151 423 73682
358 408 45277
420 566 15000
293 400 14213
379 577 23431
142 170 21587
296 344 35805
193 236 28320
306 527 52010
16 506 53339
482 540 44721
252 525 71007
99 173 36346
407 462 18868
361 405 39661
479 571 62032
96 106 30364
477 562 50606
322 353 47539
141 276 47381
308 392 31385
194 230 33106
386 497 33541
304 333 24515
101 394 35903
381 551 20248
42 494 44944
156 243 13416
250 317 21932
233 454 41761
102 203 30887
226 559 42485
74 264 13928
231 496 23324
127 233 41677
221 314 30529
331 569 81413
82 113 27857
299 507 20616
210 319 59464
44 168 48010
83 195 26926
97 152 26173
229 273 31113
476 548 29069
5 552 66121
393 441 12530
160 561 22136
17 373 21095
191 327 67476
178 404 48374
161 237 34015
10 541 45044
179 283 23345
74 531 31241
27 113 61465
124 433 39319
517 561 39623
385 563 45277
72 251 60440
47 372 14560
300 552 58189
326 579 10198
334 466 22136
222 330 28443
69 208 46487
16 71 278404
95 190 31780
4 119 78549
41 543 24759
310 488 34132
181 311 30806
133 285 45177
138 589 18974
18 473 41881
123 147 27459
25 575 37802
444 500 19799
257 280 41049
43 318 39598
11 26 27586
119 500 31385
358 506 21378
254 302 46098
203 400 34176
236 492 62610
232 405 45011
412 504 61033
96 296 46487
345 532 34366
34 483 48836
19 474 55973
247 306 56515
324 579 35171
11 562 41012
373 577 32140
5 300 18601
233 507 32696
96 529 75286
54 215 17029
352 545 48549
23 66 41110
183 429 52010
400 417 61660
17 311 56303
12 294 69584
66 468 24739
134 396 55036
16 515 224270
30 316 34713
472 516 17804
61 66 22204
387 544 75802
84 258 26926
217 329 42297
232 509 70520
345 528 35355
106 257 34015
182 442 46755
291 582 33121
430 555 70228
139 375 17493
8 425 44181
335 384 29833
405 425 54562
77 466 95885
462 490 25000
40 434 42048
272 344 20616
91 512 77078
162 178 17000
24 239 90255
252 427 34886
79 307 92087
137 167 37014
289 515 56089
314 577 38833
70 348 26833
147 438 75027
259 534 34015
207 211 15000
60 77 37483
34 589 31906
250 316 31257
338 477 62968
33 39 54378
323 479 42755
64 541 44045
244 553 24759
330 511 10817
29 322 29275
121 254 60440
451 477 49820
8 405 45706
167 378 30463
46 107 35014
166 586 54083
79 172 100020
277 487 62801
259 285 23770
214 523 18028
56 307 39446
114 177 18385
143 229 29069
534 573 40853
10 419 40311
414 496 61188
319 374 119017
438 575 95525
371 552 23324
312 392 27659
302 436 19209
229 402 45310
105 174 19416
38 187 73498
284 340 34132
307 553 42942
334 581 49477
152 542 11402
318 442 38419
1 280 66851
143 355 36715
198 428 62169
76 338 68308
455 561 12649
159 349 55172
236 481 40719
55 194 21190
78 586 42544
49 160 30000
2 437 27514
314 534 31145
267 474 31016
268 375 13601
234 539 10440
4 503 20518
220 349 32573
183 372 56356
163 544 88119
339 503 29833
257 481 30232
203 420 14560
308 548 54406
257 303 39115
147 209 39051
317 397 86052
64 275 42755
80 451 40608
74 209 24597
8 368 45000
78 280 50160
330 431 41881
62 204 55471
134 312 52038
114 480 34986
558 576 62370
145 256 34482
399 428 35057
161 292 37656
119 188 78549
246 565 38601
48 124 24083
46 520 26173
333 507 38328
62 89 48508
244 424 39623
323 571 80623
156 340 48754
62 120 48094
489 590 24739
429 491 31623
101 118 76942
70 412 46669
19 117 47000
186 546 56921
37 489 25632
328 418 46011
427 540 50000
65 153 44102
97 129 57009
399 488 29411
124 224 11705
292 510 49406
172 307 75286
76 94 36715
77 112 74518
291 366 24083
14 247 19105
298 538 60208
270 369 17029
153 334 23022
141 546 28792
296 529 46400
208 215 22825
99 133 37483
103 391 20616
65 552 35468
199 391 15652
39 320 56719
173 580 17029
255 354 53907
14 22 24413
157 528 11180
67 523 31145
83 517 91526
248 451 47011
270 576 28601
25 434 50249
229 240 49244
51 212 29411
5 462 61327
27 476 43600
139 575 64070
93 281 64257
19 267 43417
45 465 61660
26 134 32450
288 425 33615
17 577 25807
131 140 68622
58 306 31241
308 396 52697
383 582 19925
254 440 38275
5 535 78600
7 410 16031
378 495 23345
13 317 35014
147 338 45122
90 488 19026
32 286 45354
332 509 45222
149 270 49659
528 532 12369
193 439 32311
3 465 61221
88 89 48662
27 205 29967
92 218 29547
37 369 29732
277 311 23537
191 320 64777
241 330 26249
131 308 49679
165 468 48754
103 205 40162
85 136 29547
372 512 75928
263 278 43738
525 540 113442
85 495 85475
457 576 58138
116 151 50329
16 210 162012
435 485 55444
36 121 17000
271 359 41677
44 439 48795
30 453 41012
513 579 15620
91 559 10817
249 482 34482
83 398 35511
132 440 26173
324 485 34000
178 361 57567
415 458 30594
12 178 78492
275 537 27074
354 518 48836
94 289 11402
26 338 55036
93 294 76942
205 265 41785
6 484 10198
141 226 46325
16 289 169000
85 167 79101
297 435 24698
52 418 50359
72 521 38079
90 428 41400
115 255 28636
498 573 102533
508 519 22204
329 376 51624
243 353 31623
270 493 37483
239 586 33242
127 299 50329
269 560 18868
68 400 44385
31 96 29411
236 439 49820
417 428 41485
355 453 38118
118 337 11180
3 417 13601
456 580 66287
390 486 18682
385 447 40853
158 347 16643
325 483 60415
6 63 33422
36 453 41049
52 377 60075
28 108 54424
19 332 22672
188 362 74431
27 82 45277
26 147 33541
197 554 45277
111 458 30017
51 588 76485
45 279 35014
209 438 59363
212 449 18439
48 77 52479
427 525 63632
189 532 26476
231 414 48662
52 352 35777
225 449 22804
300 539 50448
71 201 49092
370 535 34015
62 92 49820
191 536 80654
513 584 45453
438 531 63127
64 505 27857
95 309 54378
241 431 52086
164 432 44045
77 328 54000
120 419 30083
55 230 23259
92 413 26571
242 404 49649
176 555 33121
201 538 13892
44 564 21954
24 500 20000
108 357 26401
217 492 17720
227 561 55227
436 493 171898
442 547 72835
374 390 36892
9 122 31623
393 432 25807
225 441 30067
277 412 17117
149 493 71253
431 511 38949
387 535 52345
305 397 49254
128 508 12207
456 484 33242
126 415 57871
15 453 39623
211 485 57271
314 467 11705
51 141 48083
336 356 60008
59 407 61205
426 556 28018
115 172 80324
280 471 32311
171 411 18439
334 450 64008
110 444 60902
54 177 35609
110 556 45177
238 351 31765
24 410 64761
84 590 10817
381 399 90139
404 464 28018
59 490 50567
151 336 57689
141 512 55973
93 368 14142
60 461 26926
180 227 31906
196 204 28284
236 471 22472
32 165 29017
416 441 31048
159 175 54120
88 218 39850
59 291 43139
526 538 77253
231 530 29000
20 454 52355
129 137 27803
229 473 60729
478 547 57280
114 565 28160
151 499 27019
112 466 84315
37 261 69354
125 391 18868
27 155 42012
3 45 31780
333 454 38601
382 412 40000
232 464 63655
272 550 53852
241 533 79120
370 387 24515
238 283 37483
20 97 43417
160 207 31623
256 262 28460
410 585 36878
184 508 46530
99 285 15232
432 447 32016
112 571 21190
394 567 16000
222 528 26306
59 560 57009
79 83 92477
16 80 250338
151 224 68242
96 303 43186
97 469 45343
225 276 26571
25 531 65000
100 433 26420
397 473 36770
336 423 45486
182 432 11402
359 385 37855
52 192 58694
149 258 61033
137 469 38639
11 301 14318
156 332 64475
266 554 38013
95 498 89157
329 504 59908
176 313 25807
57 168 40162
159 213 49336
81 503 32202
82 422 11180
364 533 48703
3 428 43267
29 282 37537
278 279 45695
347 444 67683
376 439 57706
227 517 58822
326 498 48042
331 363 40112
183 465 37216
290 572 45541
132 185 55172
31 202 37014
88 518 48795
213 382 48260
86 378 26077
150 241 37736
42 511 16125
219 429 30364
22 34 53852
183 310 31623
51 91 52555
75 410 52431
98 195 49659
39 564 57983
77 571 69857
440 493 87052
313 507 24083
220 590 24352
125 421 46957
18 229 38910
292 346 64622
89 331 80056
324 373 50931
65 450 24083
44 376 64288
13 18 26401
211 380 32062
20 304 59682
407 490 21932
328 571 29732
344 529 16031
198 399 84900
207 380 21190
111 415 47508
103 199 25060
353 509 67186
180 587 40792
263 512 72863
388 501 37696
126 575 68710
425 562 28320
93 290 46690
216 238 12083
206 249 24187
473 549 64288
62 101 65788
219 470 31145
125 461 40706
323 377 31016
166 280 37216
431 533 74947
190 371 20000
76 451 63977
88 275 25632
200 335 43046
104 374 19313
173 259 23022
233 299 17263
97 454 55027
13 273 30610
527 532 21932
62 413 42379
175 217 45793
409 587 69635
345 539 51614
43 269 58898
400 530 25318
26 301 22804
265 499 26019
286 295 51078
349 524 32016
157 383 29698
116 327 36249
437 561 40311
287 562 63600
9 283 10050
97 542 30083
56 424 69721
502 555 81400
39 481 39051
432 442 47413
421 523 52887
47 183 60959
1 492 61057
39 389 58412
185 254 62610
146 482 24759
398 578 27659
136 542 25060
98 457 101356
519 547 22023
343 377 17263
464 509 33242
258 524 39408
21 71 48166
405 464 43012
35 295 48052
54 113 51088
138 223 15000
71 80 28071
53 438 60208
487 590 34059
22 483 54818
524 590 22204
56 365 10050
38 543 21213
281 392 20616
135 555 26926
21 298 51108
155 568 32202
426 486 17263
81 443 13601
266 589 48765
157 460 12166
11 338 51614
299 363 73437
195 587 47011
367 533 58310
142 281 32450
100 224 13892
118 120 29069
176 557 44777
8 288 19849
313 430 29682
220 524 11045
292 305 53085
24 444 30067
58 189 39812
87 583 48549
212 225 34928
122 398 52887
128 475 64885
103 265 56859
299 313 39560
335 375 27295
192 377 20881
14 482 21401
411 558 25179
200 253 18974
206 364 26420
361 464 23259
437 587 70007
100 133 21932
40 264 27857
297 354 31780
370 466 77782
15 36 31385
182 269 49244
321 534 63655
287 298 69260
49 181 14866
66 158 22361
1 471 80455
533 563 62936
380 485 61351
483 525 40224
848 524
740 752
158 330
760 183
348 667
645 475
893 324
394 205
643 942
409 724
438 169
354 218
956 569
169 781
853 593
661 35
661 671
945 545
242 120
425 982
351 56
189 795
764 166
829 293
624 260
457 189
565 382
273 406
233 221
921 615
719 379
747 110
684 408
239 815
609 109
869 620
815 764
229 518
713 454
532 263
190 498
214 688
242 571
725 514
171 359
664 504
38 395
490 494
731 741
865 371
54 525
372 427
570 121
673 356
111 718
576 987
648 529
217 730
252 590
472 441
821 166
385 773
624 449
482 692
427 630
803 179
467 368
249 302
689 310
678 629
383 20
964 331
279 139
537 224
849 278
501 74
445 467
790 423
632 901
411 22
732 139
596 349
718 867
794 725
423 861
528 815
458 351
481 758
433 766
149 319
5 544
416 734
431 251
483 42
479 626
736 403
431 939
764 902
553 575
510 534
323 795
291 340
514 396
902 240
278 392
745 432
699 503
254 457
879 719
861 210
662 186
388 515
622 359
638 317
560 805
589 484
289 120
359 727
801 250
388 725
886 620
661 916
495 210
492 518
479 398
711 205
388 881
166 445
486 924
235 310
534 315
887 688
526 549
475 216
277 906
411 888
503 902
250 770
650 166
599 293
88 491
481 329
912 557
258 558
331 368
134 751
490 183
39 492
881 730
160 616
542 466
434 913
464 606
83 243
564 340
198 163
252 663
825 183
825 637
701 741
929 469
291 259
326 594
140 545
776 111
829 437
502 865
686 542
368 151
476 350
815 866
534 881
589 570
297 388
777 612
292 913
645 334
299 274
669 926
740 836
726 727
149 598
78 349
118 433
847 650
97 427
290 477
734 209
225 691
450 639
647 399
318 404
747 519
104 738
743 857
382 815
300 851
209 238
502 374
592 118
342 47
682 380
264 355
354 819
552 409
145 735
671 751
704 354
515 213
803 113
662 739
78 542
778 622
434 374
684 343
632 959
801 573
443 746
66 326
777 708
650 634
228 670
250 755
503 522
112 550
49 516
723 809
564 461
910 528
90 708
228 397
350 152
367 917
317 724
688 364
768 500
960 483
627 970
844 382
862 517
180 648
256 218
186 169
536 950
480 987
622 288
182 767
396 48
169 738
975 585
981 389
169 800
586 100
903 678
548 779
341 335
776 446
820 732
570 583
836 671
808 833
332 308
85 420
542 237
537 448
303 801
248 77
645 138
197 609
860 775
76 635
734 311
932 550
680 57
490 734
121 525
713 679
128 412
170 394
810 469
454 311
258 249
653 943
174 153
547 589
703 99
391 79
407 190
492 35
465 219
283 620
936 432
241 354
363 287
656 119
721 359
538 737
325 100
350 914
359 682
435 183
945 659
779 407
366 973
989 435
237 754
556 953
496 283
525 597
96 323
708 702
473 268
313 928
624 618
302 489
944 589
991 570
214 543
847 153
657 463
645 551
204 225
311 455
606 717
258 873
562 706
604 451
391 467
759 568
200 665
398 838
257 137
342 968
465 583
614 155
590 498
357 716
480 139
717 161
177 119
590 84
869 353
295 421
742 330
285 691
912 372
816 197
690 605
787 677
31 635
599 985
388 395
216 179
507 744
930 589
591 558
233 473
711 83
97 599
304 414
316 219
772 273
358 841
122 722
577 977
307 622
52 698
421 241
843 774
381 573
434 651
52 399
643 682
920 247
641 151
708 576
312 424
514 837
661 632
664 771
120 210
751 662
273 642
633 132
105 636
630 810
357 568
862 407
667 490
889 267
495 388
467 295
121 574
315 830
927 349
525 239
994 484
712 902
147 296
232 343
681 929
893 570
875 272
305 226
349 197
841 660
313 595
756 88
765 760
892 308
811 848
711 662
425 759
180 405
693 150
80 588
171 334
422 433
380 696
268 369
458 440
586 344
565 536
507 977
390 161
881 232
138 816
182 294
37 317
329 953
177 700
142 589
497 557
574 265
551 758
957 644
731 778
565 181
759 549
890 714
110 580
184 567
736 126
831 263
541 541
245 214
143 621
899 481
90 556
409 614
443 47
328 653
892 586
379 957
706 758
615 494
851 850
663 156
874 690
240 661
498 434
323 611
696 516
306 198
110 368
458 562
635 614
797 155
465 909
87 303
780 481
156 416
968 510
279 78
223 476
530 356
434 96
133 536
319 497
656 287
751 463
152 768
203 848
647 485
606 751
884 249
751 729
130 320
791 755
298 611
67 307
796 556
887 801
198 730
498 820
240 417
597 804
514 708
563 449
817 277
848 442
198 880
746 168
709 601
472 666
707 62
337 930
159 455
283 174
896 461
206 674
35 473
584 718
180 353
437 24
167 430
667 791
516 792
172 473
638 507
949 296
388 368
444 389
788 709
170 871
258 68
236 702
254 674
758 331
228 368
561 244
251 686
106 676
601 597
395 604
570 423
517 732
330 40
327 721
108 776
454 726
423 910
208 515
312 507
429 421
115 481
173 495
528 327
906 493
780 283
109 193
414 663
518 933
269 818
263 929
865 255
270 874
836 845
11 535
207 625
694 762
409 140
150 631
744 503
611 325
256 378
315 846
593 326
470 800
206 646
381 495
420 226
586 635
226 258
647 230
877 798
646 650
691 920
572 708
602 559
513 595
254 636
417 325
549 747
916 280
811 386
780 828
39 600
256 788
785 731
