571 1280 30 74
536 544 16553
373 462 49769
383 414 25554
373 518 43012
334 427 72139
30 552 58241
51 161 67119
96 244 78313
230 361 33615
309 416 43738
310 494 76557
432 493 98433
240 371 24083
170 286 42107
192 502 19849
64 567 27803
471 507 43012
103 304 43290
125 238 45967
69 492 62169
327 549 89872
187 508 50448
178 307 56727
145 377 38639
302 360 39446
69 93 21954
33 425 23770
153 431 32650
152 309 20809
236 321 35609
405 549 29682
300 541 26926
194 250 43278
101 349 49649
309 373 38588
15 175 26000
336 352 54452
86 248 65490
78 220 57871
277 418 36346
505 556 10770
14 270 22804
330 543 43463
58 86 18439
165 287 42953
184 367 73790
165 483 53935
73 189 15652
31 278 46271
9 382 33242
401 520 19416
126 403 36401
105 542 57775
57 109 64031
195 204 43829
61 72 46043
77 360 49497
539 562 58138
190 251 61855
427 551 15033
334 567 12042
257 507 29206
89 147 89627
145 402 19647
165 241 82765
63 252 66370
28 137 61620
201 261 58694
42 225 36770
120 298 48836
197 405 60671
308 516 49739
412 504 69000
107 212 51108
308 326 25632
345 474 134529
426 435 68819
112 481 18028
95 418 30414
513 555 28443
366 541 43290
211 413 66491
6 265 45706
233 471 38897
234 304 60133
372 541 40000
17 490 33015
253 388 115849
98 136 70491
109 423 13000
529 569 38601
291 562 30414
111 477 36056
122 368 23770
254 255 31064
325 521 65620
173 309 52240
62 168 11000
22 308 44654
40 550 33015
177 325 59034
61 349 69778
6 60 24698
135 455 46648
220 522 40311
77 376 18111
330 336 36401
72 289 40608
88 94 37736
488 529 32450
188 365 19698
136 320 54129
26 81 24698
24 535 61033
96 274 14318
123 367 49406
59 394 16643
48 251 37216
119 261 24331
300 366 27586
206 522 29000
441 508 34132
384 557 35805
231 371 30083
203 387 76276
531 552 62008
147 546 34928
205 528 14036
134 193 12207
32 93 37216
34 298 14560
50 467 63032
2 120 61400
31 301 30594
103 416 74733
112 271 38833
73 305 20125
256 382 29000
354 481 87464
407 538 49092
257 404 42202
331 509 54009
72 405 55444
120 151 35355
128 476 33242
19 123 64514
138 241 52173
82 503 67082
61 410 32650
136 228 25612
188 396 41761
145 386 46271
199 327 53824
119 458 55154
340 467 44102
248 348 113600
85 102 32016
221 325 72560
130 243 41231
52 388 61465
16 139 76694
236 452 49366
389 556 50289
93 436 31906
221 330 66310
391 472 30414
102 477 39217
130 396 36892
137 161 30529
282 382 51264
199 482 20396
310 313 17493
146 304 70612
30 541 57559
232 393 29682
64 334 29530
272 420 18111
176 265 22023
398 487 49679
203 457 16125
34 367 70859
52 253 101553
36 178 31064
440 478 57009
342 415 42720
92 243 20100
39 46 64382
162 218 42048
318 381 49406
45 161 45011
253 466 68884
190 395 72250
2 147 87658
180 217 37363
8 530 81609
158 299 48918
7 404 39699
105 295 25495
373 416 29732
141 446 42154
418 559 33422
405 458 56754
267 329 25962
201 283 63151
236 505 70214
223 467 28636
151 493 37108
176 339 36620
11 439 45695
222 240 19313
485 517 46530
113 570 13342
86 368 67742
88 238 21401
159 351 52000
154 464 29833
417 571 20616
351 362 44283
5 68 33242
436 473 29547
55 116 14142
232 454 33541
158 253 39850
374 446 27659
81 154 13416
6 540 40262
166 351 25020
12 438 72339
199 354 30806
287 483 54406
170 541 42190
23 198 23770
426 482 91548
215 262 18111
84 277 28018
228 476 37054
20 407 40804
98 320 51546
308 533 31257
71 544 43909
413 442 39623
216 557 30017
16 568 19849
69 472 96649
147 479 29155
196 414 51856
311 431 40706
388 466 117184
320 412 32311
101 242 53413
244 569 26926
48 546 25612
189 305 33971
413 521 31016
343 461 26077
233 319 48918
227 371 56604
223 553 53759
110 413 40012
3 283 22804
156 313 20591
90 442 14422
60 265 31890
221 516 12083
9 335 22023
13 21 46325
17 297 13892
273 326 23770
428 438 29967
131 349 53852
357 532 21954
38 447 40460
435 563 45310
266 425 33242
213 255 26019
95 566 51624
339 376 83630
158 344 60415
116 206 30463
246 511 59076
32 477 38601
496 543 44944
474 548 44011
316 378 84404
190 492 35384
278 546 31305
390 533 43566
17 303 34482
130 365 11180
291 300 56886
180 487 92022
424 458 54231
228 301 37656
419 481 16279
177 221 62801
153 327 42048
449 481 28792
50 260 65803
394 426 39446
177 260 42544
307 375 45122
320 504 64413
21 268 25962
390 512 58728
232 322 20809
152 394 54000
91 215 34409
157 216 78090
35 109 70264
380 487 29120
121 302 24083
382 435 37202
76 406 69635
4 472 51352
68 269 41304
12 546 42450
265 341 77104
135 239 47170
178 251 38210
107 137 30871
358 480 63388
81 164 28636
308 356 22847
451 554 62008
121 130 48301
92 347 19925
59 426 35228
196 527 25554
142 462 29547
129 525 44822
353 450 11045
465 519 55082
177 521 73246
441 459 33000
53 344 84380
154 438 51088
124 479 11402
374 532 62682
265 333 30000
223 290 62968
9 90 35171
31 124 42297
124 229 29069
69 477 26249
397 459 81615
22 221 48104
130 188 27586
370 381 45607
234 545 41773
55 266 29069
164 515 19416
237 283 23000
179 291 31064
130 155 30806
327 431 46239
22 516 50359
6 341 64498
88 221 49000
355 446 20248
229 301 35014
285 391 58898
129 550 60208
86 378 50249
317 347 43186
68 379 23431
60 333 42107
227 316 41629
191 325 51740
263 476 42202
28 570 63561
39 172 97129
136 476 22023
305 532 27203
250 315 35847
11 169 14036
142 373 36359
350 397 43139
64 83 26907
345 478 60208
236 241 30083
312 557 42802
240 447 52802
94 509 13038
78 131 30594
373 407 28425
23 335 34540
411 510 40311
395 528 52953
279 307 34928
160 360 40311
406 459 56036
226 384 21095
152 173 45651
487 561 78006
109 150 31780
25 425 48703
19 420 51788
157 299 19235
554 565 36056
129 399 11662
269 456 12042
215 306 24000
17 194 40249
47 271 34928
387 453 10770
67 128 35805
171 538 25495
1 236 32573
67 319 56045
451 509 56604
280 382 40608
97 150 28862
318 510 36235
317 378 44598
248 368 58310
156 411 47011
131 220 62169
344 498 82861
14 481 31016
259 506 188820
49 388 87664
249 296 20518
12 448 17464
23 364 25942
215 547 16031
18 307 50961
8 381 66370
197 549 43012
149 338 68505
234 461 68680
272 445 54452
399 550 56045
7 414 15524
69 111 43966
256 314 17889
115 427 56080
261 458 71063
273 565 31401
134 331 21401
303 398 54203
362 503 63781
63 357 20248
27 157 43186
59 384 21587
188 347 47539
5 443 29411
272 332 142773
83 553 42426
161 186 68118
197 537 61074
193 331 27659
252 511 40025
237 424 46271
98 229 55218
271 523 44598
71 126 71197
311 429 31780
78 337 43139
186 454 18248
183 448 51478
181 422 22204
293 404 11045
35 150 57035
1 44 34015
48 144 34482
131 514 61855
50 352 68066
202 432 67186
77 322 28018
327 410 79057
348 446 25080
305 357 20248
100 444 33015
304 343 40311
64 290 26173
228 346 27295
243 360 51039
227 447 97673
149 244 86006
464 515 25318
246 249 15033
181 185 29206
311 354 50090
493 506 111826
286 541 58898
86 172 32016
142 417 47854
410 549 37108
201 430 69007
294 314 41049
81 515 19723
80 129 57454
79 242 42942
293 383 20248
448 546 46400
215 296 33015
87 303 64777
35 392 28653
139 231 54120
435 482 68680
402 536 40162
210 444 43863
480 491 25020
157 523 68250
206 440 29411
267 370 17464
154 428 28844
375 402 35847
52 341 53600
47 250 23601
377 386 14422
321 533 46325
230 488 48415
11 213 31016
324 403 19026
353 562 26926
239 323 58523
196 383 54129
157 270 77175
387 457 76694
57 499 25239
97 109 31890
331 451 29614
33 522 11402
170 450 12042
40 311 65000
258 423 33541
386 402 52887
113 362 32894
140 186 44654
14 557 39408
462 540 32016
11 494 65307
132 376 41000
351 570 33242
532 542 53009
133 513 39850
324 375 61074
14 312 59034
294 549 68447
11 29 45541
352 553 15033
145 528 15524
109 224 78645
131 163 18868
31 334 70349
315 525 49769
189 542 62769
102 448 30000
185 422 15033
7 506 55172
190 307 54037
154 515 23087
160 302 36125
213 472 44721
72 119 65307
294 442 63008
20 518 14866
53 498 17720
143 510 20248
173 394 26077
16 570 26000
434 462 31048
80 425 36878
80 266 20616
201 491 82024
79 548 32527
126 544 61847
197 413 78032
409 531 27857
145 205 24083
40 449 57697
161 484 49041
170 300 33838
218 464 46872
29 179 60836
386 566 36235
259 408 89889
2 89 25080
46 172 38118
460 483 51313
246 247 22804
33 514 43012
322 393 35468
203 284 85446
322 369 52393
342 430 38949
103 146 79120
254 562 76922
106 491 48374
261 342 57723
302 393 28018
127 353 14318
349 437 19000
66 139 43382
119 405 35228
31 229 42450
89 438 49497
322 376 31064
182 439 24083
134 564 26571
270 557 26019
42 262 46098
36 334 23195
30 559 15033
459 465 47539
258 569 42012
168 387 186818
441 457 65376
45 137 65924
143 318 43829
218 515 35014
54 101 58181
133 158 30265
146 563 31401
208 416 60440
361 445 48021
116 266 28018
96 218 26926
82 400 178488
271 555 27659
14 523 19235
359 490 39205
112 419 18974
128 543 69007
111 144 62769
30 531 16155
409 470 29120
92 122 32062
310 363 23259
253 344 41976
216 270 29155
274 445 76381
310 411 70257
64 553 32558
135 323 47434
167 564 54489
184 438 26420
238 273 41000
275 430 43081
370 510 32650
168 284 25456
71 500 36620
485 507 66603
170 291 40311
62 281 20881
121 155 36878
79 337 24352
198 364 36770
189 532 31016
234 500 32016
157 501 71805
57 397 20591
42 75 39962
426 558 68600
72 549 50448
24 487 60033
408 452 56036
126 402 62626
8 159 49244
91 246 21932
332 493 92779
90 268 19647
54 242 22804
55 80 31780
359 444 15264
204 422 72835
397 499 24187
49 276 39812
179 411 61620
413 520 32311
43 79 31321
118 156 59942
97 569 18385
497 555 11705
52 247 39357
15 133 38910
103 538 38639
429 514 65803
117 287 31401
45 484 54708
173 416 58138
449 524 52498
23 435 31000
358 474 124427
114 473 57983
39 316 59481
69 473 44283
435 534 18358
316 400 60440
38 568 10050
100 475 28160
349 429 76968
61 327 60133
117 486 18358
183 438 30232
9 268 20518
350 459 64031
211 537 26077
512 533 47000
50 553 69376
204 417 64560
20 552 42048
536 566 58523
134 509 44011
407 416 15620
242 337 30150
141 443 46573
235 290 60671
321 326 61205
83 334 32558
389 554 54037
98 228 66400
224 499 25612
404 507 33287
266 522 31780
107 186 49244
13 401 32202
148 371 42059
239 540 62298
209 409 19849
45 291 58830
417 518 16553
23 534 17493
99 149 41000
60 540 40460
341 455 33242
52 245 48301
386 536 64405
105 360 55082
165 460 20591
328 555 41183
363 439 15652
248 463 72028
169 182 17117
187 318 37162
343 563 38275
331 485 54452
7 293 32650
94 564 41773
65 248 91679
43 478 53000
15 398 32757
225 269 15524
70 418 35609
345 560 69921
111 492 70612
104 490 37014
175 328 23345
355 374 10050
59 226 25080
18 290 41725
399 524 27203
366 484 17464
217 466 35609
335 382 22091
219 491 13601
252 339 53151
142 422 30480
245 341 36139
350 499 28636
196 432 63008
354 558 46000
202 412 55471
77 160 19105
140 302 34059
5 75 97514
24 87 187771
319 527 23770
51 372 42012
114 285 52000
219 358 80156
223 235 20100
179 562 48166
15 498 21213
358 548 82638
25 108 25000
109 258 44204
229 479 26249
412 432 67801
93 477 19925
299 455 66468
166 570 39962
10 112 27803
72 437 44654
140 232 37656
230 244 47854
323 341 52393
146 343 60141
239 501 45398
365 396 29732
29 562 55543
122 542 34828
46 378 45967
344 466 33601
192 485 19647
543 551 56080
496 564 38833
329 381 41146
161 366 39013
43 337 40497
48 111 49649
114 472 24331
9 442 46011
105 122 51971
186 232 32311
148 396 79196
155 360 32249
291 484 59076
321 505 62370
198 534 27295
440 522 26833
202 493 47170
120 504 58549
475 560 34482
47 449 46000
138 460 141676
174 214 14000
37 383 25710
211 325 53151
207 483 19313
139 240 74673
531 571 39560
113 351 31321
145 375 38328
83 427 59464
99 392 57567
40 524 67446
49 75 45354
245 265 67446
388 547 45222
194 525 19416
303 561 10050
13 110 38639
70 559 49163
141 348 48600
297 490 34713
274 420 28018
395 539 62968
250 328 36497
366 372 33015
28 139 60415
338 392 20100
225 456 16125
329 370 20125
34 123 50000
398 561 59034
83 352 46065
425 514 26173
332 445 195133
77 295 79511
48 448 53600
306 379 54120
333 339 21541
280 314 10296
13 234 66189
404 471 36797
252 295 78721
5 49 142864
142 181 20100
326 505 48083
433 545 20518
10 419 11705
4 254 27659
237 458 70725
309 462 41110
18 279 32757
423 569 20000
41 545 23345
175 194 20000
74 298 30480
249 511 62642
356 533 11180
554 556 19925
56 331 43012
159 329 40706
127 562 24042
11 255 40608
162 436 26683
275 415 39699
36 279 45000
329 351 48836
377 395 20591
224 350 18439
49 466 78186
3 201 43863
181 462 12207
164 218 28302
13 433 47508
196 412 41000
5 456 41400
144 492 40522
200 493 33838
292 312 40050
247 511 47434
84 95 45880
421 527 14866
308 424 54120
495 552 30529
267 411 64900
54 437 69116
457 508 73164
37 319 17804
281 284 27295
61 431 21401
97 423 30364
16 28 72691
225 262 11705
85 183 29069
47 497 32650
206 345 57428
57 258 68659
299 513 55902
82 227 115317
380 498 22472
270 523 26420
63 379 81860
153 354 47539
50 340 52402
380 398 26000
8 362 82389
336 543 12083
239 384 40447
326 356 19209
78 163 21260
346 526 24352
99 162 26833
167 496 62201
411 494 37000
407 518 44922
71 277 48104
128 496 58258
52 299 93005
260 330 40853
84 536 33242
288 564 49930
139 222 67476
409 541 41400
62 530 12207
343 534 20224
42 456 38210
314 327 47508
458 537 27893
166 329 33838
195 322 22136
408 489 75286
289 342 26683
65 542 40162
207 460 50990
414 506 42720
205 307 37802
34 332 56143
9 256 23537
98 147 72069
236 556 68949
327 354 61741
66 231 32202
258 453 44407
29 494 37696
434 540 34482
333 434 42059
406 465 20000
237 390 22023
28 267 73171
46 58 17205
91 547 27295
76 472 31064
207 219 38471
160 393 18385
87 561 68007
287 491 79812
180 466 22804
259 517 37014
327 482 41485
178 279 29428
227 400 64000
214 556 65742
58 172 25000
1 512 22361
363 519 48052
282 482 20224
274 464 56009
91 249 19925
67 167 16279
37 527 34928
214 236 52345
420 445 61327
297 303 23537
505 554 21932
168 503 128390
3 458 73164
66 212 41785
67 263 49497
158 498 57306
372 470 50220
149 150 79429
158 513 45695
36 278 68877
199 426 87573
457 459 76322
128 551 36620
132 185 54129
117 165 43046
110 520 14866
138 452 34205
358 415 75060
19 367 22472
432 506 17088
323 540 52953
278 479 19235
24 561 120304
177 330 36014
363 465 25710
67 421 59237
52 246 53151
67 233 49980
53 180 88527
54 342 42521
152 239 48836
104 359 36674
94 134 40112
315 524 18601
323 455 58873
133 555 36674
143 156 31064
41 126 28231
26 428 24042
127 450 20518
343 435 34670
31 346 24839
85 448 43186
288 543 43186
56 389 44294
417 470 56303
105 243 51971
121 396 57775
120 468 26249
340 401 18974
174 502 61612
25 550 26077
43 474 34205
426 469 62968
153 311 16155
301 346 14866
28 166 63127
142 204 76694
310 459 54037
252 305 43417
106 480 28601
264 546 18028
63 249 56294
25 514 44147
395 492 79850
96 445 82201
340 433 40817
56 502 29614
51 369 22204
99 285 37162
174 452 20809
73 532 18788
369 470 45541
148 231 32650
129 359 46228
149 218 25554
187 281 46755
447 568 35777
27 501 44011
71 171 41773
29 255 32016
241 460 100688
463 542 23022
509 565 34015
222 231 25495
87 475 58412
146 416 59304
372 409 49010
406 519 63514
26 32 62610
490 525 18682
22 191 60083
119 289 67082
348 355 21840
263 421 23854
204 470 38079
389 502 45706
238 516 31575
147 229 32573
74 120 27313
106 275 23022
286 353 46519
200 468 20616
282 435 54589
118 459 48836
295 360 51108
67 527 60531
19 464 38210
52 91 64031
18 375 66189
283 512 66370
21 364 13342
172 400 107912
41 433 31016
125 308 24331
65 463 40262
26 183 27459
71 495 34670
230 445 81413
208 563 35777
36 567 19209
140 393 27659
44 512 35903
37 196 49041
122 347 31064
206 560 28792
140 212 47170
151 468 30806
217 385 29411
123 272 114630
212 396 62169
154 367 53038
27 455 18028
214 452 12369
135 501 10198
308 390 54452
17 525 32016
183 428 15620
235 403 29000
76 391 15620
262 269 20248
55 129 56009
251 264 30067
63 296 47707
214 389 47927
47 315 19647
287 486 15524
285 473 22136
148 378 79712
83 115 49649
101 163 13000
50 177 70000
254 492 107648
169 472 50606
43 78 44553
195 369 55000
118 187 26870
312 481 60407
18 324 33061
4 255 23022
132 339 64537
385 535 15033
235 467 33106
485 489 40361
104 303 37537
55 359 44204
91 296 21587
188 243 39357
524 550 53038
25 80 49193
468 493 14213
538 552 22204
126 234 59908
97 149 85988
469 558 15264
115 336 14142
292 384 15033
180 344 13153
286 566 49649
304 500 42438
209 470 27459
171 552 37216
230 529 16279
102 111 25179
256 280 25179
276 466 49518
292 557 28636
48 264 21095
414 432 49204
15 328 14036
439 494 78262
233 507 47508
76 519 25000
220 514 68154
191 537 27019
209 531 25495
325 413 66030
322 454 46325
95 286 11402
16 38 28018
221 238 39812
476 526 43324
90 110 40112
108 311 56886
74 200 23022
552 571 60000
84 566 40000
171 495 30414
194 315 42000
192 489 33838
72 410 23195
387 488 46861
132 195 41593
313 459 50774
101 337 39115
304 461 16155
20 571 30067
283 486 76059
353 539 59169
118 318 37162
4 213 15652
108 550 34713
276 385 38118
377 528 42755
5 42 61008
187 530 55073
41 403 25298
168 203 110603
253 299 44011
44 486 33000
10 47 35228
258 529 26401
427 476 49659
227 240 73593
210 560 17029
35 338 41049
198 343 22136
173 208 25239
309 540 35847
182 519 30529
263 320 46043
310 439 18385
167 233 46228
51 366 60407
257 517 25612
369 454 32140
275 358 59076
68 456 42579
13 198 76551
206 266 33121
131 429 91782
446 532 65513
271 497 23537
518 571 23854
427 526 36892
125 326 13000
88 288 40817
188 317 16279
100 210 18385
379 443 38013
280 282 26926
106 201 70456
60 434 16125
7 257 78032
290 567 14560
185 333 35341
185 434 31401
217 535 18358
184 298 31623
244 361 36056
198 234 78032
226 469 43186
215 269 30232
68 306 45343
179 494 41976
176 511 31780
317 368 56859
54 289 59933
44 241 34713
193 233 55362
283 390 15232
166 267 43829
28 45 73763
70 277 28160
285 392 43463
10 271 25239
57 453 46065
218 274 31906
78 101 29411
12 147 26571
91 388 56586
472 519 41110
104 631
441 877
148 530
677 669
712 53
576 275
262 900
950 617
358 451
385 213
722 675
506 808
408 518
423 239
386 115
908 497
328 101
456 636
587 944
587 426
397 473
223 580
412 437
420 8
272 242
557 850
517 208
836 507
715 630
625 480
421 758
613 822
204 217
496 925
724 795
437 691
270 857
924 474
962 334
313 255
463 560
651 52
104 274
73 617
765 527
918 287
365 184
515 751
573 20
358 573
732 423
581 159
396 83
129 360
243 167
165 772
803 819
908 273
472 321
597 288
261 367
933 705
704 174
400 662
800 163
868 409
296 789
721 85
598 766
577 499
524 509
223 393
726 219
459 949
617 31
709 737
732 344
148 281
95 304
250 198
570 871
996 517
382 682
592 542
552 836
890 269
247 81
240 674
464 887
367 485
643 143
807 260
609 785
220 706
635 526
645 894
729 880
418 834
644 826
229 120
157 309
553 804
513 458
286 99
764 254
72 450
803 438
287 262
753 859
370 525
556 779
407 230
911 524
679 744
333 690
229 165
64 600
859 687
195 452
434 938
803 361
809 228
526 965
463 763
190 629
489 571
700 556
317 760
299 168
825 318
178 287
673 346
421 132
223 746
511 247
358 797
790 466
55 702
849 448
785 377
752 107
603 361
808 628
532 721
553 611
485 384
481 799
912 394
644 867
722 852
399 933
540 330
303 333
564 883
795 325
806 659
485 179
451 128
902 606
751 346
764 482
620 838
162 297
598 865
27 578
877 555
285 777
944 705
723 689
686 530
532 468
915 249
500 352
100 728
362 125
638 253
302 615
468 693
741 575
482 62
601 341
740 691
530 855
500 903
624 323
760 414
878 668
844 298
733 233
547 684
242 523
149 793
233 753
346 137
710 365
317 871
290 457
434 446
365 340
436 950
130 490
383 929
877 793
674 390
535 627
201 177
19 518
486 373
642 442
222 137
265 510
829 394
691 676
100 714
663 115
472 256
472 26
622 880
37 484
166 226
240 625
916 440
415 603
769 782
665 86
449 311
973 404
378 781
450 789
766 922
897 423
748 384
249 806
474 513
435 605
94 662
165 552
223 661
507 294
923 458
66 651
115 342
809 280
723 901
603 202
634 163
616 177
882 204
649 162
379 165
496 719
670 231
489 116
659 648
690 650
353 428
195 860
788 886
138 843
339 636
171 448
661 97
331 824
494 749
621 267
230 193
841 580
372 466
680 90
445 245
399 192
640 953
183 652
639 907
91 437
534 12
569 526
467 753
473 664
350 403
913 699
364 380
142 552
926 723
659 792
644 533
69 569
275 695
183 386
426 665
715 558
452 299
247 871
322 446
741 265
664 148
316 94
482 929
488 160
705 502
415 788
787 343
311 71
470 453
708 210
687 115
505 650
186 605
552 347
781 686
297 318
412 297
796 677
345 412
346 179
935 387
855 286
844 653
281 843
369 850
116 634
731 372
556 262
454 603
276 562
177 629
321 371
385 129
866 587
301 651
206 759
500 981
639 291
414 688
380 450
323 680
118 312
701 829
659 283
397 538
568 211
157 392
441 425
480 75
144 170
405 777
826 254
791 136
198 337
783 770
902 554
361 641
686 553
347 315
785 157
165 614
715 191
42 404
270 132
767 309
735 935
942 535
771 707
400 460
836 316
725 483
566 936
832 234
710 420
848 596
925 434
706 456
572 380
786 167
515 606
714 346
591 618
885 319
739 100
382 88
884 624
382 428
264 882
467 300
496 9
599 606
834 856
604 102
144 733
148 566
697 747
699 809
764 359
486 330
601 636
856 338
813 801
358 98
309 174
973 340
379 532
548 592
455 584
236 870
230 448
777 752
554 402
90 767
657 455
246 396
787 616
357 880
330 524
277 904
117 407
544 390
612 408
605 521
389 224
638 935
318 844
623 338
758 871
211 557
226 226
452 350
362 738
540 867
268 305
131 421
278 354
316 934
432 559
599 304
412 406
626 812
198 356
513 880
764 693
177 194
856 720
359 497
740 62
262 119
694 960
768 146
955 500
523 804
365 230
685 542
177 753
88 711
824 860
742 417
535 207
679 78
863 785
216 503
823 720
9 568
455 447
591 334
810 202
583 906
777 732
500 48
421 575
417 958
406 307
665 427
261 843
683 720
638 785
71 283
201 117
341 783
590 791
132 229
470 772
49 467
392 240
361 360
37 525
718 499
168 798
73 584
390 60
804 892
138 825
309 128
48 492
571 710
408 969
750 616
553 490
280 715
394 169
401 100
789 798
494 488
501 249
136 778
984 583
426 880
163 675
300 940
218 842
890 717
207 705
827 621
631 222
108 609
433 170
229 252
587 881
229 630
175 844
597 415
724 717
360 536
341 553
201 206
432 222
331 190
327 133
382 769
304 849
549 626
777 910
926 695
631 465
734 202
155 609
421 422
481 10
561 554
243 496
551 451
635 583
566 314
682 488
787 201
318 691
546 547
446 544
495 767
647 116
72 327
255 432
294 228
347 739
569 464
376 640
178 691
405 165
159 685
446 271
393 315
626 495
211 150
312 61
693 579
454 389
248 737
208 671
616 574
422 679
923 484
746 887
898 521
617 428
