519 1205 30 77
150 215 20025
189 281 50606
66 438 15232
334 387 52479
16 150 49930
287 480 50249
9 269 62241
33 400 80623
103 288 69462
271 434 86023
274 466 47297
460 503 19026
120 160 56303
69 180 21840
377 491 36770
127 499 36401
232 424 31890
236 242 34928
22 488 12806
262 334 60465
56 209 62936
301 405 59414
289 290 80399
129 350 21378
52 97 60959
393 445 75166
169 340 38471
210 387 49336
123 233 11314
222 317 47539
71 83 12042
96 115 61984
240 497 71847
152 227 30463
173 230 33061
16 365 58421
152 416 63127
91 517 43278
196 321 47381
260 346 69642
106 514 87864
116 172 50220
271 481 21378
97 222 38210
470 514 50990
20 481 18601
135 222 32249
28 206 74277
128 444 41110
30 449 50010
430 502 33287
159 201 40012
295 324 69814
38 40 37590
155 247 127945
331 459 19235
9 282 20616
251 370 105385
157 185 21190
163 399 23707
214 450 57454
446 478 45222
35 273 28792
364 420 44688
9 84 74243
74 104 54083
366 422 81099
280 308 26077
38 83 37656
12 452 26306
341 423 35440
319 418 44822
276 400 81394
262 340 41725
24 125 15811
60 245 20248
75 360 34205
410 455 39357
337 418 61612
155 489 175801
314 334 62290
118 375 77621
256 281 56859
68 341 65947
417 443 21541
35 101 19416
186 207 56080
246 426 31953
110 217 45453
130 238 35355
3 416 33838
328 464 35341
40 155 23087
192 517 31385
287 346 91706
148 476 10440
97 237 65192
70 183 14422
287 408 75743
17 95 119369
247 513 57000
218 475 27295
32 499 96255
77 181 29069
72 338 43324
16 215 35609
51 432 68949
199 486 82861
153 249 33136
171 444 32696
41 227 55902
55 495 52612
186 187 11662
99 273 19105
58 390 37802
120 433 47074
158 389 140918
63 232 60729
363 500 28160
18 270 59439
19 63 60902
218 286 38601
422 471 39623
201 407 24352
79 455 37947
135 317 33287
106 395 54452
118 391 55758
103 480 62370
32 127 104661
355 364 61685
45 65 63135
186 225 42202
359 411 46239
98 348 39825
159 508 52345
63 250 21095
177 343 36878
67 166 27857
193 497 63891
203 356 78447
70 450 37696
338 438 37014
88 141 45100
165 242 28018
37 116 32280
23 393 36235
278 468 38184
71 136 50990
220 372 24515
415 507 37643
103 500 67186
116 387 43417
140 284 66843
50 439 85755
20 397 32016
214 457 28460
18 417 55973
187 294 32573
67 278 14213
31 406 47676
96 224 98489
182 340 64475
204 363 36125
101 386 50990
28 275 71568
69 234 32450
158 209 96333
157 482 25942
103 285 45222
100 152 26249
154 432 57271
143 306 39395
452 505 59135
388 489 10296
69 278 27019
112 116 97293
24 395 61131
131 167 67683
4 146 47170
246 295 65123
475 483 25495
318 495 18868
142 267 37108
28 356 94763
147 340 61000
373 459 72471
31 354 32527
383 508 20125
29 134 24083
168 368 38626
416 428 55000
282 284 53666
151 499 55027
395 436 37121
228 344 70007
143 505 49739
144 231 22804
386 487 11180
315 441 59682
187 268 44283
41 406 53413
268 294 19849
191 219 46098
323 358 51856
357 406 58052
85 224 36688
306 325 26077
51 490 46872
281 512 58412
173 272 28792
177 506 58249
258 428 41110
55 316 38184
164 259 42720
374 398 62290
177 274 40719
24 332 76322
455 469 48836
125 469 37947
249 376 52431
143 452 45880
385 395 68964
87 512 23345
229 508 51865
115 381 48877
22 214 37363
121 510 24597
124 300 78518
197 498 28284
430 469 16401
170 203 68884
21 359 24739
112 323 58421
41 421 34482
421 457 40447
233 277 47802
4 103 34886
274 343 17029
128 199 96255
210 262 17205
424 442 50160
61 385 14422
15 89 35693
148 315 53038
71 207 26833
128 153 63891
103 204 45343
152 457 19235
193 218 25060
366 441 40000
261 288 58138
184 497 97185
295 426 59933
68 302 17804
5 197 29069
24 90 36620
35 161 42521
105 225 82879
22 457 31906
425 442 25060
372 427 43738
410 460 13928
8 55 31016
26 129 44204
2 380 56648
260 408 51624
52 405 59211
77 310 43046
180 234 24739
92 331 17117
44 335 26926
443 498 55009
108 379 39446
115 440 52402
404 477 42154
112 165 40311
177 370 52000
65 93 52240
58 468 34713
6 199 25318
49 334 50120
39 57 23770
201 477 46098
80 289 73007
228 383 57871
162 345 51971
176 353 37336
89 98 39051
19 389 84581
86 380 46648
105 186 84758
360 448 59034
8 495 57775
25 402 27514
251 266 215390
313 472 19105
48 290 92358
211 500 58009
111 385 60828
19 220 79630
81 134 40000
33 315 52924
223 338 50931
208 291 16031
79 338 35057
12 332 49649
334 340 66098
6 89 55660
397 412 26306
1 381 93680
58 518 33242
16 319 65856
54 399 24042
153 327 40361
33 441 35847
71 105 50210
109 361 69029
355 444 26401
63 442 70235
163 267 18028
274 370 38601
84 245 28636
81 188 58249
95 188 84315
27 132 46487
98 418 55326
157 429 17117
22 152 27857
466 518 33734
290 477 39357
46 349 45607
267 399 27659
58 179 35693
56 216 52498
50 140 62650
324 474 61400
118 316 52631
94 190 47802
253 486 26571
61 470 60008
132 387 55946
195 482 27019
409 474 53712
249 500 35609
341 439 67624
347 368 43174
493 519 57306
246 271 34132
101 273 38471
45 255 106626
52 139 61847
102 497 88363
266 370 115521
122 380 25612
48 91 30265
227 457 37336
59 126 16125
160 403 65513
99 328 37483
196 260 35468
227 380 37802
339 429 14422
133 364 13892
105 136 17804
68 76 25710
4 371 60828
32 446 105119
75 321 39051
316 510 23601
205 441 30676
366 501 34655
179 518 50606
57 175 32450
43 135 31257
494 517 39699
107 362 22847
203 206 56223
434 471 25554
45 93 26173
314 394 24083
473 484 63151
87 332 17464
176 377 68264
267 353 50448
383 400 51352
184 310 21190
200 507 66603
7 405 35468
5 295 44272
56 158 37643
166 423 31016
278 333 24083
117 485 17088
409 485 46755
336 483 46957
82 225 52038
280 480 31064
256 512 14318
398 496 34015
347 415 16401
288 371 58412
200 293 23601
184 253 28443
329 362 40050
196 235 25179
39 465 33601
231 434 37696
31 357 21471
234 339 52839
286 509 14318
125 191 57009
243 339 54203
150 276 26926
217 401 81006
81 328 56223
188 384 82462
193 475 15000
217 406 65803
16 170 47096
309 391 49649
147 300 106254
12 213 24413
223 410 29833
155 401 218248
359 439 52802
148 329 25179
155 465 97129
150 400 94340
122 406 49649
185 371 26420
61 65 49820
452 504 25000
258 351 50448
164 305 56400
57 247 39446
173 490 28018
224 478 36235
64 141 90139
40 160 69289
225 419 72801
425 453 32140
249 327 27659
195 339 33971
14 183 13892
243 359 18000
206 461 58421
2 414 51225
178 454 35384
228 276 49041
264 275 27893
217 313 33526
322 504 14318
271 375 73600
85 478 34713
205 309 36346
68 390 71589
19 345 72201
77 128 38601
239 440 38210
489 513 67742
54 267 38013
244 259 43290
40 465 91591
142 473 37014
41 122 17720
264 356 31623
21 243 26833
70 119 22023
302 390 76655
276 365 63506
119 183 29614
23 181 61814
243 330 26173
16 356 42720
5 426 43081
154 510 56009
170 356 13892
49 325 37014
231 422 38210
247 489 62032
102 193 38184
128 194 48374
279 385 47074
445 458 72125
177 435 32202
192 494 18248
79 437 36674
212 479 43046
445 478 41881
315 450 45222
168 222 46615
11 137 25298
8 432 15033
69 166 22361
57 515 23345
316 391 17464
12 281 57385
244 307 71847
97 139 10630
490 495 25000
28 203 89275
189 322 44385
492 495 50249
292 368 36069
43 149 46098
371 511 34525
18 290 25060
11 334 54918
366 471 56859
90 125 22472
102 130 49041
16 361 78924
141 174 146441
198 402 46390
135 257 27203
174 498 33838
197 417 43566
3 499 50289
143 149 37577
224 239 38626
17 188 47434
32 433 34986
94 315 40311
81 431 34132
176 282 77318
169 182 38275
229 422 31113
349 507 40311
200 438 27893
258 461 37483
83 456 48270
131 437 36125
57 307 58310
392 467 26627
66 113 28284
1 473 22561
60 491 71253
310 393 69354
179 468 18358
131 191 89961
277 505 67000
124 514 293646
158 401 69642
230 454 18385
101 212 49518
232 442 50606
126 156 19209
93 101 55543
385 502 41593
232 409 30364
221 390 54332
379 419 15297
263 507 15000
9 176 83024
141 289 79480
222 467 56824
33 190 17000
57 472 52773
44 115 54745
234 511 42755
132 169 37696
25 353 34986
3 286 57140
167 368 58464
72 223 49163
61 212 55606
176 284 42450
378 425 31828
15 463 27313
104 445 64078
244 414 23409
88 431 46755
73 199 57070
276 447 54644
303 460 52802
170 348 68884
136 299 47000
89 199 57559
311 381 67897
42 516 15264
263 415 35468
318 490 10050
298 340 28653
326 470 14422
29 188 49366
145 328 57271
120 352 17029
175 465 15000
15 486 57697
100 416 64405
333 468 29155
293 462 38079
165 342 68600
378 453 22361
151 286 35440
307 414 71120
424 474 56089
75 435 55471
90 213 53413
17 64 13000
11 298 39825
117 409 55227
180 371 45695
319 348 51088
133 331 27893
94 129 33106
311 369 29682
161 384 46530
255 291 31064
215 276 40497
290 443 57280
113 202 60407
73 241 60902
14 70 19416
388 401 34986
117 271 24187
113 338 39013
426 434 86267
213 452 26833
125 455 73055
310 486 31623
279 430 41881
82 294 55946
28 264 85907
240 463 40112
362 396 15232
369 381 79202
55 492 43600
235 343 49820
258 483 20248
275 350 66370
472 515 36878
47 137 16401
14 129 47011
382 508 31401
437 438 48662
121 154 49659
165 312 64125
38 456 38000
326 385 54781
80 141 126606
86 227 48052
309 501 44011
51 230 37000
73 236 39850
365 462 28071
305 499 33242
315 329 55036
398 446 48877
440 496 24083
14 26 22627
74 331 22472
56 178 89051
26 461 27893
72 503 19925
287 288 58600
224 496 42190
183 351 27295
52 222 50040
204 285 10630
253 310 25807
30 293 74653
459 519 47170
109 462 16401
129 315 23259
106 252 36674
11 49 26077
89 463 10770
447 449 10440
228 382 53141
50 402 46755
203 240 63781
164 416 38601
21 439 48662
102 238 22472
82 484 53339
100 428 28160
331 364 34366
20 412 43417
235 304 15620
96 239 79649
127 458 17117
355 420 60033
323 387 67007
200 361 57871
21 341 37696
306 314 29428
196 304 14765
246 451 25000
28 350 28653
402 439 131210
189 505 29206
73 126 53151
421 492 53151
136 403 32016
208 517 41340
324 498 108245
210 334 63246
48 141 78262
3 336 34713
223 455 12042
181 355 37121
179 288 64031
230 354 25612
78 147 48847
167 317 19925
225 299 72090
226 384 14866
114 258 16125
248 518 15264
41 272 34059
276 297 41110
361 365 71694
25 198 42059
272 406 57280
343 408 19105
231 426 72560
217 513 37483
397 485 31064
217 489 69771
175 307 45177
214 492 47424
19 453 20125
303 410 53759
30 113 74967
2 217 62434
192 344 48600
202 503 26019
7 126 29120
279 502 17720
7 59 15620
7 349 50040
41 457 56824
281 322 31385
162 372 33526
10 332 46271
324 451 39623
102 286 30529
1 54 51740
54 377 21954
246 324 55543
370 466 59405
209 220 43829
64 95 129838
325 505 41110
172 222 27295
69 261 48795
92 459 20616
291 494 32249
2 406 24413
375 501 46690
306 334 52631
396 492 38288
116 392 35114
148 441 29069
150 264 57079
226 273 35847
308 346 81609
80 443 45793
330 339 56365
302 341 71554
178 427 77369
18 477 47170
162 427 51856
371 493 42438
82 419 70937
90 191 45000
110 216 23087
367 425 71021
365 449 45651
397 481 30480
189 277 54129
99 464 13416
76 423 38079
15 240 17000
75 448 40311
429 482 11662
382 383 28862
121 250 42638
55 254 29428
257 314 36056
31 178 48703
103 211 53413
48 289 43105
132 323 64031
54 142 47011
367 424 20100
147 413 48094
16 418 73348
237 283 30610
296 403 52402
95 161 56462
78 300 113172
159 407 38833
199 241 95708
111 514 21095
57 414 62241
43 394 39560
53 124 54589
254 309 51478
228 297 14866
179 261 14142
10 106 27459
266 448 55462
23 74 62370
276 383 82292
339 411 45122
22 100 13454
343 435 54818
124 281 95126
118 121 46239
51 162 44272
160 456 60299
239 496 26077
377 399 28636
50 198 38601
286 499 66843
74 320 18385
318 432 67676
232 412 32140
346 408 97268
11 47 14866
140 282 76236
49 123 38626
146 420 36014
174 324 139807
96 491 39850
75 506 31385
252 395 31145
266 413 76942
208 328 67801
513 515 27019
196 435 43417
30 202 82420
104 245 56639
229 407 37443
243 411 43012
194 211 36674
252 436 10770
78 266 99141
74 84 34015
384 464 65215
265 400 26000
345 432 80056
367 442 48000
349 405 50931
15 199 56824
193 286 43012
151 445 84404
131 516 34886
137 298 18385
176 269 67119
292 516 22023
320 331 13000
321 435 44721
30 494 72945
128 241 65765
265 422 73062
54 491 53085
169 196 61814
63 378 52173
108 374 25807
159 477 20100
10 87 43681
102 509 25554
472 513 29155
342 358 36235
179 248 57775
211 327 31780
165 283 16155
62 198 35355
344 517 70093
25 62 13000
134 431 21095
209 427 32757
13 133 21213
104 224 75611
127 446 21260
414 472 34366
19 154 60166
304 435 35057
7 236 50606
49 306 37656
119 488 23087
395 430 63891
37 334 47381
127 151 35847
263 516 36401
105 207 63695
66 293 13892
233 300 27459
44 440 30017
93 487 24698
85 445 16031
344 477 62201
271 426 55803
279 410 58694
27 346 58523
72 202 36715
344 382 32016
100 351 28425
13 23 38639
71 296 46615
216 401 62586
76 341 55009
299 379 40311
272 490 31623
122 227 50488
254 396 26476
42 131 30000
159 229 54129
117 451 24187
53 189 21260
240 486 49578
136 296 40112
178 357 65276
205 476 39812
25 176 24042
39 175 27459
234 330 50249
38 207 63600
251 302 115104
381 491 57035
3 305 59481
36 259 29069
149 219 45695
146 211 16643
9 245 60959
138 374 33601
353 399 45541
241 242 57871
46 337 33121
504 505 49518
4 420 26306
230 490 42802
160 352 63246
24 430 38897
35 226 22847
114 206 45607
6 98 48754
61 326 53600
103 371 49649
221 466 49396
140 359 40608
52 347 24352
322 505 46141
45 487 40311
111 326 25632
60 96 73600
190 400 75505
73 156 59615
342 376 37014
153 241 30414
257 467 47676
167 168 34205
151 509 28160
367 474 53759
91 477 101966
45 328 77201
351 488 18682
147 448 46228
86 164 27166
287 466 65765
231 270 66603
361 507 34713
107 476 20125
155 388 185235
375 471 36222
236 283 34205
29 81 44944
43 219 13892
24 106 89376
413 448 28636
7 46 15232
236 405 39560
145 431 49679
312 342 39319
84 373 75961
374 496 45706
140 439 66219
46 59 18439
328 386 40000
32 120 34409
91 431 53600
220 389 45044
12 504 26401
270 426 23601
290 417 52924
29 64 27203
374 433 48260
26 28 20248
34 256 55227
295 498 40706
145 208 17117
165 237 26571
191 455 94557
280 346 76026
188 328 57775
147 298 53235
85 104 60671
98 319 29732
153 312 21000
79 223 35000
185 493 22023
32 352 29155
10 256 45188
43 167 26683
214 421 37443
353 402 56719
143 314 43012
36 305 62298
345 372 46530
296 456 32894
17 29 21378
118 309 38053
60 269 76655
42 437 19209
151 238 41773
302 439 130832
335 374 13000
410 430 65765
108 138 12042
430 455 54129
289 443 63253
114 475 36056
375 412 75611
110 357 21401
56 110 67624
70 129 47000
140 198 68680
32 374 70576
123 505 70937
481 485 23409
76 333 35693
358 376 30414
8 510 19209
63 154 52086
65 303 24839
301 347 13601
113 438 24166
62 176 13000
190 315 49092
471 501 28071
9 60 69354
329 476 30871
48 88 80231
335 440 29155
268 484 43417
60 104 57009
108 335 17000
344 404 25495
313 513 18028
138 433 25807
273 384 46840
53 281 48010
291 517 34525
459 482 74673
4 519 39205
221 251 41773
346 376 41012
339 511 34234
260 343 51400
333 390 56462
225 294 25179
425 474 124780
34 514 103276
72 410 30017
159 404 41195
138 403 56569
205 366 22561
257 394 32249
107 329 36359
200 437 58189
398 478 20000
408 466 48083
217 388 70214
169 262 24352
363 376 50695
27 323 35228
274 408 25000
82 311 16553
297 447 34234
54 381 78746
6 156 10296
37 387 13892
173 406 46325
240 253 46690
220 345 31906
144 407 31401
23 320 56604
5 270 26173
171 355 30364
64 88 50804
174 443 55000
36 307 47634
301 415 21587
144 422 22361
261 468 19925
23 445 79756
112 387 94641
8 316 26306
65 460 64070
181 444 20616
126 337 22561
166 234 37054
224 398 37000
395 502 62626
375 434 29206
89 348 17464
30 228 78645
273 464 26249
242 283 14765
435 506 50695
139 237 58249
311 419 71847
178 230 20248
32 305 79310
366 400 105683
109 200 46174
92 373 77104
265 383 31385
98 337 42297
361 418 44011
307 465 53814
151 458 29017
67 76 27203
4 211 50220
12 322 37336
292 347 23345
374 446 86585
186 294 37000
55 396 10440
280 285 28425
256 514 157747
218 336 27019
79 131 36056
97 172 13601
94 350 26926
115 239 39013
165 241 60729
301 349 35609
479 514 74041
349 418 68007
13 355 51788
44 108 32650
137 300 62626
329 450 41183
126 236 52086
130 393 51430
158 216 51039
119 450 33287
107 205 45011
247 465 56462
163 353 32558
287 308 19235
323 376 65391
154 250 56921
446 458 18248
202 255 107019
161 212 18028
86 244 48010
102 184 70576
143 394 39825
18 201 15811
10 34 11662
248 287 50990
307 352 58600
121 316 31048
190 275 79025
326 514 42048
369 473 43566
182 321 13892
181 310 54644
271 451 34205
30 255 60959
273 386 40000
146 355 53339
200 263 65215
42 263 44272
30 447 54129
238 445 90338
86 259 33242
257 392 33971
12 87 51010
114 497 51624
31 454 24166
47 233 32016
354 406 39205
164 227 57489
195 373 36688
157 511 16643
73 242 20396
145 517 53759
340 360 70434
95 479 104480
52 368 51662
156 199 34015
128 171 31064
114 483 13038
222 257 46519
171 194 25080
187 207 65765
106 436 45222
138 299 40792
20 549
330 200
341 371
325 700
777 169
527 571
576 599
496 168
154 649
882 748
662 851
789 759
308 613
476 353
475 525
617 461
962 377
764 230
531 41
656 135
174 801
427 305
301 575
829 667
55 679
492 369
516 812
509 380
941 373
765 447
358 139
205 347
578 293
892 742
944 512
264 295
599 771
68 260
211 198
101 242
383 228
708 591
705 707
144 427
848 507
582 585
667 865
863 293
676 829
81 736
432 130
648 637
783 851
59 583
495 199
353 50
233 207
324 897
564 589
183 586
918 593
67 674
561 94
967 365
879 562
725 517
263 853
231 886
273 817
472 334
74 309
795 546
513 631
254 616
548 945
237 861
391 583
631 974
756 595
865 177
899 389
56 459
75 297
220 615
245 505
326 293
840 760
937 324
510 518
808 697
859 323
249 633
874 510
549 348
994 492
124 542
608 683
548 527
920 472
418 315
928 523
361 454
341 731
236 565
109 345
897 725
525 232
159 398
690 480
326 112
952 649
513 719
753 521
430 398
135 481
608 740
695 96
573 159
458 317
185 319
530 142
366 233
690 865
791 905
816 676
548 591
280 420
414 614
519 334
347 501
726 615
560 827
293 628
923 357
674 703
120 331
654 875
160 386
600 676
143 745
940 279
16 564
719 776
695 238
870 393
365 675
612 929
531 260
735 742
644 419
311 438
401 295
433 675
509 97
94 220
536 576
254 734
317 39
748 275
166 266
972 544
418 88
31 617
329 320
518 679
253 827
711 681
684 660
574 862
570 458
388 631
619 691
395 175
859 157
206 225
72 662
473 928
404 123
317 862
279 796
362 585
553 894
464 346
386 520
274 741
29 373
19 379
947 422
767 837
578 310
763 697
802 368
388 427
390 656
204 721
513 872
799 150
92 699
502 575
704 524
749 235
813 514
502 469
375 761
570 233
458 434
50 321
853 391
413 31
572 825
374 689
962 559
775 739
437 269
645 439
319 90
297 147
376 405
717 700
452 51
348 926
646 687
791 595
210 494
54 407
965 503
373 283
713 388
695 264
397 142
701 216
619 76
698 873
255 790
488 869
551 643
543 688
342 466
174 480
460 517
460 661
517 651
186 777
298 254
194 603
726 123
213 173
370 885
430 708
563 115
320 957
913 692
414 525
524 204
811 407
863 789
666 729
428 382
293 297
480 859
307 852
582 839
666 577
587 416
676 315
533 989
25 600
14 423
109 606
751 172
692 120
405 202
934 485
436 911
580 389
667 405
744 886
274 844
864 595
385 790
811 812
149 669
524 664
101 693
367 768
345 428
380 835
333 800
866 250
786 242
837 390
673 598
718 505
29 410
791 127
117 291
708 402
637 882
120 378
713 896
648 625
220 900
863 581
500 879
284 354
683 792
227 265
383 816
575 197
393 540
63 474
454 675
287 179
678 763
529 313
522 172
692 675
433 175
568 505
271 623
546 906
784 796
520 777
748 72
705 806
961 625
403 702
894 445
506 263
205 795
266 635
836 743
272 868
632 805
167 413
375 378
553 569
754 560
229 744
612 868
188 836
459 714
449 900
763 339
469 78
461 792
656 614
517 502
626 597
523 355
440 333
202 318
37 649
381 162
359 622
577 446
339 129
487 737
168 777
557 912
647 534
504 223
411 764
300 640
675 468
592 238
642 32
698 624
38 490
425 948
297 754
428 56
193 686
180 413
648 179
460 751
78 594
550 43
125 418
350 253
110 523
731 338
703 331
979 498
910 605
894 485
587 778
240 106
454 6
294 920
526 189
641 752
324 547
694 745
890 671
498 209
648 104
222 459
52 606
652 325
258 76
46 705
152 330
752 316
589 632
350 186
726 243
436 886
648 67
810 572
185 734
622 108
609 977
290 232
643 604
360 343
806 193
603 533
122 433
329 674
416 238
673 242
222 826
640 52
572 20
737 153
385 48
415 343
237 732
841 630
902 355
497 153
175 365
666 202
502 914
923 688
723 579
731 531
126 809
170 442
560 262
594 32
826 201
375 601
261 506
264 434
712 436
583 965
715 446
486 299
719 99
763 763
540 23
380 149
792 607
106 260
410 278
282 437
257 652
815 559
465 376
703 470
500 514
926 460
191 225
390 900
619 737
301 871
828 640
973 617
644 215
285 198
15 527
695 41
400 418
534 250
768 277
238 471
984 596
354 792
671 124
231 722
417 399
3 465
679 102
423 550
883 487
435 315
235 115
423 176
112 580
469 234
273 719
805 386
443 191
188 458
449 446
827 146
293 386
408 736
616 213
869 612
814 540
778 783
744 819
521 961
654 568
712 313
339 441
508 153
263 748
857 776
270 173
963 667
249 190
695 599
831 356
357 893
301 669
