631 1711 11 166
4 13 33136
259 580 38601
199 320 21024
216 223 36674
464 604 26249
223 364 11000
195 486 24739
261 509 42953
191 466 58694
262 423 37014
331 549 19925
38 363 87801
190 368 29732
110 293 90609
263 498 48918
277 377 16031
301 465 20224
346 467 43012
204 526 85006
7 86 39699
97 448 30414
1 298 45651
256 467 38588
234 311 21378
91 266 146154
228 300 80000
190 579 59682
469 493 48466
420 427 40706
197 420 50931
258 315 53367
29 369 42190
78 360 56515
16 166 49649
99 522 13153
346 395 29967
506 543 74847
35 299 61074
169 388 69181
35 485 66940
336 617 49820
391 561 44777
216 282 17692
126 351 61294
42 189 29732
388 538 48549
107 500 34059
556 573 53814
321 402 79158
52 86 29547
440 500 49031
180 318 39825
73 385 48508
403 618 56824
406 483 34713
397 403 22561
236 276 26249
176 530 52202
48 484 62650
4 344 30000
88 427 42802
39 573 50596
296 395 29967
179 521 13000
455 460 30150
309 455 48847
559 630 55154
179 182 29833
209 437 72443
35 408 22847
270 396 53151
182 495 39217
104 532 21000
135 187 16643
111 602 52202
90 562 31385
342 582 28071
76 352 63063
14 450 47854
476 532 24698
51 531 16279
354 577 24000
67 340 31048
268 602 34132
185 290 50961
509 627 39812
149 328 23770
50 157 74947
91 459 38419
151 280 12083
125 378 27785
189 380 43046
369 445 33015
145 454 43046
414 451 26019
569 581 30232
169 422 55154
192 478 54745
90 507 46098
453 538 24839
191 544 41869
249 426 17117
297 628 25495
24 36 41485
128 347 57706
224 305 19849
548 573 59363
178 551 49396
74 578 22023
175 188 65299
295 313 20396
511 585 11705
247 370 13000
13 99 35903
38 362 36878
441 495 38910
147 478 26683
114 239 64661
180 531 42059
168 367 44102
131 599 42190
4 240 14866
356 451 35355
276 395 41012
201 415 25000
2 518 17117
439 580 25807
296 346 26000
299 472 51000
278 548 30265
452 502 22804
382 588 34205
97 483 26907
302 528 53339
182 393 32894
352 420 44911
377 398 36235
240 344 21471
17 216 41000
262 334 42953
248 559 31890
193 587 50220
58 362 93263
123 409 13416
344 571 20224
423 611 30871
173 176 35228
244 323 11000
288 366 32016
191 539 42953
125 382 30414
80 116 13454
15 82 57035
98 463 38079
90 185 61400
176 413 30529
275 616 39205
398 629 47170
214 312 49649
271 625 35171
579 590 28862
224 570 35057
168 358 11705
66 153 60208
471 516 22361
142 280 10440
128 344 18682
28 32 18028
378 481 13928
374 402 56727
571 621 28862
10 375 40112
19 89 51894
155 367 25000
238 572 45607
63 110 38328
172 389 32985
306 432 13000
36 155 38275
369 626 33106
160 319 49092
115 631 47381
58 581 43186
33 465 32140
77 244 34482
246 505 49244
173 292 57271
31 317 55000
230 539 70228
202 578 73817
15 504 58669
58 251 93744
154 177 54332
36 601 46819
598 613 21932
233 301 31890
533 589 73926
21 591 38601
7 449 15811
382 621 18111
174 497 42190
313 449 31780
196 272 17493
243 513 37363
35 537 42190
141 457 73763
499 546 72835
515 536 68029
223 462 47424
15 302 13000
160 408 52802
90 566 44045
130 343 57723
167 228 21260
71 79 30806
33 233 44283
9 11 24042
399 406 34059
226 558 55731
565 589 54818
47 166 47854
197 409 54424
99 229 13038
158 536 69635
384 482 39560
22 187 11402
44 266 34482
6 295 10440
480 541 32527
137 193 49649
58 132 12649
159 631 12728
405 624 33422
113 403 43417
183 450 35468
70 228 22204
543 558 57489
71 360 48104
269 602 52697
202 407 68884
427 594 13000
399 483 17000
88 139 18028
251 362 47434
77 392 18788
222 573 17493
37 374 28178
143 484 23537
57 282 21541
117 214 34205
75 147 61033
374 493 69116
368 597 37014
284 332 26420
8 582 53600
515 610 40804
493 513 56223
335 567 37014
586 593 52555
61 274 44045
84 353 50289
138 376 63285
361 496 34525
348 576 38079
142 592 53600
70 349 19235
199 492 27203
140 217 58669
310 535 69260
463 512 36125
268 340 41304
283 387 47927
58 120 60440
316 381 23345
113 397 41231
487 492 12649
275 612 42202
77 333 31048
365 496 59203
16 596 81006
185 620 14765
214 267 45000
380 585 30463
231 392 62682
63 534 20000
174 296 31828
351 630 82073
103 498 43174
385 622 58523
38 56 63063
404 435 12207
201 611 49254
69 204 71805
22 225 47854
443 517 42450
401 609 52154
28 247 39623
443 494 51039
125 594 61327
103 331 28636
425 537 44102
211 404 22361
157 158 19416
156 440 22361
448 473 54708
117 186 13454
535 548 42190
46 272 65000
535 573 73539
468 542 36000
244 251 33136
402 509 34176
71 583 41761
40 170 20616
122 218 42190
109 560 62129
209 578 54037
153 279 22804
241 426 34785
416 561 50961
362 363 73246
218 264 33941
331 401 31890
2 179 51662
135 531 19235
21 199 23324
128 192 65115
360 605 32202
108 294 42802
104 613 21471
150 314 21190
477 577 27659
38 608 19647
223 545 23259
256 617 55227
348 606 13928
30 85 32062
71 175 18028
190 597 25807
170 519 23022
144 443 39000
421 579 49366
182 441 52000
329 512 65521
402 469 34234
271 352 38013
317 584 38053
90 620 50000
414 607 18028
160 485 28160
400 442 15232
253 318 31828
368 555 42755
145 609 55973
337 464 72567
389 441 51884
11 157 35228
359 433 29698
59 229 29017
43 87 58822
7 502 34886
114 324 31305
197 352 26926
380 498 33287
319 408 25020
75 159 50961
514 545 48021
176 353 59540
501 547 30232
68 503 30232
86 368 40608
55 249 42048
222 371 24413
121 564 41400
46 387 25710
4 229 34015
104 311 40497
105 502 19849
44 222 39205
118 396 34059
376 446 23345
137 587 42012
117 267 27659
192 347 19849
491 519 22847
103 549 21190
238 437 19000
261 493 52612
74 81 34713
156 231 28636
327 545 42059
171 486 70725
36 565 18248
109 332 31623
312 494 43105
203 550 26173
258 546 55362
284 442 14866
165 240 21471
165 269 48847
69 329 66038
206 421 47011
576 592 78339
226 504 56569
154 310 73246
30 373 65552
193 534 35057
121 480 54231
49 72 23854
171 195 66708
391 405 19416
331 465 37121
204 563 67676
152 379 30083
35 628 55471
73 400 36222
176 194 61400
101 362 15524
220 494 49518
131 350 153379
145 480 67007
518 521 36069
337 628 79057
56 444 20396
434 552 53339
354 477 18248
24 393 40262
373 575 13892
279 502 104139
9 610 48765
46 115 45880
218 441 72450
5 514 44272
31 530 48415
132 489 14866
72 435 48270
478 540 58830
54 557 23345
59 269 17464
66 239 63063
495 623 38288
68 186 22825
45 383 19209
30 342 33615
288 604 28302
40 384 57723
307 570 38079
208 418 37000
216 462 42190
120 394 31401
510 542 60166
317 406 32388
473 519 48877
505 551 18000
479 623 28601
92 486 48508
303 514 12530
168 213 40311
6 279 44688
323 394 53460
429 576 103769
255 282 47170
141 581 66098
87 436 20248
311 630 45695
427 595 40012
594 630 46141
259 565 66189
318 531 46487
167 447 11705
231 510 50249
328 344 15620
178 529 32388
108 351 55444
130 436 52393
286 622 13342
4 128 30806
214 426 53151
148 517 56859
44 556 59304
116 356 24839
433 565 37000
288 550 47508
386 596 120420
44 573 35511
104 234 30017
25 151 12530
196 205 28284
139 598 13601
169 403 49396
60 95 11662
45 554 25060
302 361 50990
3 230 48703
98 213 32894
356 607 15620
90 287 37443
335 358 34928
172 237 44643
48 100 78492
107 304 54745
332 560 32558
109 400 31828
65 270 38601
245 477 15620
235 575 46755
453 587 36674
40 394 40817
20 22 14213
355 479 35355
249 312 36069
372 523 38484
27 407 57035
588 611 29833
420 595 40817
88 630 27785
50 158 72111
563 568 41881
174 346 22204
50 303 57201
78 470 35693
191 478 60166
161 203 35693
120 384 31623
130 580 39357
195 574 31828
28 460 69376
403 493 66611
429 592 78186
219 493 69231
282 626 56939
526 629 99489
219 390 63514
255 369 33242
363 581 68731
420 598 17464
104 308 68731
396 432 113053
10 140 47518
236 306 36770
284 400 21932
336 445 36359
163 556 34015
60 502 87281
96 595 74000
107 456 60440
102 212 36620
508 603 47265
94 483 16000
74 552 50961
140 187 42202
163 247 33242
72 96 76942
197 308 17692
184 214 35355
19 360 36125
284 485 45000
239 536 68352
22 135 22825
208 468 22804
18 320 52154
211 402 62610
22 59 65069
49 318 39446
371 535 69065
385 583 20881
402 627 50289
316 563 57775
308 532 68884
410 431 24515
562 566 40311
137 210 56036
5 12 36235
85 235 40817
288 458 17205
79 583 59439
161 474 33838
415 423 43932
268 338 30364
100 383 52326
127 358 29547
291 593 50000
244 333 40162
141 384 51740
66 114 47434
62 488 83952
182 433 82365
92 554 35355
406 510 42190
63 193 29206
148 501 29017
1 232 15297
117 503 29967
162 226 40361
525 605 20518
428 537 47170
334 415 28653
42 585 26627
186 267 24083
258 487 55866
320 453 69893
338 602 13000
286 438 37014
236 395 42012
23 610 20224
220 450 52469
241 249 44822
158 239 65856
418 447 12207
66 313 39661
134 211 46615
235 293 12042
58 141 62129
84 490 63600
194 530 27731
148 547 16492
60 452 65008
84 289 62097
57 364 33121
320 388 100125
263 533 22023
264 407 46043
408 537 34438
343 526 79612
98 593 37537
157 514 69080
14 220 16763
185 296 39925
53 116 13153
504 579 30594
510 612 30265
486 554 39408
91 557 76942
221 470 59481
299 354 21587
147 192 59405
242 546 52631
134 529 30887
413 623 37643
23 365 25080
526 569 216933
437 578 50990
338 571 33541
175 583 33302
547 596 35228
7 105 33121
119 307 42379
80 183 25179
304 360 51624
184 503 15033
292 600 56569
323 333 38053
189 599 19209
333 616 25239
383 517 18111
102 136 17464
115 387 49820
300 614 48847
10 129 29411
231 542 44598
287 428 45793
233 511 35000
32 163 19235
5 50 101020
1 499 44407
93 334 36878
207 325 39560
197 496 34176
212 476 28284
294 467 31257
290 432 20125
287 425 49163
13 272 56080
56 500 29428
301 498 26627
171 503 62817
417 567 26249
291 482 38275
307 532 43566
283 631 62129
76 123 35355
178 505 58412
206 579 36892
111 269 44407
375 575 59076
343 436 48795
169 243 53759
206 324 15264
424 437 47539
94 124 22023
11 570 36620
64 520 63789
67 318 19416
205 490 81006
93 262 35847
210 348 36222
47 164 70093
17 136 33242
424 553 10630
152 556 23022
10 217 22361
289 373 40497
70 317 62201
2 170 38588
314 605 47170
221 231 29155
38 101 30871
209 434 43186
317 483 12166
142 576 35468
193 538 46390
507 620 49041
327 570 26401
5 303 43829
308 420 54120
352 625 45453
14 461 41437
40 275 59008
164 487 40608
468 614 49204
527 537 31623
458 604 14036
418 542 65215
115 283 28443
164 492 48754
74 209 44643
126 588 43658
144 619 10050
294 346 50448
169 499 37736
245 274 32202
233 350 69289
125 621 30871
418 468 53038
182 218 91788
89 221 41231
350 609 59414
410 587 43417
5 396 176309
292 389 39623
158 345 65008
213 329 26077
463 482 21024
78 175 53226
59 522 30480
166 460 25298
121 401 47074
193 493 57567
166 455 30414
138 373 32757
163 370 32249
58 384 69231
53 183 23022
30 172 41304
96 378 22023
223 282 31241
188 583 68710
338 621 39217
454 480 65000
45 517 14318
260 340 11402
83 278 42544
101 392 66491
491 623 45011
140 375 59908
227 288 38484
137 534 26571
331 552 65605
60 412 53451
100 501 97082
98 329 49578
123 528 47508
337 400 42426
133 315 41231
550 604 47539
405 561 53907
323 616 33242
12 118 106405
443 450 52402
124 584 11180
229 269 26627
273 401 50090
263 281 62241
299 577 35805
109 442 30083
475 569 93984
381 436 23022
82 178 66098
222 266 40497
111 260 24207
127 567 19416
262 415 34928
166 356 47508
28 386 65856
371 557 47170
271 595 24739
188 622 21213
94 317 21633
320 499 81541
32 460 70328
3 161 22672
167 317 54644
213 593 36125
470 614 53759
287 566 37014
191 227 27019
456 605 30232
16 607 34525
101 608 20125
478 539 43463
337 385 35057
149 347 18439
173 413 21932
218 237 34525
489 581 47518
174 274 37483
17 102 41761
8 407 38419
612 616 14142
82 504 59942
247 266 86556
190 421 48466
189 377 60308
411 555 49092
8 342 56045
55 320 45310
63 493 54489
444 500 12728
53 356 21213
245 497 27166
352 409 62936
330 615 27074
67 180 27659
185 395 51420
135 140 40000
249 410 16492
46 516 36620
95 416 49041
42 599 25554
369 488 59008
140 318 52202
257 318 33615
349 530 42190
210 587 46098
114 536 13454
243 388 21260
265 357 10198
9 515 21471
408 485 56223
62 248 19000
291 463 32696
247 386 105380
523 577 28071
180 269 37590
258 278 32311
200 468 26833
20 187 22804
182 586 19105
350 511 68118
92 443 46098
341 355 19105
341 473 17720
504 555 70725
111 340 26833
281 380 35057
348 410 55462
261 469 12207
7 52 18028
374 469 41976
312 426 28460
234 559 34655
61 477 27659
361 528 17464
29 396 28284
54 154 47539
412 416 60811
154 371 62626
540 611 16279
61 299 38079
145 401 82201
466 540 51264
125 481 19026
195 484 39319
77 251 31385
236 617 41231
250 325 20025
254 274 26173
13 229 33838
178 321 68731
84 205 67476
201 351 45177
122 424 47539
83 548 34205
240 338 26249
279 449 71176
276 467 29155
49 257 33136
166 607 50249
504 590 13153
273 552 44272
85 575 56143
253 509 49729
64 576 97417
61 472 45967
386 460 38601
179 291 58421
496 528 19723
198 455 24515
353 516 41012
391 555 21932
317 530 72367
175 360 47424
288 474 25632
122 433 39000
71 605 50249
19 470 43417
64 429 57219
202 592 73246
327 514 62169
25 552 42059
98 512 62650
144 450 35000
491 495 30529
299 544 55902
63 219 57306
122 572 14318
377 580 39408
135 225 32016
106 404 15524
335 563 64661
357 600 14213
235 390 22627
161 550 20809
14 492 53712
519 521 38328
164 379 49649
82 226 17692
302 504 51740
9 224 45100
181 213 45044
206 536 47074
176 516 75928
27 582 32650
97 275 23195
61 354 26833
105 412 24352
27 202 34234
127 417 24083
372 466 41110
13 128 31765
295 449 38184
392 440 74813
16 414 37000
76 409 33615
268 378 35057
510 616 36715
115 272 68118
141 463 42544
328 571 10630
275 448 43278
160 560 30529
164 198 23087
20 575 63953
217 509 43046
457 475 66940
245 523 33061
358 417 14318
151 171 24839
192 540 22361
297 299 48508
309 460 64537
185 562 84172
355 473 30610
138 353 37121
425 524 51420
349 387 38471
67 111 24083
228 283 35355
218 433 48260
111 180 16279
307 476 22804
326 584 25239
282 364 25632
185 432 67186
399 612 25456
210 576 64203
228 418 34000
177 557 40608
373 490 63569
232 278 33971
68 171 45122
347 588 18358
372 423 26683
101 251 50804
292 376 51039
435 625 29206
57 626 47011
260 268 34234
51 225 18974
39 152 53160
51 180 38288
124 448 17205
427 598 40050
321 374 34928
237 264 31623
65 396 83863
6 66 29155
139 613 11402
86 105 46098
151 273 61400
88 311 36715
249 348 54589
465 498 39825
308 598 60828
120 244 63977
324 421 47760
322 576 39812
287 524 16031
285 350 89022
246 321 34713
441 623 42426
146 580 38601
47 53 31257
150 456 94668
69 457 45607
281 533 73110
206 590 53666
14 21 33838
385 400 52697
24 433 41049
207 443 47011
266 371 46519
298 618 23345
42 285 23087
368 412 63285
41 62 30463
87 601 41012
110 534 25710
27 112 23324
72 271 44721
218 339 21190
165 229 41049
364 545 29698
410 453 34059
195 541 26926
438 550 46011
368 391 52393
304 440 53151
39 556 52612
196 471 54406
234 488 62201
85 603 14560
108 334 50249
184 443 62434
48 501 161790
492 546 27019
102 234 37108
256 294 24083
283 349 30017
34 134 42638
313 421 33615
16 460 44011
33 350 63246
276 617 24021
286 614 56080
47 198 64078
350 615 36125
25 592 55758
256 276 48260
473 491 39962
235 603 32650
75 115 68352
240 571 24166
140 531 29967
222 535 73007
554 574 24331
73 109 22204
61 245 24759
171 541 72835
93 108 51971
89 304 30414
367 393 24042
26 464 38601
485 560 21095
308 613 64846
38 444 80006
170 473 55326
207 517 60531
37 397 16401
343 629 34234
131 285 64885
306 396 100170
491 521 30083
173 353 69814
130 398 40311
170 518 31145
205 272 41593
66 324 25020
553 589 20591
366 544 21095
275 399 36235
103 263 22561
115 159 40853
270 336 13153
372 497 52345
46 471 18788
312 591 29428
462 570 24698
443 619 41231
352 595 49649
259 589 45277
3 300 43278
281 498 21190
192 611 22472
337 622 58941
263 549 29155
46 194 34986
15 252 43382
351 415 33136
171 430 24083
83 310 69721
80 325 45044
254 507 10770
84 516 17464
414 596 45000
265 389 36878
123 252 29000
359 565 35847
68 322 36014
179 518 42544
106 627 30000
215 361 39812
250 451 11662
308 496 30610
513 538 45398
374 403 45541
108 256 32062
191 577 54406
31 584 35511
215 590 89269
26 550 43046
183 461 23259
171 273 65000
2 482 42202
12 396 140121
330 609 44721
393 586 18248
2 384 61270
64 110 44011
133 152 25807
72 625 50961
292 441 19647
457 569 28601
105 452 12728
62 559 47854
288 544 43932
112 342 27459
66 421 46872
140 509 72090
406 447 30232
1 506 22023
23 305 39812
473 479 13892
209 533 34205
31 341 18788
39 278 34176
89 440 39825
201 423 48836
458 464 21213
174 507 26077
373 446 62298
216 488 49244
296 507 36014
366 464 15524
177 416 77414
172 265 16492
149 621 34828
423 540 38288
526 563 48600
25 142 19849
241 348 27586
423 466 52326
36 43 23195
49 67 38013
94 97 20100
226 411 37202
150 583 64475
578 592 27313
16 386 40262
69 475 42059
304 525 31257
128 147 46228
35 472 39205
1 543 70349
157 515 16125
188 470 45618
85 342 34670
59 225 28425
109 150 96649
103 465 29833
161 300 49244
91 416 70725
147 539 62968
244 394 53151
148 207 27295
73 583 55543
202 238 77058
543 618 44654
34 529 42426
19 78 34015
405 558 43681
228 447 28792
34 211 21932
208 228 41340
432 562 149188
207 619 29155
9 157 12369
508 520 33956
79 150 13038
167 406 38275
92 503 57245
31 326 16125
136 234 49739
74 592 26401
44 247 55471
538 587 17263
84 471 25000
146 436 25962
204 329 53151
239 345 45880
47 492 68469
475 526 123081
162 246 50931
112 508 13038
133 164 44045
335 568 60407
117 184 26077
34 76 32311
47 183 23431
217 261 57567
136 488 25710
434 549 15811
102 307 43186
43 567 26077
181 563 54589
169 320 88955
80 144 30150
203 614 30414
93 419 50567
544 628 52802
116 183 16155
407 582 32757
81 434 33121
11 224 31305
480 564 17464
561 624 62650
48 480 68411
252 529 23770
507 524 30067
59 205 37121
472 537 36235
355 413 41725
416 459 75961
156 392 64630
262 372 35128
162 558 43829
80 451 40792
12 364 27586
438 622 27857
379 455 46098
181 329 49244
320 546 34234
126 382 23324
209 424 71021
304 500 67476
81 209 24413
220 591 12166
50 345 41304
73 150 77253
388 453 60828
267 426 28601
119 308 76479
54 371 47011
45 92 13342
384 394 40817
147 230 73682
533 553 76400
15 528 53160
11 327 32558
50 279 118140
360 525 40200
29 336 46174
218 389 43324
290 306 30265
427 630 41231
18 453 23601
346 419 47424
89 156 41304
241 267 11662
76 529 21633
100 574 31953
200 542 33941
337 438 48270
12 57 37363
292 623 44654
119 532 65863
310 506 76538
274 524 26926
257 627 30414
333 392 23770
50 514 60208
171 322 13601
315 487 30871
232 506 24839
69 141 59405
237 389 40311
273 331 66030
205 522 10440
65 306 19105
20 490 22361
138 446 48270
457 581 40792
325 451 11180
477 523 25080
202 429 10198
61 425 42059
594 595 42379
342 508 35609
246 543 46690
56 440 56303
110 508 86284
97 124 27586
366 458 24759
327 462 35114
81 552 43566
332 485 42059
446 600 19235
52 597 42190
368 561 58669
24 367 23345
129 217 27295
40 448 37483
406 418 32450
311 613 44102
107 150 152895
34 625 40853
32 309 23601
11 514 70434
284 337 52887
49 106 47508
466 523 19925
199 546 15811
232 242 26926
208 614 54120
97 399 26476
39 548 16125
58 489 26627
158 515 13000
106 211 29682
149 382 25318
23 215 23087
284 628 66310
149 571 29017
479 491 35609
395 467 21260
31 355 18601
210 410 47539
29 270 50922
134 321 73000
13 75 56436
383 501 64444
168 181 48600
418 510 54231
104 212 16643
316 526 66483
518 519 20000
69 512 47202
80 619 29833
322 430 16401
289 490 41340
215 302 71868
13 205 42720
437 572 53824
55 431 29069
403 422 41400
3 474 35735
18 431 12166
12 545 40012
383 554 34132
436 568 31765
212 234 25807
366 628 45354
68 117 30067
378 621 17804
17 462 13153
212 532 11402
330 454 61984
188 286 12166
41 248 28862
26 438 30364
60 91 41773
474 539 32202
153 345 59540
4 165 21541
203 300 47508
149 588 23345
238 264 44598
130 629 63246
172 357 18974
83 535 31145
93 346 57723
481 594 57315
227 474 27203
112 582 17720
3 631 50488
166 198 48703
5 545 31906
170 448 34928
72 340 43932
37 113 36069
264 572 25239
33 301 37014
238 407 38484
21 320 29833
215 365 33971
287 507 34015
332 442 18028
495 521 27074
141 482 48042
289 353 33242
374 397 25942
363 489 27019
155 567 28302
87 567 63151
44 370 44407
242 258 32016
138 289 25239
273 541 59548
49 435 47170
480 484 44911
255 488 30871
96 481 22023
424 572 43046
393 593 52010
129 493 75000
113 618 33734
176 355 45177
93 294 34655
52 313 22472
120 251 61294
230 631 23345
110 219 60671
376 600 25239
76 625 51971
186 606 35847
191 540 76217
41 630 70711
246 551 45044
106 435 16125
401 465 54452
100 143 17889
133 379 45880
224 307 38484
304 456 29833
202 520 22561
129 219 32985
55 591 25942
250 596 28284
51 135 15652
411 504 62801
174 419 39294
65 617 31385
254 524 27203
164 315 12649
428 527 45222
319 537 31623
243 422 12166
30 446 53907
501 596 56080
114 206 36014
148 383 50961
146 601 38079
456 525 11180
381 568 14866
253 257 13454
59 99 24166
70 167 20616
133 258 44407
214 443 54626
293 508 65000
8 172 41000
265 292 55227
256 336 86764
326 341 10817
486 574 28018
70 530 55154
25 273 60836
236 290 10770
124 326 34176
275 394 50990
194 387 13000
2 291 46519
56 392 84386
422 493 47381
359 589 57009
301 380 33541
86 597 24515
80 356 26571
362 489 83217
543 624 65299
203 286 51614
177 459 13601
321 551 35609
306 617 40050
71 314 31623
259 533 86354
13 147 60745
203 438 54571
75 272 28284
209 553 70178
413 479 46011
140 253 56303
154 561 69065
30 575 64900
216 255 38910
255 626 48466
237 339 19105
86 412 46043
220 312 31780
274 497 16031
41 351 51923
35 297 35903
409 496 41110
208 300 75769
263 434 30000
34 404 26476
6 449 44102
583 622 63253
342 603 41400
124 473 50329
8 237 12166
293 390 32757
375 390 25060
19 221 50289
249 431 29000
64 210 54918
370 556 44598
153 239 28844
181 335 32202
189 281 37336
207 547 28160
41 108 32650
173 376 29206
338 378 37483
576 606 30067
22 490 31016
278 506 39459
25 280 16763
405 555 36878
434 533 38013
277 599 53000
77 101 57079
536 610 53824
179 586 36346
163 379 32558
178 252 38210
558 624 25239
388 513 20396
406 612 40792
160 527 91924
316 343 19647
250 414 17464
119 365 23087
221 542 33242
150 160 189169
130 146 41195
450 461 24352
401 480 78032
48 143 71449
20 375 61774
189 277 50000
122 264 33287
82 252 53038
123 529 32527
350 454 123321
347 611 32140
179 495 34928
96 268 21633
26 604 14318
200 470 15133
310 624 32985
264 339 17464
285 599 38079
343 381 37000
118 626 31048
53 166 40262
309 379 14866
359 424 48260
359 553 50695
48 454 34132
142 430 19849
131 629 82037
242 499 38013
259 281 90244
91 95 47043
106 257 39051
98 291 22825
580 601 42048
266 557 69921
126 201 34785
541 564 19925
181 358 46615
37 321 22847
144 183 39661
134 178 11180
404 625 34785
259 439 16125
62 256 66528
225 269 29069
488 559 65924
75 230 44204
202 437 80081
248 630 65521
536 590 79649
231 333 62370
6 153 49244
429 520 20616
38 107 123227
485 628 70711
325 547 38910
291 586 69354
134 402 80529
180 225 32894
450 494 44011
392 608 74108
319 527 44721
47 461 25179
527 566 57009
165 338 18601
555 579 65620
110 137 34886
62 336 93048
260 602 43139
132 581 39812
431 453 21095
92 517 14866
26 337 55172
17 307 45354
484 574 32757
138 173 72691
298 543 58249
470 542 44777
94 584 22361
344 347 46872
64 137 33526
68 576 48826
119 305 12530
412 452 22023
333 510 42953
143 574 22561
405 411 29698
29 118 26077
82 505 44688
189 580 79624
49 340 41725
52 421 39812
451 607 33015
32 247 36401
129 375 55009
96 594 58241
316 568 32311
390 575 50695
200 614 51352
129 261 68359
33 401 56798
156 221 39925
227 539 22204
87 568 45177
66 295 29069
358 367 40792
37 246 35057
194 516 52393
285 585 22000
152 163 42438
368 416 42059
487 546 26420
425 428 29732
325 596 21000
145 330 22204
95 412 45398
27 520 15000
17 570 33302
464 628 40200
198 379 40447
275 323 30887
367 593 50090
233 585 26000
609 615 38639
357 446 28000
78 188 27659
39 133 50912
141 512 20224
439 601 24698
62 445 93381
18 55 23259
8 264 38833
174 254 21633
259 601 34670
129 390 61074
15 123 40262
484 541 38275
329 232
472 820
745 642
668 502
811 115
581 54
529 35
377 637
708 139
483 461
725 156
834 143
665 535
210 333
567 222
98 243
771 208
271 373
761 806
534 531
238 314
543 520
662 182
344 764
197 540
815 678
349 556
157 160
901 250
423 596
545 732
174 166
95 662
560 326
924 612
304 753
433 308
633 960
279 172
513 819
806 357
112 745
307 776
233 105
96 426
605 639
168 294
14 526
592 403
729 56
568 493
530 53
137 290
333 72
250 363
689 931
844 179
512 943
608 517
426 11
896 540
818 329
373 432
322 485
941 329
584 83
591 441
185 466
412 944
626 715
833 813
612 390
899 760
233 594
672 591
572 296
617 875
775 775
858 831
125 312
207 617
510 224
328 183
582 602
421 564
503 65
259 810
722 323
739 853
971 483
385 19
109 423
845 423
571 777
432 21
680 426
569 797
410 851
630 527
58 461
620 932
759 248
156 658
720 283
500 19
561 367
752 928
835 372
917 747
363 469
609 457
369 568
407 283
611 122
648 655
135 303
187 436
903 224
687 205
529 885
130 565
327 687
577 261
549 778
721 426
738 436
340 794
693 520
455 452
200 806
121 809
516 955
243 208
527 299
554 500
775 241
332 453
501 600
707 313
530 468
460 909
212 527
66 477
128 342
39 597
241 802
722 556
67 365
730 481
871 832
191 529
228 187
629 43
351 116
336 774
698 858
705 127
689 116
686 640
967 669
760 659
468 238
193 163
215 242
660 482
147 251
634 734
363 825
355 308
505 800
175 510
418 637
491 672
904 459
823 798
526 676
357 62
522 289
437 782
597 468
334 864
414 763
150 309
161 434
964 422
196 446
540 509
781 748
140 755
493 110
804 584
757 508
355 409
587 669
110 495
629 578
640 286
193 235
258 302
725 766
771 447
315 552
753 694
342 928
625 550
575 121
91 352
683 740
221 637
276 455
545 342
729 269
379 862
178 403
639 184
811 199
479 439
369 683
423 460
215 349
713 821
272 109
804 163
711 184
586 499
498 211
787 605
648 718
637 516
699 626
686 832
314 229
100 706
750 284
442 529
940 377
375 649
312 629
645 67
679 492
220 440
304 254
364 361
587 858
879 522
431 273
184 131
799 329
248 405
79 294
590 891
548 261
549 415
916 477
828 234
867 374
559 406
279 234
241 740
628 442
462 384
827 454
178 663
345 659
434 641
250 75
214 430
662 438
615 501
918 298
632 350
644 587
142 566
898 496
572 820
915 369
170 795
291 204
615 25
202 524
153 720
824 187
643 683
904 704
90 752
783 736
940 504
803 640
522 586
950 373
430 840
439 696
430 530
869 398
571 57
927 437
889 620
351 272
877 573
712 670
124 685
572 210
775 90
761 874
698 199
954 343
727 219
652 273
188 185
397 173
754 305
222 380
551 61
851 839
227 246
233 867
589 765
572 437
970 620
267 321
454 299
186 502
587 847
583 108
80 314
537 746
757 162
708 490
377 888
36 619
144 632
927 717
625 845
809 415
320 835
905 296
853 718
671 467
362 663
621 433
528 740
392 583
214 862
698 502
688 51
901 437
744 493
240 459
617 698
35 682
792 407
633 312
534 617
872 552
530 721
116 287
436 631
352 821
321 702
788 830
622 220
605 936
548 982
815 163
664 207
834 632
360 781
471 90
859 246
197 131
292 95
830 489
484 572
446 333
480 501
468 654
186 794
697 440
199 195
118 718
249 850
726 456
81 414
499 875
851 753
108 204
599 664
350 377
410 669
458 513
459 141
634 867
383 774
534 854
914 410
929 246
423 321
163 822
595 792
895 724
120 611
489 370
401 326
565 352
455 160
621 770
347 613
945 621
589 267
264 409
476 181
477 27
500 692
86 278
795 440
434 70
338 818
648 752
866 469
677 321
538 92
376 359
804 483
281 675
936 553
231 407
696 357
964 543
317 542
199 512
269 385
959 355
342 723
178 633
575 359
248 827
293 629
806 707
239 756
708 878
434 715
909 718
128 381
709 935
886 265
464 631
638 745
539 792
544 30
163 342
85 304
491 10
290 387
17 560
169 230
790 881
440 980
817 650
361 49
139 227
171 319
769 195
443 870
838 647
127 665
827 530
900 394
701 754
455 374
740 768
597 622
928 573
511 745
779 631
375 964
733 241
869 534
748 562
499 738
80 544
702 427
462 861
587 777
71 500
940 677
116 471
240 274
800 247
527 965
544 551
477 766
236 286
410 392
179 383
451 750
628 254
882 495
146 700
335 276
718 926
38 366
513 4
160 449
538 171
476 253
330 210
926 473
370 555
501 402
643 806
79 734
440 906
354 397
769 101
689 129
575 618
99 412
474 803
486 787
337 547
449 777
628 540
846 524
924 503
792 870
257 929
990 580
618 237
554 284
575 694
557 481
720 262
200 664
357 444
331 152
621 131
960 590
309 403
765 602
779 512
103 521
701 790
399 239
836 611
794 142
263 287
63 349
295 174
163 638
772 676
476 271
184 580
274 683
84 448
479 132
227 164
317 55
443 202
775 308
951 695
420 119
998 499
286 890
97 540
307 735
969 527
321 798
263 855
463 997
746 186
701 482
324 673
263 124
88 472
477 560
225 494
848 552
255 595
544 141
218 771
480 972
364 585
845 773
551 767
90 730
401 777
306 420
753 477
264 701
551 169
227 351
244 570
382 826
696 370
656 356
59 314
508 89
694 317
125 767
447 640
260 769
659 472
417 550
818 664
807 856
227 464
104 277
638 941
76 639
665 162
776 496
613 810
710 302
731 715
38 646
611 824
914 345
374 276
118 341
957 435
708 454
796 733
476 721
429 181
598 341
873 216
537 385
878 643
180 866
736 347
695 649
