719 1234 16 117
122 668 36401
6 147 45967
459 690 46861
48 657 33242
204 688 23000
584 614 49041
12 652 62008
61 96 38079
183 598 53235
32 164 83630
253 396 10440
215 549 40497
180 515 31890
96 368 28284
535 704 51624
292 711 34886
157 317 52479
194 289 26870
474 530 23707
320 492 33015
259 598 53460
159 214 47539
374 644 15811
143 581 41593
209 249 26077
513 647 40311
111 346 63063
124 453 29411
181 656 37336
282 316 57567
155 439 24042
139 510 35693
134 699 18788
273 496 39051
25 311 51884
285 628 46098
519 606 21024
74 592 10198
443 458 16279
160 506 45277
35 680 43290
143 489 43186
400 697 55902
401 653 18028
419 493 57983
49 476 46174
172 464 58822
218 716 28018
184 674 17088
282 698 41617
233 707 57271
647 669 63789
286 392 19026
143 710 59034
93 122 55973
109 235 30480
38 635 30610
177 540 34670
355 505 32202
118 130 36878
207 620 47508
401 451 38275
325 403 36878
66 123 59076
207 328 51624
50 715 29206
420 586 30265
193 432 39051
57 381 34438
34 635 23087
85 535 29833
467 531 36014
256 490 32016
461 530 28320
478 566 20224
601 693 51923
251 366 28160
433 490 11180
19 510 16031
127 638 14000
262 711 58189
360 685 41231
234 237 45177
269 397 66708
289 609 36235
338 360 34000
92 581 28792
392 526 24000
74 232 75073
71 228 50160
157 527 61522
231 332 40608
111 536 35511
12 251 76322
328 397 133154
227 580 48260
398 498 30676
52 286 57974
195 202 27857
377 558 50249
446 563 17117
66 600 29000
46 558 30676
76 397 34655
51 156 41110
72 539 64761
11 99 31623
373 711 49649
458 620 45011
15 60 19416
642 689 42720
212 442 19416
250 263 31016
161 584 53009
278 304 46325
113 353 23770
326 376 22472
328 388 116284
262 520 49244
124 591 45122
214 600 42450
105 107 42048
584 678 43046
247 332 27893
81 147 29069
546 594 56321
78 177 41195
64 243 23087
475 550 31906
448 479 37855
340 711 21000
198 525 32573
103 169 19026
31 358 35000
199 253 31906
288 571 13038
297 645 20224
537 708 36892
435 446 50804
8 36 57245
563 663 14142
98 278 164201
170 400 41049
632 708 14036
111 140 44407
293 495 44944
24 392 17205
486 572 29069
316 666 20616
410 705 57000
517 644 20224
389 456 47011
154 647 37656
223 245 49980
377 713 13416
181 631 26627
199 213 27731
170 205 58694
80 711 50478
527 580 17029
391 672 40311
207 388 73980
60 168 14318
1 80 19313
110 506 62769
370 714 44385
24 64 45891
198 691 30414
127 393 20809
418 447 31765
11 436 43267
131 188 13038
393 638 17117
308 449 41183
504 549 79322
412 548 52498
280 493 33615
15 571 12207
301 567 33377
355 433 17804
252 485 32696
5 91 57140
514 598 54009
25 123 56851
106 569 43417
483 520 34205
68 506 21471
314 582 39446
35 698 37108
37 547 28018
109 423 40608
103 305 30594
261 545 37108
543 664 21932
284 560 20518
249 682 11402
247 382 55606
390 680 13892
709 716 30871
2 304 33302
209 585 54626
184 555 50636
83 166 21024
530 553 64327
57 100 23707
134 290 35847
496 666 68066
151 671 48662
569 666 33377
281 503 32573
170 266 68877
219 236 43278
452 590 12530
16 377 18385
5 172 17263
72 80 37483
385 409 39962
303 575 19026
492 527 24413
309 708 34438
211 440 29698
292 597 37736
477 648 15232
51 484 29155
425 679 34713
99 482 15033
239 572 25495
40 214 68007
336 623 21932
383 586 39661
604 695 19698
560 653 19799
296 371 39459
157 315 62032
339 570 22472
12 246 50478
62 120 34015
539 718 37202
339 521 29732
32 574 73661
541 676 15133
202 421 36235
162 615 31780
428 472 35735
336 381 30017
253 574 10817
102 515 46174
146 282 51971
505 717 25179
412 670 54589
489 581 23770
217 604 60033
132 521 31575
151 437 63655
171 278 61400
544 704 56080
128 449 11705
181 603 15652
201 296 24187
518 619 40025
478 611 24207
116 339 23022
344 596 41183
496 644 17889
80 340 42579
434 606 25020
125 530 32388
232 508 53235
205 697 44011
51 672 29833
192 507 28792
338 441 31906
268 359 17029
307 562 19647
226 619 41773
171 622 15524
40 121 24413
193 373 17205
404 518 40311
187 535 45793
58 586 25239
219 454 25000
7 66 41593
2 283 25179
26 681 34482
396 574 12649
126 357 21378
287 665 53712
160 270 21932
322 704 62650
90 269 42059
1 718 22136
46 634 10770
395 534 13038
126 640 22804
378 402 66400
60 267 75107
209 375 59405
284 372 50329
21 195 22023
7 693 24698
84 670 41725
175 636 45607
516 653 32527
358 460 26000
44 685 43012
164 575 34655
153 624 51614
379 501 38013
120 225 42059
210 545 32650
499 558 30083
185 607 15232
14 331 40000
164 185 32249
113 502 21024
146 189 11402
143 637 34928
203 386 23854
488 534 18788
4 549 26907
66 540 52038
204 344 55326
372 451 36770
271 696 14318
299 417 27074
191 365 11180
247 514 56045
488 675 18868
100 565 29155
442 641 27514
85 187 32573
476 562 38639
148 471 26019
117 273 42720
342 462 27203
149 513 12166
502 524 58830
320 423 57385
374 546 26420
566 611 18028
148 163 24083
176 650 37947
368 568 10817
155 297 28862
193 597 25495
24 167 28018
171 662 91439
39 263 13601
295 387 35228
125 406 33242
240 437 37000
366 712 50804
208 687 38484
517 546 26249
82 233 61717
354 714 23087
159 556 24413
119 273 57871
24 248 29120
298 584 53600
360 631 108227
660 685 20248
261 271 24021
33 305 15811
158 165 60415
367 385 67602
218 236 62241
298 678 21587
120 405 38079
62 312 37121
56 554 43658
543 563 30000
426 524 31623
292 311 29155
283 459 32696
26 92 39051
39 700 43139
8 347 45453
47 81 16401
1 567 41725
300 424 55543
190 609 18682
25 600 55471
28 370 29155
308 508 57035
38 332 49163
307 394 16279
66 556 43600
98 360 16401
23 219 28653
138 415 23345
291 552 119269
210 550 42048
121 471 33136
121 618 12083
557 700 28160
227 317 41037
188 472 27459
58 420 13454
306 636 51088
238 454 36674
44 603 17464
314 677 13000
118 448 10440
628 686 24083
127 166 200572
192 202 43174
150 449 15033
32 415 55000
550 710 22204
498 694 36878
289 583 37363
42 119 14765
62 405 14036
127 206 30150
219 241 15133
304 333 37656
503 552 62241
262 667 44598
194 381 22627
443 620 44598
221 528 54083
73 319 40853
152 664 27313
426 579 12166
94 629 22561
45 155 31241
241 411 25179
353 690 26019
148 618 31385
545 621 32280
6 323 18358
323 351 28284
536 626 21633
106 316 40249
38 101 19698
46 180 27459
22 576 10198
592 709 24166
142 371 35511
45 353 12207
354 511 31016
27 387 28653
89 507 85440
258 454 25495
637 710 45706
136 499 23537
30 317 33242
180 634 23537
529 555 23854
382 646 54562
505 539 44102
4 215 44944
3 482 55172
170 470 59942
33 443 19849
203 388 25495
195 421 27659
564 565 26571
144 342 46519
434 519 38471
212 641 24166
410 684 19235
535 544 43382
568 624 35128
128 408 16125
415 668 22091
337 604 40112
68 310 50090
211 337 15620
28 325 23259
183 646 19416
372 539 46487
534 675 10630
419 458 32016
255 409 36249
373 597 27459
12 542 59481
354 370 51196
468 656 28636
495 614 31623
260 398 10296
242 485 12369
245 403 16401
127 258 50931
93 668 29155
280 611 24739
91 233 11180
21 65 37802
15 86 34713
260 444 57385
33 643 24000
179 663 12083
418 480 44407
302 321 11045
77 295 54644
250 497 13153
422 559 23324
225 500 29833
92 107 32985
76 125 40224
40 703 48104
19 390 36401
632 712 25020
391 570 80449
356 370 30414
215 400 72180
9 167 14142
512 616 35128
516 647 61400
358 701 25942
140 420 23537
38 87 43966
508 716 43186
394 562 30414
152 532 58249
220 583 24515
10 131 30265
14 76 64777
147 150 41677
24 276 34015
51 67 13601
245 348 22204
504 625 50695
213 222 15297
188 572 55082
196 348 19235
115 579 10770
65 260 49336
622 662 83738
314 384 77253
7 177 36056
428 696 18028
470 578 35341
173 464 33121
9 248 25080
624 630 57245
108 266 58241
5 464 59008
350 654 21095
87 399 20396
137 456 37696
395 652 37121
343 672 54708
16 706 42202
330 484 18028
492 580 13342
361 596 34482
75 181 32650
104 460 54203
356 714 24597
13 393 36878
13 238 32249
472 696 24331
616 633 38275
1 174 11180
55 485 25179
525 693 60877
510 673 43278
335 528 13928
274 382 14560
345 352 36249
279 691 41110
508 551 27514
243 455 19105
178 503 48466
179 270 36497
286 707 49769
285 362 40311
37 295 26420
22 293 68622
373 667 23324
36 347 51624
446 664 11314
561 648 55036
335 431 21024
422 577 17000
144 427 37696
174 711 52555
478 589 24839
135 446 52154
523 590 32016
52 64 23087
206 638 16279
55 330 29017
68 165 48374
67 671 21541
315 476 37000
79 225 45044
17 317 28284
230 310 15033
133 522 31401
205 369 49244
257 384 83187
246 440 37216
117 374 11402
310 435 29069
223 599 31765
176 483 29000
306 570 61131
84 474 50990
272 497 50090
211 700 42048
59 518 32016
265 630 72139
38 681 43382
122 260 41049
122 698 62968
301 718 14318
323 642 57454
177 601 15811
252 291 106042
576 706 13416
519 553 32000
129 497 81025
248 588 49649
56 660 50931
243 627 42544
51 330 15652
462 659 41437
43 49 21024
54 473 35355
66 214 52773
252 343 18028
358 383 47676
249 501 59548
41 282 51971
74 110 81056
76 461 19313
141 274 31321
584 702 24083
156 671 45618
185 575 22472
169 529 14036
79 312 51546
57 565 25456
325 475 35847
197 581 34670
359 651 52887
22 298 30806
303 633 12166
140 429 50359
266 470 92892
416 687 18974
324 601 24207
182 714 65000
6 81 30265
275 677 42048
122 498 24166
84 434 32062
98 441 37054
231 669 40817
177 389 56939
114 709 35341
363 461 16279
363 397 48094
32 138 57306
457 719 15811
133 228 38949
89 692 18028
325 370 42953
124 509 47170
82 490 55036
158 481 62682
72 149 27459
178 257 16763
145 542 20881
324 593 40012
26 581 21954
37 362 23259
25 661 62241
548 670 37736
45 450 11662
394 464 28844
153 206 18111
554 685 30887
177 324 33106
661 684 50090
224 400 38000
82 707 38484
204 467 49649
50 457 44294
295 362 23087
284 451 34540
135 230 13038
157 714 69570
347 480 57315
21 77 45541
166 379 58258
343 391 60083
5 233 52345
63 75 25495
135 506 40447
120 500 22825
109 319 26077
165 200 26249
621 665 68964
12 345 40249
123 541 26571
371 548 62290
69 154 40497
459 502 18385
1 262 40311
406 683 21932
172 707 24698
183 259 18974
88 702 18358
67 156 35000
355 717 11705
234 413 63253
75 631 10050
59 97 24021
113 407 16031
20 503 57871
279 525 43863
254 504 68154
36 357 37802
36 94 44911
4 559 40792
251 564 30414
143 197 16971
196 244 39459
79 239 52154
253 477 70434
333 426 42579
345 488 42450
558 674 62201
197 637 29732
17 315 47434
180 499 35468
91 173 47434
63 363 129248
255 299 32757
452 492 55362
111 383 19105
107 451 19416
442 552 49041
305 643 14213
355 650 42579
199 222 34828
356 599 22091
228 522 34366
569 673 52326
94 357 29698
58 452 16279
364 569 52010
115 438 57009
20 463 40804
288 482 65192
36 208 19209
523 589 13153
23 709 37443
10 261 28284
239 598 34886
229 719 10296
374 517 19209
160 232 18439
374 695 32016
55 94 35355
450 627 28862
327 384 12649
378 453 54571
375 501 13601
128 308 34655
329 626 20000
10 287 31780
509 532 21932
312 500 27313
491 593 28160
217 440 19925
518 602 22023
29 364 15811
321 656 55462
376 409 34132
331 639 58241
494 582 32249
297 538 19647
143 370 33106
268 476 21932
47 277 50990
15 417 32894
23 241 15620
468 606 30364
265 290 52555
460 701 12369
433 717 18000
224 684 25710
361 509 25612
302 434 21587
53 512 21932
105 511 27019
428 477 29411
455 627 50488
159 279 52393
26 87 14142
256 538 26401
129 221 35171
295 694 50478
341 528 61847
35 608 41146
48 605 47707
256 650 10296
8 447 39850
425 658 19235
514 550 68884
402 642 41304
124 152 25000
71 412 11662
112 446 47634
18 419 57245
12 132 93814
3 255 71028
116 175 38833
12 145 73062
2 690 69462
430 584 32249
403 599 21024
603 685 29411
333 524 30610
191 602 49041
83 249 69635
311 597 43566
279 682 32016
394 414 51088
183 318 25632
119 557 27514
16 576 46400
209 682 15556
549 559 35609
504 538 36056
413 526 48094
431 719 25632
182 527 46755
471 618 31305
386 692 46690
73 303 19235
227 590 29069
40 108 60075
200 435 35057
212 418 40249
276 588 54626
290 411 37336
30 589 13038
142 478 32016
186 487 32757
532 596 26077
273 695 53852
289 405 26420
116 542 35384
28 599 21932
268 573 38639
83 264 30806
488 652 32450
112 270 44721
594 604 60208
466 479 44643
41 285 45607
36 242 63812
406 670 27586
105 487 26833
512 633 63063
240 309 58600
401 681 23022
86 299 34928
27 282 38328
410 667 60141
320 429 31765
233 505 56719
175 570 35511
61 379 31953
340 647 10050
35 544 24515
242 291 71561
411 533 22361
612 635 21024
97 191 29732
103 529 23854
72 513 33615
60 114 77621
194 583 19235
213 561 23345
189 686 32388
134 238 17889
351 416 23345
308 408 23770
60 533 81006
130 466 30414
61 465 18385
18 590 32280
6 150 54148
366 469 20000
85 615 44407
86 367 26000
290 533 27459
57 220 34540
236 327 11705
54 488 29530
467 688 41304
651 714 34655
318 531 40112
295 398 65000
210 475 35355
352 440 13601
188 486 34713
237 414 43863
186 587 19849
29 608 23324
605 657 52240
6 453 50210
202 293 47011
108 163 30594
158 595 32650
8 659 28653
554 660 20396
421 547 130602
43 414 46648
217 352 24207
64 455 11402
351 687 11180
118 479 34059
334 346 31064
256 439 39217
393 699 35228
246 263 23601
280 331 21213
640 689 27659
163 264 58549
30 523 16279
318 598 62008
349 415 49406
349 444 56515
407 502 27803
577 610 10198
279 445 29732
525 556 38118
395 473 42012
407 645 14866
326 691 20248
31 103 23431
161 657 44922
60 110 18974
115 369 51352
426 438 41593
278 662 152201
190 649 22204
18 493 13000
586 643 28844
76 331 81216
151 521 49729
240 424 49041
273 666 47202
199 322 13342
614 678 12806
100 350 19235
194 220 19209
397 639 52010
334 626 30676
224 578 44283
17 296 36674
313 528 40522
110 168 13000
274 294 31145
219 238 40249
351 640 31257
424 537 35777
267 592 13454
368 385 45100
229 715 31890
275 551 42012
413 522 54037
281 582 42012
174 262 38471
313 335 34059
313 497 49041
95 365 32140
283 524 62370
56 321 48765
93 138 36401
137 158 47885
329 657 12000
182 320 50990
481 595 55036
610 625 39408
294 382 39825
149 560 32696
126 687 34000
149 516 31890
474 519 52038
136 386 28636
423 429 44654
341 654 37696
291 480 32140
336 649 41593
3 376 88363
192 515 15264
462 463 20809
98 338 35228
371 566 58694
70 264 74967
167 248 19209
292 676 19416
175 306 34438
20 144 46174
483 504 43658
78 389 54342
425 607 22472
371 683 28178
319 655 16763
520 705 48765
95 220 35128
326 617 14560
228 302 34886
265 699 17889
147 463 49406
64 441 55326
257 494 48703
254 625 40706
43 296 44045
88 655 33734
309 469 55444
90 639 51225
202 507 36235
99 158 48754
111 701 22023
649 712 11402
38 669 58052
141 382 41049
133 588 12806
101 635 32016
198 617 12042
629 689 44147
489 511 52154
114 267 16000
162 222 22204
622 627 36056
34 612 35000
164 396 11314
137 595 27659
223 403 37216
48 334 14142
11 491 28160
96 585 38419
27 41 24413
275 281 27203
210 348 54009
550 665 70029
132 437 41400
97 226 31064
422 579 14142
139 466 24352
445 691 37121
104 674 47854
277 659 26476
40 470 38626
468 553 57689
439 450 49578
445 585 52010
42 229 40162
551 677 34886
153 465 53000
210 244 28636
102 216 49041
156 300 24739
615 704 32757
307 573 34132
201 371 18974
29 680 20616
42 673 38484
375 379 30265
226 448 69426
65 495 59228
165 481 29206
346 429 21000
487 587 41049
47 147 17889
578 703 20616
329 713 29000
130 139 14765
24 52 45222
13 258 26926
502 625 30414
186 372 41037
19 364 41869
49 315 19416
124 543 30887
436 491 44102
190 632 33838
381 623 12806
136 692 22804
112 179 37577
15 290 81271
408 663 32016
44 181 11402
277 416 45177
101 399 40853
117 695 31385
102 634 23087
293 614 43681
192 216 15620
129 250 83726
427 641 28284
196 235 58009
609 623 31828
5 173 52431
53 88 22361
399 613 58694
380 689 23195
164 633 47297
69 231 66851
342 427 31765
73 679 49649
647 676 44654
184 203 10050
332 612 24331
287 621 36401
200 310 21401
137 294 39115
176 567 25020
607 658 21095
557 695 32985
95 602 61327
70 214 78791
254 549 27000
269 620 61984
208 277 30265
625 645 38118
559 610 23431
96 465 28425
613 637 21378
94 484 30610
141 531 47170
54 594 60407
31 169 14036
53 702 12530
378 591 35847
162 619 62129
120 402 48083
271 428 12649
89 180 33541
486 598 58034
221 654 16763
218 327 64070
301 539 29682
636 652 29411
361 591 34015
244 658 17493
272 457 37643
34 247 42953
385 568 39459
39 50 19026
344 688 62177
145 521 40719
168 288 36235
24 286 31780
276 554 62097
511 587 53600
417 571 27659
22 706 14560
70 279 88391
131 472 20000
170 697 43105
178 258 184201
205 438 141152
106 608 36770
457 715 42154
300 629 16492
346 536 54589
78 540 19209
230 435 19313
177 593 61294
190 380 50606
189 644 127283
341 365 37577
142 201 24021
90 331 60926
59 619 38949
69 456 47170
202 216 38833
228 588 38949
77 547 60902
427 447 25080
218 551 51352
511 651 32249
404 619 32202
432 597 49649
104 555 31780
63 397 177341
661 703 38910
359 476 14036
430 495 51546
187 704 12166
122 444 32311
129 654 29833
78 541 32757
9 588 34000
367 630 22361
337 695 38275
14 683 35609
190 537 41485
355 567 44283
547 686 107787
161 605 20125
286 526 31401
473 675 34670
464 573 34059
369 559 58898
525 617 30067
259 646 30676
25 432 11705
616 655 26926
436 601 48466
469 712 54818
428 648 20518
235 679 50922
71 234 52038
272 431 31305
237 394 23707
390 535 39395
16 713 12083
550 613 46530
549 705 61270
559 577 20616
253 322 24413
223 320 75822
362 387 22804
146 628 25080
404 561 37802
349 430 32249
350 564 17263
380 424 18868
694 698 42154
154 676 32000
281 494 22023
313 368
116 197
275 621
112 363
380 237
502 815
235 534
507 923
336 159
608 527
318 630
790 767
179 844
557 99
258 727
782 234
572 192
641 148
868 573
428 926
935 322
821 272
238 866
303 185
203 446
442 408
925 466
545 371
890 526
588 189
716 149
767 408
692 112
472 481
865 488
561 904
982 425
431 464
828 693
78 523
945 452
864 640
492 187
338 39
196 224
837 211
485 855
707 271
511 196
829 674
653 922
260 199
752 354
871 752
610 930
359 106
662 703
654 173
679 602
274 738
84 732
572 720
395 22
258 176
905 345
198 515
661 911
336 693
333 513
74 556
436 106
357 380
678 384
289 825
370 27
547 35
928 367
265 505
553 634
320 386
498 845
327 249
27 638
470 91
793 529
235 701
444 422
742 334
879 186
653 75
384 294
451 370
830 468
605 895
633 655
119 717
680 626
250 84
328 660
683 692
449 456
839 244
731 131
770 160
457 344
916 540
419 362
18 520
671 332
292 744
703 199
377 732
177 253
254 813
72 317
749 850
947 655
768 566
877 633
538 719
64 543
867 426
247 482
457 752
524 68
563 870
134 832
422 806
720 706
804 558
612 557
710 816
360 139
179 808
386 718
842 170
372 574
795 458
817 565
659 205
387 588
572 165
502 404
424 972
753 830
980 529
469 847
30 566
352 407
448 811
729 895
433 745
129 784
319 475
216 248
640 883
549 265
349 616
158 570
341 757
751 302
750 534
12 550
692 445
378 669
36 657
326 169
287 732
730 150
64 434
172 152
383 220
423 267
311 379
787 858
259 337
269 546
328 962
393 766
864 216
345 48
579 292
462 584
807 123
660 441
416 304
783 498
601 564
989 536
624 767
660 648
898 248
237 410
615 702
934 300
614 399
490 416
159 619
720 490
403 677
548 164
908 290
817 124
473 669
23 392
131 802
728 88
549 889
117 637
594 450
876 700
461 968
732 515
146 524
154 379
886 258
874 715
298 860
213 852
630 690
729 672
747 512
575 327
143 432
551 679
706 609
606 192
386 110
826 627
387 705
395 488
345 775
374 289
438 158
648 352
241 885
434 203
195 816
525 590
650 837
228 854
595 958
236 169
620 438
592 374
818 725
454 520
311 157
95 623
803 717
719 739
637 968
703 463
132 318
217 662
252 292
323 946
169 869
456 566
890 392
628 507
273 373
832 706
20 608
163 775
2 464
270 813
499 257
633 38
357 772
627 531
779 659
932 615
396 558
375 887
302 151
519 893
119 183
137 618
612 114
383 913
935 503
119 222
368 379
989 464
316 214
601 496
264 704
596 721
212 794
535 997
276 459
871 319
375 535
959 412
536 185
209 276
814 302
249 669
616 877
317 333
417 94
669 401
94 222
701 125
818 873
458 230
397 830
697 802
386 690
249 470
569 683
770 666
321 880
527 207
952 558
576 220
471 608
693 346
625 270
406 93
723 477
518 824
283 576
555 392
175 632
245 896
701 44
750 259
639 929
597 99
427 513
87 259
705 257
772 632
661 717
886 688
279 104
736 869
313 428
699 642
444 930
654 962
528 675
826 749
674 255
542 952
595 396
782 401
702 695
538 844
859 734
186 231
505 324
289 294
538 353
584 874
737 177
516 256
263 74
502 728
961 435
524 14
895 541
665 658
692 731
209 701
147 713
66 368
516 374
542 146
386 332
251 400
950 666
69 672
187 613
765 227
519 793
73 702
593 807
631 718
410 554
690 185
249 908
150 668
830 144
939 441
800 105
318 517
858 538
711 943
317 195
151 820
455 214
876 802
700 453
572 11
899 387
464 418
105 432
413 402
572 753
579 364
679 542
573 734
520 101
178 269
406 808
184 647
187 429
225 829
446 112
389 198
452 163
811 441
515 848
247 696
497 950
660 94
664 182
940 273
92 303
678 292
603 823
654 426
80 301
459 958
639 535
653 255
798 373
793 631
207 435
275 283
438 89
405 712
282 606
685 849
73 260
239 255
855 721
252 121
465 987
707 99
837 414
127 646
414 762
469 935
758 563
433 810
206 218
400 366
643 185
466 780
188 852
249 183
337 560
808 635
691 102
149 235
737 203
540 17
452 904
440 887
439 238
101 739
809 588
432 641
408 55
704 747
92 487
31 540
628 569
902 769
508 57
569 425
515 242
648 507
603 157
766 600
503 994
401 651
313 661
239 316
624 919
607 955
567 557
433 332
857 778
470 375
277 272
326 603
624 237
629 143
369 930
847 357
957 645
801 704
889 416
837 193
558 708
56 668
156 252
373 944
198 301
318 280
346 712
925 258
340 828
482 712
852 572
474 323
737 370
340 409
508 505
885 240
373 431
962 681
659 577
456 55
230 349
716 847
391 144
600 178
106 283
169 588
341 195
610 257
759 627
744 151
519 36
431 605
466 697
235 809
865 795
822 522
722 229
635 807
228 281
342 317
250 517
272 473
773 824
442 779
841 483
619 471
937 689
981 397
480 152
132 345
552 452
349 854
416 989
456 23
318 91
757 131
172 550
886 659
808 201
104 323
382 394
709 519
477 235
412 779
705 712
680 721
600 137
284 338
156 707
927 582
757 877
265 717
548 579
461 264
712 457
668 420
819 262
109 303
124 472
82 313
611 240
461 397
341 914
606 685
782 345
95 687
668 152
431 291
352 129
587 176
632 179
501 762
279 823
323 575
931 745
378 601
492 695
256 427
509 559
560 355
177 495
264 561
658 599
331 55
926 685
733 311
437 64
646 447
902 506
619 749
119 305
618 138
451 509
506 459
829 331
757 503
702 367
171 618
59 554
698 568
692 57
588 462
187 156
641 726
159 742
151 282
734 247
199 190
970 506
600 873
213 723
360 26
652 786
681 399
841 221
450 488
815 822
510 438
134 818
613 43
569 848
439 978
567 794
692 136
965 661
189 279
446 595
312 438
654 521
642 754
247 301
502 307
839 805
396 408
713 677
709 341
382 43
738 259
635 429
493 898
322 71
146 471
241 92
398 777
422 770
554 522
960 577
231 388
833 439
374 453
500 120
681 903
682 915
880 605
813 139
873 788
287 475
333 885
819 323
631 400
870 531
412 425
106 626
529 121
168 426
303 64
994 504
533 854
473 646
590 830
185 205
164 649
864 176
214 547
917 440
918 667
624 545
67 391
901 479
171 791
858 662
725 200
758 343
111 488
785 486
187 372
807 268
362 233
666 787
269 845
555 430
292 428
651 761
771 239
527 331
847 651
297 832
293 283
320 347
817 622
