511 1256 11 144
155 402 46098
99 274 76557
138 458 25179
198 330 11045
98 332 52010
161 359 21190
13 90 54332
85 402 99247
172 239 39115
136 187 26627
191 244 41761
28 357 32650
102 260 12806
37 398 78772
46 387 63891
296 315 49041
86 94 38897
36 502 37121
49 81 43829
227 391 24698
52 131 69340
314 341 41617
352 370 31305
79 417 79310
72 150 34015
315 509 54148
9 29 67602
70 226 59034
179 297 38833
60 469 11045
231 302 16155
15 475 47381
146 200 65031
112 376 36688
120 213 29275
5 203 78435
382 459 40200
147 418 64498
204 381 38118
347 494 74330
308 444 101400
241 309 10050
368 435 68505
260 466 88414
365 474 38949
125 483 44102
140 379 27019
146 255 32062
9 306 61008
90 449 42202
151 164 97867
33 447 51039
121 468 37696
272 392 26077
35 282 36674
457 499 34928
330 345 70661
18 42 33941
472 502 65970
12 330 46098
203 327 81744
80 270 63953
351 406 50090
75 128 47434
461 465 65863
145 358 31064
45 171 12369
448 490 47381
54 462 22472
223 266 69260
127 408 66708
303 394 38118
41 221 14765
304 475 63151
129 280 70342
397 509 57454
336 451 34409
307 461 48270
60 478 31305
301 497 22472
289 380 18439
101 112 31953
224 229 55082
278 282 72402
59 205 16155
56 345 73498
299 469 13454
263 280 29732
46 350 19026
84 498 73553
73 471 19416
223 383 63285
105 176 30414
155 487 57775
221 377 84812
115 372 28284
144 187 23087
262 495 36056
80 401 28160
158 400 54452
170 312 46011
22 208 47096
270 401 82759
356 477 40608
388 475 28302
9 127 25495
189 294 27586
268 425 30265
38 86 63953
115 286 38079
39 64 38079
190 368 37000
10 369 40000
161 346 59237
202 368 56080
284 452 47011
287 505 106733
125 242 38471
75 119 74041
345 375 51000
127 420 45255
25 426 38471
382 458 62968
115 166 29833
239 460 21401
166 366 20025
327 390 59775
33 290 37537
266 344 45222
230 457 42720
78 212 41629
10 433 196329
311 445 31575
317 326 25179
218 234 71197
223 413 24739
95 301 23087
245 326 53000
358 424 30887
324 483 28284
155 321 64622
309 315 71505
38 292 49041
87 299 47170
10 504 25000
44 279 11045
35 346 39294
200 310 48052
194 211 77621
194 400 72173
80 391 55109
129 305 13000
246 505 68015
83 339 43290
267 433 46872
70 336 45607
53 510 23537
100 265 31257
330 428 42438
210 404 64761
271 417 38419
261 274 76531
42 315 25612
233 340 83726
118 191 54129
337 417 25060
23 56 27166
65 441 22804
216 356 77820
134 489 43324
125 281 13342
59 492 62073
10 325 114481
14 109 27166
13 449 27586
141 243 19026
153 234 29682
14 168 48301
54 124 29155
116 148 16553
405 417 30414
52 412 70774
54 356 63127
163 351 35440
328 506 33971
226 410 29833
218 310 37363
15 304 35000
130 454 37336
220 280 85288
145 466 89157
177 492 48104
112 149 32280
329 459 33971
126 435 43932
220 426 65276
349 475 53600
19 319 46098
69 176 59059
271 501 27857
150 174 57245
172 304 47707
125 303 23022
328 352 53712
381 414 38053
134 353 53339
144 165 61984
71 456 47011
16 332 44553
359 409 50249
343 371 22672
116 207 22361
96 454 44407
104 164 93005
162 507 78230
209 350 98184
381 423 27659
136 476 31000
26 460 28160
50 97 44654
423 425 47297
50 254 19849
160 460 34059
81 243 11402
409 493 62008
277 437 72180
77 364 75769
177 279 39661
164 402 62968
100 354 21378
327 389 89443
11 297 125642
32 99 49477
158 463 41183
55 364 42438
47 461 59397
89 250 21633
63 65 20809
211 327 23022
169 404 40804
217 268 40012
256 419 24352
107 256 98234
114 300 46872
24 197 72028
363 476 12806
275 314 38013
59 87 39623
241 509 53759
69 477 45343
7 322 49578
60 330 40804
66 490 44553
338 481 125300
204 285 82680
146 499 51662
90 409 60440
307 350 43382
294 329 53460
181 447 41012
333 379 53038
2 497 53160
243 416 47539
365 427 55082
138 495 43290
77 445 21840
51 237 82873
418 473 55444
159 348 33422
208 488 50289
161 195 50000
62 508 53759
85 164 77104
260 284 34409
120 338 22804
57 502 57801
115 366 40361
38 43 46530
323 450 44777
39 66 31890
95 497 23707
222 482 15811
84 451 82855
131 470 81786
349 450 47011
364 432 36000
63 234 56303
95 359 10817
111 284 76007
229 461 39812
257 282 34886
54 268 95131
34 111 37216
252 474 56303
77 141 45541
407 509 47096
20 213 33422
360 376 46174
183 240 80498
263 332 22136
346 429 51856
208 262 59135
98 375 70007
217 419 61074
393 422 13342
1 37 69721
62 403 77175
436 489 27586
177 319 56089
262 459 46098
21 259 32802
118 345 62370
135 351 83630
290 380 36892
87 349 32450
421 464 58189
228 236 38013
142 205 18000
299 492 48332
363 472 57385
114 278 64351
226 326 25080
150 209 114477
48 454 186078
26 27 82365
138 227 78313
76 360 43566
82 175 22361
270 277 110114
79 267 16553
483 511 55902
228 360 30067
24 180 36125
311 416 55009
7 448 49649
3 244 42190
81 416 41593
134 464 48021
422 490 35440
214 390 77389
233 250 70000
225 349 57567
206 392 38626
320 441 45100
64 436 36056
351 370 35171
46 273 13000
280 332 43658
266 271 24042
113 510 47885
295 296 26173
24 52 44721
440 454 26401
377 452 69065
27 99 21378
232 435 22825
287 297 18028
201 444 39699
5 211 11314
21 361 14560
252 372 18439
186 511 50961
249 319 35341
51 284 47539
7 206 42190
363 439 24413
248 485 32650
35 361 32016
87 428 21401
156 212 62801
124 253 15000
359 497 25000
92 291 33615
156 396 65620
24 412 59203
265 277 45541
75 374 13416
107 216 47424
181 280 90802
237 284 85041
12 345 68029
25 408 16125
106 233 68884
59 172 75802
13 409 73926
402 468 41485
135 163 71176
309 509 52010
144 183 51039
185 369 72533
316 351 22804
173 289 23854
85 158 57000
8 77 75326
330 373 79025
70 342 52393
202 435 38626
149 497 24597
251 408 46615
221 452 49041
352 506 70007
286 323 36674
393 464 58189
220 263 68542
111 465 50160
31 419 47202
83 172 38288
51 377 56321
67 306 45222
47 367 14866
186 483 56586
294 438 65460
246 456 67052
341 421 35777
44 331 44385
174 377 112805
71 337 49739
177 254 47413
11 246 67268
63 163 85475
174 293 174614
27 162 70612
91 347 46872
133 407 24698
143 164 59615
82 280 65924
34 357 29069
30 52 19209
279 319 39661
383 425 36401
53 169 51088
444 487 71554
76 362 68964
37 61 31305
278 300 36000
192 372 17464
80 424 44045
167 265 45607
146 303 61660
253 351 37802
147 154 11045
233 386 42720
142 349 27459
81 110 31575
110 432 37577
320 336 20881
283 309 32802
110 243 32757
13 493 67779
24 74 43105
117 447 44688
26 32 52924
272 322 25179
20 235 37108
253 406 23409
168 185 46098
375 385 32311
212 385 18439
6 158 51971
368 369 55027
41 102 50249
318 335 53151
71 405 15000
179 454 48332
314 453 26833
53 113 33838
6 170 17889
129 398 80056
109 185 43081
177 455 58258
192 474 57280
24 162 77389
128 144 50220
205 304 36401
353 489 23324
42 157 24413
43 283 25612
168 256 38484
92 323 13928
82 443 91924
129 420 60803
393 490 31145
67 395 69051
20 387 37014
156 244 62298
121 491 35468
424 458 55444
113 169 44553
172 313 37121
100 167 44283
124 477 20881
206 261 16279
104 170 22023
129 220 90609
8 248 87658
412 467 36249
48 90 83006
61 90 77006
121 143 26926
291 427 22361
387 411 56223
267 413 29614
335 374 69029
332 447 42059
124 462 17000
3 307 42012
122 386 41000
375 384 37000
134 508 23770
48 449 93022
154 487 92136
186 255 38013
100 171 21024
57 312 50922
200 499 42638
86 154 83630
353 490 51624
279 331 42000
31 185 47508
90 114 41400
89 233 60729
115 447 67624
175 298 34670
236 242 29206
365 412 70605
283 292 37947
483 505 37000
157 315 30000
20 88 35609
189 329 36401
106 250 59034
255 344 73355
169 335 57801
124 351 31048
363 415 31780
163 316 16492
335 436 29428
157 490 63781
87 198 36620
36 128 84629
336 480 38328
25 188 30806
20 306 39459
93 471 37443
6 85 28636
66 353 16553
34 503 49254
62 436 17464
275 418 70036
22 334 42802
126 222 26420
120 395 13928
190 369 34482
165 288 23022
26 74 30083
114 196 30232
153 362 52402
185 285 69462
210 510 27803
208 247 27019
42 421 23537
101 287 44688
213 306 36715
93 167 44643
206 448 47127
245 410 61660
338 395 14213
200 276 73062
329 334 48270
69 216 37643
425 434 29411
165 442 21190
74 160 43105
310 499 39560
8 364 22561
244 396 12530
193 454 251716
4 137 16553
224 465 43600
346 362 35693
273 350 26401
451 498 24187
415 442 17029
215 355 30414
117 252 37363
148 358 19925
111 348 65115
357 446 13038
17 193 68359
105 216 24413
397 407 33061
88 120 14142
156 307 62370
22 488 18028
59 299 29206
264 335 80231
26 162 63953
49 152 42202
158 308 48703
11 287 115624
255 511 55462
405 501 26926
224 357 45044
317 342 24597
206 334 16401
168 496 12530
318 436 41485
318 507 64133
32 339 53367
23 446 22023
311 368 59363
6 194 13601
208 479 16763
110 389 57315
244 307 61620
175 278 18358
57 104 69462
121 134 67897
196 409 18788
118 384 42544
69 253 51662
343 433 26000
57 203 52802
17 199 79404
183 288 58694
15 467 43290
82 84 105304
238 308 38118
369 504 25000
52 470 59237
352 457 21000
36 136 63325
107 472 64637
54 370 31765
261 438 29069
293 338 37656
207 358 20809
294 486 41593
97 455 38079
83 239 11314
333 368 30806
195 362 76531
203 312 49366
154 444 163686
295 322 45607
157 421 26571
130 449 57271
265 354 12806
474 480 42953
198 428 36401
275 468 48662
267 371 31000
326 410 24839
44 177 33838
102 494 46043
122 494 41437
453 491 50160
143 468 30463
489 508 47854
155 201 50220
72 461 66287
62 489 26306
72 174 41761
298 398 55000
225 427 34482
96 431 49518
308 400 24352
174 219 30000
123 227 34713
302 402 37336
319 500 60208
116 382 49518
296 509 12207
8 55 30067
195 360 27659
108 164 24083
30 240 22847
67 213 44283
145 319 57974
423 434 31780
203 214 14765
117 480 50329
83 460 22847
7 157 61008
155 302 12042
177 500 70007
284 348 89805
4 506 30067
12 56 12728
409 429 46325
130 440 33422
22 206 41677
451 480 65765
69 356 59034
103 197 42802
133 471 49578
172 339 38471
199 398 80604
102 452 39013
499 506 83546
72 350 53310
306 411 72236
250 347 12083
285 325 17493
129 298 74726
225 475 19209
360 394 58421
274 294 52240
235 387 40162
69 406 58694
323 349 64846
134 491 52498
46 209 88238
407 484 34176
238 400 15811
91 401 75286
38 94 53075
2 360 15264
77 485 37363
79 433 61033
10 285 97529
195 497 53009
178 275 13153
142 304 29275
230 370 14422
253 477 29000
442 476 42379
194 312 53852
203 390 78006
401 424 50804
60 299 22472
44 492 30871
39 318 56719
415 439 31906
170 194 27000
259 498 66287
266 405 51971
229 465 44777
241 283 39051
123 277 36125
162 197 40608
108 403 50000
214 432 36014
459 495 18028
384 396 39205
213 395 29411
42 378 42953
160 467 38949
189 382 30083
344 506 48374
130 493 58421
57 119 56859
392 488 21213
33 399 46819
56 191 91137
96 440 31828
135 245 79006
259 443 19416
381 425 54406
98 399 40361
242 303 47011
102 284 37363
221 347 111005
91 270 115624
141 364 65000
402 473 41593
297 454 77897
167 354 36056
31 168 15556
380 450 49497
212 426 50329
36 472 67897
62 374 72897
90 269 31064
374 403 41400
74 180 30610
449 454 93606
5 312 71784
63 441 14866
89 347 18385
123 430 28284
224 503 22804
149 431 24352
324 505 26249
74 460 30232
467 475 39051
145 148 42544
320 451 16125
382 495 46530
163 230 20616
89 386 48301
167 355 28231
220 385 36139
109 368 50922
149 301 12806
45 138 69000
146 394 64846
418 487 32202
141 311 47539
139 498 33242
111 503 29411
188 306 48466
71 344 56859
266 501 38079
328 370 75954
204 325 76381
52 240 25632
210 240 57567
139 259 51430
256 356 68768
162 318 54083
285 369 79649
311 333 55902
19 466 27659
113 144 42297
19 249 22804
268 370 86539
65 342 54452
160 180 29069
173 373 15033
238 389 158808
316 370 21932
45 100 31575
301 431 23431
45 262 43139
116 500 25020
176 415 20616
204 423 53254
156 273 57974
227 458 87092
269 300 51478
106 401 40792
77 435 62169
183 470 74673
3 191 16125
86 397 107838
34 331 56569
373 428 77833
24 30 39408
223 425 69771
233 466 65192
373 380 24759
48 193 65742
57 151 57489
376 497 44598
88 293 33615
273 387 64008
215 247 34438
39 448 33121
334 438 23770
125 324 33242
32 83 64885
5 327 16553
40 101 40804
261 334 13342
295 488 48374
58 502 21840
31 423 67720
249 279 20591
366 447 66888
23 28 30414
273 307 28443
45 215 24083
245 317 67624
110 390 66287
33 289 38210
128 169 32985
99 448 36056
247 262 39051
225 388 32311
55 58 17205
219 367 39459
111 237 56294
54 217 106024
85 104 42012
99 206 48301
231 402 36892
292 378 24331
72 307 70342
92 225 25942
146 186 48836
126 168 55543
86 283 55902
103 264 39925
63 135 51884
2 195 14142
407 471 47074
96 112 49729
94 283 22091
245 406 12530
255 506 89359
262 329 56294
55 182 13454
457 506 73376
40 360 46755
310 457 35228
190 379 67683
145 233 82638
277 430 28018
25 184 17088
217 356 93744
113 128 24021
182 502 30067
337 433 150003
291 365 55444
79 413 37108
7 490 50695
131 410 63906
103 210 50448
171 355 43681
231 473 31890
336 342 60407
249 331 36715
145 340 41437
302 487 55218
178 491 55227
40 376 19235
209 235 27295
64 318 36235
96 179 14000
108 143 53759
116 319 62298
34 224 50774
272 488 11045
212 384 13601
256 496 29428
50 294 40311
86 484 113252
373 375 59304
247 479 36674
40 228 37014
325 433 84812
382 486 37443
133 355 36056
254 486 41000
55 502 22825
29 481 20616
419 496 35000
248 435 37216
410 470 72201
147 275 57489
99 261 40447
105 439 15033
221 494 39205
84 480 85440
87 142 33242
435 485 33302
264 404 75954
422 464 52345
36 187 76164
167 277 67956
78 426 16000
62 335 30414
234 441 52431
242 324 43417
201 463 21024
220 375 51478
215 479 50329
109 369 46098
237 461 80802
236 324 41617
198 299 42802
68 266 42379
115 192 31890
284 466 90250
176 410 105081
38 147 19849
29 395 95901
95 409 50931
36 119 27313
70 474 18439
478 492 28160
92 286 28160
137 425 28178
91 221 157877
231 418 59135
18 378 37590
109 202 38210
356 419 60415
21 139 47424
22 329 65924
118 375 40311
108 121 53451
290 366 19647
126 202 15297
14 126 44721
331 348 33242
193 481 92574
47 72 13928
123 270 76694
56 224 39446
190 333 21401
100 227 73110
135 317 50249
258 300 40311
23 60 41110
117 181 35114
53 210 46573
186 303 34655
340 424 43081
82 132 53824
184 220 75133
8 58 25612
137 268 10296
222 256 44000
479 488 53009
380 428 70434
183 510 36346
412 427 58078
4 68 40460
331 357 65460
78 411 24413
271 413 56436
340 358 49739
35 132 24597
93 437 33242
182 364 46174
43 94 14142
367 461 67119
37 193 39825
214 364 51624
183 210 55660
101 505 87801
163 310 37802
3 461 30414
140 416 54406
97 339 30017
42 309 74465
14 185 18385
314 378 37643
46 235 74518
86 241 75166
227 430 43417
305 420 55227
266 383 30887
76 153 36359
77 311 45804
373 399 29614
75 403 45804
18 341 19849
216 439 34670
139 362 45804
290 450 47802
230 310 43566
237 465 33242
104 151 40792
344 511 90427
456 511 59615
196 257 36497
217 434 19647
196 278 76322
150 293 120934
361 443 21095
118 396 17117
371 413 47011
61 269 72945
353 422 48549
197 318 63702
65 320 46325
17 127 56569
435 482 57219
5 194 79756
1 258 14318
91 250 37696
157 322 45607
441 498 45486
9 17 60745
248 482 67624
386 494 53907
223 414 19698
136 363 40262
157 393 46325
345 373 33106
257 429 27803
343 413 53367
20 411 73980
36 57 63032
131 226 53460
270 391 52355
110 152 27514
258 269 42720
87 205 35847
296 322 43324
232 248 22672
103 240 29614
239 313 38000
248 472 76295
337 405 44147
171 215 23259
85 170 34234
207 424 39051
186 281 25080
1 61 57871
465 503 29275
356 462 46819
96 493 50804
129 184 33541
200 234 75007
204 343 79906
135 342 32249
119 151 51088
278 298 46098
64 353 20616
169 374 25962
33 366 33541
141 445 27295
16 399 50249
15 160 34015
68 506 28018
24 103 44944
143 402 25942
131 365 50990
49 379 73410
357 478 57871
25 251 37643
184 408 17205
121 508 69836
390 432 71063
88 235 23601
428 450 37483
84 259 16492
440 493 42521
444 463 51865
188 251 22804
76 276 22561
217 423 20591
56 229 75432
219 237 95818
282 429 40497
15 239 45177
464 491 16553
61 258 49254
185 204 66851
341 453 22000
245 351 58241
256 482 41785
140 333 40706
50 455 30463
101 179 59076
190 504 17720
102 386 40522
208 329 76942
64 489 35341
294 382 29732
192 252 25554
73 86 138033
228 242 17088
22 392 26627
176 442 29069
73 484 38118
68 344 26926
225 323 36674
192 291 43267
159 331 50040
200 394 69971
393 421 50912
29 67 40460
108 508 48104
88 338 25298
331 492 49204
58 472 70178
207 458 41195
21 362 47381
104 312 51478
268 328 21587
107 482 81216
27 448 37216
146 506 94112
76 195 30676
121 178 61612
27 507 27166
281 483 44011
212 220 47434
359 429 15133
234 276 56462
1 398 37336
349 428 37696
41 452 36346
164 403 50990
148 207 13038
39 507 22136
209 293 12166
301 493 40200
471 484 40497
35 362 54644
79 271 63702
204 414 53151
118 244 26420
63 218 54745
112 431 26926
26 83 41146
60 446 48877
98 220 50329
304 313 24042
19 348 43966
32 97 53038
166 323 32202
139 234 53339
19 331 40249
371 433 17493
45 247 30364
222 435 55714
468 473 18028
28 56 11000
298 300 51971
82 181 109238
13 130 32388
290 323 51010
308 463 58138
295 509 36222
127 305 69584
288 442 35511
133 215 51039
17 29 44944
286 291 10440
188 411 50090
37 199 12083
321 463 14000
75 169 31401
251 306 41869
132 282 55227
300 398 53535
28 446 27203
166 290 32016
16 33 12530
165 183 44283
100 138 70214
107 439 41437
149 376 32802
8 485 77936
122 347 34670
32 274 48301
161 429 28425
116 458 51971
232 485 14142
57 214 57009
173 380 17117
212 396 49336
158 321 36497
388 467 27459
73 437 76694
4 328 25495
246 483 47127
81 152 15811
458 495 50000
156 411 35057
448 507 22561
257 409 30083
19 145 80808
398 420 38626
341 491 46043
469 478 27166
23 330 39812
343 414 52154
111 159 39051
132 361 36056
876 383
717 226
797 698
472 151
42 394
93 471
305 715
182 324
922 513
198 104
723 54
681 692
890 250
287 160
522 604
696 521
973 480
200 706
593 806
927 613
712 363
326 755
663 698
445 544
858 531
437 615
365 655
690 712
989 522
422 512
341 171
417 664
685 527
667 762
751 347
221 398
945 393
109 741
317 645
744 182
722 930
224 730
150 763
568 759
349 852
879 697
844 770
951 353
89 218
479 739
742 875
437 500
313 496
461 266
184 354
690 701
158 400
198 344
578 669
622 695
931 365
270 571
589 316
298 612
577 333
293 624
958 548
503 125
400 321
560 420
549 59
857 765
222 897
448 587
231 494
686 250
189 249
840 581
435 19
488 928
114 254
793 413
474 633
688 405
105 497
120 804
605 640
955 635
627 947
884 304
574 973
593 546
272 914
148 777
789 252
836 175
454 702
728 541
369 676
355 883
777 158
688 893
407 520
131 464
350 352
556 933
321 312
174 571
260 163
108 285
699 781
788 188
294 468
851 329
625 503
488 823
653 447
770 643
210 423
957 621
158 622
649 945
388 956
450 293
667 149
279 204
917 488
270 467
836 492
885 218
495 462
762 369
274 856
225 611
543 340
282 381
465 166
418 852
669 343
151 181
144 256
572 636
135 608
299 426
532 859
593 177
94 728
495 838
779 219
888 751
171 456
99 259
667 281
83 729
66 593
852 636
244 716
48 497
661 772
491 590
763 254
380 586
514 275
158 553
360 415
632 532
315 902
330 182
262 499
109 463
346 864
503 658
694 585
869 805
797 391
372 373
536 748
144 682
836 161
472 568
686 435
174 363
341 455
842 525
300 147
629 144
297 403
876 556
425 779
200 145
781 696
604 479
980 412
82 463
715 240
834 304
373 546
635 661
950 404
591 242
37 552
264 201
116 368
362 122
572 654
347 719
484 845
323 802
960 662
358 508
34 402
802 598
953 592
123 355
325 854
364 332
416 170
580 262
845 823
775 559
729 943
302 217
420 79
710 735
570 558
502 409
411 930
707 183
763 720
501 259
81 616
239 257
609 889
642 297
936 649
724 149
754 793
5 443
482 625
413 491
195 809
701 167
125 257
793 656
464 341
656 60
340 823
254 274
579 788
609 959
894 542
617 457
450 308
494 726
591 145
346 217
798 298
882 370
692 389
678 885
363 716
379 821
748 496
370 535
359 914
489 85
420 26
456 171
867 330
459 985
482 62
297 755
867 692
439 707
131 684
664 245
352 959
806 375
569 770
768 474
654 146
767 314
170 779
698 857
292 78
590 518
811 129
383 414
681 565
657 552
580 515
158 743
972 664
444 759
284 796
258 793
828 123
816 420
601 687
842 375
787 229
75 601
654 168
543 632
848 497
921 574
839 697
2 481
196 799
544 252
162 212
110 417
520 625
153 715
244 746
498 271
517 383
326 589
547 803
602 372
42 533
272 752
606 551
690 125
307 69
492 386
35 379
477 176
391 766
646 662
611 770
727 489
187 162
360 729
291 549
596 392
524 16
979 627
469 676
526 900
187 691
539 372
374 43
526 111
709 630
741 309
620 964
635 793
587 613
878 716
480 285
503 223
278 617
351 904
304 876
398 262
665 733
501 857
783 261
709 213
726 367
706 316
321 371
160 319
545 472
652 533
839 784
212 180
230 128
489 251
389 26
621 475
695 600
237 506
754 606
753 199
796 891
182 739
134 160
677 583
400 125
454 787
474 112
791 606
784 594
649 904
898 636
540 546
51 291
53 322
434 939
311 733
255 671
651 206
970 616
787 645
218 849
871 420
701 571
10 458
516 925
112 596
204 531
295 523
534 59
458 330
251 847
856 515
826 287
473 402
854 601
502 528
426 55
402 87
352 378
107 213
512 38
62 672
369 209
885 456
219 707
252 658
406 152
486 884
452 141
840 565
560 525
622 627
781 276
368 936
802 211
124 319
374 17
435 165
250 237
286 578
281 946
382 738
335 351
859 197
599 327
353 395
708 378
11 582
168 243
664 720
687 476
333 674
909 270
628 590
616 364
727 894
165 691
880 181
491 711
592 40
524 223
443 849
414 791
465 612
802 728
442 278
28 533
200 652
745 761
614 824
517 561
123 636
611 696
415 445
241 893
268 349
105 637
564 438
555 570
313 381
430 287
608 723
307 807
606 429
997 503
307 232
670 105
219 859
225 259
485 766
43 646
308 754
266 597
286 668
185 645
581 731
827 225
690 939
413 809
341 188
768 241
637 352
558 215
487 798
508 52
204 365
716 757
205 128
707 105
502 153
338 652
219 588
248 800
336 491
615 95
