799 1372 22 117
189 265 71176
41 627 23537
603 696 72732
235 588 23409
325 328 48166
135 194 30364
433 756 12042
385 557 10050
18 536 23431
230 557 34886
357 645 41437
209 713 32450
388 514 47011
77 560 26173
18 626 38639
35 437 44598
111 795 71197
736 789 25456
178 188 30017
160 525 16279
311 340 35847
22 467 52612
142 439 36401
343 770 30083
485 692 38000
472 660 25554
256 785 13038
636 715 27203
13 586 58034
94 286 38833
177 782 25710
363 756 20248
12 120 24352
601 667 30017
242 680 33615
73 131 26833
32 792 34713
68 121 38910
120 374 28443
221 626 10440
431 642 12530
212 703 48415
46 550 53339
137 171 27019
97 624 22825
191 612 37577
175 505 15811
190 362 24021
534 749 36125
16 361 32757
153 527 35777
720 765 20616
200 667 44283
132 382 18358
341 344 17804
404 540 47518
165 528 36056
257 517 30000
473 734 38328
559 731 28460
307 569 24187
21 766 43566
117 352 26571
318 787 14422
16 518 36346
5 385 62514
239 685 24413
420 620 13000
90 674 20809
263 793 23259
227 501 37000
608 729 16279
458 784 20396
587 792 19698
79 243 60033
38 412 50289
185 505 21401
276 717 43139
191 697 34059
166 622 16401
474 603 61612
183 500 55027
56 276 51624
176 324 36125
58 171 43841
201 399 23854
520 632 48374
279 750 60407
66 123 57315
44 434 22804
216 519 23195
312 528 20396
1 416 12166
425 730 34986
65 531 57385
174 456 13342
235 359 33422
278 286 21024
282 442 31906
170 203 21000
290 722 14866
71 650 52393
291 459 42438
716 762 51662
468 776 49092
24 726 17804
415 761 15033
226 727 19313
8 667 14318
92 798 19235
366 611 19416
181 586 10050
315 742 71568
131 544 40719
241 568 11180
274 406 33422
188 515 42190
512 608 24166
688 764 33615
757 777 47413
86 747 31145
459 550 69426
109 126 20396
168 648 41146
330 638 44922
648 678 30480
93 783 37216
14 376 14318
83 365 31623
381 636 22561
297 531 64815
177 478 61612
72 242 22023
284 646 41773
556 560 46615
215 224 51478
219 597 25318
112 453 17804
127 647 46239
204 613 56586
6 332 28160
130 762 39115
339 743 51614
80 224 37643
531 767 39000
31 255 21954
428 504 42190
200 353 28160
9 482 29275
253 791 12083
309 630 11000
702 748 16279
165 492 45222
151 602 52010
414 523 42953
107 110 10198
731 734 17000
350 750 11314
123 140 23707
97 140 10817
367 512 11402
339 777 55785
1 308 40460
641 653 25000
394 407 24042
30 607 30529
64 134 18111
163 465 19235
121 382 24352
306 708 10050
502 582 44643
198 237 18439
35 522 15264
137 687 43909
474 632 24166
633 721 16125
338 508 63702
49 494 12649
471 488 18385
213 674 34000
696 797 27857
3 741 51010
624 751 31145
502 640 32802
64 182 39825
123 736 53151
535 679 53712
92 555 19105
509 620 34000
237 275 20396
326 464 28443
409 556 47011
433 589 43658
87 514 70880
289 309 19313
42 548 24207
151 719 42202
401 403 21587
40 464 21260
50 74 12042
9 410 48166
368 385 82492
156 656 41869
406 453 99403
306 754 38013
150 238 28792
549 609 54708
147 768 10817
217 561 21932
1 236 41785
319 766 37643
193 676 18788
73 89 31064
8 352 25554
354 525 26420
351 779 39962
94 397 11402
38 592 24352
660 795 50210
181 716 36620
153 470 21260
183 460 17117
55 564 38210
205 744 27659
74 473 23770
518 538 12649
52 455 20248
24 498 33615
348 656 22361
358 647 63411
618 662 21095
109 167 37656
463 757 89185
209 519 24021
417 647 26000
28 419 18358
636 680 41629
623 694 40804
365 521 63569
272 377 44294
473 642 22804
274 677 58822
663 769 12042
143 379 18358
515 685 36014
26 218 34482
23 614 68680
386 625 38079
157 172 73736
308 416 35847
353 651 11180
156 207 16553
36 672 40608
76 377 22804
542 565 25942
508 677 67365
112 450 31113
573 634 36014
43 151 31257
557 760 26907
80 437 54203
70 424 13342
629 695 13601
99 329 26571
223 667 28601
448 591 13153
84 717 25179
117 472 35847
98 670 32450
4 531 28320
211 455 28160
56 688 47434
218 769 17000
380 718 13416
276 387 51865
288 584 37363
100 398 31305
137 718 60415
379 523 25000
418 678 31780
590 684 22472
26 623 28862
475 613 39051
520 567 21024
89 544 10817
264 679 43932
129 508 62032
340 475 33242
573 766 43324
36 585 44385
169 503 32062
23 322 52240
21 573 29206
615 711 54129
427 498 54626
429 487 15652
206 308 26077
96 575 42012
541 709 23324
163 787 38601
426 679 53824
15 242 35128
552 578 15000
186 467 12000
379 640 41195
438 745 15811
154 722 37336
37 759 26077
106 382 24515
234 270 29155
40 692 69116
264 503 32311
27 659 51856
412 755 53263
281 515 42048
689 767 17029
135 585 15133
186 676 24597
148 541 53413
492 759 22627
52 205 31241
282 347 19698
269 623 15652
554 664 17720
184 388 51546
650 710 42720
293 589 19026
145 718 45541
391 543 24083
295 708 49244
415 600 28425
55 514 16155
301 637 25612
262 747 18385
102 254 25000
251 618 20125
16 447 41437
422 770 61098
91 651 34482
171 432 38897
31 292 31241
449 765 47707
477 548 22825
418 648 13454
334 631 35228
66 169 27731
114 580 18868
511 791 15000
402 763 27019
545 655 33971
424 496 10770
288 440 16125
454 771 21633
225 615 19849
277 385 54589
299 762 43863
571 582 21932
251 661 12530
98 449 45486
167 683 31953
289 695 32650
173 640 46487
68 631 45277
579 770 31780
297 376 15232
233 654 30463
319 749 20000
355 562 15133
2 367 29155
88 732 55731
76 447 23345
239 378 10050
175 185 26000
424 510 17464
491 787 28071
305 651 28636
71 783 45000
737 740 62682
172 276 84172
314 343 30067
641 655 35114
52 550 54644
61 729 35228
156 291 10198
179 247 44553
92 658 19698
82 771 42720
194 659 31145
376 562 27166
252 346 20616
392 736 76479
22 323 41146
58 60 12806
271 702 26000
33 134 32016
318 491 22361
267 676 36222
78 426 28460
493 566 52010
110 726 23022
323 512 31401
214 649 17000
27 125 43382
115 671 16971
352 660 17493
524 742 85147
132 750 30676
16 538 36235
155 490 10440
199 287 22472
304 506 21633
336 477 46872
427 541 11314
309 695 18248
575 610 29833
597 632 32016
396 402 59682
186 267 20518
22 439 24083
38 738 37643
84 387 12207
392 654 50329
368 402 45277
222 794 28653
555 752 42297
39 249 26249
404 425 58822
300 488 47011
394 468 19849
62 615 34986
172 725 70292
328 630 35847
78 677 35693
540 701 21932
205 455 17029
13 246 35057
17 741 19105
294 648 33242
34 370 17464
151 579 63781
420 495 28601
93 654 23087
219 696 39115
539 546 50289
609 797 74148
59 442 42426
354 728 27203
499 725 13038
412 481 40000
333 337 51662
403 782 22627
47 545 16643
41 709 23409
269 694 46043
497 691 47802
306 530 42379
218 694 36401
174 735 24739
250 389 15297
145 563 29275
487 566 18682
440 501 29411
355 376 27731
242 269 39013
331 614 71281
461 532 39560
335 656 40311
212 353 50695
364 581 36139
276 688 10440
184 237 40050
260 458 61074
192 373 32696
208 370 17464
790 793 56859
70 496 18385
224 693 39623
241 740 29000
63 732 29000
248 547 20025
157 313 24759
551 602 41110
193 422 24698
237 257 50359
7 538 43417
204 707 228265
249 338 48104
14 85 28071
253 707 27785
59 671 30232
72 316 50000
44 409 37736
266 707 11045
389 606 39825
265 485 64637
148 151 49497
15 284 38897
315 524 14000
449 702 46615
507 723 55227
649 698 24739
329 497 29833
201 678 47676
268 772 43863
217 556 10770
218 663 25612
293 727 13601
458 755 39051
147 188 13892
49 180 33242
113 741 43909
159 559 52953
462 615 48270
264 410 55946
373 594 31145
591 596 22804
344 764 50478
249 413 23770
260 534 35903
116 761 20248
380 563 28160
13 292 27295
115 139 19105
165 587 24042
172 454 28425
356 643 10198
472 724 31016
420 486 17000
105 581 60745
363 652 12649
444 743 24331
210 733 64560
69 105 41400
569 613 106005
553 610 46648
107 313 11180
197 697 26683
50 642 20396
452 454 20881
287 656 33015
397 572 13454
199 548 28284
234 317 29732
194 210 38833
74 745 11705
25 177 35384
570 605 28792
298 348 35341
190 296 43186
161 469 19026
136 383 46390
34 193 14560
604 653 29614
472 746 39013
285 508 61847
273 472 38601
215 366 33526
646 793 28443
20 575 21633
161 617 10296
130 358 30232
451 621 35341
342 765 32000
118 622 108301
232 549 19416
463 471 30806
294 533 15264
103 763 34886
144 273 43105
185 339 51000
146 253 35114
296 401 26870
500 599 64498
5 368 66098
500 694 71063
564 753 49254
125 274 45618
321 647 14560
64 578 46530
59 327 35228
10 464 32311
288 501 26019
2 443 24698
156 335 39217
466 705 36359
320 552 16553
56 113 31064
518 635 58249
33 552 31953
287 548 32016
96 410 27166
261 441 38210
377 778 33015
320 470 38079
187 267 39294
674 723 18974
100 167 15556
152 317 76694
36 100 26173
115 469 20616
372 392 35693
86 601 31828
619 662 26420
47 795 61522
71 654 37643
468 543 50537
90 576 41400
336 548 45453
600 614 37696
383 647 51884
80 697 26571
33 361 68680
359 558 22561
140 456 29530
246 658 47676
1 441 24042
109 252 38601
131 635 47000
240 483 43966
170 759 30529
121 132 18385
592 738 45607
235 700 16971
77 310 64777
470 750 44654
102 784 47381
134 272 35000
565 693 32280
15 680 10770
123 334 36359
44 644 20125
273 724 34059
471 670 36497
724 746 41037
149 783 48166
159 430 23770
532 534 34928
117 223 11402
46 103 33377
196 791 30871
282 799 30000
114 540 26173
502 571 52612
448 596 12042
466 739 32016
261 580 17493
172 283 67052
703 753 52355
321 417 17205
91 626 31064
50 431 20518
226 416 26077
178 706 21840
341 452 23087
2 111 36892
112 158 73246
443 655 39319
116 526 28460
24 325 19235
405 643 26173
17 203 12806
200 703 10440
219 474 26077
324 330 24759
529 624 19026
95 499 35000
331 446 26019
232 609 51788
321 488 50160
99 779 15620
128 604 27313
60 345 36770
3 384 14318
346 683 20248
280 301 17804
384 741 49729
183 494 41304
244 779 41773
191 542 27459
81 476 34015
29 379 29017
415 669 20248
483 549 44294
558 590 17000
103 633 21378
599 790 68308
509 621 16643
348 459 38626
159 229 39217
238 329 10198
463 777 43290
79 476 74525
225 440 33000
585 672 10050
47 395 50931
216 713 25612
198 275 12806
5 536 18358
259 295 48010
322 539 19105
684 690 50220
36 733 56080
244 351 32802
155 714 56321
515 751 18868
276 290 76236
595 774 18028
133 237 55172
230 356 28601
34 676 12369
43 611 14422
119 224 66287
645 669 34928
553 559 14866
478 561 43463
484 567 36497
51 285 91241
175 637 11180
270 775 10770
368 436 28792
712 739 46325
135 659 12166
162 443 31145
305 550 38079
158 672 20248
122 689 40853
215 611 21840
164 625 55154
38 381 31780
463 670 67268
202 604 16279
39 413 21260
66 503 30480
156 598 14560
147 714 38275
339 444 38471
95 332 34059
25 403 37696
283 794 24207
285 406 13038
292 586 50090
213 587 36235
187 607 36014
75 737 55227
144 480 34000
301 665 24207
166 731 33106
65 421 52555
11 509 30871
32 213 12166
165 202 44418
437 522 44045
87 512 33121
71 710 33734
283 725 38949
279 334 25000
122 780 28160
45 146 28160
216 303 34525
136 647 56462
75 610 48374
369 398 16031
728 729 30610
113 764 37855
173 665 11045
277 617 35847
39 386 18028
221 667 37443
518 657 30232
32 480 32249
286 776 13454
45 434 23707
73 462 43046
161 327 46755
564 715 52498
386 476 32757
228 300 30414
466 593 32985
380 425 26476
492 616 23087
196 554 59135
498 579 38484
72 198 42190
95 722 13038
409 560 23601
421 439 40361
493 628 32202
490 738 38639
372 419 51624
70 510 26249
189 571 61717
566 771 12530
23 331 17029
52 591 54342
298 477 37802
82 493 28302
554 709 18868
48 698 37590
118 737 46141
104 712 43863
197 612 15620
276 393 64475
361 615 48010
209 457 65069
785 789 34205
43 478 59397
97 529 12042
310 719 57775
192 359 26926
84 653 28792
248 504 10050
352 472 23087
67 336 20881
245 515 23000
107 726 26571
513 549 70036
279 527 63411
141 486 30364
133 216 23087
342 727 32650
105 448 20100
149 233 22000
206 796 53151
13 31 11705
359 583 23537
144 723 49193
18 117 45541
631 750 56080
168 294 22361
393 717 29428
17 150 30610
261 775 28792
334 736 36620
19 22 25080
296 409 35228
206 236 38328
287 537 42942
115 721 32016
612 689 50010
211 459 30150
77 196 45486
179 490 30806
37 616 27586
595 798 15297
513 799 29698
450 453 33956
213 428 44721
40 365 56859
680 781 29017
652 720 43000
217 719 31145
248 268 42190
484 520 39925
62 225 45277
7 635 14765
317 645 39825
342 796 44553
210 517 65795
54 57 20125
304 668 28425
283 499 33541
299 363 26476
365 408 40853
462 711 44944
400 576 37483
208 629 15556
250 699 32650
91 221 30463
393 641 50695
224 437 71028
35 171 29732
160 162 25080
668 778 18601
438 692 17720
54 569 72402
277 436 52631
61 370 28320
104 164 13928
189 521 26926
37 268 38013
390 678 46098
574 767 41869
236 775 20125
51 338 63561
360 480 28018
42 336 52000
341 688 61098
95 154 28071
567 668 33615
603 609 62290
101 289 46098
400 405 48374
336 744 21954
599 694 50695
73 544 25962
407 429 60638
288 785 50448
235 583 16279
147 706 32016
739 758 50606
211 744 20000
240 799 36139
516 584 14422
622 681 50537
152 390 27803
19 608 26420
43 366 24021
239 247 17493
215 693 21541
502 637 60208
160 682 34176
414 605 46228
254 461 26077
9 40 59506
93 233 11180
51 249 35805
132 350 21095
44 362 72918
243 358 22847
228 593 45891
215 551 44777
377 447 18682
422 639 19698
79 292 39623
106 578 26000
111 655 47802
69 609 48877
337 412 62968
620 621 21095
639 695 16155
404 526 37202
327 671 46271
600 686 18439
483 513 29547
345 612 36125
445 468 43186
164 530 51352
700 716 24166
290 725 31623
461 534 56080
497 524 79762
434 644 15524
129 326 55362
67 591 28071
12 604 34713
291 656 38013
575 666 17889
67 205 31257
433 590 28460
259 530 40804
404 423 54745
131 518 104690
182 532 31890
363 762 37216
423 730 34655
430 745 35171
547 772 25554
506 657 75240
220 582 19416
700 788 12083
705 712 25000
250 606 29732
127 765 10770
271 417 51740
652 756 15811
198 316 26077
81 453 30364
405 760 40817
268 504 41437
253 511 26249
229 666 25554
69 232 57245
401 782 38601
274 285 26249
256 736 19799
670 757 156208
29 523 31828
663 786 16971
654 736 51420
548 656 27295
6 682 19313
62 153 12042
88 704 32249
324 489 62801
271 748 17804
442 510 48795
63 704 19105
133 257 33526
505 605 45011
375 481 32016
87 388 50774
201 546 33526
10 326 17117
343 602 31016
673 730 12083
316 781 20518
268 351 45354
196 664 55543
154 393 48021
53 792 26306
598 755 36000
617 643 42438
171 197 29682
11 456 35609
337 784 13601
138 620 12649
520 597 41773
212 715 61294
77 664 38288
56 741 37108
299 359 28425
98 748 10630
332 794 45607
595 658 20396
344 429 35228
108 189 56036
45 77 40000
143 465 10050
399 546 35511
95 725 28160
30 343 21401
70 282 58258
105 596 14866
481 490 24515
484 506 41593
107 391 44822
138 435 12530
266 644 20616
496 721 27295
284 790 26401
80 522 20248
222 289 31401
256 654 36056
445 572 43186
253 776 69354
122 479 30806
425 594 48918
452 487 11402
390 418 28018
152 349 34670
425 684 43105
243 739 43417
83 408 22825
85 555 35228
101 332 43105
267 704 24000
235 373 18028
374 577 16279
320 350 27203
166 553 25080
537 573 28636
191 197 36878
562 798 20518
87 675 26000
258 307 16763
281 624 49010
48 378 10630
281 751 35609
305 396 38079
36 398 33242
54 311 66242
300 463 18028
220 571 31780
396 550 24083
411 780 16155
174 509 28160
82 313 21932
60 687 28071
482 575 35128
168 415 32558
251 303 48083
142 421 18385
119 446 24083
333 375 50606
114 371 13038
37 428 42450
83 129 50567
323 661 37336
42 797 50000
14 531 52631
303 662 66603
411 574 25020
176 446 23195
430 438 43186
20 482 31145
129 318 14036
167 252 30594
90 507 49041
490 646 37336
182 319 14142
28 75 31385
364 591 47927
569 691 51000
53 312 14765
204 475 32016
144 360 44822
496 581 12530
81 450 31890
257 769 39051
57 258 26627
444 593 38419
66 138 48042
625 758 43046
270 580 12042
280 414 49244
226 796 49497
570 705 33526
99 170 30150
145 355 47760
618 661 29155
199 797 32894
124 535 42942
139 633 22361
214 254 43278
148 310 25710
116 686 18439
322 415 51078
245 624 39812
10 40 46043
238 691 13601
180 460 43863
494 500 25495
231 317 23022
26 663 29069
451 486 43932
485 521 48836
345 432 16031
25 478 50990
207 755 36688
155 179 33136
207 598 11045
102 260 58830
669 761 19698
327 405 88645
12 492 44407
49 183 40719
13 255 30806
574 780 34886
555 798 31765
247 515 46530
63 479 29069
85 752 11402
60 432 33061
46 763 31064
148 427 55902
78 124 14765
543 628 19925
79 739 64133
118 734 160963
620 735 50804
187 479 22361
262 753 57801
436 469 15264
356 405 18358
48 214 27785
295 570 37014
280 665 26476
227 516 17889
190 638 34540
66 735 19105
563 594 50249
492 577 22472
349 357 27586
165 616 35128
57 384 43046
126 369 33302
127 136 40817
19 61 26870
76 657 25080
65 216 54745
229 610 34713
87 564 78058
168 533 16643
141 699 56859
255 773 29428
614 686 47000
2 675 39459
328 422 47539
126 292 66038
374 492 25298
333 378 34205
4 457 14866
160 728 22204
237 786 52173
259 708 19235
27 453 98005
542 612 22136
527 789 73055
27 180 14422
283 325 44204
131 568 79057
404 690 36878
460 659 23087
222 325 29411
754 787 55902
53 360 58600
13 181 59540
29 465 11402
87 367 39051
530 754 47508
204 340 24698
614 673 57974
588 700 10770
10 129 50040
158 398 31241
407 628 24021
375 412 52010
272 766 39825
246 588 14318
240 347 35693
169 435 32311
58 687 18974
302 575 31828
230 760 13601
124 495 53451
220 379 53038
130 383 20125
346 752 53151
244 268 28302
373 774 53666
411 732 13000
214 698 33242
338 491 35171
394 628 29411
167 369 42485
71 737 35114
572 627 18385
7 615 57271
263 768 43417
457 733 58523
260 335 11705
525 629 35341
618 619 13000
338 787 48918
119 176 34205
173 523 36674
120 128 17720
60 297 48104
143 163 26173
22 142 33121
362 638 57723
589 690 49041
681 737 58856
584 650 14318
388 619 28636
395 746 42297
395 545 57245
490 592 57245
716 788 18601
371 645 20518
266 638 161447
381 592 37802
202 528 35228
714 768 30265
146 196 15620
349 533 20518
241 516 27295
267 314 39357
108 365 43267
386 413 31257
231 645 25298
634 766 45651
75 681 21954
125 141 44553
302 410 17720
551 607 28178
73 711 22561
149 372 32016
11 178 11705
304 778 29833
87 747 81216
265 431 65368
263 606 49366
75 419 36715
517 519 24597
195 391 51923
342 720 30610
368 536 64900
215 565 40522
404 701 40162
495 535 38275
292 773 48042
630 639 13892
423 526 27295
245 529 46615
88 421 36056
55 388 47676
30 314 17029
184 198 29530
497 742 162197
110 157 10770
583 700 15524
562 774 10770
654 710 37108
537 797 51624
390 489 103484
311 429 31953
192 558 29120
141 451 55714
388 781 58600
94 196 59414
68 649 46487
208 354 26249
86 262 24083
41 195 20881
367 675 43278
116 701 28231
3 150 56798
231 349 29017
89 227 25000
106 320 20125
18 472 35114
252 773 26627
389 706 19698
221 223 14142
457 683 53254
99 203 34986
435 535 18248
147 515 44147
312 792 13342
96 302 29732
293 441 36139
397 627 17464
8 601 27785
315 772 28636
568 740 34000
400 507 46174
128 387 20809
101 160 20396
21 749 34540
423 673 40311
3 307 14213
108 408 39051
228 743 22672
87 323 52773
317 371 43463
278 468 33121
195 498 55570
547 576 11180
28 96 57706
258 569 38210
4 14 46690
278 445 18439
330 489 71169
298 336 31145
561 719 31828
104 758 24021
70 347 56303
139 368 41110
52 364 32280
500 699 16279
206 234 76026
20 666 29732
2 162 14142
275 786 55731
17 577 22804
401 556 42485
602 770 12369
168 357 19416
426 464 49010
332 682 38079
65 713 39560
243 586 46011
457 752 13892
399 539 38471
520 634 27203
359 788 33061
6 655 21633
395 528 46174
281 685 41146
196 511 40200
19 467 44598
179 198
395 672
292 917
373 403
573 833
365 714
973 443
540 743
709 224
638 172
709 410
395 852
371 269
339 371
557 581
962 498
362 918
567 799
392 593
761 199
846 624
402 570
103 411
232 680
107 537
538 472
576 341
823 232
570 111
287 559
375 280
488 857
894 516
336 600
220 405
468 361
443 914
617 603
483 210
684 170
171 691
820 714
183 541
48 624
65 625
684 792
416 746
724 512
597 381
762 105
529 247
723 770
466 808
234 910
518 619
352 880
252 901
271 396
710 914
279 406
373 612
899 461
333 509
896 539
374 475
732 342
778 754
778 474
805 782
734 854
867 296
543 532
962 377
754 114
850 216
971 541
105 625
660 260
402 217
205 437
509 233
205 750
634 149
372 816
367 373
539 707
444 654
363 544
960 346
504 906
605 763
352 336
836 297
121 706
339 745
772 259
769 411
239 78
388 958
449 343
340 668
766 574
689 825
457 155
780 815
831 507
212 719
616 99
431 295
222 717
415 703
507 276
321 878
133 236
673 885
150 300
552 756
919 240
111 474
372 860
813 491
300 492
774 381
667 273
615 322
451 291
258 152
377 843
588 170
334 199
986 389
820 474
451 482
914 541
524 376
279 187
239 400
684 340
675 866
763 402
647 353
386 541
580 98
554 861
269 356
68 653
676 452
194 621
804 292
343 942
187 572
57 301
900 473
367 743
657 544
756 648
232 713
501 349
763 150
360 664
655 912
385 662
598 117
462 142
427 859
836 147
438 332
86 306
720 317
391 928
240 427
258 782
531 56
724 385
479 11
90 447
81 513
698 414
690 547
588 349
363 210
861 558
560 398
487 562
453 11
350 566
297 542
683 440
648 53
16 534
232 480
271 267
322 596
533 405
191 697
80 663
256 452
501 536
829 695
586 711
37 410
404 821
370 928
160 861
747 750
150 146
741 641
345 609
430 437
501 427
733 723
626 670
476 859
748 526
197 508
428 484
115 559
528 439
919 715
608 44
577 751
279 674
563 753
176 461
904 416
183 160
940 331
372 69
776 187
595 921
87 253
856 808
826 292
106 208
311 265
140 183
489 522
353 969
706 518
794 838
951 319
560 546
372 165
441 960
719 439
336 271
697 503
507 949
508 218
644 415
436 564
408 326
56 686
781 554
364 299
840 356
483 472
267 923
480 124
797 624
158 211
521 691
640 492
722 307
719 58
31 661
335 552
465 945
559 507
135 211
257 72
914 576
557 818
635 281
509 526
316 843
613 921
100 759
829 407
494 50
757 480
779 891
278 718
594 569
610 289
99 738
821 674
902 367
298 649
322 767
754 658
395 256
205 180
64 310
441 96
48 563
312 371
751 711
263 226
350 48
505 36
750 239
422 518
963 575
643 724
499 108
283 928
148 172
305 631
169 615
202 852
459 821
214 730
300 570
479 975
503 562
86 230
587 156
859 572
849 498
305 121
98 359
420 607
63 471
251 683
640 189
690 943
287 651
363 967
46 489
114 424
337 711
737 546
805 400
793 635
772 734
724 596
543 185
429 56
169 838
256 831
222 142
270 572
242 842
293 440
416 345
787 873
766 679
86 282
841 472
421 934
527 765
613 719
362 629
314 340
612 944
105 302
351 174
285 244
519 833
945 470
17 558
258 200
732 801
652 123
207 540
406 645
636 853
476 313
352 593
126 247
784 267
301 280
377 888
697 577
326 365
953 555
716 519
571 82
238 335
586 610
836 483
325 181
295 903
565 895
468 200
365 826
471 611
659 412
35 318
177 747
791 302
342 784
131 801
453 781
662 757
132 703
477 329
50 390
555 966
67 544
631 808
72 523
199 261
603 960
609 302
154 808
614 138
68 592
745 256
342 494
665 618
499 196
505 98
118 312
181 186
291 111
58 334
832 248
668 347
393 524
299 605
190 315
721 857
233 309
669 233
169 671
484 903
213 822
741 159
776 90
277 439
239 220
54 646
690 329
646 880
178 390
737 116
420 554
904 383
196 215
752 908
382 693
411 90
112 745
113 450
948 537
778 795
214 116
485 254
667 405
234 824
518 262
240 804
730 751
737 388
383 392
736 627
730 693
558 381
803 568
964 420
332 47
668 184
581 108
413 122
350 578
116 788
654 893
886 489
302 54
534 787
776 123
945 713
192 862
475 232
781 688
141 499
307 522
520 861
665 578
738 220
836 825
968 634
682 111
676 362
227 815
309 71
25 421
660 554
577 176
401 896
181 765
601 393
651 324
717 847
386 986
219 649
311 724
612 416
928 366
549 21
752 319
506 939
470 24
975 593
551 920
586 232
696 382
717 874
76 703
415 638
824 852
512 634
719 462
924 323
453 472
998 493
431 461
931 649
673 63
212 418
547 89
465 975
349 652
177 291
868 457
439 825
757 412
513 148
352 422
840 582
72 297
832 616
687 311
582 817
841 636
994 481
84 372
152 254
161 663
259 485
161 765
969 352
402 755
69 420
527 950
801 699
875 804
678 739
236 530
864 505
826 170
139 667
371 338
105 563
564 905
263 239
815 160
87 606
124 539
329 338
265 327
522 657
236 497
222 797
932 628
961 314
295 949
442 59
601 13
141 713
869 642
343 469
773 217
529 939
380 904
855 517
235 614
143 220
723 836
592 33
308 249
912 331
509 378
373 211
444 842
333 257
224 179
248 247
776 782
609 580
381 114
270 277
340 338
770 804
923 690
742 652
604 480
140 330
516 729
239 571
909 763
388 818
469 69
634 443
261 543
405 616
847 757
802 210
191 529
266 464
201 900
154 365
917 431
424 894
646 907
454 573
459 585
680 352
682 373
846 160
545 500
758 431
501 181
574 761
148 696
155 784
334 620
305 620
801 435
955 691
685 846
905 641
986 436
564 615
489 16
3 502
317 613
575 41
389 765
782 101
622 942
39 642
111 261
625 541
301 135
68 343
763 518
915 317
615 730
246 204
382 789
838 320
377 732
788 675
981 518
344 318
536 374
512 774
425 570
472 562
512 459
134 650
520 55
789 209
546 730
945 597
125 293
266 60
685 897
508 368
210 350
492 889
434 678
339 588
653 225
45 363
713 264
547 577
869 205
372 696
427 362
236 266
720 498
154 318
277 378
313 853
315 454
207 225
340 973
720 111
205 488
557 461
323 628
886 694
230 446
757 494
615 400
323 253
161 274
257 98
596 708
335 528
432 91
677 420
32 672
489 107
149 683
874 329
940 382
439 115
412 464
663 488
572 641
333 231
347 813
226 341
146 562
246 161
693 860
332 756
510 883
523 816
312 737
221 694
201 167
378 651
402 632
215 339
806 133
354 489
439 409
814 118
730 361
826 370
879 263
653 592
414 154
931 298
343 916
548 994
387 86
753 723
750 125
495 786
508 704
246 86
859 592
849 464
735 452
376 380
571 662
537 107
706 652
251 219
417 20
458 179
417 912
582 925
133 311
295 196
658 809
284 870
254 142
883 601
316 437
667 458
513 447
242 583
228 786
505 963
393 304
325 328
131 201
89 747
375 42
934 582
400 968
327 500
518 576
56 507
840 260
732 607
853 355
500 471
575 148
318 242
844 388
583 545
67 691
462 834
630 513
293 699
477 738
190 111
860 684
343 353
803 873
