501 858 17 70
174 320 67119
77 210 73007
77 470 19849
115 176 11402
244 448 65795
95 477 28071
245 361 76942
85 286 22561
214 425 33000
297 378 42048
160 294 70612
52 171 41000
316 416 55082
296 404 32016
280 335 47434
172 294 70456
138 219 64622
319 497 28443
105 111 54009
71 450 100424
269 354 71176
15 415 17029
84 449 71021
265 320 37216
196 281 61400
130 275 22023
372 472 40361
141 459 20616
60 134 28284
27 225 20591
42 99 65253
72 419 29411
206 281 50090
16 494 36014
229 319 48549
147 435 16155
213 419 37643
18 150 46690
349 357 29833
174 432 46400
254 453 21378
41 323 60539
235 296 55145
25 75 14422
274 354 22091
403 431 57245
94 201 60539
287 453 36878
148 218 54231
60 343 28018
268 431 23345
26 179 17205
7 377 20616
104 307 76276
268 437 31016
153 337 24207
187 224 65788
33 197 32450
66 339 37483
6 313 33121
475 495 28000
25 456 30017
149 427 19000
179 439 31305
467 499 51865
18 476 45122
39 67 102903
198 358 33615
240 330 32202
300 353 58856
224 397 28460
42 138 55543
90 227 63285
129 328 21633
205 437 48549
233 337 76837
122 403 49649
2 101 28425
23 146 89308
5 229 86279
74 466 57009
239 272 47927
91 319 48508
350 418 55444
341 479 29547
333 447 14765
171 227 49244
41 263 26173
137 251 101833
155 289 44654
243 482 29000
327 501 20616
332 359 29614
429 488 51430
73 203 13000
5 409 88814
44 377 30000
161 237 31048
235 440 16553
146 178 11402
5 417 25179
114 485 32985
231 367 122000
31 71 73980
97 501 44721
304 478 39408
93 178 24187
346 484 43681
72 386 46648
90 451 73756
103 424 40224
260 444 25080
29 194 17000
234 379 40608
144 394 63032
76 366 50478
322 469 19105
149 256 44553
56 391 48836
179 211 52498
284 364 39051
17 158 35609
35 94 59908
163 427 42638
12 191 28178
229 409 12806
404 499 23324
118 404 25080
211 405 41629
340 485 54818
31 245 26683
34 370 39962
275 316 32280
109 326 63008
200 352 19235
47 389 43046
40 438 68884
189 338 49679
217 276 55073
9 272 34482
359 439 16763
409 497 26683
310 467 72863
209 224 18439
126 148 37656
12 356 29967
225 389 44654
50 263 11402
385 422 62370
267 368 49739
112 314 21541
318 330 46098
92 151 60440
181 190 29120
353 432 31305
287 329 24352
382 446 33971
189 240 17117
312 472 47074
73 446 28636
193 487 61984
57 234 85288
135 375 37483
22 356 65970
3 67 74813
207 421 32573
148 171 43012
193 334 34234
97 327 50448
81 483 57983
403 405 18385
56 166 13342
253 341 12806
159 265 31780
20 441 23259
120 138 64070
168 445 21260
84 135 40447
308 346 35847
15 328 30083
51 428 78109
56 223 28018
117 351 41012
192 204 38833
302 354 39115
111 500 47802
374 479 56009
122 171 70029
49 375 49092
266 306 22023
106 371 55145
124 388 56303
118 499 25554
122 451 53009
59 306 25554
66 318 17692
37 412 40497
228 315 21954
140 381 15811
48 158 14765
260 436 30364
342 397 51000
126 332 10296
482 483 37162
11 197 21213
61 88 40497
257 289 42450
116 156 41000
14 18 59540
125 136 48703
357 422 41340
282 307 38288
49 84 29206
381 407 62201
130 368 43174
431 437 27731
379 443 31016
100 127 53151
13 259 93295
120 220 33615
47 393 20616
176 259 20616
168 271 58138
59 313 73246
199 354 56080
12 293 58796
93 308 50160
142 290 62482
167 493 22091
250 423 60539
119 454 23409
115 343 48918
36 293 48754
12 153 69778
180 196 24187
87 277 19849
155 169 17889
395 475 26926
399 453 47074
30 129 72670
197 311 56223
55 330 63561
354 447 69584
89 115 21541
171 332 29017
202 383 73553
4 82 55902
386 419 31257
151 399 141060
238 436 34132
283 390 32249
20 166 52000
305 468 27893
238 444 25612
396 498 72691
234 345 70682
255 295 45354
148 221 36125
3 39 39013
89 128 41773
1 276 27459
152 264 35777
90 284 76158
54 491 19235
323 460 36878
169 195 101020
223 441 50160
83 230 38419
320 321 38210
266 352 26173
2 278 23409
112 335 53339
234 334 67446
246 428 44045
314 335 43600
200 470 37577
317 487 10296
4 285 35355
413 419 13892
256 465 75293
202 453 11402
72 413 21213
187 217 48010
199 380 44407
167 490 39962
242 411 33242
142 447 42953
11 249 53907
123 430 45891
334 387 31906
74 150 56462
142 333 33121
284 475 70036
289 432 76026
78 102 50160
38 210 28653
178 346 52953
418 481 28178
73 402 17029
100 269 66030
30 462 77162
229 497 36056
64 342 57428
119 451 27514
64 331 39051
39 350 149790
26 494 23022
435 474 24187
44 82 17029
25 35 12369
34 161 69065
127 477 10440
267 416 10050
387 402 35847
307 348 41231
145 183 14318
299 339 15264
234 436 38419
355 407 11402
159 250 34059
109 204 52000
292 385 10050
70 441 42485
78 232 29275
243 483 13928
208 297 39812
31 295 33242
491 501 29069
120 312 56089
151 424 17205
235 236 39205
19 76 24515
159 315 38328
131 271 46648
180 455 15133
262 461 46530
17 245 44688
310 499 36014
290 377 115412
269 302 44181
103 283 20616
131 222 59405
306 352 18439
221 273 27166
53 353 34000
3 247 77621
207 490 103484
137 176 10440
123 429 89006
128 343 14213
324 473 18682
156 236 73756
59 340 51624
27 125 23345
60 303 89051
52 122 82152
256 410 70831
111 457 23601
105 472 35847
21 300 25080
370 440 28284
300 423 58856
134 301 15620
354 362 49659
267 275 25239
61 406 28160
10 40 25632
140 350 138755
8 477 60531
154 246 18248
67 466 51624
81 298 59135
1 311 39217
187 209 58138
99 138 31321
291 398 29967
89 280 11045
301 343 41000
228 347 21471
442 469 21840
86 199 45486
348 385 42048
19 473 42953
11 452 10817
90 463 41183
232 244 56515
24 182 53367
75 94 63514
2 210 48301
43 56 34828
166 391 51157
222 271 24515
45 401 19235
244 360 49396
182 360 63246
62 117 41761
89 335 38210
28 232 29000
114 261 53759
206 396 57385
94 285 59439
54 501 34482
102 481 28636
157 321 22804
389 495 67119
46 109 11180
30 493 71309
63 309 13601
155 195 90050
32 124 16553
175 455 45177
281 322 71344
17 450 66611
360 421 96664
173 320 53263
70 203 22825
356 430 53852
189 339 46615
29 492 76538
281 442 77833
156 296 23022
125 389 52773
202 392 79310
137 280 21378
191 356 41761
151 222 33941
434 440 29206
147 191 21633
34 83 45000
133 231 33541
252 472 38419
237 317 25807
144 371 48826
48 458 27514
107 181 29732
65 214 49659
186 500 49396
400 432 26571
237 370 56009
253 489 43046
146 484 77162
254 329 38833
51 270 59059
348 428 51108
154 307 13153
4 75 82006
198 378 64125
425 489 35847
258 427 26173
20 143 101833
282 323 28284
45 99 23259
364 488 34059
64 91 45967
11 262 20125
62 351 42450
112 257 50596
234 443 45793
300 333 28018
129 493 50478
277 361 46400
184 310 87664
224 231 74330
141 206 62682
50 416 65276
219 252 14036
331 460 77006
332 494 35440
242 273 38601
104 357 18788
175 341 11662
256 309 23707
248 428 62169
329 453 36014
368 416 54672
132 387 36014
313 470 47011
13 190 13038
179 359 22472
110 474 43829
10 12 32985
350 421 45000
80 123 33541
226 488 10770
34 226 16031
150 476 43174
209 231 57070
148 486 37014
177 196 47424
136 463 28231
49 135 36401
325 355 24042
274 302 25495
68 208 39000
345 443 41000
99 308 56921
22 32 44385
86 380 19925
164 383 69354
216 373 42755
449 459 59439
365 428 28601
193 260 16763
371 373 14142
43 297 26401
75 285 48260
14 106 32249
410 500 32016
141 212 41437
292 388 34015
154 282 46615
291 363 43139
122 215 47043
382 402 18111
120 219 27295
195 456 48826
252 312 21260
231 325 72450
363 398 44102
177 270 51039
173 174 65146
350 481 45695
408 429 108227
59 200 31000
40 496 37014
28 360 12042
249 311 61847
189 483 42638
33 281 92071
19 324 44000
164 202 26833
145 168 53226
395 463 34670
58 475 37947
189 482 19313
28 78 25298
139 169 122642
390 478 28160
92 168 54589
317 358 54745
142 362 81222
41 349 25495
118 467 36346
216 394 41677
21 336 27166
373 394 48754
141 442 32527
170 396 76026
10 191 38079
214 248 50931
384 445 12369
107 251 30265
14 82 95131
411 449 44283
191 392 26926
95 205 24352
46 406 39051
287 399 28425
369 418 67543
88 468 36715
51 253 71197
351 412 103121
388 389 42638
464 490 71007
79 93 21024
362 480 45255
104 422 53852
390 438 29017
279 464 55362
116 296 30414
187 270 44598
180 433 10630
168 183 51788
55 111 28862
21 53 46487
91 331 30594
83 440 24042
305 406 39661
295 361 60440
208 391 39115
213 413 24331
103 478 16125
48 454 67779
268 344 68542
147 474 25456
464 493 43278
212 459 44407
121 473 31064
88 305 40025
108 297 22361
23 62 24187
368 445 83726
390 496 23087
153 293 71568
433 479 29428
167 247 36056
163 186 48042
69 288 11402
319 342 35609
81 386 28844
221 242 12806
111 426 44147
367 397 26401
26 332 15297
1 96 17889
196 433 24413
428 489 25080
405 439 28018
85 239 49406
105 372 13342
233 349 29155
377 394 70711
187 276 23324
175 479 30414
92 271 20591
239 465 26019
127 269 45222
133 249 24187
160 172 27313
275 417 12042
50 384 64351
32 388 46043
226 230 17889
119 122 50606
98 309 73410
9 299 29428
288 487 53075
68 164 49659
132 288 72993
355 452 21954
223 297 11180
65 248 56569
87 152 13928
309 344 74813
255 426 59228
43 391 37443
325 381 62650
99 401 40608
38 170 48549
143 203 149054
241 380 61188
218 486 46011
244 498 53235
181 251 17889
160 220 24207
253 428 61188
237 238 61074
96 276 24042
55 318 38275
80 161 76609
151 438 78262
6 210 30150
38 101 43863
58 90 52202
250 414 15264
188 412 74108
123 358 81345
261 313 35735
417 460 36715
87 264 39623
407 461 57140
121 303 30000
168 384 11705
63 87 53009
300 414 55785
27 393 30463
49 449 67119
283 424 39812
158 284 82976
76 320 26833
333 336 29017
52 451 69721
192 326 91924
36 124 34234
182 490 85428
157 344 48754
57 446 146697
113 496 32016
90 458 75392
139 456 22804
24 360 24000
145 263 31953
16 179 53000
265 315 24352
324 465 33287
264 454 35355
184 345 16125
188 401 56400
108 441 50606
13 286 103354
165 247 67268
426 457 24331
205 398 52393
150 466 37121
177 455 34540
230 450 75928
236 376 94895
22 194 22204
109 184 68942
185 492 46271
96 187 29155
281 448 85422
162 190 63246
69 358 48332
247 415 19723
100 291 67231
125 225 25554
7 144 16553
80 358 68949
36 356 66573
140 369 37054
204 305 18028
162 243 31305
70 132 48765
452 461 52924
355 461 54452
215 264 37443
66 272 15652
79 338 13000
116 294 30529
186 255 52631
113 233 72918
7 106 31385
83 370 23707
240 339 41231
462 498 70328
165 216 82219
191 430 67201
133 187 53759
163 410 50961
46 172 70029
107 335 150615
114 340 51039
237 434 59816
8 16 49010
142 336 15000
173 400 40608
79 298 50040
230 364 50478
15 165 65742
395 495 26926
374 425 43909
54 269 37121
126 171 20396
454 458 50249
59 261 83546
170 212 43278
98 324 35609
6 462 69921
185 194 60531
312 372 44283
29 408 32202
42 61 46239
63 149 47096
220 376 13342
257 314 53814
279 462 70007
84 469 34828
218 278 42154
108 378 28071
85 299 71868
207 350 63135
238 379 31241
128 471 46648
19 157 25710
136 273 43566
344 363 20616
152 215 48270
400 423 26870
69 198 55946
68 254 53824
93 330 54231
33 311 37014
477 491 30594
85 121 45891
328 485 48374
74 247 76243
241 347 43186
216 480 43012
241 414 53852
24 279 32388
102 420 67186
23 81 56515
136 227 50000
110 383 53852
246 365 28320
47 375 43417
68 143 24413
319 367 55027
35 201 11662
331 365 89275
301 471 36401
156 376 36401
45 484 36770
316 417 36620
8 95 68264
371 476 66030
9 85 56719
259 286 53009
408 492 87207
255 258 41000
174 471 68066
303 366 93941
58 284 40804
186 457 43658
183 271 47518
98 344 41593
162 213 32280
110 123 69231
97 269 42438
309 324 73410
258 277 58412
131 304 20248
266 327 27803
298 338 51196
382 387 23854
37 468 31623
95 211 68007
320 366 43863
274 480 32894
262 420 80112
193 444 38210
92 445 74887
370 434 49769
217 311 58215
386 483 59481
185 388 61098
392 474 26476
142 394 68352
322 374 32140
134 174 58600
86 414 41869
113 304 54571
369 420 50695
53 201 69836
14 67 129190
139 195 34525
393 411 78549
7 44 40311
191 435 33541
37 42 88600
167 415 24515
117 188 52038
344 347 30067
101 486 45011
228 321 10296
85 190 96773
113 337 12530
77 278 73164
65 425 46573
192 305 25239
94 290 18868
292 375 65795
315 321 24083
232 448 40311
57 326 50090
5 130 41183
71 295 60216
513 118
585 382
906 294
967 619
308 127
658 363
944 526
626 518
576 849
164 357
609 89
196 365
605 936
972 469
842 362
625 469
388 586
943 417
664 746
17 541
839 641
287 362
397 958
738 238
937 710
570 483
440 395
730 205
276 399
755 301
423 646
328 345
579 128
276 567
925 713
279 342
216 890
603 346
907 255
155 333
251 207
287 837
52 459
960 563
360 875
207 785
436 354
429 571
474 315
241 172
431 133
485 479
854 685
689 513
518 789
30 486
89 759
377 477
705 450
734 832
244 820
376 970
567 699
415 103
450 276
552 833
965 340
24 426
143 551
19 569
411 719
516 963
13 601
931 333
945 698
688 741
645 431
738 181
469 865
252 508
452 971
977 564
276 612
492 292
632 840
787 625
536 656
222 854
733 895
427 492
382 71
147 148
450 856
892 663
684 554
505 102
750 475
642 718
350 854
724 576
563 364
758 135
152 232
289 236
436 781
956 497
622 979
78 500
197 780
178 462
490 782
807 894
179 276
758 407
713 887
235 721
364 930
206 677
484 574
338 760
623 795
528 549
246 475
313 338
417 399
546 475
689 536
761 864
796 361
272 107
181 206
62 546
553 36
738 804
452 286
433 445
701 890
341 824
916 758
708 56
563 299
842 599
4 440
929 533
218 170
447 884
171 408
539 438
520 702
909 385
109 195
541 643
166 302
365 191
837 842
275 712
670 721
416 564
718 668
288 762
207 570
534 949
534 729
69 405
871 421
17 489
846 321
195 122
845 858
577 305
526 479
277 787
753 695
773 757
480 175
704 880
512 147
438 877
580 497
523 194
602 957
790 250
204 173
134 752
344 376
486 727
516 75
312 928
520 897
594 929
183 390
169 866
112 605
284 384
882 764
544 182
606 110
170 502
762 587
674 450
915 719
81 381
8 589
177 828
692 577
615 264
857 184
60 441
512 17
628 360
620 531
549 338
543 980
429 231
530 596
845 499
555 47
593 443
365 764
307 747
503 435
133 171
58 485
494 13
430 377
292 566
481 459
689 694
368 65
300 582
568 6
709 185
233 227
96 674
252 644
291 640
199 600
160 647
603 800
518 880
708 643
513 427
506 935
696 240
417 620
362 209
858 355
394 268
574 48
752 670
618 949
379 765
466 195
68 395
435 714
564 709
823 846
475 705
685 888
117 621
721 368
618 107
248 181
509 627
731 697
684 485
257 108
622 614
726 510
483 105
157 166
559 819
476 438
793 517
271 129
528 95
521 669
577 404
743 270
722 894
593 219
327 164
136 245
353 510
950 650
654 845
44 350
134 558
812 805
882 647
698 638
365 285
235 321
219 747
446 670
256 699
68 480
471 915
571 878
814 643
750 814
770 506
647 813
192 223
183 845
683 463
352 193
404 836
575 688
220 735
550 105
393 749
687 379
787 886
708 705
262 160
178 585
539 821
394 24
712 729
684 703
532 256
307 184
620 746
633 38
134 781
701 463
814 373
36 373
504 851
376 101
555 480
813 615
78 609
761 921
842 614
185 287
482 865
558 870
756 458
474 185
422 46
750 855
649 677
126 738
386 867
679 675
362 233
262 230
826 129
335 959
665 467
824 701
791 539
626 61
223 378
281 253
187 531
561 509
738 214
493 632
836 518
668 669
328 540
383 190
730 769
446 6
282 65
710 93
255 601
901 493
433 768
887 491
500 253
425 312
304 734
936 545
106 498
136 667
768 631
695 47
48 602
132 434
206 118
364 275
476 987
61 582
366 319
393 352
152 273
21 438
158 400
452 367
866 535
388 427
653 307
467 22
671 625
62 328
785 720
357 894
30 600
575 565
231 679
582 548
216 823
633 52
262 428
360 55
548 778
525 396
238 924
519 984
760 657
841 345
247 107
283 130
771 122
507 991
691 140
826 174
303 288
804 701
119 209
462 231
447 772
501 702
406 207
325 516
237 430
626 591
810 729
530 202
236 647
177 423
126 650
651 603
123 272
566 525
259 629
38 531
540 276
135 698
140 631
209 106
25 627
800 608
669 180
530 352
349 640
475 548
615 80
72 374
492 596
525 179
922 736
471 768
455 562
543 294
315 148
664 100
678 296
407 456
796 286
602 774
946 388
170 682
190 872
519 270
658 416
785 824
403 795
625 764
153 426
365 441
899 427
686 526
160 246
501 197
804 486
784 147
527 915
493 930
374 909
790 415
562 409
173 594
302 562
429 217
867 287
680 496
349 422
824 319
589 470
365 413
154 296
366 29
643 235
219 699
528 753
706 483
