720 1270 27 96
399 591 29155
682 701 40804
196 494 28231
1 74 23022
373 429 26249
99 560 25632
23 642 42802
515 693 58138
322 505 22825
79 116 47760
388 558 53254
263 323 71505
426 656 27857
260 305 24000
141 252 28018
282 472 24839
243 285 22136
288 514 32062
134 695 16643
312 515 53141
59 483 78492
168 199 42953
28 59 144278
193 698 29000
24 413 58549
68 246 32757
79 105 41976
89 681 39446
244 266 26249
244 253 10050
476 535 16553
1 562 38471
294 447 19105
167 419 32140
600 632 29275
119 595 14318
197 535 55785
287 499 49163
222 460 32650
311 336 61847
310 658 15000
5 519 38328
323 675 84054
234 262 30083
180 695 22472
52 373 31623
333 389 11180
211 387 92228
528 622 33106
198 635 47170
131 190 20000
319 554 75538
358 385 21095
192 674 68007
236 437 65803
110 173 28653
512 605 46861
26 299 37483
235 553 13601
507 582 51313
215 518 18000
277 681 66370
467 659 10198
394 471 15811
338 557 33541
631 685 32650
240 424 21095
135 363 13000
276 494 43829
5 635 43863
487 603 47413
96 172 70456
72 469 31575
56 356 31401
366 470 39294
409 714 46011
56 285 19647
318 511 210794
560 619 35735
165 333 43139
336 625 13416
233 677 23324
83 230 79812
299 388 34713
157 488 56036
327 539 51624
469 530 32062
202 688 34015
144 692 61221
146 581 81302
610 664 33106
188 231 39205
61 271 15524
194 445 18868
116 490 32696
138 415 28018
140 641 38949
124 395 21190
563 689 54571
234 302 18000
55 377 45277
29 70 66068
50 353 34438
463 585 31385
283 422 61847
388 647 44407
46 582 47927
21 411 23854
441 506 53600
168 688 45607
191 572 12083
245 533 17088
347 568 40792
434 469 29614
242 407 53600
224 664 11705
119 239 53600
390 449 23537
190 622 50090
89 649 38328
276 478 39051
32 449 31765
203 655 31064
315 574 37643
7 297 22204
97 710 85147
239 316 19235
451 493 26019
155 278 12806
326 708 32802
8 374 31575
179 604 55543
106 343 55606
160 503 30594
330 379 51157
387 420 48600
455 466 30480
63 532 18974
530 597 54129
127 223 40311
616 630 14213
67 108 49497
51 451 16125
112 207 51865
509 576 20000
75 651 25239
85 554 59076
529 594 39925
295 684 27166
416 531 33601
38 563 35114
429 544 38897
86 238 50160
99 330 50567
324 496 15556
614 694 32558
42 672 31321
50 560 13416
451 553 29206
294 410 28231
339 717 54083
22 90 39925
290 554 21000
172 386 53488
130 486 45607
351 635 42190
282 708 26077
350 647 32650
367 692 25807
497 696 13601
26 621 77389
109 600 36139
84 693 14866
251 381 29000
11 213 73682
432 704 13038
5 83 12166
332 437 34059
58 649 13416
78 207 21932
440 502 27659
459 674 27019
567 713 19313
395 671 11705
291 617 22023
381 507 10198
439 650 37054
436 616 35693
254 455 24698
114 539 51923
48 609 47202
299 476 21000
82 271 77466
380 438 18028
264 710 22804
84 606 43738
143 356 25710
438 641 52345
153 688 45277
466 508 40706
253 379 25807
102 544 13601
218 403 46325
335 537 13892
147 578 47434
309 420 38833
198 306 31906
231 677 44922
216 715 42942
167 622 32573
474 691 50249
152 643 32202
21 134 21095
217 548 46174
86 404 11662
98 538 50160
109 707 17804
351 391 24352
441 554 52498
278 604 29833
120 168 54644
110 551 36139
164 589 41000
163 514 11402
170 654 62642
33 523 35228
328 452 68154
186 672 53263
249 488 33377
334 545 36892
494 685 22672
483 540 58249
91 353 23195
363 434 19105
419 589 101316
192 473 54589
65 651 15133
19 564 16279
25 684 34785
280 492 64070
367 672 60000
549 661 33971
16 39 46098
357 586 36401
229 420 34205
176 291 43600
258 714 30594
339 390 22204
57 443 69527
23 564 40311
490 707 42059
76 466 12369
154 676 64031
4 9 25632
263 637 12207
303 615 11180
443 458 16971
173 682 38013
243 406 46690
325 563 59666
226 657 33121
17 163 37590
98 172 55362
612 673 21932
283 596 28320
340 693 21095
452 697 39205
514 566 13038
179 278 49649
579 643 31016
373 501 11662
358 593 40447
90 361 19209
273 670 21840
416 653 27803
237 429 14318
45 102 12369
147 314 60407
187 327 26683
215 472 37656
54 527 65368
49 122 32757
64 183 17000
223 703 35228
455 656 29206
363 503 17464
256 520 25080
573 631 22361
196 685 12530
307 493 50210
284 546 29833
207 666 27514
31 202 23324
424 541 23770
683 699 27000
220 447 44553
58 502 18601
398 641 18439
93 163 50912
193 359 21401
534 547 54406
321 710 21213
578 633 27074
119 478 16492
362 402 13892
174 597 36069
3 377 35440
501 700 51039
421 443 52010
23 510 39812
3 481 18439
520 693 29614
5 720 28231
268 473 21095
52 429 39051
566 699 52038
25 44 24698
456 695 15232
369 616 22023
35 382 58523
266 524 17493
357 598 19647
595 692 44777
103 512 31048
100 238 63506
370 535 50990
44 280 19723
73 525 20125
375 605 46325
133 549 42953
383 531 40200
165 251 11402
541 714 36878
63 548 20616
530 611 35609
121 241 17088
442 495 47434
201 348 29614
463 614 41773
1 171 29275
7 667 36878
12 362 49477
354 506 37736
250 286 18974
205 696 42297
204 321 32558
108 468 30067
626 706 21541
250 532 39205
151 247 23345
198 288 27459
80 611 48166
325 689 27459
106 259 41231
504 519 55785
62 597 25318
382 497 43863
285 406 54571
334 570 43600
337 396 65000
13 469 18439
494 582 57801
134 411 19698
184 440 25179
306 612 13038
54 720 30083
453 619 25318
430 665 37000
556 617 52402
54 270 59203
203 249 13601
41 144 55444
250 367 65008
310 518 35355
393 544 19849
360 485 46487
383 602 55731
293 389 51088
97 261 62817
477 575 45222
140 398 46271
26 558 63071
113 218 53160
193 439 33242
39 87 45222
261 349 14866
160 645 57009
40 106 50478
30 387 149563
210 221 84900
231 655 41195
200 252 16125
79 368 25080
196 631 27659
228 284 33422
145 596 71021
147 356 21932
50 91 14422
38 540 50040
448 513 30480
156 566 70214
525 538 34785
182 639 19105
517 664 33526
101 400 26683
597 678 24597
210 333 58694
534 607 37336
277 426 21378
37 652 29155
195 521 32757
77 720 31623
81 275 34713
35 492 21024
37 462 23854
486 599 18028
469 638 30480
121 546 31953
128 511 116932
322 509 24698
42 685 30017
706 710 54589
378 550 44598
311 315 48374
220 647 18358
206 353 17804
64 99 38328
301 652 27659
272 634 45453
467 572 33242
579 620 29682
208 718 53814
444 542 25942
139 145 21633
344 563 57706
195 579 33971
657 658 17029
27 706 35735
226 476 62610
131 164 18028
12 402 40706
132 139 34986
109 593 10198
296 472 32985
130 676 43267
125 588 18028
232 280 24597
469 611 27857
121 274 21633
156 288 66030
52 206 31623
32 471 27659
167 589 86406
35 696 15556
148 485 61131
20 111 50090
41 692 13928
225 305 34000
255 693 42544
663 668 69123
166 562 44407
369 526 40608
438 615 42154
184 508 55073
74 166 15033
186 692 12207
431 662 34059
261 632 31890
105 116 59506
14 555 29069
648 691 25807
510 665 30364
364 660 31780
118 392 26000
146 355 79630
66 115 55444
298 338 37000
402 461 46239
355 532 10817
48 219 54332
229 274 20224
18 260 48662
423 452 62642
45 192 39661
142 566 46690
112 321 44643
477 712 44922
225 341 23770
187 585 17205
377 462 41000
33 212 38079
136 345 38484
510 642 29069
113 623 58421
201 376 45310
55 370 61400
228 308 22136
470 501 18974
161 328 26249
694 711 65123
70 717 53151
312 450 19416
300 303 11662
44 195 59034
136 447 33971
311 496 14213
177 658 54148
36 281 10050
597 709 66189
146 367 67801
17 422 72945
157 233 79756
237 544 33615
184 277 41629
287 450 31780
15 405 16401
136 460 34482
161 669 50931
413 453 44385
337 384 47096
150 697 54672
309 387 21024
86 580 38949
464 604 53085
270 504 20248
265 412 167502
663 697 32450
98 283 51971
250 552 37000
279 402 36125
18 297 44385
170 177 16155
477 667 50249
190 528 60539
86 202 30414
459 473 26173
127 331 33541
150 448 28071
412 536 34785
258 605 38601
532 581 24042
132 568 17117
321 577 77524
40 259 18111
75 617 51865
289 656 43139
551 690 34176
123 317 45804
112 490 45177
34 330 58310
95 535 37947
517 610 50160
307 521 31145
194 576 37162
79 207 33302
115 487 26173
110 230 44777
347 386 26077
50 206 45177
281 646 19723
151 448 57871
227 711 30150
390 574 40200
178 248 52355
169 571 15811
588 678 23022
559 718 15133
577 632 14866
6 61 32650
198 612 28844
376 505 23770
85 500 17205
82 372 27000
200 571 10817
480 481 25495
276 672 35735
224 350 49031
317 361 32016
135 503 28320
158 597 69065
242 298 10770
92 485 69656
34 619 17464
299 535 20518
46 64 51010
191 357 23601
239 662 18028
334 628 54626
212 294 12000
378 421 29547
121 179 54406
117 167 62936
547 607 43382
543 716 27166
324 449 31000
326 513 12806
228 489 13454
354 677 25000
123 583 42720
414 679 36014
614 711 33061
138 265 35014
138 164 25060
489 703 59481
54 669 62642
33 447 47000
76 455 21541
224 610 26173
7 609 27857
4 325 36878
541 661 44944
527 669 50090
120 688 35468
399 550 48010
164 265 52326
470 679 50448
624 718 46098
129 401 17000
240 258 54589
348 491 29155
6 717 51740
568 599 35468
423 465 49649
13 53 42190
140 430 57489
28 385 15524
295 403 40804
71 279 81056
328 391 25495
43 265 23087
149 257 19209
8 510 20025
49 95 36715
189 321 14318
38 344 61555
189 710 26401
527 675 24187
637 645 57271
407 430 54489
164 415 39560
634 654 42544
229 489 49578
63 581 30232
27 602 53141
78 666 27313
107 152 47170
209 526 48301
487 495 51430
56 628 24166
394 625 26833
137 411 16125
105 368 34015
262 467 47434
236 452 35128
144 367 65253
1 166 20100
26 388 13342
413 660 50000
358 600 58669
134 137 26683
62 709 65146
8 536 52697
264 384 25000
2 304 20616
304 648 35228
504 690 24166
62 588 10770
195 620 39000
467 488 73573
182 290 67417
321 490 69065
337 357 60902
315 324 50990
286 552 29614
264 586 14318
155 208 49031
268 459 21213
343 353 45222
92 629 41231
145 603 23324
234 303 75240
209 359 39000
119 381 52154
47 65 17000
498 676 22136
543 650 34540
215 310 25962
112 542 60828
302 646 28636
308 686 39115
432 523 36014
271 484 16643
160 594 58464
246 292 17720
104 623 55082
334 700 29428
15 420 28160
29 484 39205
282 590 13601
531 629 33015
24 338 31305
387 703 96664
126 484 23770
334 584 36125
273 562 38013
41 245 53151
163 525 26306
361 583 59666
45 453 35511
30 362 97637
592 609 37202
180 564 35847
213 409 23000
51 307 44181
34 413 37443
329 378 36878
72 497 71847
120 404 33526
189 598 24021
304 529 31145
369 436 46228
22 583 71169
272 543 48662
399 605 30806
162 527 11662
211 400 18682
107 375 13454
205 232 13601
499 516 27459
27 500 49041
111 211 10050
192 364 40249
555 631 28425
271 372 76942
350 447 63151
607 713 39825
60 658 37590
140 374 58822
354 679 58600
132 214 50990
594 640 31113
178 445 13928
375 550 22361
84 610 95352
124 671 24083
318 558 54589
60 226 35468
133 365 38639
260 667 61814
178 258 33615
340 610 73498
608 620 16763
569 653 23770
238 538 29275
468 596 85381
185 544 28636
103 107 26401
382 709 52555
77 635 42485
40 91 10817
36 446 22361
300 615 21378
87 114 20025
609 670 25000
60 222 18028
126 253 17029
329 474 53009
68 633 49092
465 673 37054
414 674 32311
234 488 75591
69 376 35000
406 423 41629
299 523 20616
227 585 25020
12 30 53263
420 613 25080
128 462 13038
194 409 25080
236 697 21378
323 526 85276
503 608 43382
454 542 14036
32 324 32249
191 396 11180
313 439 20248
252 425 31385
332 552 19698
167 315 13038
199 325 33287
15 575 31064
19 23 34000
413 644 53759
179 397 64031
225 260 31048
433 515 22561
267 518 12042
3 462 65947
298 665 61814
231 459 63246
258 445 27203
171 562 41049
234 646 26683
57 591 32985
252 352 21095
536 702 36069
523 647 44204
169 313 33971
161 668 21541
248 443 29120
352 425 45277
27 337 46519
359 561 38000
206 393 40050
10 235 17889
78 181 18358
68 292 19209
405 712 13892
47 176 29069
5 230 79511
185 679 21932
180 415 32573
574 622 32062
316 533 11662
29 636 42048
89 435 23345
269 368 16125
434 503 29833
141 200 19313
367 532 42202
555 685 38601
116 479 14318
23 81 27459
36 627 43105
150 436 30414
18 341 22561
289 426 21378
255 433 14036
571 645 36125
10 103 51865
58 89 38013
516 517 17117
332 573 26926
279 457 27731
26 511 94594
213 509 21840
463 539 18439
130 317 39000
296 715 19105
586 598 19723
156 683 44777
537 715 38833
32 118 27203
326 448 33541
173 329 37696
73 580 35847
122 370 48508
272 654 12649
482 593 35355
14 552 20248
127 686 35735
182 570 48021
569 689 30083
66 320 16643
13 434 26249
365 424 48508
186 367 14866
408 444 20616
556 557 42297
241 274 18111
260 477 24083
123 457 36235
94 671 26306
130 498 29155
267 537 20100
522 631 53852
340 516 29206
37 128 19000
347 599 25495
168 208 48094
480 621 13892
102 674 73082
608 643 53310
481 511 37656
28 395 25612
314 522 30887
16 694 35014
96 464 59908
245 316 13416
187 539 37590
284 686 25239
370 466 43081
479 707 41146
214 283 17029
20 305 17464
398 407 33242
154 428 17088
374 702 39051
417 592 47539
210 427 31890
478 595 26173
391 635 53488
21 82 36797
301 401 56045
201 475 26249
162 690 54406
39 418 23537
247 448 54571
33 687 30150
176 330 38471
259 353 13601
112 454 63695
364 644 25298
170 289 51624
48 273 24083
111 477 55027
159 245 35171
46 330 50774
117 131 32016
119 251 54562
151 209 34366
385 482 13153
106 353 48010
127 498 31765
421 591 16643
20 341 40719
178 194 21213
201 322 33302
348 475 14213
456 556 37736
642 665 22204
443 487 64846
61 484 11662
536 585 38328
570 639 55109
85 319 49396
520 606 33838
125 401 41785
546 686 31765
69 248 31064
74 592 56436
31 580 40025
371 578 39408
490 577 36056
112 204 41677
101 405 46530
434 620 41437
256 606 51788
24 298 45177
159 533 23431
157 203 38328
323 637 75166
342 441 39408
181 269 35609
88 570 72111
319 602 44102
475 601 41725
175 238 54644
158 530 32802
281 446 25239
77 351 15524
114 300 24021
293 636 28071
205 497 53085
386 428 21932
315 496 48104
511 621 24597
545 628 31321
201 618 40025
123 361 26476
355 367 39825
380 655 30067
575 712 39459
215 335 39395
365 553 47802
485 683 18248
71 149 26420
257 320 67186
526 675 59775
6 372 65307
185 237 19235
146 460 33242
359 425 16643
142 360 43600
51 553 35341
144 450 60415
71 618 46530
698 716 25298
148 383 50289
92 153 64938
139 603 31048
232 492 44272
529 640 39925
290 700 38079
403 521 48466
227 536 40853
344 349 21024
362 461 39205
67 468 55946
56 545 42059
293 507 25318
439 561 11705
221 256 94372
236 633 16643
346 646 34132
19 275 35735
366 679 63411
159 312 18682
53 650 37802
156 699 39319
315 419 28653
421 458 41485
313 719 25632
505 576 24515
154 587 52631
177 267 49659
342 366 35847
427 433 16000
244 524 19723
94 482 26173
653 689 40497
277 502 31145
472 590 23195
290 584 44418
9 547 36056
4 38 46872
217 513 18439
137 415 40804
242 268 47096
11 491 69065
143 343 52000
70 333 20000
25 403 28792
153 199 19209
10 240 36715
298 644 45177
480 511 20591
6 339 14213
557 665 58728
269 627 34438
417 567 121235
223 308 30594
173 551 51546
291 651 20591
208 219 45453
318 350 39825
165 431 43417
140 327 15652
118 221 31575
122 377 33838
350 558 30364
392 625 32016
72 638 16125
263 691 23195
197 466 21541
86 175 45188
179 559 56604
157 249 29967
192 660 12083
346 454 16125
330 413 54424
147 371 15264
441 500 25962
65 253 26249
216 654 40012
115 149 15297
97 653 31890
499 664 13892
204 598 22804
129 174 19235
239 533 28178
540 600 32650
78 444 29833
297 609 15264
94 116 35014
37 125 55946
129 597 50090
139 596 57271
72 382 59414
272 681 65192
292 573 25000
393 429 42720
592 670 16155
49 480 36359
90 130 32016
2 648 42190
442 618 11180
416 629 10630
254 705 17493
73 142 33242
93 422 23409
387 400 73682
428 587 39825
80 681 31016
247 680 35355
94 479 31385
100 175 29206
262 659 43290
66 487 55362
217 708 36715
687 704 23087
188 459 37643
93 198 48332
66 257 61033
43 415 51478
143 314 53263
635 673 49193
59 713 22672
432 476 15133
16 87 17889
218 295 37000
216 634 46141
51 235 35384
126 524 31145
323 474 46840
561 719 13416
154 486 18868
552 555 33541
16 418 40608
246 631 26476
230 701 41110
113 553 52802
359 698 33242
57 421 46011
183 494 55218
668 669 46239
104 461 182477
565 630 36000
72 158 18248
207 490 59942
146 222 30806
680 716 60133
139 214 56143
69 495 30414
345 499 45880
28 483 69462
197 476 55227
477 624 52326
397 559 60465
31 360 11180
83 596 58600
55 440 28460
581 590 37014
17 538 42012
71 442 38419
118 471 40311
212 410 26019
209 352 68600
33 220 34438
218 493 19647
378 682 46519
21 617 50040
266 379 34409
133 623 29614
36 408 40224
515 533 61774
162 270 49336
365 541 41785
9 562 31401
11 549 19313
256 392 108467
22 127 28000
148 319 67186
104 491 77233
346 446 25710
209 680 62434
457 583 17029
439 719 16763
10 512 43012
96 604 71868
67 458 51624
171 592 25298
384 626 22472
92 569 38639
36 418 85615
14 250 42579
634 715 43046
101 309 26476
92 325 52802
33 704 29833
286 437 35735
47 253 28071
585 702 20000
81 265 76655
40 99 19235
251 431 40311
188 674 16155
414 677 22804
183 631 64008
390 528 46519
570 584 11045
71 601 78721
96 538 55866
462 652 13000
203 380 43278
301 649 36878
331 587 69570
11 661 44777
168 219 42485
296 680 18439
575 624 11000
632 707 20881
181 627 37121
287 345 10296
250 548 14000
40 522 63127
402 601 59363
50 99 19209
141 169 15297
230 519 74465
88 465 61717
76 254 17263
241 613 19698
435 530 70093
630 663 33541
42 555 28231
75 253 18248
173 230 50774
657 705 43105
2 637 18248
427 662 47539
491 509 38210
658 705 46519
100 155 29967
26 95 59548
20 417 106733
565 663 44598
269 666 29547
56 371 21541
78 408 27295
320 599 20616
381 389 44102
255 520 35114
492 684 108074
626 710 37577
527 565 48765
179 331 74324
336 394 38419
97 349 63063
342 506 25807
92 688 64661
94 124 24166
410 687 34438
179 464 16031
266 636 49254
80 435 45310
243 452 58592
152 640 38275
412 711 32311
108 701 36715
43 275 28636
174 678 15297
534 567 14866
335 472 23022
66 139 52924
135 620 20518
572 659 34015
397 613 21260
144 146 25632
88 306 49041
233 396 69340
88 639 37696
39 302 41231
434 638 19235
117 164 39699
277 508 32894
190 372 64008
456 557 26926
404 688 29833
53 439 31305
95 332
481 786
882 795
176 322
387 592
809 287
107 425
657 80
152 313
436 905
311 937
119 777
623 840
695 494
65 550
472 3
299 534
46 423
697 126
7 455
727 203
124 686
697 92
660 230
546 977
937 678
374 264
189 118
817 322
78 743
257 437
869 281
893 627
621 309
640 975
353 43
819 858
185 276
437 33
608 369
781 509
708 457
736 86
567 964
579 296
714 366
715 318
135 371
866 741
610 348
470 897
535 362
619 798
441 592
815 774
512 444
383 807
773 791
89 222
810 611
784 308
741 883
701 566
663 365
723 303
249 691
298 723
631 483
305 816
859 373
222 774
629 885
297 494
82 313
746 302
809 697
443 571
316 93
275 86
677 792
682 69
754 228
375 594
975 453
415 316
240 447
480 19
374 443
742 813
161 701
602 360
252 368
368 552
224 132
898 723
234 541
277 286
293 547
625 360
181 489
14 559
567 293
453 856
312 949
234 77
580 411
442 832
347 730
221 170
437 689
4 505
317 157
423 971
479 39
242 746
259 131
811 152
885 303
783 459
198 451
116 589
859 773
144 742
202 122
768 881
756 309
124 658
838 858
738 834
181 676
780 144
268 653
371 935
729 182
580 852
870 555
755 176
759 114
298 671
570 104
576 751
288 462
556 425
816 552
310 689
807 576
540 439
322 353
245 761
604 563
596 648
482 857
188 379
209 654
154 502
363 437
434 148
647 882
867 507
593 801
464 539
504 634
332 516
781 126
829 424
97 312
856 196
167 406
573 766
767 698
99 361
274 599
423 714
741 853
199 466
689 305
773 683
347 836
160 557
712 147
307 77
401 394
663 382
803 776
526 291
758 521
562 71
531 217
343 197
780 164
405 177
601 263
614 738
326 839
565 905
682 425
832 701
388 508
176 364
558 744
235 854
245 417
472 143
353 178
587 959
565 352
300 108
164 454
601 682
913 416
3 515
874 594
301 864
302 615
737 636
708 676
644 564
474 956
129 425
924 612
891 334
825 601
87 674
965 544
30 441
823 644
575 36
50 647
78 604
396 671
507 186
579 970
474 217
399 67
444 921
573 500
523 310
244 497
836 467
418 873
100 583
629 194
486 470
742 330
833 498
638 451
619 644
322 790
461 135
688 536
832 435
560 728
743 320
812 680
922 441
932 419
230 749
364 865
590 371
38 471
262 225
388 95
477 758
354 227
758 79
750 355
728 662
582 191
279 55
457 649
769 304
703 728
111 369
98 601
708 92
728 453
765 759
144 510
141 777
557 981
363 44
684 610
303 598
76 626
493 449
670 530
900 530
361 503
740 742
464 370
715 270
643 468
797 388
874 582
486 991
668 637
89 412
639 190
900 672
480 63
807 827
399 49
474 73
468 802
14 471
405 481
514 901
57 668
19 585
762 629
905 231
885 512
598 789
597 459
863 207
839 486
181 715
990 573
389 358
235 682
329 200
257 879
525 705
885 253
204 346
636 576
556 97
472 514
437 749
671 339
130 625
658 493
859 393
468 384
701 652
929 288
416 244
674 202
818 276
972 476
24 418
453 277
536 377
227 231
905 539
355 90
226 644
229 883
248 230
955 592
447 556
542 717
579 363
470 236
728 566
531 419
386 191
183 154
601 721
262 427
149 716
131 825
592 847
619 227
409 942
467 310
753 535
265 63
547 614
852 725
532 452
781 228
509 344
626 86
432 823
277 837
848 805
409 773
722 335
505 115
811 415
672 926
337 305
369 247
185 133
224 618
18 606
934 665
848 391
831 258
455 533
909 313
567 312
905 258
209 102
416 179
96 559
565 150
394 804
8 533
753 842
138 813
519 967
230 441
55 537
440 462
577 181
320 66
324 864
848 593
747 190
602 18
652 288
516 235
743 137
270 329
31 351
432 10
888 193
57 577
382 761
360 574
478 479
416 894
587 712
761 738
892 440
215 638
526 324
614 141
872 430
877 657
908 440
606 860
719 809
583 585
636 519
515 100
605 770
806 801
430 309
246 804
330 762
339 74
342 849
349 65
893 580
606 591
854 253
869 523
478 911
538 497
609 277
341 98
789 689
714 182
116 765
342 750
567 206
840 572
155 856
839 845
547 49
176 556
429 471
812 709
403 140
349 700
635 854
505 320
890 263
700 629
593 209
480 718
218 874
879 672
56 487
767 455
253 144
897 760
878 777
198 135
154 178
778 318
306 412
225 664
268 743
466 102
41 637
272 161
254 898
621 984
479 937
708 414
291 789
896 242
640 956
152 673
949 526
405 302
499 338
788 780
599 831
438 656
268 859
438 256
801 413
776 728
280 870
658 100
915 770
423 864
626 568
329 505
903 462
954 499
971 501
737 654
424 602
955 429
537 922
612 432
913 656
759 340
306 512
579 639
498 624
811 216
499 799
667 856
297 309
719 560
849 492
102 249
886 687
613 51
708 664
273 501
529 53
187 226
394 903
327 97
655 736
554 297
499 404
105 619
118 301
688 550
329 944
442 803
472 698
676 501
455 929
464 349
682 468
694 214
689 172
964 621
130 509
616 336
601 759
133 338
218 288
681 129
521 581
322 494
88 244
266 636
259 330
442 419
564 753
394 172
668 468
827 218
82 524
292 854
252 191
555 484
540 882
266 476
726 583
758 385
103 754
441 408
576 61
357 213
196 603
751 887
821 117
697 606
391 775
75 369
223 160
536 814
786 473
322 619
716 879
367 196
243 663
212 205
188 845
392 314
290 701
173 503
387 834
983 410
137 262
560 850
97 399
991 547
645 828
412 492
82 575
539 8
476 84
548 592
729 253
244 815
605 302
565 866
904 748
825 186
365 964
93 524
917 282
348 255
310 40
490 434
278 336
557 581
664 446
241 201
582 486
668 699
405 552
799 360
484 768
615 877
388 408
514 836
551 138
671 126
511 871
643 235
540 780
373 61
940 621
439 782
779 803
642 768
725 288
834 833
253 307
707 716
503 145
771 712
794 628
777 629
393 138
612 258
352 919
846 452
551 548
961 533
649 129
291 82
99 461
484 531
501 574
90 375
220 106
717 487
427 508
546 223
522 621
145 652
494 229
738 868
517 271
654 649
708 793
389 731
324 415
513 988
693 431
90 647
863 624
211 418
231 341
460 666
454 761
768 514
961 458
507 2
720 168
629 964
569 521
634 717
324 442
497 389
365 698
588 77
58 694
870 646
797 671
340 275
235 181
662 596
721 945
332 221
572 6
43 530
106 237
358 895
670 656
658 709
848 321
128 494
589 765
413 581
