578 1143 16 86
164 422 58241
93 257 84054
111 188 37162
94 543 15033
421 553 23345
179 284 42755
40 159 61774
197 351 60166
10 83 25179
352 488 37121
347 472 22136
202 279 30000
461 513 48703
146 310 26420
233 506 46690
74 278 50000
318 474 15133
111 216 34205
369 408 113952
8 507 55009
250 484 55082
404 514 42450
357 424 17692
301 392 111723
425 554 65765
202 353 38949
434 526 63781
261 381 31906
400 552 68476
25 249 44000
206 536 18111
286 577 11180
332 511 36715
241 247 16125
115 174 45188
128 490 43382
271 546 57706
12 551 37216
137 252 22361
183 282 63411
195 339 12806
101 427 63000
116 507 36674
402 543 70682
341 400 21378
334 510 18358
194 565 22091
269 281 25962
265 567 26401
96 271 29833
39 228 69029
71 97 32311
340 569 50596
374 416 11402
243 477 30529
15 17 35693
220 531 20224
326 531 31780
348 404 38000
249 472 76538
43 131 17889
278 469 44283
45 289 32016
171 550 86400
493 524 29411
383 497 14036
140 198 23770
487 496 73736
5 396 29732
412 555 32757
63 190 39357
148 446 52773
221 411 41195
21 336 25632
132 392 21541
153 346 16763
4 457 27203
349 397 25080
190 340 40817
261 339 23770
13 472 66843
261 291 45222
355 523 43186
31 356 60216
147 304 14318
95 567 34986
193 214 82365
375 378 32757
394 405 70774
123 268 38328
224 298 50990
350 446 50448
240 498 55471
195 364 42190
152 161 51624
20 161 30414
55 87 12649
208 254 80000
179 253 78892
407 443 16492
319 461 27203
234 467 32450
9 27 40012
254 305 45044
321 541 60208
21 518 15524
219 420 11402
310 350 50990
19 159 55227
263 277 41340
341 356 99925
149 159 72533
141 426 57385
156 338 28071
24 461 29120
287 297 71309
293 542 20396
69 501 68659
71 175 28284
282 367 59203
50 383 14036
459 555 55946
153 158 31623
477 543 25710
47 332 47170
351 544 22091
61 289 66370
70 577 41773
417 472 28601
475 561 15133
241 377 24207
30 310 66910
472 482 42048
72 328 55902
248 486 12530
120 287 58052
226 495 46141
78 481 32202
270 437 49193
204 395 13342
42 384 50090
37 558 61205
485 487 53141
126 466 41304
31 314 49010
17 325 55027
412 423 46065
210 357 58549
266 268 67417
310 446 22023
167 171 55803
186 246 71386
79 475 27313
84 140 31575
258 472 15524
332 419 54378
383 545 18358
23 31 37162
53 73 28862
389 568 27659
99 408 147340
420 480 28460
58 236 32558
302 555 43267
168 298 37014
171 496 69971
128 505 29000
348 532 33541
262 510 33242
47 419 46043
173 333 31401
361 499 47518
59 94 22091
56 578 23345
62 430 21378
175 217 34438
147 238 58600
214 380 70838
97 563 21190
228 351 60828
104 484 79981
192 416 34482
317 519 49244
1 439 37736
476 574 65742
283 526 39115
340 480 37802
249 417 72471
385 521 52953
66 230 16492
171 475 74632
192 399 40249
179 221 44418
40 326 34655
96 354 23770
406 533 23770
120 282 65521
248 502 61587
433 452 30150
352 548 13416
271 532 16492
194 242 29069
94 477 25632
225 418 31953
42 406 46872
166 544 33061
5 496 29967
72 337 27893
62 227 62434
228 404 111647
275 542 61465
77 426 56886
69 382 68007
126 356 56036
125 542 26833
15 101 86313
25 206 50990
78 371 30414
107 557 64203
160 359 27019
49 541 42720
221 232 40497
27 486 17720
103 270 42942
76 212 18248
117 246 79379
376 473 28160
48 167 26627
336 518 15811
355 502 50120
66 415 44283
41 470 33526
2 564 31064
201 217 17000
154 488 36497
162 197 31145
350 530 35355
227 349 32249
299 457 101863
340 447 20881
549 559 44822
375 390 37363
180 319 20100
244 298 41231
218 565 25318
133 517 34000
206 307 25080
264 286 44598
474 553 39408
105 122 33941
78 353 56613
90 406 60407
291 503 66483
110 555 26306
181 454 12207
192 411 49000
150 321 50567
212 388 93963
28 430 74324
22 575 24083
124 574 82037
16 406 47011
315 539 53151
123 266 47011
3 451 17464
262 382 26249
52 496 59076
129 158 15000
107 510 21260
88 440 38471
121 129 11402
176 233 32062
284 411 47413
381 489 37656
420 467 56859
424 509 65069
164 535 28653
235 248 25632
78 463 15556
67 279 23345
14 387 71589
206 534 38210
230 324 25080
289 295 55362
475 550 70520
557 562 59405
349 414 34525
343 455 41195
255 578 12207
263 409 21095
159 285 30017
89 550 70328
142 483 21213
291 491 36222
475 525 26476
117 186 40311
275 540 42438
155 335 41146
55 441 21932
22 124 26401
165 369 36139
205 436 32062
117 346 53009
230 415 41485
115 527 15033
4 410 34928
170 541 33136
120 151 52811
74 469 21471
225 365 40608
358 366 53339
288 343 19000
110 256 37590
7 318 25962
96 163 36056
65 76 25495
83 220 53666
174 266 35114
528 564 31257
11 84 24739
154 215 25495
205 530 56921
204 549 54571
53 328 16279
70 458 52953
115 326 12166
111 389 21190
291 364 72069
101 301 101789
82 390 16155
80 106 35000
116 492 51624
21 468 22023
103 553 32249
315 325 51865
312 404 112219
296 568 29411
237 468 10440
202 345 30529
100 524 28231
51 87 33015
426 454 57801
199 208 73553
91 292 38288
417 488 36878
423 551 11314
491 532 18788
307 363 40460
61 295 26420
169 331 80455
73 296 18028
112 236 62801
109 146 10198
118 144 46239
60 496 55462
168 338 38897
87 293 21541
504 538 51478
43 360 10296
50 558 33121
16 90 20809
63 524 37108
421 474 48374
141 185 22825
9 165 31048
32 416 50040
79 327 72402
132 431 38471
221 284 49769
141 297 69814
33 114 26173
224 424 56824
65 292 31780
383 558 22672
37 38 54626
367 414 23854
268 556 28636
349 385 36056
129 135 47413
116 135 68264
55 293 24331
211 291 45453
379 469 32249
289 570 24083
77 255 48466
57 151 28160
36 335 26476
149 531 54406
94 247 32558
291 381 44147
209 547 40608
80 147 20100
302 438 62968
308 504 25298
254 413 36770
379 560 32450
152 544 12000
405 446 27074
280 422 30017
311 467 44822
256 535 55109
343 499 47508
484 487 48415
183 439 80411
438 459 30414
25 307 46487
208 546 76694
73 328 26571
216 505 37483
320 438 37443
97 103 36249
143 449 55579
24 511 45453
72 568 41049
35 246 22000
92 252 17464
150 552 16492
362 547 31305
273 381 52010
306 484 34482
160 513 41593
10 220 66528
81 395 24739
27 165 43186
370 415 78721
134 532 34713
259 322 20591
432 492 43658
221 300 26077
101 105 42521
46 199 14318
14 281 35847
428 503 63695
67 111 39459
52 487 62298
306 476 75392
241 501 14866
26 512 33302
39 370 54129
151 287 61000
241 243 22472
107 262 41000
23 356 34015
305 327 46043
223 487 35341
422 460 18868
46 354 34928
201 511 39925
15 325 48104
199 354 29000
190 219 29000
434 464 16279
26 299 55227
42 113 32140
129 573 16125
101 122 52612
19 325 46141
172 405 22204
371 419 75505
361 371 13038
525 537 54083
98 279 18788
184 359 32802
39 415 95189
184 439 84006
164 489 12166
16 533 34132
117 432 42720
503 564 34540
149 415 73376
1 349 38275
209 358 43658
181 558 39051
306 575 43139
47 71 30887
355 399 37162
182 277 40262
259 545 54037
250 315 56036
42 533 48166
61 438 18974
157 502 38949
96 546 44045
280 339 23022
52 476 41231
232 347 23022
437 474 17692
90 260 43566
14 82 30414
91 386 66121
273 280 12806
111 305 31780
243 501 33734
378 462 34482
50 330 41677
355 572 53451
272 375 29732
147 362 58694
194 210 79000
537 550 24597
176 506 53666
337 391 49820
34 193 38275
226 237 33136
48 228 33015
315 427 32696
285 315 58034
93 253 31048
65 552 34234
262 500 44045
152 228 47539
388 552 86533
114 548 24515
432 515 35114
235 536 37054
441 462 31145
271 348 38328
172 446 21260
63 219 14142
159 325 31765
45 193 63127
262 377 56436
47 175 26420
100 493 28071
299 512 64133
215 465 30594
5 60 43566
146 303 41976
346 498 57271
296 353 47011
184 308 44283
51 441 30414
76 292 36056
318 437 10198
8 49 54009
484 485 16971
30 350 26401
96 348 37590
336 384 36878
54 146 41110
69 497 34713
6 370 12369
180 521 63891
149 373 82462
288 309 18111
364 503 18601
35 210 59841
276 371 42059
112 118 54818
36 572 17117
15 427 41437
124 476 88023
213 465 21932
165 297 41773
401 462 54708
9 36 41773
305 413 33838
240 517 43829
41 546 71840
142 183 69354
436 569 20396
184 437 117886
390 393 23707
182 263 32249
60 476 27459
256 489 31906
7 450 52202
442 473 91967
38 342 48508
54 114 46615
294 387 49497
114 360 44598
245 525 35057
217 421 59841
52 60 30232
5 75 16279
240 573 99202
150 433 48549
116 264 26173
87 280 40460
385 397 32388
71 421 21000
119 253 74169
421 471 64000
105 250 67897
1 414 27074
231 520 60828
139 521 48826
120 344 41231
193 444 31064
187 401 41110
249 478 68505
440 515 38053
169 372 48508
216 305 35440
6 312 24207
190 420 35847
18 415 65765
418 576 17117
131 267 27019
70 196 37363
57 483 92358
85 88 54129
193 404 115256
35 260 16125
92 239 31401
223 323 28443
156 565 37202
333 384 61587
122 250 55444
86 551 26926
247 477 33061
239 277 28000
76 552 52479
479 554 53535
289 320 52010
224 517 56303
130 535 15297
374 402 48549
202 481 16643
32 566 26249
197 373 30000
337 545 50448
306 485 30414
361 463 40311
69 181 34132
8 286 74303
281 460 42426
79 396 24698
434 470 34670
5 561 32202
168 331 20224
20 323 18439
200 242 38275
364 398 36346
188 296 41037
133 473 22472
176 226 41000
46 163 59942
342 426 54918
132 409 29682
447 494 18788
81 559 19105
388 556 15000
154 360 44385
214 457 99298
292 325 47170
41 564 49204
379 476 45277
328 576 41012
229 511 21095
345 540 23707
137 173 27019
163 404 40311
68 430 84012
166 197 22023
269 294 72250
388 400 40804
233 246 54672
191 210 69527
157 523 63953
386 519 46141
126 452 25554
252 333 17088
38 120 27659
27 99 47927
140 431 58549
185 287 17263
400 556 30000
81 549 47413
84 506 32249
329 402 28071
424 498 64008
54 93 40311
136 146 38471
131 567 38588
154 265 31241
212 222 68118
134 514 16125
253 300 49649
192 284 23087
51 462 48836
422 535 43139
130 422 31385
123 388 42450
196 314 29732
373 539 23770
213 559 25298
213 249 38328
291 339 61400
57 408 50010
203 518 39408
447 569 35609
51 280 27074
272 462 49578
75 396 36069
86 294 66068
84 431 30414
50 545 10198
238 311 60208
40 212 38897
101 392 23770
22 105 35468
156 218 26476
42 516 34234
189 429 51000
304 543 47170
451 534 30871
334 490 28018
98 251 23087
198 317 26401
186 432 44385
419 540 74887
382 497 79246
73 568 18974
41 528 34928
30 569 38013
290 445 16125
100 147 53451
244 376 37014
13 534 39115
341 466 10440
225 455 38275
138 489 25807
449 549 10296
32 501 53814
127 224 43966
77 454 19925
75 557 56436
157 451 28160
283 564 42107
222 527 40719
93 119 70576
366 560 23409
109 303 43012
229 361 28443
384 516 42720
38 68 59405
27 369 20224
274 436 32202
209 557 90377
95 449 28653
103 456 38328
108 121 53085
475 496 30232
18 380 44407
297 335 44147
28 322 47518
26 268 85094
311 524 17464
127 218 32696
459 551 34482
384 533 26173
386 431 119474
429 512 28284
139 571 51884
169 425 72918
43 267 35468
80 119 38079
24 139 42544
179 329 36620
127 168 36235
296 389 23195
374 566 47760
378 393 34482
264 577 48826
310 340 67720
386 541 66708
113 366 79624
100 102 39205
134 302 41593
498 509 29411
269 387 41304
113 238 59540
311 313 45188
391 545 70349
133 240 20616
212 527 35693
209 562 80529
358 362 28160
463 499 25080
20 166 22472
143 290 15524
42 313 53935
322 576 31145
15 315 30529
478 488 36069
102 257 35777
34 214 64070
200 494 55000
334 500 17720
177 483 47802
244 331 48754
403 550 48549
9 297 50329
112 462 47043
4 380 43290
355 407 47802
179 300 60671
91 301 50120
395 529 20616
156 436 32062
347 482 30232
348 514 32280
53 365 12000
162 539 28792
17 292 43600
251 434 54424
36 155 32985
304 316 25632
131 445 54918
201 513 78230
213 478 47011
130 281 44553
71 563 21471
250 575 67469
192 374 36620
158 498 52355
92 137 27659
117 357 50220
28 37 49649
98 434 44102
44 356 121594
143 549 65307
323 484 76118
136 303 15297
249 395 48662
232 488 54203
51 422 39598
23 458 50010
338 530 80722
11 140 13892
72 505 30463
171 487 47381
48 163 76026
236 453 45354
49 317 52010
418 455 22847
128 262 58728
118 125 16401
112 144 51000
195 398 48918
113 313 60166
195 280 29428
2 283 21260
208 537 19105
379 574 27785
167 508 45177
176 260 30610
356 458 84000
217 471 11180
239 384 59008
79 245 38626
322 430 42544
176 495 51865
265 435 11402
411 523 20025
155 297 66708
490 505 40262
62 522 76896
81 204 14213
81 249 44944
3 248 27459
83 410 66753
393 401 45967
499 571 31623
307 536 26249
395 549 67912
174 222 42544
110 138 25000
449 465 40497
178 234 34438
115 222 36056
324 410 50289
152 351 26077
236 401 62241
120 448 47202
467 524 55154
64 229 12083
171 223 48042
309 343 27659
93 106 75166
12 438 21932
33 253 46271
3 235 26173
400 466 22804
135 264 90250
211 381 47127
405 479 52924
59 562 92914
363 486 44011
307 529 83451
142 177 36235
74 557 84172
266 512 18028
371 463 38118
200 406 62362
90 226 34205
62 397 59135
24 201 50636
192 255 23345
409 468 43909
60 278 44553
327 396 71805
276 419 58310
470 528 18111
198 519 50931
64 511 18358
58 187 63812
442 554 174874
394 479 50596
480 494 21260
63 420 21401
28 68 45541
121 158 12042
189 220 42190
259 330 15524
344 448 49477
488 548 43932
190 493 54083
55 125 28284
264 507 36770
104 162 16643
138 211 37802
235 363 34886
519 541 48877
84 495 36797
461 521 72125
200 234 12530
19 292 40200
279 353 11180
72 391 46174
358 547 22023
288 521 44204
509 517 37162
145 574 57009
329 374 27295
131 303 51420
321 356 70342
157 355 63159
85 507 21840
230 410 60959
285 325 53535
185 342 48662
133 376 26907
126 433 17889
314 458 38626
308 538 37014
272 460 29069
526 540 29155
281 375 36674
309 455 28601
363 536 18974
299 410 76577
284 329 17692
254 434 24187
250 306 57628
378 390 42485
320 444 51088
229 571 24515
386 392 124619
205 338 36497
217 511 48918
136 310 30232
169 530 64815
45 444 42544
29 394 29428
13 206 49497
21 409 39000
203 468 39560
148 479 57697
175 421 37537
327 510 66408
154 435 26420
187 393 30083
145 182 43681
28 330 19105
298 376 42544
358 560 62008
423 555 54562
430 522 83235
291 428 24597
102 147 23324
64 332 23087
95 435 39812
372 425 30000
469 476 55946
144 419 67186
103 453 17088
426 443 47413
396 561 23601
227 282 58464
140 368 20000
231 453 45541
124 306 34986
15 301 50567
85 515 11402
49 196 63655
87 195 31064
365 499 50912
57 177 49729
172 303 18788
18 207 54406
231 236 50249
162 373 24698
412 535 67119
299 429 68884
88 506 38079
245 413 35903
214 570 104547
58 270 124278
128 500 38013
153 498 58181
92 145 29682
256 412 21587
109 267 46690
271 491 15264
304 362 55570
290 567 25000
189 410 74216
70 286 40249
275 398 46174
111 568 32802
104 539 41012
258 488 44283
12 61 21095
416 566 49930
270 456 74518
385 504 64008
502 572 10630
397 521 63032
57 448 19235
38 287 61098
239 263 35511
233 440 43566
377 501 24021
281 387 56604
450 513 50220
38 522 63000
411 482 41629
46 508 48052
3 157 33971
45 570 33121
106 257 43417
191 224 48042
67 188 10296
99 307 70831
232 258 39560
72 128 12042
116 515 42426
39 312 46011
148 372 47413
21 203 36878
173 574 37336
316 402 54918
127 298 38588
59 543 24698
11 368 10630
6 207 36674
34 207 21095
186 233 35000
407 426 36770
56 399 33302
197 544 41617
351 415 100240
295 438 19647
201 471 15620
45 214 71784
240 509 40050
127 191 16155
2 398 49041
7 421 62968
29 143 51923
212 552 61555
44 400 38588
66 324 25239
336 409 38419
319 513 31241
178 467 33242
28 50 49497
425 442 112446
192 578 24739
274 494 15811
143 445 12042
359 450 24698
251 345 10296
49 170 17000
171 508 66370
298 517 41593
170 314 47508
98 464 34205
372 530 47096
481 540 35847
213 215 25239
132 182 34986
349 367 33422
10 230 31016
180 538 46615
331 338 51225
273 422 23770
226 260 32249
86 423 33061
242 274 62097
29 303 83934
144 520 67676
33 352 12166
520 563 16279
431 468 53000
88 368 37590
276 361 31890
356 433 61221
142 344 41881
47 520 13342
237 495 21190
39 404 123004
199 403 17804
44 268 54452
113 516 47508
82 375 39051
70 314 46043
25 529 45880
89 403 35511
119 316 43012
178 200 42953
108 492 11705
236 456 21401
452 466 26173
425 479 32202
67 464 35355
239 336 45453
160 308 33956
161 323 23345
327 490 51884
498 573 54129
149 351 112178
89 508 16553
239 252 27514
255 443 34540
108 153 42720
123 222 15524
56 355 15620
377 562 56436
428 564 72471
949 530
634 747
781 196
221 864
492 563
318 822
899 706
105 390
830 235
222 787
199 405
473 946
730 131
693 946
243 563
315 335
208 556
290 823
186 631
353 665
300 379
341 491
13 492
838 626
745 100
92 765
831 195
785 454
529 35
409 155
47 477
667 381
570 169
323 873
263 302
799 263
813 413
863 391
338 761
187 666
578 691
397 342
573 112
24 647
355 949
497 726
808 737
425 717
104 444
736 447
672 846
430 557
731 569
525 188
683 817
719 287
929 326
823 879
566 379
455 540
452 948
836 526
473 265
793 670
151 598
249 820
665 615
828 439
698 406
22 390
835 752
687 515
703 562
486 458
495 547
162 621
714 359
733 638
529 596
561 326
685 58
723 941
197 790
223 411
125 341
515 990
671 813
174 364
465 709
298 323
153 566
372 448
545 223
588 381
620 66
505 781
823 782
673 649
850 151
490 312
282 486
529 308
856 797
321 632
314 514
540 298
595 480
126 254
508 159
541 882
659 576
767 857
429 345
552 150
151 689
88 302
166 276
724 823
570 289
884 373
123 201
290 538
100 695
352 515
711 813
44 572
300 183
675 514
116 192
628 901
557 104
284 443
223 113
494 843
94 234
492 119
399 442
561 867
817 589
192 417
813 311
959 406
579 49
767 806
356 473
498 157
541 328
427 98
222 706
101 590
901 323
346 706
149 218
625 128
807 295
356 191
756 219
131 192
241 636
953 627
383 670
307 641
469 779
588 890
860 227
332 673
410 695
317 151
357 63
89 452
443 650
490 108
416 421
132 730
831 724
231 335
942 374
417 247
615 283
894 590
727 388
314 461
952 475
980 634
824 331
171 316
769 913
674 610
169 784
491 230
306 198
679 298
359 886
332 243
640 815
58 400
310 672
169 423
511 729
375 256
846 676
705 650
292 343
696 49
390 157
779 138
334 855
562 676
506 437
253 243
538 837
159 639
663 95
287 926
642 109
638 549
846 693
330 196
471 251
173 742
638 245
115 691
395 648
258 196
763 556
271 344
889 493
392 718
788 659
233 816
795 810
652 207
199 337
386 262
799 177
829 847
268 377
488 353
353 423
203 118
626 407
354 224
638 388
270 110
565 610
241 302
610 405
808 201
701 100
325 581
680 671
379 432
575 215
626 628
696 314
559 915
497 292
663 169
768 483
255 316
610 834
635 471
318 429
70 321
601 108
99 742
540 125
63 685
635 939
894 777
524 804
683 888
635 852
414 208
676 732
784 685
353 451
486 508
681 632
645 844
660 932
902 436
650 733
657 291
271 637
40 354
841 334
810 576
386 941
575 64
573 808
182 591
679 793
581 987
439 925
702 580
868 268
280 150
129 806
624 223
197 542
501 884
507 116
547 341
628 583
370 545
789 115
961 594
812 558
475 144
448 308
337 807
407 289
48 428
269 579
571 332
145 412
906 731
892 610
427 909
80 544
778 501
367 653
235 841
226 608
163 691
590 557
728 553
645 304
772 468
314 131
791 693
385 416
620 510
825 258
324 388
694 488
354 163
632 825
456 209
36 623
816 379
791 576
924 383
689 676
165 223
671 194
487 814
917 509
425 134
332 728
582 167
679 621
511 758
731 277
12 526
195 235
491 396
954 654
582 117
760 664
499 369
815 146
636 773
731 581
445 423
938 483
192 397
851 192
315 810
747 665
405 56
286 654
658 328
693 916
241 133
607 422
710 888
435 472
264 859
583 851
643 446
735 433
352 364
897 539
157 500
630 980
69 666
679 583
729 926
733 519
276 463
740 905
500 30
709 52
520 573
892 507
672 778
697 262
57 627
772 872
617 302
500 715
449 814
472 95
358 316
744 323
928 276
300 418
187 856
679 249
554 936
600 602
951 503
244 776
669 331
655 156
774 526
762 739
460 248
856 752
644 874
513 957
208 223
423 32
770 349
282 549
562 786
145 739
815 522
250 425
130 299
60 564
629 652
612 105
388 189
916 733
458 930
981 550
156 330
699 832
311 42
728 327
376 912
567 50
474 122
436 215
912 335
634 41
941 675
764 192
57 594
840 803
720 378
795 535
846 834
199 880
12 442
488 935
654 890
866 618
720 855
744 627
640 640
648 79
39 613
413 280
278 380
467 468
610 681
856 688
678 173
244 105
904 746
504 607
440 517
612 372
644 138
452 46
433 239
714 664
696 211
980 403
380 578
392 566
814 190
410 616
619 164
576 888
636 533
537 812
115 258
488 284
419 223
248 384
479 590
721 432
177 167
767 617
637 515
631 421
775 253
621 762
953 570
675 543
207 383
104 335
450 716
205 158
611 494
809 661
117 743
912 634
478 845
118 332
393 376
239 143
315 375
134 460
805 750
845 549
863 454
699 248
464 301
530 612
671 700
152 674
612 699
729 57
408 103
170 722
520 820
349 338
751 164
613 904
797 140
548 663
932 617
280 631
700 697
92 485
699 789
587 366
334 706
726 449
533 747
513 397
576 155
643 36
526 674
505 965
117 594
872 769
481 1
537 908
57 657
544 519
752 418
671 71
453 445
506 592
579 471
816 762
608 730
334 221
642 373
590 84
685 556
408 193
384 965
793 635
782 261
124 178
411 458
339 515
757 524
30 349
703 304
