576 1537 18 91
155 456 40608
175 281 50961
229 439 30676
186 403 74095
114 212 26926
189 473 24187
141 343 44654
18 297 25495
400 460 59034
215 478 21024
303 562 44407
87 484 52393
90 546 31780
22 314 24739
155 315 31401
161 253 17263
62 265 20248
260 431 21471
120 322 28792
295 362 58523
477 542 77104
379 446 12166
340 535 53226
316 448 22472
371 506 23431
311 576 61392
74 357 27514
101 144 40311
261 433 67082
314 569 18682
250 494 72835
94 450 35511
301 469 21260
302 430 67897
340 566 37855
246 531 68007
322 511 36249
153 562 53740
316 576 57009
229 560 62769
482 550 29000
138 438 88865
31 213 60166
68 449 96302
310 384 64537
205 424 26926
166 342 39205
7 148 51039
115 238 25554
20 41 28844
280 307 73553
158 364 51865
117 197 24515
181 223 36359
292 479 65299
106 394 39812
102 212 21932
9 189 48052
32 429 52479
28 481 58898
75 246 15297
19 20 41869
338 436 54148
188 520 33242
280 456 39825
327 485 25612
363 379 55073
268 440 23087
6 174 76903
47 342 48374
92 411 48301
260 412 18111
288 516 69354
349 370 29275
330 512 45398
137 198 32140
232 489 16279
187 427 21401
178 267 45891
55 532 25495
123 539 44102
90 525 36401
21 543 41785
113 544 27203
43 83 50090
44 65 54708
260 356 46400
235 434 43186
127 129 24698
301 570 56400
23 559 35609
246 466 33106
286 466 45541
138 353 39000
3 251 43417
184 405 61741
110 215 17464
108 456 46690
21 508 27803
206 256 36401
43 281 54452
118 131 41437
401 509 56400
39 84 50160
37 407 108116
422 438 14000
89 548 45011
124 569 34986
135 413 58241
330 544 34655
92 164 71512
241 364 54083
297 388 32249
75 430 26683
27 122 39205
249 543 10050
310 383 40311
443 460 28071
62 457 41110
242 407 26571
334 537 20591
493 525 55009
520 558 33541
265 425 54672
227 567 21401
346 461 60075
32 168 66761
362 538 12083
64 345 22804
134 221 42190
377 509 47127
191 507 35114
147 259 35693
210 536 18248
57 514 48094
415 540 43909
244 374 57697
261 534 120934
82 226 34234
71 149 33061
81 167 55000
443 541 29120
154 190 46098
318 376 61033
126 158 14142
342 499 26173
59 231 40249
288 344 82420
366 373 35228
45 341 46043
22 444 43829
109 410 23431
95 386 30083
349 527 24042
347 404 52000
417 540 66212
228 500 34670
188 277 26249
328 568 49820
530 560 10440
282 524 38910
132 304 36620
254 428 74250
95 250 27203
174 177 46819
199 319 34713
237 514 69354
273 444 38833
141 544 49497
176 320 30000
5 32 37216
180 458 46957
235 238 27803
124 444 33136
259 529 21024
2 408 41304
35 398 68118
288 449 107517
37 455 67365
215 411 41231
137 340 50090
38 384 58034
155 575 50695
229 291 25495
399 487 44944
278 542 145041
124 273 12083
203 229 53038
50 397 88843
182 540 36056
390 455 53141
12 99 47508
144 207 34986
193 560 45706
473 478 36715
275 352 30067
24 523 46861
94 169 41881
170 481 63695
240 264 27459
143 206 33422
352 496 10198
316 392 60605
56 569 42190
483 569 13454
134 419 38484
398 478 45122
151 191 33377
68 114 67941
37 390 30232
81 302 41110
213 371 39205
212 506 35228
208 332 34015
94 572 17029
290 334 16401
209 297 17000
240 380 54589
116 409 39000
279 506 49497
122 574 31385
231 327 21095
182 415 19698
8 523 39446
433 560 34828
103 553 51884
218 474 28160
403 442 51923
437 458 55785
517 518 10630
141 274 32140
59 178 20025
165 466 28460
224 332 24021
186 284 25495
62 138 31064
421 427 22804
42 355 25495
55 325 48010
58 63 34785
87 500 44911
245 542 42953
40 174 56798
57 481 57140
188 248 32016
480 547 46861
348 447 33526
98 354 39812
28 549 93723
388 545 10770
160 391 31064
238 434 31623
15 361 44418
144 568 38013
303 377 40311
271 479 67624
22 96 81541
29 310 86313
33 354 33106
2 180 51788
276 297 44204
99 497 38601
85 386 30017
452 485 31321
367 566 51352
19 159 34655
339 392 24187
142 152 35000
9 473 36688
70 300 25000
385 448 68007
16 73 38210
373 412 23087
26 299 36235
171 306 50289
36 496 20248
61 143 40706
304 427 26571
138 265 19105
355 475 35114
4 396 41593
79 83 29155
305 511 49244
225 480 19925
332 535 27203
274 342 32650
197 397 58728
155 280 46957
198 340 49031
149 324 76655
14 414 42202
18 549 88391
323 333 30676
34 352 34886
21 292 47170
45 369 34015
80 390 13038
168 407 33526
234 505 37108
184 192 46530
55 516 24331
163 441 120785
109 286 22825
17 164 20616
447 549 49649
183 409 37014
44 127 10050
166 343 39446
365 568 36056
73 112 67624
253 395 73824
234 393 48104
135 354 67186
82 472 24166
59 224 43186
89 210 30414
38 67 78032
184 487 78721
115 235 10296
278 477 72069
232 501 55036
378 570 82365
57 464 67186
153 553 22204
24 374 26571
217 224 44643
490 505 40361
527 537 56365
382 462 51430
5 361 37736
395 436 28071
115 354 37162
321 555 25000
187 295 49739
101 461 36797
14 239 47802
344 532 21190
58 147 54378
6 55 18385
90 319 34176
298 398 36878
130 163 122201
5 270 43829
278 313 243824
309 515 42579
195 241 43267
9 425 49244
149 512 46390
120 484 79404
218 425 39357
210 470 53712
158 241 20616
175 179 49193
362 554 66753
187 304 38833
190 241 28320
258 564 34015
293 465 52631
123 240 15000
275 490 23087
96 186 62936
358 469 53263
4 383 24083
188 490 30083
38 406 38471
185 554 41231
3 25 21095
380 550 40719
112 222 13454
423 554 47043
64 299 29682
359 418 19026
280 346 76236
32 313 78600
173 541 65490
142 196 25632
126 154 21024
187 421 24698
380 406 44721
85 95 10198
3 41 47434
116 310 72801
42 262 43463
137 566 55082
287 428 64761
16 529 20100
148 468 58694
313 494 61392
2 399 60605
393 505 24021
67 101 27313
481 549 37162
31 371 31064
110 411 37108
393 555 19849
258 262 12083
10 400 40311
264 482 14866
140 169 20591
137 374 56009
425 474 33526
39 524 68007
391 433 40447
72 364 33242
358 387 47381
222 484 51865
302 360 90211
157 162 73007
193 530 48042
56 326 37656
45 48 45706
306 492 45122
66 253 47539
199 435 21190
341 395 25318
307 461 28018
201 422 30067
124 146 52154
80 337 33526
225 323 33287
74 392 73389
12 252 16971
39 510 71386
207 568 49649
95 370 79404
433 534 75000
355 571 39825
58 522 33526
390 471 18974
53 165 37577
71 466 48415
61 256 59237
421 498 27459
23 358 38897
304 576 69893
17 375 32280
457 474 31064
89 411 40262
447 481 43566
1 573 42579
455 471 40000
301 337 29428
104 394 10630
104 340 41761
112 157 58412
11 533 51614
99 144 29833
111 157 25456
139 420 70434
319 462 45706
473 548 21000
192 399 44654
148 185 59211
106 566 43278
384 409 57428
248 509 33136
266 310 92136
72 416 81345
450 500 27785
275 401 52326
420 459 155261
91 160 55803
296 547 18111
283 311 59076
35 298 54406
248 277 24207
223 519 24597
131 232 54562
254 360 25080
65 236 22136
468 566 50990
166 220 23409
385 421 49930
128 336 13416
46 145 42720
333 552 51088
204 513 21260
163 574 104480
4 322 43278
5 15 58694
245 250 92650
129 236 47011
133 289 45177
226 488 24515
208 226 16279
53 434 11180
287 435 59363
117 549 55326
88 524 47381
222 507 28653
151 157 31575
370 527 24187
159 281 14318
231 267 65765
323 330 42012
558 562 63063
301 378 38328
146 227 29530
325 420 34785
294 341 37537
270 359 18028
20 281 51196
92 110 31780
502 555 29428
408 437 21095
321 502 13454
269 414 30000
425 470 25020
344 516 41049
8 11 27019
337 469 18601
41 480 50359
360 404 73926
29 383 57489
381 521 42048
46 190 21471
373 553 31145
320 437 27019
248 520 37736
539 550 50359
11 119 76026
403 444 69029
318 575 65307
33 246 44598
263 314 53852
373 431 36359
78 164 26476
179 247 37577
366 558 37537
404 517 19105
327 382 58694
53 98 32802
160 433 45486
126 190 35171
1 213 41000
101 497 48384
88 363 41785
158 190 24021
161 416 35735
216 218 53451
107 396 10630
315 476 33061
200 570 48765
135 501 58181
251 480 46141
385 567 61717
261 391 31241
225 552 39205
307 445 22472
178 472 26401
71 410 20100
193 461 68680
295 538 60671
267 369 27074
179 564 34176
237 464 14036
135 401 65115
163 381 62201
230 269 38471
247 513 40608
96 232 38275
113 221 58052
125 554 47927
160 454 18028
336 492 61984
294 488 30676
138 389 29833
103 562 37483
13 389 57489
156 432 11662
282 363 57245
317 392 53852
78 497 33971
47 134 39812
337 358 51971
411 473 28460
328 365 29155
502 547 36715
386 450 36125
130 216 87092
364 369 63253
102 506 37336
60 142 43863
242 570 51245
249 409 35468
245 477 65924
102 196 41593
51 452 66212
391 454 17889
295 463 45804
288 325 141354
309 311 66910
108 136 11402
161 436 78000
286 430 43863
211 384 66708
193 346 22804
169 450 55362
121 504 32696
186 401 71344
8 14 30887
214 525 31765
133 234 27659
23 63 46011
33 531 35440
326 535 37202
335 441 62032
129 167 49041
63 565 21840
305 380 46043
136 456 42544
221 419 21190
8 329 48260
380 572 72443
2 423 59228
214 493 34132
290 429 54129
456 539 92228
402 484 21840
84 510 59363
462 541 51740
194 530 46011
263 382 26249
303 442 50010
345 491 59034
267 460 69318
431 553 30463
19 281 42048
164 375 20809
182 559 19698
7 119 56719
293 379 48765
404 493 68425
45 364 48374
49 342 41593
119 148 24413
207 328 35847
78 99 19799
229 534 43081
147 522 41437
69 76 38484
277 401 18248
228 450 15811
12 78 55902
299 524 128016
425 526 25456
245 494 82298
356 366 17117
367 468 16763
22 483 32985
5 418 39623
49 177 30414
451 561 45188
150 303 37108
74 303 29833
250 537 41000
253 436 76903
97 385 46615
9 353 72346
43 351 30676
112 402 39825
96 131 70880
198 535 45486
33 165 42438
195 460 71470
241 369 48083
274 343 22561
239 416 104235
292 557 42000
480 502 64560
184 399 47170
331 442 33015
95 111 69836
311 538 58215
245 368 44045
525 546 35000
396 511 19925
280 376 24597
75 302 74525
428 501 59682
278 575 89185
442 448 66219
271 292 44553
79 281 58310
30 397 23022
175 513 53339
238 354 42544
7 566 46043
41 513 50488
132 421 18028
91 215 67417
268 324 29732
250 334 56824
339 576 36770
272 528 34205
184 239 115974
58 387 51000
30 219 88091
63 320 51740
197 447 33838
38 211 29155
424 514 48877
173 462 56303
452 504 20025
154 282 147000
201 398 65192
45 267 42521
319 525 47885
79 467 31953
191 222 41593
421 567 31305
193 439 11045
346 453 65000
159 163 20125
139 343 70228
312 533 29614
334 359 57983
256 426 95708
194 375 32202
382 504 56045
97 567 47539
21 252 40522
281 467 43738
139 459 88527
118 287 43278
145 400 50249
198 374 62434
360 493 48918
412 431 22472
141 381 66400
17 497 33526
27 139 79310
27 486 10296
188 505 38053
247 479 24042
152 170 67624
316 385 71218
23 540 20881
284 331 37336
2 119 12369
35 438 45277
142 449 34015
367 498 40311
140 572 22627
225 251 35805
374 436 39560
295 554 31953
184 416 220102
8 533 56798
145 363 66370
16 147 38471
40 325 68797
160 561 12649
59 452 58052
505 520 15652
404 563 19698
228 305 41146
515 522 30265
294 374 39812
378 529 29547
18 26 111400
272 409 50606
208 488 20000
407 415 134183
308 512 34713
169 572 34525
39 465 46615
21 557 25080
91 478 68154
321 547 41773
304 311 52038
133 555 48260
360 413 116469
50 93 47074
12 355 19209
56 124 40447
147 358 51196
310 396 10050
213 344 40311
343 486 37577
59 217 20248
108 206 30364
28 170 29698
73 309 35805
109 573 79812
173 546 12042
85 450 45804
306 506 49659
2 192 62968
104 227 24187
503 546 53085
167 205 22672
114 142 43966
239 414 16971
217 472 25495
2 148 34713
40 166 29833
444 483 13892
230 416 80529
177 419 41195
162 361 34000
46 282 95126
223 348 38053
297 545 28636
121 263 34482
441 574 42059
65 336 27659
242 471 50922
173 503 61294
240 572 60959
16 515 30806
243 575 18682
227 394 20248
202 203 20809
106 498 18028
242 455 17464
296 333 55731
372 443 47043
36 321 31780
309 402 65856
336 464 26249
358 390 38949
231 485 27074
182 390 36139
237 336 18974
465 503 39623
119 533 63655
254 493 35693
146 567 43012
256 456 51624
106 367 45277
6 77 23431
249 328 40112
224 255 20000
445 456 95441
80 471 18385
409 528 35903
91 100 40000
179 351 56294
327 541 57940
53 149 26926
221 324 22361
118 199 73498
482 539 33541
36 547 35000
489 501 45122
235 333 51884
361 418 27893
306 573 38079
362 515 48010
67 445 30067
498 567 29428
491 524 70214
41 175 74404
221 440 11180
279 492 54589
231 460 22627
545 549 71449
201 556 10630
283 484 38013
249 528 22472
179 513 18358
147 387 27203
334 494 25020
324 410 78492
71 165 40522
262 351 32249
314 483 16125
304 538 76217
346 376 66940
112 507 35355
388 549 61847
258 351 22847
418 527 40706
61 477 26476
210 526 41725
304 385 60407
74 316 65460
107 511 12166
264 380 43012
79 89 28636
180 487 35228
68 288 12728
214 319 40497
193 194 68593
366 505 34828
14 405 16279
289 555 23022
128 237 13416
153 373 16401
65 492 57280
372 460 55471
87 222 38013
118 462 63891
203 534 53038
6 325 32016
193 497 76000
153 558 31828
301 529 13038
7 312 35355
76 245 43174
441 459 57009
29 303 33838
201 561 67268
207 211 43863
41 251 43417
102 279 24413
204 247 46872
344 551 30265
446 465 13416
59 485 35171
224 226 45354
495 551 35693
65 424 49659
377 562 11705
20 175 69971
311 402 63906
177 551 33242
234 356 13601
359 537 60415
135 285 64498
254 413 111005
251 544 48000
204 502 67119
247 289 26077
43 233 43829
181 424 38897
239 405 62241
54 570 25495
9 35 55731
163 216 77782
470 526 20248
28 152 76922
291 346 22472
413 501 40112
61 69 76551
252 508 32757
411 548 10817
347 493 52631
329 523 47381
174 342 38897
321 490 43186
374 523 61270
125 565 11705
183 384 65299
7 468 25612
229 433 76164
44 306 63702
35 556 24515
210 467 44407
265 353 37014
284 401 68411
33 466 44102
129 430 35384
86 201 22825
70 96 36056
30 276 41012
428 435 21401
69 240 52154
52 448 51039
225 330 44283
200 337 18248
359 527 51662
112 309 75133
130 335 28320
486 574 22136
230 338 19698
9 470 29206
185 463 31575
52 273 38897
93 348 39000
381 486 61294
175 351 35735
45 82 47043
47 257 50000
279 336 50931
172 524 111647
30 563 60033
82 341 25632
121 452 15620
345 510 56939
195 369 39294
18 276 52612
193 291 20518
38 539 79511
206 278 36014
392 576 23087
150 432 28231
318 453 40853
141 486 62626
416 436 75133
50 181 44553
91 194 26420
156 317 55731
191 386 50010
121 569 62370
46 363 42426
252 355 27000
348 519 36125
101 307 26019
37 415 26077
26 219 31241
246 413 93536
43 79 56859
109 129 29547
171 506 36125
157 507 32894
162 378 95415
68 213 81841
63 437 59237
129 286 17889
91 530 40804
244 294 35468
71 286 34438
96 444 96747
199 462 66843
73 378 38275
320 458 50931
476 575 55218
26 64 17889
385 576 59008
113 330 47676
56 452 61400
27 343 44385
422 556 23770
82 488 35228
366 520 34928
308 434 21471
2 437 46872
90 173 23087
50 348 66310
32 270 44181
115 350 27803
112 378 57567
323 512 23324
413 428 64008
208 224 40224
389 457 57385
293 541 65069
40 420 47170
257 342 36878
103 266 74947
105 411 36688
206 315 33121
133 479 22472
423 565 18788
48 472 16971
86 261 48466
372 541 62650
312 329 33106
492 506 59615
178 217 18358
70 285 12530
259 301 26077
57 170 28071
21 528 50931
118 382 46615
234 366 15811
397 563 65924
495 532 15524
299 345 31575
93 181 25239
397 518 63514
198 244 33838
310 406 72090
134 257 33242
97 273 44181
31 212 23431
13 335 29833
381 574 60374
174 551 57974
261 438 106283
116 384 30414
508 557 21541
130 457 31113
491 510 55758
475 571 37054
445 539 99725
50 517 60828
87 322 69893
185 468 14036
335 457 43105
159 467 37336
34 496 42012
461 497 21471
248 558 40162
117 397 50596
65 205 36892
57 237 68680
66 72 39115
295 304 52631
210 548 50606
262 292 32016
70 186 63253
24 338 37590
383 396 39319
463 498 31241
102 114 31048
123 482 22804
147 515 45880
14 269 51546
195 400 34482
122 139 93236
526 536 29155
47 49 14765
234 555 52802
111 370 39446
128 424 49930
104 326 40162
335 389 59808
235 350 25554
186 331 48415
69 123 40311
333 434 28160
35 201 33615
48 267 29411
91 398 62169
62 389 27731
119 192 68949
282 299 163689
150 156 29000
271 528 46861
42 557 19698
268 419 22472
130 441 47011
50 518 62682
404 518 20881
347 525 67231
157 349 61555
144 497 47539
100 530 25000
61 426 80951
49 174 25239
333 512 34482
494 542 65513
132 385 37363
187 463 20000
88 446 45177
294 436 41037
349 418 40706
173 293 84220
157 370 41231
155 318 80281
92 375 69203
35 189 58898
29 266 89404
63 423 37014
35 353 64498
458 487 25962
244 332 38184
365 543 44944
528 543 20100
286 410 29428
88 282 16279
92 105 34540
21 365 35468
50 360 84593
352 490 35000
327 460 27074
15 407 57315
447 519 37855
151 386 55218
232 287 42012
182 358 28018
212 371 36688
270 418 32202
61 76 56719
243 315 13892
17 78 14765
244 488 28018
5 168 49679
179 479 47434
54 242 50160
69 140 76026
141 499 31145
287 501 69656
4 317 60745
248 401 38897
74 150 17464
156 392 73498
94 228 35228
353 425 72007
77 551 48374
42 508 16125
156 383 40050
15 162 23345
86 438 57871
149 308 26249
344 495 12083
135 531 50537
303 357 38588
41 204 37108
60 464 43267
271 272 21213
219 510 61074
291 439 15524
33 98 45486
324 573 12806
67 539 91198
255 332 19209
398 561 24597
509 558 45618
152 449 29967
50 197 77006
85 250 32802
219 345 20591
547 552 18974
98 165 17205
13 459 72498
148 423 37696
356 412 36401
92 233 56036
117 297 55009
446 524 42802
113 257 29411
113 134 21213
107 406 74813
120 317 52953
465 524 50160
64 219 16492
199 214 57140
222 402 41340
111 386 55803
83 92 51614
362 522 43046
227 326 50931
215 473 41012
93 223 17117
257 499 14866
290 313 56798
272 431 41617
163 467 23601
1 551 44944
316 442 63246
79 210 40804
467 536 48508
415 417 82608
274 499 28231
353 438 52631
34 354 56080
67 207 39962
313 429 36056
23 387 22361
10 379 44944
219 563 87476
111 151 17692
4 156 47413
228 322 48826
42 475 17464
159 521 21024
99 568 29069
137 329 53141
223 424 47170
24 230 43829
312 566 21587
232 300 28071
22 131 25000
382 541 63151
320 417 44385
29 432 36125
221 512 64125
35 422 37121
354 496 59933
17 194 41629
3 20 30364
51 326 19799
12 568 25060
338 416 66098
199 254 73756
106 340 36222
233 571 51740
121 314 56223
180 408 17205
57 519 48765
223 514 21587
137 523 63063
145 195 27019
209 276 40311
216 526 16125
216 536 17029
180 399 28160
121 382 43658
316 357 46861
174 325 84172
430 466 42638
48 82 10198
57 447 63411
25 141 56921
72 253 32650
54 407 55227
26 276 62626
34 275 32202
104 535 35903
185 295 43186
125 423 21213
60 152 40804
34 135 40162
485 504 12806
132 427 13000
373 558 33526
40 220 16553
3 544 55973
208 244 28862
70 489 40050
150 392 74330
291 453 62642
480 552 32311
53 238 28862
136 155 14318
439 560 44102
444 569 21213
260 271 33422
149 434 27019
167 236 29547
81 205 43463
76 368 19698
85 169 33422
200 471 21378
290 359 58796
258 292 39000
226 472 30000
255 326 34482
162 349 36069
372 400 17493
419 440 15620
25 381 37696
407 455 41049
108 256 32202
451 454 36620
117 388 45541
166 174 58138
269 523 23000
19 381 34366
18 545 17029
31 68 45891
83 233 31305
259 469 18868
114 196 49578
376 453 26420
114 449 47854
10 293 33015
294 395 32000
145 190 30265
52 385 39825
327 443 38949
106 567 32696
149 410 39357
67 211 64938
100 433 30414
44 236 45177
55 77 25080
479 564 39623
252 365 16971
1 177 36674
83 89 33971
109 127 21095
379 465 20591
204 289 59405
57 60 53009
305 322 58694
61 368 41629
86 422 44777
172 345 20248
273 448 70029
216 425 37577
76 140 84006
313 542 103368
322 500 60745
169 245 87641
62 474 20518
311 339 50567
46 154 57585
270 429 23022
417 458 46390
43 175 21587
81 181 13000
283 317 23324
143 278 24166
220 420 57245
9 548 47424
86 451 36878
196 279 29967
273 403 72945
185 367 17493
137 312 60000
178 231 37054
65 128 27659
56 146 63655
146 326 51788
324 440 18028
44 492 33136
195 267 54489
164 571 55758
107 310 18385
44 109 28320
359 429 35847
266 272 59908
108 315 25000
77 532 22472
191 500 35805
101 445 10296
127 236 46390
202 318 26476
92 571 43046
11 405 38328
341 488 38210
275 277 44283
83 105 29069
246 360 126087
88 379 42953
189 298 14318
514 519 16031
317 484 54231
197 348 21000
30 209 21840
171 371 25807
350 496 24083
147 469 45891
19 521 23345
58 565 20809
140 240 66483
61 278 58694
283 339 30871
317 339 40608
237 424 57940
36 350 24042
133 271 58052
262 557 33302
192 405 50289
67 144 39205
89 105 21378
384 406 31241
255 535 22825
368 477 34205
100 560 27166
80 358 35511
349 361 27514
224 452 72339
63 387 37000
103 303 37590
235 296 34205
126 364 47434
77 174 65368
172 491 51624
202 229 59933
284 509 26401
25 544 56303
394 567 30594
211 328 50010
321 393 35057
454 561 11180
188 275 30887
136 315 24597
146 273 47518
23 176 35355
37 182 24083
293 503 68118
266 553 51894
510 563 78600
298 478 21260
123 426 33615
139 220 37363
87 120 76105
52 97 29411
60 196 49366
84 347 58464
86 561 64140
199 287 67476
337 570 50249
10 363 43417
470 548 53759
7 533 38897
130 218 41183
66 364 23259
329 533 28302
22 263 52154
39 491 51856
183 328 35511
308 333 11402
194 497 56436
262 475 47011
19 25 36056
296 552 28844
31 114 41012
325 516 72062
117 447 44204
186 285 62177
205 236 28792
29 150 33971
307 346 64078
261 451 13454
141 257 35735
10 145 63640
393 490 31145
160 398 29206
243 476 42379
1 268 25554
187 498 32985
383 432 34928
360 517 68411
403 448 39051
96 403 84646
96 300 23345
167 302 57315
50 302 57428
155 243 35847
53 71 32527
305 572 48083
233 351 46174
122 441 13342
54 162 29155
115 496 45618
204 480 50804
293 372 34482
12 164 62097
97 146 11402
354 531 44721
309 538 17889
271 356 50220
251 330 33242
157 378 65803
51 255 30610
16 378 40608
351 564 47424
117 209 57280
358 559 13454
218 457 14142
116 266 33302
131 263 56080
176 540 43658
183 211 43841
143 256 38626
154 364 61221
91 375 42953
367 463 21932
250 527 76551
36 490 45000
879 510
119 662
755 370
343 414
65 324
977 447
187 668
150 756
721 152
463 904
133 735
551 247
879 176
135 783
74 382
124 490
548 179
804 894
753 329
726 361
550 298
455 673
68 550
214 812
773 359
703 941
853 309
927 760
411 453
751 861
941 575
46 292
679 595
613 544
712 97
646 492
12 496
419 276
566 892
927 379
710 385
583 278
661 304
809 599
329 877
415 953
868 451
337 832
881 444
746 755
354 717
351 617
730 537
72 393
984 464
377 696
878 741
135 570
371 784
909 698
277 138
810 151
102 581
687 933
826 651
313 904
459 209
986 566
303 210
530 585
753 560
292 937
162 494
393 492
724 625
268 194
959 462
541 192
693 257
50 478
778 711
327 830
664 254
586 846
230 314
688 46
244 409
496 962
687 229
546 797
588 128
634 212
792 745
286 311
220 316
500 605
334 641
704 557
527 206
588 88
470 184
910 608
440 452
302 690
666 225
258 666
355 369
351 90
788 580
641 181
186 377
204 441
814 428
940 616
680 531
442 356
812 826
494 712
131 659
320 413
426 735
857 270
331 239
383 656
134 583
362 952
799 598
847 669
776 607
835 214
480 673
280 608
586 408
829 443
600 582
362 87
240 747
812 120
930 328
269 278
827 377
927 658
296 102
498 213
400 913
331 652
106 524
145 639
755 527
386 476
199 389
948 686
504 441
361 973
376 84
365 456
168 395
372 942
728 305
621 83
250 919
97 378
737 287
567 187
714 571
898 372
778 656
27 356
251 288
906 739
900 537
654 944
544 820
902 430
666 325
63 585
886 474
370 804
644 369
68 671
778 724
28 514
479 304
67 746
204 634
481 545
251 616
572 500
674 142
396 943
232 394
108 724
516 93
565 141
401 886
903 649
807 802
272 750
565 731
64 465
699 66
453 27
470 15
674 394
795 671
322 81
480 243
319 785
772 867
717 224
448 273
926 593
919 519
596 779
645 164
748 210
354 795
799 194
683 917
920 364
825 485
213 431
809 743
342 752
723 441
331 796
305 666
282 346
507 53
178 837
407 802
521 637
636 268
565 426
685 522
805 644
859 675
702 544
148 829
331 254
377 922
26 413
358 53
291 778
226 204
709 628
628 403
540 501
501 314
204 294
744 412
539 259
267 916
637 747
330 736
332 116
838 411
611 323
113 489
517 390
643 28
600 318
459 725
358 259
799 134
464 381
361 849
857 497
184 799
90 288
543 369
522 366
378 645
859 374
599 515
752 902
555 520
286 80
890 622
418 105
715 311
508 973
290 477
486 520
536 574
768 591
522 679
995 557
626 429
144 254
502 78
575 338
482 877
278 811
208 591
676 489
787 875
668 129
671 958
523 609
111 463
739 698
422 485
259 578
319 328
852 552
469 158
738 507
191 515
372 376
257 526
204 699
93 229
431 679
351 65
372 554
310 465
427 22
558 765
63 615
633 463
310 386
741 469
829 507
985 416
340 703
425 791
498 274
190 729
767 436
451 507
318 751
731 498
154 267
856 195
853 657
82 468
196 845
303 505
262 702
303 839
874 403
864 352
947 490
665 927
494 99
643 833
807 781
123 353
663 509
632 314
629 513
776 105
665 565
566 259
554 418
402 518
56 513
105 298
662 745
97 344
188 536
457 947
323 925
527 271
552 435
219 643
260 176
363 876
152 357
915 558
449 867
517 431
239 803
579 170
429 83
462 490
149 458
505 920
357 302
787 324
467 750
367 416
421 334
316 598
231 344
90 546
819 871
835 139
37 479
623 52
324 517
598 461
294 683
278 843
362 377
764 842
644 101
71 699
434 876
552 538
235 466
418 584
691 813
123 772
401 310
17 388
78 657
478 341
773 562
677 190
519 408
616 638
160 817
10 522
216 908
20 604
104 317
845 478
974 383
274 625
729 64
131 604
805 696
764 176
314 210
268 603
585 694
91 265
750 631
498 400
375 450
583 58
728 526
572 711
250 841
80 636
743 64
517 82
835 490
854 257
432 534
451 820
416 653
461 179
517 922
839 791
380 575
961 659
267 341
652 38
414 745
442 60
631 68
19 429
383 124
813 192
26 650
909 242
423 818
497 159
513 773
235 628
873 674
523 910
723 598
723 268
203 648
97 479
739 175
43 461
349 820
686 163
796 166
599 271
318 67
251 143
654 145
605 396
704 435
882 798
353 245
423 665
256 460
405 775
848 318
33 675
307 801
532 625
601 492
606 925
842 596
630 782
153 242
952 479
639 511
516 169
259 648
848 400
253 365
576 635
642 453
550 881
413 765
574 462
897 573
199 406
567 276
507 504
636 878
343 371
761 481
660 378
830 738
149 508
988 488
704 799
711 807
831 754
560 469
749 306
145 538
184 776
543 956
581 807
746 194
140 336
513 333
122 470
564 95
645 605
967 483
175 705
523 13
310 725
735 221
164 285
199 531
368 215
48 544
479 812
187 186
511 313
792 412
815 881
553 828
674 471
686 184
867 832
374 265
917 486
692 465
486 428
178 602
613 448
707 73
575 296
527 463
46 522
561 85
633 79
466 479
699 831
612 357
123 587
225 694
288 653
529 235
413 674
77 418
597 234
285 294
837 517
841 297
363 35
317 539
