976 2836 14 344
463 581 46573
659 680 41617
391 970 24698
115 559 45000
657 881 39294
304 432 32249
12 640 37014
870 951 28160
419 581 52631
703 725 24698
487 837 40025
273 786 21840
666 846 43186
20 607 34176
166 535 30364
717 934 17117
77 775 22023
419 463 31385
711 751 33377
470 552 24187
303 501 23601
344 887 15000
620 728 61400
252 799 22825
585 911 40224
559 768 36620
277 281 28425
332 704 34828
588 698 40804
350 583 16125
355 681 23601
28 731 36797
464 898 20100
211 468 23854
633 958 40460
834 896 10198
460 555 37656
140 534 28443
189 285 44553
407 876 23537
38 553 87727
175 313 31623
102 953 36401
492 691 32311
382 884 27166
522 920 37643
142 541 35511
624 908 26249
453 740 35468
120 834 39013
515 937 46872
276 747 33015
584 925 27295
642 696 34015
309 774 46043
587 748 44181
205 228 31575
283 531 48010
383 620 59135
562 840 20616
600 927 20248
813 832 68250
33 497 35468
85 508 10440
211 549 61057
224 763 42012
45 964 17464
103 731 31780
63 142 29155
546 829 21954
7 190 42190
536 802 13416
168 666 22672
72 692 33242
288 515 23087
256 567 13892
76 498 48052
554 573 29000
511 618 22361
910 929 23324
193 316 46174
839 876 12207
580 653 13038
312 925 31064
7 496 32558
109 733 50000
332 790 18682
200 954 49649
248 317 42297
78 415 59135
653 934 14000
147 860 34482
8 889 31385
255 784 34366
167 357 33302
344 625 26926
297 784 48549
46 588 40311
235 890 20248
576 611 41231
594 602 30000
257 662 37162
3 897 39699
398 853 47381
186 387 17692
152 690 28443
542 721 29428
151 163 32696
347 484 10770
72 474 39623
515 959 32696
233 918 31064
453 458 31145
634 800 28284
41 763 34928
406 902 29069
112 701 17117
9 597 16279
143 841 18788
518 799 56939
501 915 17029
36 787 70711
655 719 36125
332 711 54120
615 685 47127
239 573 37590
448 947 19849
788 843 19925
242 369 13416
3 885 49649
156 228 31828
2 430 19105
210 443 27074
337 643 31385
8 756 11045
172 926 35805
133 765 36235
70 116 35609
257 349 38013
198 728 43463
212 651 19849
70 616 46487
491 640 15133
357 742 13601
62 133 11180
297 597 30067
160 337 14213
220 634 33000
659 879 41195
383 569 44283
301 856 13892
532 919 31401
191 586 38588
181 404 25080
394 419 25080
399 570 29682
128 871 41773
641 823 15297
481 713 10440
122 375 54129
245 664 59414
94 876 35847
214 360 22204
414 539 28792
226 695 20616
179 527 12728
274 743 45607
142 406 21954
430 506 23409
213 731 13601
103 792 27586
40 701 37443
610 643 26077
277 329 44045
512 792 25060
232 777 23345
43 938 29411
488 805 30480
212 269 54708
255 691 22204
779 820 42059
63 872 27166
204 503 34986
236 831 31906
82 833 33287
300 743 14318
322 342 16763
132 607 20125
269 718 41110
30 283 43278
381 426 84119
440 956 35468
480 843 34132
306 405 17464
21 555 58009
204 669 22136
1 325 46530
810 914 23345
64 454 39051
183 899 17029
502 656 16155
174 413 26173
158 724 30265
52 606 46861
476 557 47074
17 89 36878
61 115 14318
741 803 36359
11 810 25080
139 831 29547
474 758 18358
133 548 42202
250 836 18000
110 660 34886
692 803 28284
292 778 32202
258 648 42190
409 615 28018
187 488 25318
159 508 23259
12 763 24698
349 439 22023
444 542 31906
100 880 59942
56 548 38949
492 784 30232
221 414 30017
465 575 19313
280 755 11180
169 583 28000
198 886 55154
380 731 32802
586 799 22804
84 309 49041
405 960 31575
592 901 28636
2 691 25495
412 775 33941
66 456 25807
224 250 37443
381 783 15652
290 350 26077
13 598 43829
469 493 41110
171 642 10050
541 732 55785
166 639 37443
36 291 24759
693 805 12530
338 856 24000
364 519 23345
290 592 36401
42 859 38184
727 897 36620
315 408 24000
247 747 47170
46 591 52000
239 487 31401
430 691 21095
669 884 41437
115 240 45706
317 625 43186
965 967 22204
237 420 43186
48 177 30414
183 605 23770
98 642 15620
19 820 30887
338 512 18111
381 687 46390
37 636 20616
113 121 25080
218 345 24597
177 491 23707
114 970 20616
264 329 27019
401 923 39013
457 700 39560
248 481 45011
535 773 24597
500 557 38588
44 883 31906
477 664 64405
384 871 43012
544 963 40311
349 921 44011
567 956 12083
143 259 26683
534 782 31780
719 832 68007
82 146 23431
5 214 41593
628 639 34928
14 917 29530
34 696 10296
213 530 26926
285 780 38949
111 170 40112
34 273 29547
590 607 13454
461 681 11402
3 727 56719
162 975 18974
203 818 34000
82 690 40050
211 783 82219
418 735 50010
384 659 44922
341 798 14765
505 639 24042
445 869 57775
390 919 25612
510 602 14000
379 946 40162
98 671 19925
69 741 39051
65 369 53235
479 594 40112
3 893 40224
118 951 33242
17 732 45541
80 319 33838
37 131 26401
473 645 11402
181 385 18028
428 850 57775
223 909 12042
474 738 62073
52 973 23770
116 869 33015
234 668 19849
229 397 17493
221 957 18358
63 417 31048
142 872 35384
694 954 16643
765 835 36674
657 890 38079
5 288 17720
151 712 49769
410 870 27166
175 500 57567
97 316 31016
537 892 29732
154 549 56321
132 202 42059
925 944 42297
390 966 44045
131 408 39205
257 435 18028
18 316 16031
441 551 64405
496 604 12369
115 506 24083
432 905 84006
161 310 42048
237 415 46573
778 966 33242
88 604 51225
608 708 38013
198 215 22091
668 817 34438
278 974 22472
355 461 18788
110 536 18028
823 911 54037
555 898 60745
420 746 31953
329 390 37121
151 552 35609
413 913 20881
428 559 25807
328 619 37483
132 512 33136
50 643 40050
411 940 24597
170 614 26173
155 674 26926
659 871 26077
508 797 23409
195 921 21541
641 914 41049
364 812 25000
85 242 40224
72 963 35609
514 850 49204
95 526 21401
805 952 10630
674 740 22804
297 473 30463
555 798 17205
551 747 20616
720 862 18868
674 678 59169
109 122 32757
80 356 33287
596 911 12000
227 905 61612
693 822 19235
245 477 49659
78 796 35228
318 509 13000
30 129 29833
328 712 47518
45 541 31828
40 745 46043
372 505 28284
537 586 43046
167 732 37014
397 699 26627
138 411 23707
373 748 31321
122 560 50990
260 865 19849
104 483 22204
425 459 35609
456 629 41304
334 648 35000
722 948 48754
282 401 41231
697 856 26926
98 504 17117
926 972 20224
128 574 25239
11 641 42579
545 638 39623
116 918 37443
273 476 20248
281 620 39205
67 295 20616
398 951 167386
147 265 11180
259 841 16643
365 452 27731
173 945 50000
333 573 41231
440 567 36878
266 646 29069
32 404 21541
821 884 10050
68 407 16492
336 422 23345
123 173 20000
624 759 10770
759 908 27659
25 199 34828
376 838 25554
11 135 25239
24 112 11402
202 512 36401
560 898 37108
518 896 30463
195 852 23770
189 815 40050
565 797 24698
14 938 12166
179 894 20224
533 674 31623
239 332 40497
342 941 24413
165 670 13892
12 224 24187
16 732 47170
111 621 49092
181 910 24739
343 682 42107
176 445 18111
394 776 41012
251 833 14422
94 236 38210
150 216 43658
239 790 43186
85 887 34525
426 723 30067
185 561 12166
782 953 15033
708 722 44272
156 858 44045
360 676 48270
216 526 40311
562 806 34366
3 529 44045
303 858 64133
274 739 21095
214 459 40200
100 129 25000
666 885 36401
219 360 43012
448 636 12166
271 751 43417
529 846 38013
220 699 16279
573 683 15297
416 446 66400
392 718 44643
132 749 25000
53 715 11180
65 124 21378
206 470 53038
792 817 24207
469 899 18682
169 290 30265
500 912 18111
735 850 48508
599 621 48384
204 884 43417
6 785 27203
166 628 35014
103 856 29206
115 593 79649
370 761 47854
39 236 33734
206 907 52154
10 392 18028
485 846 57140
475 759 45453
55 922 27857
152 509 36125
266 279 23087
232 305 38949
40 272 27203
740 900 45122
415 835 23087
423 617 56939
75 207 37202
376 834 36056
255 853 10630
569 919 16279
43 917 32202
21 739 22204
695 944 15811
195 349 49163
131 928 22804
236 319 30150
64 152 23022
396 672 15524
533 927 31780
249 762 38184
175 557 38484
757 956 33015
407 839 16763
116 184 18028
155 467 18028
343 860 20248
374 752 21190
121 952 30017
699 909 24413
587 841 24042
676 876 32202
440 962 165979
94 486 18028
282 559 75166
35 459 30806
671 912 71063
178 573 11045
675 920 17205
607 761 21378
104 208 35114
207 312 26173
661 801 10050
118 246 41231
55 194 30083
611 702 26306
29 753 31780
261 830 11402
325 881 33242
248 905 16031
137 965 32757
16 961 20248
528 891 30083
153 191 17000
378 726 32016
630 684 29682
297 613 23259
135 582 32573
273 696 30414
4 679 23431
121 187 32558
19 710 25554
545 553 83528
734 863 21000
281 540 12530
32 51 18111
322 465 15297
505 824 35014
112 556 30265
676 922 62968
52 670 48826
159 208 50329
594 729 39013
125 531 20396
202 590 33838
630 855 22091
574 871 43174
399 823 13038
247 707 51420
14 924 54781
386 533 37483
58 243 45541
294 505 30871
114 766 28160
895 948 38601
446 644 70937
287 734 23022
151 563 31623
110 936 36235
241 630 44643
365 560 37483
101 650 56586
842 937 32202
72 145 25020
680 879 21190
49 303 36000
11 770 17029
404 770 13416
203 774 31016
400 770 32985
634 745 38275
296 607 20125
73 275 31953
544 614 18788
809 973 32450
881 888 33838
42 875 28231
91 761 21541
516 730 31401
121 289 31765
106 515 12042
112 558 61847
175 476 28231
78 677 12166
54 684 26571
104 209 60008
376 579 22561
76 83 41231
393 730 43267
309 648 25318
54 149 54918
402 843 18028
274 577 20000
83 959 30529
379 658 38275
928 962 92574
24 701 19105
573 794 29732
294 535 33302
316 612 33136
4 730 50090
56 75 64815
128 880 39319
112 253 30414
253 558 43932
278 414 36674
343 889 47434
129 283 21378
286 398 44385
371 894 15133
96 883 19416
325 963 44272
569 728 43566
418 428 54644
268 460 27731
195 435 38897
302 857 24166
170 818 34059
224 599 17117
520 916 20000
416 966 14765
32 389 12806
356 845 29614
265 446 36497
495 681 55462
61 768 44643
69 692 37108
226 944 25000
302 587 25298
591 698 45607
513 593 45011
89 353 13892
521 778 37216
234 845 64815
455 609 32802
227 714 33601
150 571 34409
464 489 26476
20 267 13038
427 517 46098
758 888 50567
184 869 37216
739 743 33541
215 572 21024
137 449 36056
157 260 37736
603 832 27857
260 938 20248
484 865 18974
435 619 31257
661 694 55082
575 707 48270
187 952 10817
332 819 48166
13 518 38949
123 706 35384
293 668 38053
675 695 39000
33 147 21095
215 686 40817
146 833 34482
497 801 46487
379 804 45011
873 910 16125
241 576 32016
753 781 34000
205 858 25020
529 885 33422
26 138 19647
135 641 39598
701 745 27459
591 667 17493
29 716 22091
261 679 14422
175 444 28636
129 403 27659
180 862 29614
705 718 18601
293 447 121824
724 917 52240
94 665 44777
225 954 25000
655 832 64031
728 886 39560
19 772 34366
632 918 14318
427 501 18028
388 395 38897
117 666 29530
411 412 15264
511 649 44777
80 236 34670
536 945 24739
279 789 48260
146 690 32016
450 752 41195
307 875 41593
89 725 22136
19 558 32558
730 903 41304
198 569 10440
30 773 24000
25 892 19698
814 839 23537
68 219 28018
339 967 16763
207 277 60415
130 525 39115
23 51 22361
87 875 15652
345 402 22136
661 954 52697
489 898 37537
254 848 30017
145 807 13454
629 767 23022
314 676 47802
164 362 16279
72 626 14142
5 425 43290
33 265 16000
384 879 17117
96 238 25000
314 550 40224
39 831 11662
18 619 16279
499 664 33541
79 233 24166
244 950 22804
116 685 39661
61 559 35468
217 496 38013
190 374 29547
459 939 40311
405 936 25080
423 858 51624
290 650 51196
621 818 48466
55 665 31401
164 819 37108
548 966 29017
249 753 31064
827 961 48765
452 780 29833
240 853 47074
26 736 24187
367 823 33541
793 859 25000
156 216 49820
358 867 22204
284 634 56045
471 893 21024
232 700 34828
617 720 27586
549 623 52802
493 945 72035
494 893 22204
41 361 21471
202 817 50090
8 147 25612
42 87 19235
400 795 30265
228 636 12083
390 548 53009
47 830 22804
75 312 27295
69 738 71840
326 867 33734
634 654 40249
88 245 42450
4 832 41773
478 529 25710
269 616 25000
726 882 19000
320 904 21024
382 475 23345
820 889 15620
102 783 18028
528 726 19209
65 242 49980
480 617 25179
370 749 43829
72 807 19416
192 771 142706
280 363 12369
276 908 38833
206 437 49336
710 866 17263
30 688 38626
525 667 40311
936 960 27019
563 712 64382
260 347 11045
8 19 36069
400 892 31385
335 750 31401
724 924 17029
51 123 59000
611 945 72498
252 598 25000
420 644 76557
529 666 32280
859 875 16031
508 565 17029
193 563 51478
617 858 66098
15 388 24597
73 287 24187
151 809 33838
460 464 25612
418 804 16643
341 758 32558
414 974 31305
451 851 33287
33 789 22361
43 260 18358
670 809 44721
817 847 15652
161 278 24739
20 893 33838
319 530 20881
70 184 25080
474 692 49204
120 340 28018
272 482 43566
294 639 20616
491 913 28160
81 335 39408
618 800 38013
502 888 28071
48 491 18358
148 825 10440
38 57 45277
75 264 56036
735 804 43658
531 535 20616
595 781 23431
301 512 33541
76 730 38897
285 829 58000
371 568 14765
633 744 16000
107 239 36056
185 862 37947
414 455 27659
342 707 38079
17 142 18028
588 648 26000
193 907 55172
44 488 16125
82 762 13000
52 434 32140
699 800 10770
157 347 43841
214 949 17493
81 331 10770
564 846 48052
17 541 31016
752 857 38471
333 554 22825
223 699 19105
199 892 31321
652 779 38897
570 875 28302
97 495 19416
320 649 40608
369 958 26926
538 794 32558
13 896 17117
105 295 49980
45 424 27459
402 655 26173
206 865 39623
158 799 54083
150 915 41593
652 889 39825
331 717 27019
232 797 40719
54 197 33106
251 832 30480
584 585 26926
43 157 23345
917 938 28071
595 794 15811
441 884 30676
503 821 61741
234 311 18439
479 685 36770
356 447 12207
119 712 13892
524 595 28636
93 670 25495
174 544 44822
272 654 43139
201 206 44283
785 811 31953
92 423 45695
341 474 31828
99 609 32527
334 628 17804
196 209 33302
73 863 40200
81 144 14765
37 228 30150
168 885 30806
280 727 22804
351 863 32527
581 967 38053
605 867 19235
447 845 39013
262 961 21024
134 339 23345
305 437 30414
693 924 40311
475 928 47424
300 547 39623
505 544 44283
119 328 40311
20 22 30017
446 558 36715
617 871 35777
545 767 32450
470 520 19026
241 702 52240
1 888 46011
330 427 26627
50 972 34713
21 274 21541
453 585 18028
375 733 54342
366 947 48374
567 766 23345
422 751 14142
227 304 38118
414 449 23409
940 975 24166
104 481 108849
3 202 39357
291 298 38639
105 923 39962
852 921 14318
658 743 38471
218 466 23770
133 835 31048
548 644 29411
50 337 17804
30 531 30887
399 641 23409
763 806 32280
228 624 28160
727 755 20616
71 700 44102
695 767 48754
829 955 105537
514 662 51108
499 631 47424
268 890 13601
609 635 20025
685 718 16763
279 771 25000
90 438 18028
46 812 57428
254 693 32757
387 545 88023
470 563 27803
528 976 83199
298 829 13928
192 581 23707
543 925 33061
99 885 22804
787 955 14000
504 526 22136
200 789 30364
378 891 28160
222 432 58249
88 525 44385
317 344 39623
372 774 50090
101 121 39699
727 847 38079
274 798 40608
380 926 41761
116 673 41231
79 869 38949
76 308 13038
431 971 30887
902 964 20000
46 698 32249
154 623 20000
680 940 41340
241 611 52393
108 620 10440
558 644 75286
523 605 25298
309 752 58138
491 816 34015
105 733 51478
474 626 37656
134 967 12000
613 931 29155
125 535 34655
326 909 16763
813 959 34886
143 857 34482
267 942 32573
231 247 33377
478 846 50120
279 601 51624
49 156 36401
31 780 19849
276 858 25080
675 678 19235
723 945 32280
30 100 27803
306 660 12083
268 489 31906
403 602 30000
292 521 25495
671 943 47074
330 517 36359
149 197 33941
235 657 24083
354 948 44598
254 924 34205
478 897 29069
568 673 25239
141 424 39205
494 578 27586
297 492 45880
226 352 16155
29 538 38328
206 484 24698
509 861 17205
155 689 16553
203 450 35228
407 814 30083
51 706 43600
246 787 23259
386 608 41110
120 838 31064
347 865 14560
907 938 25495
397 909 35903
503 884 59203
37 315 25807
586 892 33242
132 761 18439
432 714 16553
13 65 48166
258 688 51856
210 221 48166
6 631 22847
575 844 21095
20 471 29411
137 581 44721
443 942 22361
316 906 38626
566 661 37054
497 778 25456
612 906 38079
351 403 10770
188 200 39623
14 724 49041
394 682 62073
489 560 34928
86 188 18868
704 711 44654
826 946 16279
239 687 39205
524 753 37483
52 672 45277
322 707 40608
277 540 17464
306 650 48104
467 689 13153
10 594 48847
566 694 72835
557 642 39294
427 842 30017
329 462 23854
434 606 33242
283 403 17263
538 837 17000
382 441 31064
606 864 15620
271 336 27019
346 940 26476
272 709 13153
144 417 21932
552 916 22204
110 173 34713
2 255 19313
726 891 18385
390 462 32696
62 644 39812
201 484 55973
105 109 21213
118 870 12649
490 912 18028
679 830 21024
246 295 21378
101 715 42059
137 463 20025
229 630 13892
182 306 42048
632 673 38328
526 696 20881
291 452 12166
311 668 19647
654 709 33615
865 907 17029
83 308 33015
417 749 46530
97 355 19235
273 937 38013
48 816 30232
10 760 37590
428 735 30414
181 873 24166
575 812 19698
107 687 18358
552 563 10770
125 294 49092
719 813 66910
42 78 63561
207 925 39598
385 770 23022
806 840 32650
929 933 52393
324 593 42048
301 697 18111
128 788 39812
60 183 37577
454 524 46615
238 724 29547
522 638 27313
288 542 35128
364 525 42048
239 333 48301
25 153 38013
320 630 25318
95 366 35355
637 835 14036
165 506 21932
39 486 26249
278 321 13928
109 375 53075
71 232 37202
700 777 31016
555 758 44204
148 516 16279
656 890 34928
335 961 41617
84 374 29120
682 874 43863
56 307 27586
465 812 15000
456 854 33956
475 754 36125
569 686 16279
242 344 50289
497 566 27659
291 791 23087
277 969 18439
706 936 18974
160 172 28160
1 963 36014
167 197 42426
228 448 19235
159 797 18028
353 961 24083
224 373 31780
307 367 62008
268 365 39205
277 383 33526
53 195 30083
293 727 41437
220 800 23854
733 787 39294
251 431 33106
44 933 10296
122 898 32573
439 514 39205
164 270 13454
234 447 93493
187 805 16125
514 735 36715
584 627 11662
286 473 27019
141 877 16763
307 548 48374
657 840 24042
911 914 11705
96 724 19235
767 920 22091
547 738 28601
230 953 37216
651 950 49820
524 781 28160
722 895 45880
601 860 22672
747 811 65123
22 607 11180
600 838 10440
523 867 29155
46 941 48104
2 240 23707
287 863 20616
622 709 34670
271 830 20616
166 258 53235
84 698 25000
638 767 29000
90 211 13153
700 882 45804
227 744 16763
453 674 33015
38 932 12207
442 694 54148
433 444 29530
426 611 37336
124 598 19698
66 281 59682
152 524 49254
106 288 21260
459 968 27203
224 621 44045
193 712 65000
180 659 29732
253 866 12042
86 200 28601
763 815 36674
468 802 41617
438 802 55471
443 635 13038
570 859 23022
288 959 24698
61 93 12042
26 359 17088
16 89 23345
393 516 31780
608 678 41881
158 883 23000
672 931 31385
462 548 56009
209 528 35000
591 812 28460
78 173 57140
190 217 32202
481 887 25020
61 647 41485
754 759 26019
815 836 48765
97 612 14560
1 626 10817
88 477 10770
419 776 39459
616 651 41183
197 742 44000
834 958 30067
402 423 34785
330 937 28792
144 697 27019
275 527 27203
154 583 28460
231 561 36797
579 900 30610
160 934 20100
15 903 18385
415 637 11314
667 737 27459
170 174 39812
147 789 24597
82 524 37696
241 358 44418
37 624 41400
354 600 27019
388 827 23601
64 509 45222
48 881 28636
126 356 29833
618 634 26173
380 856 38275
482 820 48415
283 510 27166
25 795 18028
161 449 50804
100 574 59481
371 583 59908
117 134 31241
28 103 57271
169 568 51000
444 786 31145
671 769 51010
149 702 31000
255 492 34482
249 716 18358
757 930 20616
118 513 27514
207 281 53907
169 350 30529
146 466 26476
231 276 30414
413 491 27803
230 534 37483
138 412 29069
667 698 35128
111 640 26476
625 887 27203
495 822 15524
171 671 26870
51 173 62298
26 258 27459
564 666 24207
55 972 16031
196 882 25060
264 462 23601
191 518 25554
27 30 19313
417 697 26173
172 717 27203
15 337 38471
367 570 22136
9 931 29833
155 226 31145
900 927 20248
727 817 48508
318 861 14318
292 390 31623
561 862 38000
806 816 33015
63 406 12806
869 918 20100
322 941 19416
187 289 38013
203 614 32202
138 346 28636
5 959 31623
266 860 37443
654 745 58694
679 730 50000
413 640 24083
192 339 75107
189 361 25612
259 587 15652
364 575 28160
237 469 52479
620 828 28320
57 215 45277
163 850 79025
38 828 55866
618 649 56223
237 835 52953
192 967 59682
554 953 48166
57 442 19105
420 558 79906
289 933 27313
766 956 19313
120 948 30083
208 589 33734
65 598 12369
543 851 40853
240 410 92477
449 463 45967
166 773 21190
388 750 25080
306 802 45453
520 552 13153
439 445 31305
222 895 31385
203 309 44204
524 762 30067
362 961 28160
109 826 22091
243 247 48010
323 436 26173
6 669 18028
83 813 32388
7 836 155206
270 711 33422
154 438 24739
188 771 50160
169 673 42544
511 904 20881
3 478 28160
219 391 32140
763 816 28284
86 225 17720
28 845 26306
173 677 61131
308 813 14866
682 776 45967
482 935 26420
385 400 21954
111 818 29206
217 374 38833
698 737 11314
295 733 24331
163 809 26870
321 779 12369
41 806 17263
139 814 72560
855 909 32249
95 98 30414
382 928 37947
262 395 29155
385 404 28178
300 651 47434
679 825 15232
238 924 26926
4 971 14560
110 306 36346
848 907 48083
427 719 10198
602 734 16279
328 850 44011
250 748 46615
789 801 26401
136 146 35468
178 794 22847
158 873 31016
150 842 41617
812 941 34059
233 507 15232
363 485 32062
310 776 16971
27 129 17804
487 538 39205
197 790 20809
421 880 22000
239 683 27659
225 771 79310
460 656 15033
53 681 55462
71 305 16279
219 949 28653
58 707 47424
19 889 37121
298 452 36346
75 367 43278
65 157 15524
598 799 41183
59 75 19105
201 797 22023
91 296 13038
176 439 18868
423 480 40000
235 562 35057
716 753 16553
482 866 31828
769 962 18439
139 876 51088
198 686 23022
47 271 30414
322 575 30414
153 586 25612
754 928 38210
935 974 13892
14 907 25020
490 943 10630
364 844 35384
291 560 31780
229 909 34713
52 931 27659
243 811 33601
159 589 45000
245 519 17804
272 745 59093
276 862 27586
65 958 50567
144 703 27459
547 743 38588
143 374 17720
521 686 30265
528 597 47854
102 534 42438
658 804 16643
5 459 39115
594 760 30414
362 732 43382
552 973 37947
376 518 35384
346 941 30480
652 874 24839
258 775 57035
286 784 17464
540 620 36056
284 622 39205
237 493 59228
410 951 39051
366 769 18868
429 925 27586
217 525 51088
262 751 24000
40 482 32894
184 445 64661
501 842 28844
522 678 48508
434 891 37656
395 827 48765
214 930 51088
407 676 24187
762 833 33541
885 893 34886
679 971 19416
48 657 25060
164 711 34000
99 455 43105
531 773 28460
86 954 35341
165 691 31016
227 340 21840
662 850 19105
154 894 57706
549 894 11402
121 182 35777
410 593 62169
335 725 26173
163 712 35777
130 667 17464
210 709 46530
447 831 37855
50 194 15524
128 136 46325
256 440 34886
475 551 51400
318 880 32894
756 772 19235
244 658 29547
60 523 19105
207 543 30414
155 352 27731
345 603 49406
587 836 91679
362 819 32650
392 741 10198
268 656 26173
271 837 34986
273 313 15524
47 971 31257
721 930 25495
329 569 49366
571 937 41340
647 670 26907
187 933 24352
340 834 33242
291 375 32558
282 593 61717
63 370 15297
83 425 15033
38 728 43186
209 976 97350
429 584 17889
331 697 30000
78 859 61400
64 863 44283
690 880 46098
250 763 54231
85 344 30806
261 971 19416
42 415 22023
659 940 46011
266 771 19698
59 823 53824
95 216 34828
8 772 21541
265 756 12530
223 849 20100
582 796 36014
314 610 33377
222 387 25179
589 777 16279
550 610 28000
180 185 34482
53 495 78435
476 642 45607
215 886 49010
127 159 31064
51 960 48918
74 680 17000
68 814 36125
185 659 37855
275 568 42000
341 738 46325
14 848 59548
358 899 24698
278 449 46487
125 760 15620
35 498 21213
106 786 33615
910 933 50448
210 622 20809
422 516 26571
288 433 27857
883 933 37947
192 419 48332
750 827 13416
476 696 29069
41 189 26019
711 819 29000
314 922 46648
108 281 44045
172 380 45188
157 565 53759
352 678 38275
235 365 46390
281 851 60745
646 860 12042
57 572 40050
165 492 36359
52 809 36222
704 837 41725
13 958 14866
54 241 46043
460 898 42379
504 696 29967
212 738 28284
445 950 53712
160 717 26173
271 711 43046
15 653 33615
157 201 64475
54 742 19799
395 961 38419
71 378 29206
300 950 20591
180 720 20616
307 765 12000
244 743 23770
467 627 11402
160 580 10296
220 849 18111
493 677 20248
174 325 24698
228 908 34409
178 554 23259
177 881 17464
26 46 35847
310 419 32450
209 457 24331
230 782 33242
317 369 37000
660 936 21260
329 919 40719
94 676 45607
56 264 51546
832 971 43046
92 402 34438
57 553 132944
748 836 58898
31 285 43417
526 571 26173
284 541 39115
60 605 24597
66 451 24083
45 406 32558
317 958 44272
141 942 21932
221 709 32202
399 582 35511
663 768 28284
438 468 26249
449 455 13601
106 433 10770
351 734 23087
170 203 28636
477 604 55317
606 916 22361
429 585 35171
398 645 56939
397 800 18682
502 758 48508
577 798 30610
787 829 91924
42 637 16643
346 411 22672
296 761 13342
690 861 22672
353 725 23601
345 655 11180
436 495 19698
527 568 25612
715 901 14318
87 307 30414
358 855 35609
299 857 23259
393 395 17029
57 932 33422
293 755 38626
284 424 16763
534 783 55027
21 263 38601
19 866 39051
138 359 11402
770 810 20518
22 590 12166
177 913 10630
450 818 20616
860 889 46690
456 553 28178
534 549 32558
315 947 35228
384 574 23022
318 421 14213
277 620 47802
622 877 29120
364 591 25000
365 780 48508
159 777 36056
125 283 47927
267 296 35511
757 766 16155
21 898 57697
64 524 51264
293 847 44777
357 649 15811
79 349 43841
333 783 13601
316 619 19849
85 127 40460
343 646 16031
23 181 28160
541 649 50090
130 217 36000
12 599 29732
368 729 37216
749 761 30083
386 722 28018
677 945 68096
67 513 42579
498 903 41110
796 859 39357
20 296 37802
431 832 38328
221 272 38184
128 480 48549
33 801 30083
721 956 51662
103 878 61098
287 602 26249
100 421 53339
293 363 52154
306 438 64195
387 432 83361
62 420 53235
303 423 35384
446 497 23195
245 499 36401
339 564 37216
298 780 27295
196 457 29069
688 775 48374
453 689 30806
638 920 18028
357 684 31000
517 719 45880
105 324 38053
881 890 50537
642 943 33838
218 603 43863
240 398 82565
30 775 57271
87 765 27074
310 779 44283
69 212 62362
136 788 42107
572 694 33601
128 764 21024
313 444 12166
692 741 40522
516 679 36139
336 751 26926
182 650 35693
487 683 16401
180 617 36497
562 780 45188
601 789 22361
657 806 34176
164 262 17029
421 509 24597
852 901 30265
193 470 54708
134 965 14318
154 650 50010
270 751 17464
51 929 33302
402 480 35014
561 707 58822
176 349 24021
434 864 28018
480 788 26000
67 324 40012
297 976 39699
578 609 25632
707 975 53254
69 474 48374
118 955 47508
433 542 15811
391 814 47676
24 253 20616
903 939 35693
44 238 19026
317 744 45000
732 819 42379
410 513 20616
372 639 28320
291 365 33242
135 796 54918
3 471 48374
120 354 44045
396 613 12649
37 448 29000
779 935 36620
174 913 13153
26 648 38184
248 432 100020
43 65 26870
867 909 29411
539 609 14142
221 974 33121
119 316 36000
527 894 16279
20 578 27659
233 852 22091
66 854 25942
343 874 21095
446 778 43658
445 651 48260
658 735 36125
7 217 28018
184 616 54589
750 934 14213
388 653 21932
515 517 44654
109 263 30083
558 710 35057
67 118 22627
340 633 22000
35 939 24042
229 855 11180
606 808 36235
112 420 53814
49 216 49163
440 912 39051
117 168 32894
611 723 52402
107 197 36139
556 701 30871
949 970 44181
510 594 20591
539 635 23431
37 754 35735
18 355 11705
433 786 35128
127 887 32140
13 834 22472
304 948 19647
454 554 48332
49 915 37590
525 604 31016
195 257 38184
804 946 48918
318 690 33242
703 872 38118
626 758 29411
336 830 22023
275 868 17889
596 810 28460
263 946 18868
312 429 23707
276 617 56089
313 476 17000
182 405 34015
129 351 34015
272 935 38626
290 715 41231
256 814 80006
385 873 32388
96 158 13038
409 685 48083
324 923 23345
865 938 22804
314 360 10630
363 846 85094
855 867 25000
167 332 47265
426 468 51478
578 635 25495
320 684 20000
577 738 13153
283 602 31906
46 736 34525
196 700 41785
673 918 45188
365 890 41881
36 791 20881
331 380 36878
453 911 28302
130 737 25942
249 833 21840
327 409 23431
467 584 21401
167 819 38601
435 681 17720
133 644 34525
674 689 20616
71 882 25000
173 796 61400
120 600 35468
21 798 49729
101 290 53151
388 393 30676
74 77 15264
315 769 44688
101 182 46390
744 905 53263
16 362 17000
8 860 46098
648 774 55036
615 673 19235
559 663 26926
517 813 32558
687 702 45804
761 902 39408
350 650 37537
647 768 23195
542 930 25456
483 589 18439
196 726 23087
375 560 13038
21 122 42426
558 772 31385
392 594 53075
247 561 30594
342 346 34132
103 338 23770
930 949 48374
570 582 35355
274 738 28653
58 245 22000
55 319 32249
246 955 21378
220 745 13342
4 76 34928
139 447 60216
29 431 20591
649 732 37108
686 919 10296
784 853 29967
100 384 54148
269 741 42485
454 595 34482
119 193 60959
222 708 18000
299 621 43658
248 625 26000
383 728 12369
46 648 45177
326 420 48384
393 903 19647
335 827 21954
2 853 25020
712 850 71589
328 435 22361
6 204 24597
376 896 36056
246 733 26249
120 376 13928
236 665 18028
864 891 26401
243 707 13153
768 809 39115
374 737 42720
172 972 25632
57 886 26000
104 589 33422
351 421 46487
438 650 50606
308 832 61847
163 663 60828
669 811 42048
522 708 44922
28 80 33601
333 687 49980
42 835 27459
99 168 24187
622 654 15620
85 159 24000
53 852 27459
180 871 22361
400 596 33242
435 461 21260
345 843 28792
442 572 31385
131 754 36715
386 678 66121
521 694 75584
883 910 27295
108 553 33136
93 165 25000
360 949 22204
680 775 24021
89 872 17464
372 628 12083
220 223 24083
45 902 20616
179 534 25000
231 747 24597
764 880 24413
156 205 30364
28 213 25239
136 880 36770
929 960 55317
66 629 36770
767 944 49366
916 973 30806
68 391 25612
285 562 46573
77 384 21260
163 768 42379
390 532 21213
171 943 28460
434 931 18601
50 160 25080
29 47 13153
169 632 26019
257 328 15652
874 889 47381
15 643 30414
485 897 12083
494 885 18111
487 704 23259
534 868 29614
401 946 18601
253 710 13601
281 543 36346
9 613 14422
124 252 10630
532 686 29530
354 386 14866
444 721 25060
202 792 41340
319 665 16553
373 621 21213
88 519 34828
657 816 41110
211 623 22361
15 580 38053
441 475 21213
621 857 32016
538 573 44181
93 115 17493
266 601 46174
82 152 46098
76 832 55471
646 682 45188
498 730 24166
482 779 43046
108 854 19105
320 357 36892
259 857 31385
576 899 17889
372 544 53226
102 554 26173
581 965 29682
95 348 30017
315 366 45880
212 547 13928
459 610 29155
455 539 28636
102 782 28862
136 690 33956
225 442 86764
194 972 31048
425 968 12000
121 323 16155
471 590 18439
592 918 18358
286 297 45891
35 968 12042
506 691 14866
533 600 34986
137 455 45486
656 881 54129
99 494 23324
183 358 22361
329 383 45343
714 905 78645
186 708 38118
64 230 60299
341 555 21213
377 545 51923
713 887 24597
107 149 18601
439 950 35511
500 956 47381
284 654 41677
351 509 34059
161 321 20248
150 937 52202
495 612 23431
379 743 31064
338 792 14560
47 261 21213
845 878 25710
339 846 69570
344 369 49930
66 851 49396
379 739 13038
787 791 70682
51 135 46615
92 501 28160
554 783 24083
233 901 36715
352 695 12083
138 736 24839
99 578 32016
302 748 20396
708 895 27074
140 868 11045
781 794 13000
757 949 49406
437 520 23259
688 773 18439
56 462 42426
593 923 52355
71 808 20396
367 399 23345
505 963 42521
496 525 32016
124 917 24331
603 655 55462
73 230 30017
149 241 63246
179 549 22023
25 400 22825
15 939 22804
81 703 32249
886 932 11180
69 269 17029
330 842 17889
538 781 25632
10 741 19416
91 141 39205
538 753 34655
45 142 21401
249 251 16643
233 592 27857
371 527 13342
294 807 40249
103 380 40025
326 556 25710
403 734 22472
174 963 51788
115 282 90139
231 862 27313
148 422 23854
258 412 42012
200 801 20616
721 757 36346
582 793 20125
553 854 26249
58 785 48374
117 339 37855
325 888 23537
90 468 16553
341 577 38897
652 820 43012
59 429 27313
356 831 34986
272 974 43046
229 904 18974
83 498 30414
50 172 30232
284 618 49518
443 957 25456
670 672 33377
328 662 39623
326 523 25456
583 894 60000
200 279 45793
280 897 24021
158 917 59405
504 642 15652
256 391 43932
951 955 45011
50 550 26000
84 752 24187
488 924 26926
378 864 17029
47 837 32140
275 409 41593
93 506 19849
43 124 23087
92 655 13000
210 877 11705
177 325 31780
202 727 58138
327 615 18868
365 562 56080
31 298 11180
235 840 16553
64 953 48549
309 588 14036
656 888 38013
49 150 13601
456 545 55471
74 879 14422
214 542 55154
348 769 25000
14 254 61392
442 954 65521
5 542 42379
342 975 39623
877 942 11045
101 323 35341
320 511 15033
701 849 27203
465 941 24597
174 614 40249
537 873 17889
776 874 17000
110 945 33242
490 671 54083
111 413 37643
616 718 39962
348 366 10050
682 771 49163
851 925 43863
412 680 25000
90 623 18248
298 546 24083
802 945 30594
319 926 25495
186 377 19925
793 796 20591
131 315 31000
297 528 68015
398 784 47381
641 810 43863
62 237 62008
271 704 47000
346 736 23770
550 922 19235
799 917 32558
233 869 24187
282 946 49010
325 913 30414
398 976 74027
574 764 13000
301 749 26000
207 264 46690
530 926 17263
59 312 17205
401 826 14036
34 571 16279
547 651 20000
193 848 24739
566 801 39850
395 516 33526
77 879 16031
154 350 38288
323 952 20000
157 484 49092
240 430 26249
306 536 41881
706 960 11402
292 966 18439
230 868 21213
155 678 44181
408 769 34366
803 807 36000
252 917 20809
748 857 27857
117 965 39560
242 508 38275
415 677 59203
561 975 36770
100 764 61847
377 522 17205
363 755 16125
498 968 23770
11 389 21401
38 620 63569
193 906 14142
597 931 34713
458 596 21378
851 944 13153
267 635 39962
398 410 128891
556 849 21095
105 401 20616
100 775 51740
80 530 40460
278 935 28284
147 601 15000
263 826 14318
363 897 29967
612 848 37336
140 527 19026
314 459 45343
143 190 19723
98 348 37336
167 649 40162
359 412 33242
28 878 10050
238 488 17029
541 618 57009
105 826 26870
53 901 20248
241 684 45804
707 844 50010
501 719 24839
451 767 33971
585 689 26000
630 904 14318
514 950 10770
596 795 35000
29 837 31623
548 765 48374
479 705 30610
821 928 64008
358 605 19105
194 550 16643
459 643 39623
519 525 43417
245 844 18868
169 592 36892
81 934 33838
60 469 42953
515 786 31828
499 503 55946
282 418 27166
522 608 48877
823 914 49041
396 931 23022
321 935 34205
478 485 27295
258 334 38275
77 100 41761
517 959 38639
317 633 47760
492 613 34059
89 732 47011
284 877 39205
570 793 34713
1 758 22000
466 833 32249
161 419 37643
545 629 26476
440 500 21000
185 975 31305
665 922 51788
441 669 20000
597 891 32202
156 303 57801
439 662 30414
460 502 26401
153 900 31401
550 643 39699
441 811 56921
873 892 38626
397 904 12728
640 816 34928
191 799 49930
211 426 60008
824 963 29155
262 270 10630
153 199 10296
652 776 24331
380 530 43290
437 808 25060
265 772 28653
188 279 31000
128 617 44011
551 811 71805
114 256 31385
115 430 25612
340 948 27459
110 123 26173
10 803 25942
251 603 14318
627 689 20616
285 815 84149
653 750 12083
215 694 49649
273 571 39013
81 750 37855
361 562 25060
241 855 46098
242 565 35228
149 687 27659
21 946 44294
530 731 31145
200 661 21587
544 774 26077
437 472 53009
295 324 49659
70 685 12530
262 422 29530
424 964 22825
725 961 37054
127 208 36056
551 908 23770
370 417 27893
136 466 40162
397 618 38079
299 752 30871
417 703 32388
502 555 35000
91 902 24187
603 833 21840
267 578 33838
334 372 25710
67 593 57385
201 565 25554
227 948 36674
425 498 23770
216 947 22561
294 803 40249
299 818 33242
392 479 42190
370 406 14765
144 331 17263
382 821 30871
408 928 55973
358 576 31780
368 479 55444
585 627 20616
635 957 25962
523 746 17263
736 941 29017
244 300 16492
299 450 15811
283 760 46011
238 883 19698
189 763 47381
201 472 26401
458 795 24000
671 962 58189
250 373 19698
416 548 26077
289 960 32757
509 863 45100
503 664 43417
521 532 18439
747 908 29155
292 532 15811
684 742 25495
215 521 59682
503 631 36892
311 878 29155
725 872 19723
101 495 62626
519 844 30017
113 182 23087
237 746 19849
375 791 20025
437 470 23770
396 492 31623
60 746 16279
498 939 38833
190 841 11402
539 957 14866
858 908 31765
276 720 37108
206 472 32249
266 682 46530
568 583 58181
510 760 37216
51 389 28636
122 263 20248
553 828 31890
44 187 24759
486 876 32249
249 431 21000
388 903 25632
107 790 34713
408 962 37802
140 179 12806
585 823 65008
91 964 33242
899 945 87658
327 673 19026
432 895 41037
377 387 36715
216 571 47854
24 40 39357
554 595 39560
592 632 19647
436 952 18028
92 719 25060
383 969 20396
579 927 26476
451 944 40460
216 448 37855
473 976 14142
282 923 15033
42 765 36620
409 479 37736
795 900 41761
151 973 21260
108 828 25632
454 953 16492
635 942 31145
513 870 19105
786 937 26420
239 704 44011
873 883 31385
192 394 36620
580 934 13038
81 717 23707
633 834 24021
84 588 40000
310 652 14422
596 914 13601
167 790 43966
80 126 23707
145 692 12207
259 302 18028
434 597 31828
533 900 36497
611 899 54589
438 623 19698
697 749 38210
612 822 19235
147 756 19235
183 469 10630
470 907 66370
668 878 43863
148 679 24187
579 838 28460
234 293 30232
80 845 24021
436 805 14213
192 682 93744
104 457 36892
367 875 45706
415 493 56613
208 483 18601
258 628 47074
442 553 152030
268 464 33242
760 803 46065
695 920 46011
305 472 38275
136 218 48166
93 647 39013
469 945 85866
416 778 38013
62 835 28160
397 511 29155
84 737 25942
311 845 48836
355 495 36346
40 866 35171
141 284 39446
166 688 10630
7 587 63561
47 431 28018
36 298 31241
219 676 37947
490 557 16125
643 939 13601
114 391 14318
158 537 21587
247 811 29698
829 951 149626
56 367 70342
60 237 18248
431 716 20000
248 713 35228
195 681 42297
281 854 49041
164 961 25612
304 895 26306
777 797 33541
18 461 13416
129 421 54918
380 697 42190
145 803 28792
101 436 51088
740 795 43863
557 912 26627
521 566 34409
250 815 56303
378 606 25020
139 839 59439
522 675 40262
718 741 46530
602 729 24207
114 567 27459
733 791 54589
37 947 35903
103 817 39205
181 929 28636
191 579 26683
79 445 35735
73 729 24166
340 744 27203
535 639 30067
685 705 11180
512 749 29206
614 774 23431
290 901 34132
161 463 30000
9 297 20125
389 404 12166
446 772 22825
304 714 20248
157 242 43046
72 824 25962
551 759 12649
127 481 43278
201 232 38328
24 866 27019
728 932 42190
608 722 15524
165 672 26926
104 700 34525
303 915 18248
186 522 16763
420 556 41231
58 499 29000
518 579 19416
525 591 43600
582 641 38118
53 101 49336
125 803 45277
326 746 38079
329 969 31623
52 916 43081
745 849 18601
190 587 34000
95 504 20396
349 662 20000
821 962 152345
19 482 53085
74 775 12728
12 816 13928
546 787 71021
507 852 11314
426 687 68264
33 446 37363
517 937 50567
132 590 19698
842 915 18385
337 580 20396
117 564 12083
589 700 23854
16 353 11402
59 367 48083
23 929 15133
479 729 53075
196 528 24166
175 721 22627
316 355 23324
226 925 30887
162 940 32249
294 824 34828
244 735 36000
285 361 33242
123 936 20881
27 100 10770
11 404 19026
91 267 37802
418 559 60033
23 32 12166
368 409 35468
386 600 13892
354 722 14213
631 785 25020
378 808 27074
232 472 27019
98 171 13000
113 960 33956
621 748 16155
243 785 31145
168 455 45177
387 708 29155
21 379 31064
254 822 25080
352 675 41195
377 638 23707
51 796 78186
218 788 35511
757 970 25318
178 595 28844
378 882 25020
143 752 28302
117 137 55785
254 612 30414
162 185 22361
70 718 11662
507 921 12530
152 861 25554
468 723 45891
140 275 17263
218 843 20000
400 810 29206
170 413 23707
348 671 34015
416 644 19105
264 277 51478
172 331 44922
63 703 42438
412 940 35128
360 459 45222
428 663 17804
80 213 41012
148 336 17263
385 892 35847
34 526 21213
221 443 35171
424 541 28443
6 811 28160
499 785 42297
126 831 25020
578 893 37656
599 640 27019
223 556 29206
158 586 51624
230 863 53263
766 970 21954
22 471 10198
538 683 42450
67 246 35384
645 976 19235
334 774 49193
199 586 16553
216 366 47043
111 599 13000
333 381 11045
738 743 50090
533 740 17889
492 672 26476
17 872 32757
405 660 10817
116 615 29833
205 908 14318
370 902 35341
625 713 12530
335 703 16763
437 606 40012
365 489 14318
68 676 30871
518 598 50695
624 754 23770
395 422 27459
342 940 41012
566 778 25632
425 959 39825
39 94 35693
7 604 43417
275 368 16125
211 534 78816
119 619 24698
156 448 31575
440 814 114586
838 927 14036
103 668 60374
275 327 43046
39 139 21095
466 603 34366
79 507 16492
126 236 18111
73 368 22204
58 844 11662
211 381 77621
194 922 18248
141 964 32249
445 616 66098
31 829 19416
663 850 55973
282 804 39812
458 911 26401
175 956 55543
429 823 65000
153 795 42544
55 926 28320
392 705 36235
423 501 46098
557 943 13454
226 467 28653
317 905 42450
626 963 31048
825 830 21213
309 450 57974
453 209
770 159
330 900
275 574
165 618
113 294
208 100
607 881
839 230
446 307
738 591
393 79
897 495
802 437
245 673
343 687
375 734
701 371
581 856
382 849
568 183
352 848
719 552
552 804
801 559
277 242
347 344
202 835
322 553
354 326
521 26
717 564
645 886
98 523
216 644
556 48
75 411
834 860
123 793
517 822
436 48
662 697
842 444
718 481
382 768
259 211
320 566
423 109
137 472
213 718
699 562
795 267
628 392
457 662
190 751
715 746
803 893
153 230
779 692
577 707
738 207
644 748
340 754
379 449
861 463
890 760
660 85
90 701
490 273
512 335
874 321
445 232
438 413
289 323
766 706
241 582
297 336
636 639
601 345
175 815
277 746
326 483
209 608
270 159
931 413
695 940
681 700
142 167
347 710
543 513
366 808
215 488
750 208
130 758
66 495
761 487
706 399
45 517
401 902
337 348
643 439
442 504
258 823
952 318
623 127
144 587
452 597
865 797
602 124
614 559
366 111
555 793
659 492
68 668
741 193
534 363
415 957
676 69
717 334
910 553
669 469
574 141
640 562
840 467
401 315
154 804
962 387
270 396
361 355
224 159
54 395
332 828
655 750
439 977
717 605
295 435
469 943
272 261
102 791
471 441
405 812
369 751
267 114
290 753
444 257
308 468
627 897
296 613
467 608
129 483
770 303
356 448
832 537
552 479
854 654
127 437
865 448
768 498
931 389
238 716
507 918
223 321
740 290
340 660
774 215
347 282
413 662
404 926
561 424
369 151
45 530
230 743
640 582
408 159
80 583
608 313
418 139
403 533
481 449
220 361
747 549
637 485
561 673
535 345
203 331
962 660
701 463
685 956
435 22
250 104
849 537
498 998
763 374
198 722
636 363
903 285
443 632
762 848
823 532
678 917
891 389
312 865
343 163
91 283
136 408
847 384
796 728
964 351
928 263
432 821
530 515
550 256
216 814
146 655
764 870
88 468
224 123
259 467
106 678
512 763
464 857
977 622
528 745
369 82
712 945
851 685
954 531
105 414
503 710
439 443
166 356
896 351
591 367
216 890
469 95
156 786
595 710
737 480
422 577
749 148
503 660
908 446
160 275
618 240
153 208
636 59
161 323
991 465
304 522
348 51
290 513
833 475
560 823
742 424
788 166
41 652
663 336
300 257
273 88
833 428
305 581
323 659
591 152
764 762
629 886
631 958
389 838
491 120
503 284
330 651
334 593
491 830
110 550
560 203
468 424
171 386
809 787
501 894
654 956
280 931
831 769
656 163
382 359
425 778
479 15
839 167
417 401
160 601
684 497
591 428
539 66
702 816
233 915
398 266
640 80
359 819
848 212
532 28
310 125
602 244
293 798
290 82
173 472
957 569
862 332
619 523
695 727
228 581
308 190
545 936
212 872
793 702
106 565
156 685
54 426
717 370
949 470
340 412
186 783
466 707
514 899
205 248
675 454
661 125
431 168
545 738
505 402
677 329
765 789
171 523
273 756
408 615
444 534
332 236
300 714
313 610
227 707
281 829
423 994
933 537
507 203
210 264
593 938
956 431
237 478
244 267
834 417
40 480
632 314
577 450
375 386
866 679
340 698
908 597
697 382
147 833
435 687
541 683
283 258
149 677
455 38
351 672
277 943
187 198
515 89
41 470
733 678
460 410
914 458
337 769
503 437
357 242
340 69
262 131
563 88
897 548
956 679
856 298
594 200
249 784
455 535
60 337
799 819
283 352
762 559
894 592
974 647
267 684
725 574
732 806
74 681
463 313
277 655
528 977
294 656
815 226
494 725
828 124
737 655
781 570
618 147
230 457
379 376
737 572
636 519
350 762
94 717
30 426
487 387
715 62
261 282
274 290
390 140
465 887
640 698
675 797
310 762
653 190
518 954
591 753
331 401
309 633
197 446
409 773
208 623
529 575
193 508
684 235
804 681
757 173
304 543
989 565
134 591
827 264
673 351
694 436
832 337
558 503
618 297
25 621
86 320
790 907
430 848
108 577
590 311
635 850
137 840
96 431
457 909
323 134
892 736
527 64
814 629
404 479
444 905
911 775
932 287
811 598
186 651
503 145
689 365
745 776
489 942
523 129
202 233
282 473
837 660
550 528
568 665
810 346
354 858
875 368
860 184
484 225
83 341
91 557
132 163
333 928
467 355
229 422
990 420
528 853
949 340
838 407
309 941
115 768
391 572
726 467
518 103
29 565
407 118
805 196
607 652
381 890
702 418
186 124
658 853
231 629
124 230
25 600
187 491
482 161
73 253
62 515
385 238
765 195
605 361
921 410
353 412
409 362
465 722
299 831
702 78
622 258
153 579
284 624
190 554
871 524
164 194
811 327
713 839
946 665
563 720
361 497
185 156
83 508
490 440
893 263
358 934
206 789
381 311
717 821
857 598
466 469
376 291
596 558
773 519
360 548
438 877
825 780
404 745
125 604
826 733
380 194
942 729
556 26
563 251
689 775
498 463
189 708
124 372
798 325
898 800
424 523
510 182
551 763
45 567
603 832
705 220
552 95
191 329
467 60
788 329
404 962
904 411
685 859
53 645
510 424
759 838
712 671
109 511
763 891
404 544
284 375
184 226
534 652
544 215
400 870
875 543
247 711
477 987
707 636
561 452
820 673
813 647
816 517
266 74
294 191
931 344
340 846
211 191
581 393
703 123
427 352
387 509
790 602
850 242
858 475
371 99
887 580
627 912
409 376
277 507
174 127
555 696
831 297
350 837
921 623
424 879
189 680
524 612
720 403
827 222
372 177
515 386
527 291
226 397
461 744
704 355
855 800
325 84
449 809
540 495
108 386
981 441
447 218
826 663
346 247
916 734
491 703
104 273
562 398
933 515
479 763
423 859
94 419
648 706
935 690
378 261
392 116
745 633
55 529
215 678
661 784
857 173
609 939
749 247
304 215
426 700
602 478
563 271
553 924
258 704
461 799
227 483
488 146
445 97
630 213
240 339
630 528
683 896
648 302
698 246
94 215
171 776
389 943
220 176
231 877
98 304
767 227
26 511
800 222
524 403
847 628
907 675
118 714
624 641
898 658
293 589
274 315
678 368
590 980
401 559
466 687
501 341
743 835
461 581
340 290
839 647
328 443
775 184
454 264
714 441
736 911
871 690
89 528
291 780
255 179
509 747
918 324
538 791
498 608
305 730
381 593
491 336
664 536
173 273
959 622
478 828
568 834
356 630
724 322
987 430
974 558
623 402
320 531
256 735
506 325
203 510
207 377
96 599
917 608
559 573
764 468
326 717
881 278
274 909
802 831
428 391
253 619
229 810
390 691
616 76
398 388
654 240
253 245
247 171
546 228
581 201
841 606
465 303
443 676
596 231
949 515
515 776
580 723
144 367
310 78
317 808
269 709
323 635
282 138
335 524
86 377
269 929
618 880
91 635
475 209
112 376
413 325
346 816
331 495
402 56
289 387
683 727
76 641
915 711
726 250
25 460
749 578
639 976
615 861
354 302
354 192
298 314
557 948
919 355
676 835
526 896
508 41
369 524
435 476
448 521
822 171
129 272
131 556
626 38
253 432
649 908
426 620
562 68
277 843
689 645
382 524
811 574
671 635
913 388
520 196
822 495
499 743
673 897
584 552
434 284
639 199
703 447
433 65
434 248
854 325
759 271
763 593
140 302
202 218
214 576
66 728
395 20
406 84
262 862
343 129
376 651
566 883
47 309
717 422
748 648
420 239
299 603
604 146
281 703
874 821
537 15
314 588
129 803
267 533
298 501
909 514
647 720
348 33
352 563
884 570
89 733
462 80
259 97
163 507
247 451
163 224
176 839
357 972
255 876
757 398
530 765
661 288
864 718
613 369
795 158
878 783
513 705
281 805
300 104
161 409
689 670
610 927
343 426
191 367
398 409
843 287
820 413
551 831
538 705
460 440
567 364
688 65
242 365
343 727
757 527
572 940
688 686
99 740
421 817
201 845
281 335
309 401
435 135
881 297
745 498
57 310
379 908
813 869
965 419
454 163
578 893
480 112
864 271
793 541
363 877
501 452
961 595
899 512
304 930
543 131
550 660
851 562
609 399
369 784
258 660
485 716
990 481
753 384
803 412
133 394
529 733
741 525
790 614
23 582
410 146
779 610
170 490
811 307
816 463
565 384
748 826
917 689
616 355
180 725
657 148
751 457
824 700
209 772
870 569
48 373
721 537
107 622
816 249
824 867
709 486
258 718
505 866
646 542
144 533
814 435
223 667
239 293
224 244
420 828
36 557
866 705
590 582
607 162
83 446
938 564
131 664
612 262
685 37
695 454
420 475
727 925
640 38
58 634
448 866
907 484
183 592
667 525
324 680
7 456
417 210
389 784
452 971
688 804
439 989
208 635
795 799
87 660
289 570
206 752
786 289
493 873
217 303
874 182
