962 2277 9 456
529 640 25000
68 524 26000
206 857 19105
450 685 32650
348 555 15811
266 853 44643
107 838 26249
381 416 37336
254 870 31048
535 831 28653
535 607 49396
122 154 19235
147 804 39217
97 838 46573
592 859 57428
123 659 51478
458 728 36878
433 951 24352
341 367 25179
419 910 36892
214 832 34205
64 344 20809
527 653 49041
427 486 36878
440 784 29411
336 918 14213
423 769 10817
221 390 54203
114 265 27893
14 388 23087
16 381 36139
353 425 24083
102 275 39560
102 907 35805
223 797 38471
827 852 29155
756 768 45277
91 407 22091
404 805 32757
100 232 15620
75 572 19235
128 571 17117
430 546 12207
594 676 22847
337 860 21095
656 695 57585
293 576 16031
145 662 28425
422 621 40262
491 512 40311
569 680 48549
581 680 40012
611 626 16125
222 494 42048
171 692 28302
178 594 26000
738 955 42720
24 826 131883
881 900 38210
867 931 15297
496 816 51662
340 756 24042
343 447 55471
625 844 26306
604 933 28653
389 802 66370
68 73 11180
471 874 17804
317 426 14866
587 923 12728
355 836 46530
139 962 21840
375 956 29275
219 369 34928
66 194 24207
370 874 14560
117 702 20100
387 755 53852
349 720 13416
563 592 29732
259 872 16125
618 695 36401
30 261 33287
191 498 17263
25 310 21587
695 775 39319
124 224 23431
505 697 35468
469 751 55803
112 392 12000
25 772 32311
496 557 49041
353 679 21213
185 332 15524
27 513 12000
123 643 15133
57 636 37121
12 537 18974
90 387 89320
172 201 47074
228 469 39459
32 230 30000
530 919 23022
13 681 38118
43 403 27586
614 776 35341
137 586 45541
102 192 30083
170 354 16971
536 926 38079
139 794 30150
271 858 10296
483 943 14866
273 644 28601
273 933 35000
679 703 61847
75 885 26420
577 659 34409
40 786 48508
57 755 54203
335 865 21587
347 722 25807
382 929 35440
56 254 39825
149 740 61033
61 650 54406
482 829 43417
608 847 47802
735 781 16553
33 594 27659
418 728 36125
233 451 29732
782 824 36620
371 667 26000
265 521 22204
887 913 56080
203 508 31321
124 789 41773
349 652 48600
192 275 29530
116 587 28160
570 698 20000
263 910 27295
51 589 42638
662 821 14866
748 810 61131
50 529 48877
237 294 65552
258 616 18439
553 853 32450
789 861 39000
360 414 27586
887 954 55000
202 250 23345
17 541 20616
256 763 14422
179 794 35468
137 920 20591
265 534 31401
166 890 44598
19 904 16492
31 201 25179
441 476 37537
4 469 35693
437 448 12649
195 883 18439
391 615 60745
662 959 14142
566 868 15297
501 661 28792
78 491 54120
592 922 35000
132 206 31305
418 808 29275
687 910 25710
196 883 38601
239 617 45188
41 407 27295
363 917 28071
341 561 33302
4 228 13601
431 881 29967
149 441 44011
23 176 182099
52 440 67119
427 629 27514
97 371 46530
299 415 36222
387 582 44283
209 620 29017
166 562 37656
162 781 18868
546 844 20125
365 784 22561
327 385 23707
689 852 47000
714 939 16401
47 133 26420
309 405 31890
279 608 15652
92 786 29411
136 664 17493
426 730 31575
158 294 37336
209 584 27313
423 904 25554
99 925 41881
434 903 45277
303 427 31016
95 556 40447
169 456 35609
251 825 32202
94 897 16553
145 481 25632
124 241 34482
15 747 34132
326 614 41785
477 702 53600
291 644 37802
379 578 12369
412 909 43566
376 382 33601
870 939 25612
265 878 16279
182 303 28178
664 955 30150
681 705 33956
104 398 51196
528 654 31401
576 855 37736
257 930 19209
240 775 33136
297 793 16401
377 561 56036
310 533 12042
221 404 55444
2 142 52010
144 704 38079
386 876 27514
527 692 35805
373 911 31953
50 640 52479
359 761 33971
66 535 36056
138 903 58181
235 961 17493
130 961 51923
306 611 55073
238 565 32000
384 803 33377
693 699 28018
133 301 11662
177 814 50000
642 793 18028
679 887 70711
185 602 48010
163 572 15652
661 888 24331
172 914 55362
712 853 18385
24 476 94430
419 901 27019
357 371 26926
168 853 43417
398 447 38910
79 904 24739
424 869 28231
384 492 22361
6 78 48010
10 907 29411
93 670 30083
91 928 53535
842 933 34234
547 790 13416
34 287 17029
312 700 16492
602 848 53712
451 464 32527
261 828 42450
17 103 24413
689 928 14318
80 568 36715
541 614 35847
120 835 40311
337 690 27459
94 399 53852
789 902 23259
381 660 45044
54 573 13416
92 477 57385
176 238 44598
84 495 38013
675 893 53740
695 793 17000
352 889 18028
385 579 25060
453 843 44777
663 686 30000
527 864 22000
482 852 24759
216 832 32985
189 331 19416
253 548 18028
172 327 74000
7 202 40447
136 658 54203
704 948 33601
497 841 19209
820 961 46011
130 820 27586
624 899 45618
223 666 49820
280 679 31623
616 863 41725
350 491 44045
589 624 34713
488 588 16155
596 686 38833
269 926 36401
124 307 26019
931 957 22091
389 899 40608
687 806 10770
168 712 35511
276 915 31145
120 939 65795
706 824 28425
67 619 14142
146 780 46325
181 203 29000
627 803 20224
177 736 51157
616 810 46325
756 896 29000
710 936 32985
237 788 48010
88 406 25000
530 824 31048
60 127 31016
753 872 23770
441 548 17263
465 752 42202
680 950 20125
105 157 19698
780 800 22472
534 721 13601
180 482 32985
789 921 30017
313 756 41437
241 921 24187
207 320 40853
93 281 18601
110 468 44045
34 550 16643
277 516 29428
468 708 39205
508 635 59841
112 359 21954
387 672 118106
524 665 29017
56 870 44385
128 576 31064
401 655 25060
192 229 26000
5 545 21095
137 880 43012
568 885 35355
498 724 19209
292 954 50804
7 819 15524
439 951 26173
303 629 11180
100 716 44777
57 387 14765
736 857 16155
51 952 35847
212 818 28302
258 810 41400
46 475 30480
29 200 21633
186 495 18868
390 880 13000
109 419 43863
905 932 17692
245 794 11402
338 788 46098
136 469 37108
244 822 26833
412 613 47381
150 873 52811
402 454 46487
315 636 54120
95 247 22023
366 474 54148
208 473 26833
8 813 92720
129 390 37590
388 950 21024
99 759 15620
349 408 10296
273 545 20000
16 471 12083
167 724 51614
510 747 10770
67 414 20000
461 607 55009
454 522 20125
698 737 21541
360 442 20125
250 858 62298
735 922 20100
845 879 22023
473 510 34828
788 817 64125
27 165 39623
21 94 15264
268 721 33287
92 345 49649
153 357 48094
562 890 37216
271 792 33106
169 209 32696
108 559 28018
285 457 21471
22 343 42048
300 503 33541
332 863 50000
549 651 25807
14 421 18028
18 449 32650
283 738 30414
411 833 32016
369 507 33121
85 505 26870
362 466 24698
33 446 50774
228 499 29698
485 762 15620
355 707 20518
20 125 35903
164 512 35355
47 311 16401
126 272 37000
435 515 54781
318 578 44553
205 869 43658
259 753 26926
362 761 32202
67 247 28178
284 725 46000
37 774 21213
140 345 18028
818 869 29732
540 838 33956
325 661 43566
314 440 34015
827 954 40224
378 752 11180
105 610 38184
326 457 43463
1 565 31623
304 737 58694
702 836 39294
433 585 48374
80 709 38484
123 198 57628
478 674 86406
277 699 60133
634 826 36014
13 380 18439
315 755 50567
710 809 31623
570 792 18385
553 949 13928
728 743 18111
141 608 60141
153 529 54489
72 432 41629
16 874 19000
726 887 36401
241 885 33734
294 567 39294
406 805 20125
546 748 17000
254 509 31257
464 833 16643
625 730 14213
103 326 34059
896 934 35057
49 771 18000
569 796 37483
382 700 28636
310 584 19723
73 747 24698
669 810 42544
489 930 26077
532 656 31906
257 616 26401
502 790 20616
26 618 48083
747 908 42720
477 543 45044
150 279 12042
313 618 30150
24 149 71589
852 954 44181
390 404 48826
161 558 11180
442 809 11180
192 602 11180
635 944 46615
404 716 13000
123 577 26420
107 773 30610
45 561 50000
828 890 20616
47 249 32311
59 527 48052
119 675 39217
301 330 40361
663 861 37802
484 761 26420
67 532 40522
48 629 25710
439 531 24021
289 933 39560
403 627 49092
236 276 28018
139 606 36797
172 509 50912
317 730 25612
713 843 46141
877 945 20248
300 653 10198
405 441 19647
226 937 30017
863 930 38013
880 920 27313
343 491 49649
304 611 63285
182 338 55731
339 605 17804
6 889 21213
3 906 35735
184 388 21954
343 398 45222
70 595 19925
39 911 25942
897 941 55027
399 511 60415
164 762 28178
237 432 42048
127 559 32573
734 834 10630
96 842 24083
272 690 18028
155 520 13153
516 821 15556
173 739 38184
253 428 21840
640 832 15524
319 912 19105
378 446 37121
607 831 53600
394 798 41110
665 838 37855
293 541 71470
71 337 33541
402 836 19416
199 221 39000
324 698 27459
219 735 28844
92 172 54452
53 737 52697
530 706 32311
302 396 26571
319 735 11705
557 881 13892
447 940 36674
216 848 34670
336 938 28284
171 815 46098
74 849 30150
700 929 17088
68 208 23324
402 579 13038
182 746 62370
55 413 24739
575 849 38079
812 830 21095
97 366 43139
283 739 18248
351 508 34713
429 886 34132
536 766 58856
261 562 47854
305 684 12083
146 432 26000
632 738 10630
56 179 44407
568 877 18000
77 106 26907
346 447 54037
519 917 25807
240 661 17804
814 931 32802
537 928 21378
237 574 55803
147 948 79699
443 651 26926
552 764 13416
123 184 56089
225 699 51478
8 779 53600
120 569 52240
403 813 43267
834 914 41231
48 647 29411
520 538 37336
290 373 46325
215 430 12000
7 858 51245
223 390 21633
324 599 17205
375 470 44911
122 535 30806
166 678 44911
9 842 33422
272 902 35609
141 196 20809
534 816 29017
851 902 50289
260 574 56223
13 705 12083
300 878 29069
746 788 32757
281 670 14318
358 678 44598
95 442 17464
703 954 34059
185 216 29120
358 494 34886
528 536 37108
575 916 28636
345 786 35777
843 846 34713
400 529 44272
32 586 33541
190 891 38471
240 953 47011
162 735 26571
38 704 40025
237 746 32249
101 808 49930
608 729 24042
162 474 13038
117 772 74967
171 527 36346
385 412 47043
456 550 19235
50 454 33000
372 706 23537
60 262 42190
272 777 37162
439 486 52498
1 576 34828
132 839 43658
113 715 26926
189 597 49041
386 903 45706
484 670 15652
496 544 18111
37 77 16031
4 494 20616
174 214 19000
261 687 12806
230 317 28601
277 440 12207
187 479 22672
44 905 22204
426 586 40249
18 769 29732
6 352 25000
231 822 19235
612 656 24021
399 897 55444
171 497 13342
534 840 35228
284 692 34928
100 275 42202
84 474 55027
172 938 33971
185 848 27019
85 138 50220
391 507 44272
612 775 61033
331 572 10440
472 892 44418
598 926 16492
184 950 29120
379 804 10440
365 519 34525
53 271 57385
563 641 10050
180 438 26926
290 956 25080
867 945 28320
75 163 11180
154 916 26306
187 236 33601
286 635 46861
372 511 51088
480 881 55543
114 864 59169
283 450 42202
106 205 33015
806 901 22361
129 404 22561
391 474 50804
419 953 38328
321 609 75664
169 287 23431
47 301 33734
782 919 26926
797 920 21932
777 921 36125
288 849 34438
255 755 48270
814 839 16279
231 697 18868
223 406 33615
227 613 61221
111 932 21024
295 495 25060
225 516 21633
646 786 34366
39 618 17464
165 233 15524
799 825 30529
598 744 14318
761 812 48466
222 420 29530
374 911 21954
120 202 37590
368 511 70491
111 447 35057
56 919 38013
294 490 26627
432 746 36770
14 188 20616
671 684 29614
502 704 19000
300 510 11402
383 525 37443
45 76 27659
203 739 43566
289 301 25239
189 770 37855
391 895 19105
649 776 44283
86 97 43829
32 382 37014
149 451 40608
626 668 49820
411 535 36620
126 410 14142
28 919 13000
270 826 53339
6 602 43909
344 458 17029
196 457 59414
630 718 11045
738 798 36359
290 829 53712
147 578 38210
41 321 17263
830 866 19026
143 213 32311
61 85 21190
210 940 22672
10 404 34366
231 434 19416
121 344 24187
284 841 13038
215 725 17000
554 674 36401
483 792 10050
586 880 56851
213 545 20224
654 926 46271
274 812 34785
261 630 32016
142 513 36139
673 828 36346
454 702 51614
271 943 20881
101 468 26476
152 643 34670
789 851 52345
481 662 31575
119 717 18974
459 949 25942
304 682 39925
244 558 13454
173 626 39205
518 529 23770
97 295 33526
100 102 11402
502 948 21541
84 97 33242
635 774 26926
459 708 15264
647 800 44407
460 783 34205
284 298 23409
435 564 45343
415 628 40311
58 884 15000
212 424 31623
21 601 44643
619 656 17205
79 575 41785
403 820 29155
154 833 38897
561 899 49406
882 894 17692
14 960 12083
712 884 24331
81 182 18601
108 651 23022
198 754 13928
584 960 25495
331 375 19647
4 222 51039
15 564 35847
446 465 17029
266 341 36878
338 778 49031
137 873 54378
122 833 26249
1 176 13892
33 315 48021
348 561 13454
793 911 20000
197 724 56080
36 807 27459
585 790 12207
63 860 12042
554 803 136653
158 817 34059
249 755 42638
318 961 33971
183 861 13601
569 581 27019
308 357 19105
554 758 27731
89 364 31780
191 731 11705
208 886 47539
140 254 25060
181 283 32802
637 925 37121
212 286 54120
645 696 49336
507 736 22472
112 126 22804
87 655 35903
566 822 45000
98 642 13892
319 773 28302
858 943 15297
255 387 77524
252 569 10440
504 677 30265
46 918 35777
180 290 26571
31 96 46819
9 871 12042
701 708 47802
462 618 17205
302 840 59942
229 907 12042
158 693 18385
22 78 17263
284 497 28653
398 932 24839
216 371 49041
117 251 53235
508 590 52887
550 600 39205
192 907 32016
64 121 10296
292 888 33242
79 242 31401
25 825 43738
633 884 11402
248 500 62032
573 593 25612
199 924 22627
335 369 36056
549 694 26000
71 684 38626
76 348 32249
53 792 39812
537 722 12083
17 729 45177
137 929 47127
543 850 11662
669 765 14036
257 524 56080
168 230 24698
369 615 36892
116 726 15000
673 901 42059
354 723 24597
479 774 21095
5 213 14142
145 791 13038
424 818 12530
65 310 22204
429 592 39051
315 465 56303
497 742 28018
795 919 24021
52 131 42190
534 731 17464
290 482 44385
390 924 26476
76 881 58421
264 459 51245
250 835 12042
395 904 26420
24 270 78549
384 745 20881
169 677 36401
197 787 17464
38 528 40112
348 480 11402
317 771 27659
918 938 24207
230 749 32802
442 856 20616
315 622 55606
149 233 15524
465 601 24839
264 952 46648
389 624 10296
480 815 41146
226 282 31113
544 557 38588
641 912 26907
279 422 35777
419 673 45618
280 887 63246
368 824 35511
682 739 44407
449 826 10630
29 596 35693
344 418 64008
53 617 60000
20 543 25000
204 282 24597
186 295 30463
635 875 25060
906 916 23087
221 765 32558
503 859 44407
111 201 30414
429 631 27803
730 924 43417
281 484 13038
715 947 43012
474 781 28601
75 189 25495
26 656 29069
536 935 53000
665 930 34059
140 509 12042
710 856 24042
152 239 14765
466 761 32388
113 709 39699
437 872 11180
203 351 35693
453 846 13038
263 612 55714
211 897 26077
305 761 29275
890 958 33061
323 566 75432
219 922 22361
315 488 36056
684 866 45177
164 413 52631
542 611 61465
851 860 36069
609 803 48301
202 835 12083
261 890 49649
328 935 39598
62 85 36056
175 469 57559
203 682 29833
36 156 14213
126 823 28443
701 942 26019
42 146 97417
229 602 22023
101 743 19416
479 710 45177
636 755 36497
327 412 42720
39 934 30480
310 799 22204
89 456 34015
266 459 51856
309 727 21095
126 470 28460
149 165 21954
2 500 12042
914 938 49930
418 743 23770
184 514 29530
185 275 31241
341 815 40311
265 864 58078
351 617 38079
30 630 17464
70 748 35440
63 610 25000
657 831 45453
242 849 29017
247 718 19698
358 673 89269
205 506 10296
112 410 12649
834 882 32249
312 551 48415
201 905 50000
504 723 18974
82 697 31401
49 430 39051
145 699 48260
295 308 31000
332 757 54129
431 496 55946
61 62 28160
127 681 12042
126 580 10630
277 784 27785
223 920 25080
517 876 17263
43 492 17029
439 547 26627
902 921 39395
276 955 26173
220 382 29155
469 658 39051
208 524 24413
639 898 18028
617 796 38288
452 801 43909
263 687 21633
927 945 13454
370 422 49041
165 441 37590
283 632 28320
280 478 21095
678 958 32202
318 383 26249
276 556 22204
214 216 13928
393 638 29206
80 770 19416
240 888 16401
421 754 17117
60 549 27857
414 583 43105
325 526 23431
461 657 23087
408 903 40311
899 952 53339
117 454 45122
129 406 19105
97 757 37855
775 888 21190
16 855 23409
659 801 12369
103 141 44385
867 877 37363
167 766 28862
37 106 21095
294 500 48765
182 788 70292
701 749 39357
444 682 19235
131 535 36125
370 539 29000
413 512 38471
135 475 21840
672 872 37802
659 818 49041
539 762 40608
171 900 38897
853 949 42059
347 353 22000
409 727 65000
296 599 19723
612 695 55145
673 958 24839
357 667 16401
144 342 18788
256 666 12369
801 893 65000
292 887 67941
333 493 73000
594 894 27313
212 659 42802
435 692 20616
85 87 38601
409 432 41146
396 481 30806
130 383 29000
89 677 17720
422 729 23087
456 895 24021
50 402 47539
191 521 13892
672 753 51884
259 672 25239
87 401 37802
565 576 12369
396 766 25020
637 883 41437
877 957 29155
7 250 52697
285 603 137091
433 573 26870
12 852 49204
267 430 34132
138 505 60828
506 774 29614
52 234 32016
287 620 16125
315 446 52038
98 695 33121
330 639 30414
275 602 37537
414 936 46957
62 505 34438
159 893 32985
332 371 57009
71 134 12042
320 526 20809
151 393 19235
144 683 27166
708 749 35609
334 817 25179
190 583 34000
707 836 31780
65 388 30414
660 705 41785
129 223 33541
773 886 38013
492 745 10198
785 897 30414
243 807 27857
628 753 11402
246 309 61620
234 365 41593
380 416 37162
176 455 48918
167 840 51010
323 943 22204
541 649 53000
159 170 38419
701 759 36235
10 648 32311
105 134 29614
263 775 72035
668 685 23087
454 836 40200
595 748 49406
251 600 27659
88 413 29698
653 747 24698
70 564 33377
184 581 32650
189 896 59808
330 475 35468
257 258 28862
553 749 17029
181 738 34015
165 248 46840
104 412 20100
230 426 29547
243 438 24413
327 707 38639
547 948 27659
499 560 11402
364 696 20125
556 562 43932
741 866 25495
303 338 37202
507 615 47854
421 452 39051
94 601 43012
217 467 36235
302 481 17464
78 343 41012
253 309 34438
600 760 40224
416 855 38471
470 777 12083
186 760 39459
42 800 49649
67 612 29547
8 383 65460
38 593 36401
244 698 20248
273 443 29069
912 922 12083
488 755 36401
296 434 23195
293 361 67030
772 850 48270
246 405 65788
756 891 62073
151 638 15524
11 208 35903
476 548 32016
367 561 25000
388 772 34928
56 782 17029
118 572 22000
598 946 25000
613 848 19416
489 540 24331
322 496 49930
478 726 24698
38 790 26907
361 541 20025
438 470 48765
342 683 11180
725 748 24759
163 921 17029
815 881 42379
700 873 27203
854 938 10440
491 538 36401
23 713 39560
294 440 68000
268 917 17692
113 768 15264
160 752 31385
645 814 19698
251 400 18111
232 275 44102
8 83 22561
197 859 55000
592 641 35228
749 942 21024
778 951 23259
237 260 14866
328 699 50000
29 744 21954
773 838 27019
443 604 19416
854 918 22561
723 801 53852
425 679 13342
183 269 45891
60 210 41231
274 609 39812
179 962 38626
532 583 28844
356 376 46011
327 905 48166
821 959 18358
217 767 33601
578 804 15811
106 936 40262
397 660 13038
562 915 46487
697 903 45177
600 825 13038
234 784 42107
384 812 46174
77 774 25554
333 472 74216
736 839 41231
316 732 16643
559 937 17000
2 248 57454
134 157 24187
396 935 19105
301 898 32140
264 468 44944
109 673 62298
582 785 33287
64 458 13000
56 962 21541
291 339 19000
112 466 21471
225 791 15264
340 770 21932
503 631 38419
641 922 32650
269 686 19647
174 909 14318
552 688 13601
173 682 27019
778 817 39459
354 947 35128
650 655 15232
78 227 31575
867 957 30232
282 380 30806
170 723 25080
282 416 34205
204 455 16125
706 919 45453
341 633 30806
214 613 31828
38 585 26926
125 477 18248
135 330 29614
551 883 40804
199 390 43417
385 402 15033
750 764 26249
449 634 30364
811 904 32558
399 650 24698
550 825 40162
11 429 37336
393 658 27313
372 824 27459
15 524 46065
734 918 27857
154 906 30610
492 741 52393
183 851 26571
597 896 64405
110 759 18358
318 779 45222
26 532 15133
12 679 41110
249 488 14036
612 718 47927
910 953 27019
487 771 32388
290 374 37855
313 934 39812
6 848 70036
467 898 29155
195 285 85493
25 251 47011
617 819 29530
203 444 14142
207 325 45398
560 658 18439
75 331 23087
516 959 27074
211 655 63530
424 875 28160
828 901 25020
267 460 21840
69 229 32280
76 811 44011
38 144 46519
677 723 32558
624 952 28636
130 813 36235
709 770 31145
379 486 32757
11 473 22825
310 960 19209
241 719 12728
597 956 25080
130 318 44654
742 815 49010
227 848 65460
153 251 32016
5 644 16155
291 559 45277
264 458 46648
52 194 23000
792 943 22361
42 813 136858
197 766 24413
160 523 49031
271 819 41000
165 464 35228
475 639 44283
796 819 15033
536 654 14866
102 648 36674
621 797 13601
312 382 32558
59 564 36497
28 870 17493
496 864 10198
633 853 26683
316 457 34438
926 946 24021
53 682 39825
81 629 20616
393 623 30529
457 614 33302
292 642 19235
846 937 42638
645 677 46098
510 653 18385
467 639 19723
148 596 39623
213 289 18248
18 802 46400
515 748 29614
840 959 50289
51 733 42202
129 805 23537
88 329 31064
430 725 15524
126 777 29732
113 159 33838
350 512 23770
579 707 16763
462 934 25179
205 424 30017
150 608 24207
99 110 28018
313 462 22825
307 927 21471
36 466 33121
491 660 56365
503 521 30364
616 930 32280
29 335 45618
191 724 31385
35 509 32558
795 870 21213
8 48 26401
580 807 18248
211 401 68469
161 434 23770
59 435 36056
61 511 15620
737 892 48795
132 857 41000
758 928 32650
96 135 31241
143 862 28160
3 833 47170
81 647 30150
777 902 44643
243 591 30887
99 101 48000
79 270 41012
549 559 31257
204 226 33000
61 87 38118
380 705 11402
350 352 24021
169 504 33956
293 649 55036
299 628 53824
298 742 17889
190 837 43600
420 915 21587
431 657 34409
212 577 14142
108 549 21541
429 641 20591
645 931 42048
116 887 34059
9 96 24187
118 470 21401
88 763 32802
437 628 25962
322 431 50804
517 903 48270
50 214 31765
735 912 17493
883 925 59135
566 919 62610
204 711 29732
150 621 25495
9 330 33615
119 869 44553
605 651 17000
329 406 24083
132 224 49649
5 713 37054
91 484 24083
584 799 23324
488 767 32802
485 666 32202
819 858 45000
137 621 26306
35 914 19416
171 544 38484
244 566 61847
737 792 21587
362 928 52202
413 889 15133
362 484 32140
261 901 28636
538 762 49659
104 227 24597
47 143 36770
217 315 41437
418 603 84900
4 175 56824
363 816 45607
851 861 36014
135 845 18868
573 693 53451
82 868 20809
356 883 26926
70 257 46239
341 742 44688
262 660 55082
571 576 32650
651 694 32280
269 946 17205
225 277 21401
234 519 25179
276 710 35341
23 299 17720
142 314 45222
744 926 13454
30 95 34928
434 558 17029
621 920 27203
407 670 25632
469 560 35171
167 197 30414
109 207 27000
136 632 28443
393 685 32062
118 777 22091
745 812 38471
58 298 32016
512 538 47434
290 597 20000
51 624 26926
366 773 17493
730 844 35693
463 643 13601
271 617 31064
646 714 26926
250 939 74330
458 952 22627
601 752 38288
124 861 29120
198 452 37443
116 320 75690
30 247 33956
128 193 32757
284 783 21378
333 542 27857
86 295 31385
138 720 36139
83 647 16279
25 533 19105
268 365 33000
323 698 17117
249 417 22023
408 652 39446
319 886 32527
839 867 42438
325 953 14866
385 909 45793
96 845 38626
10 69 32527
237 567 52887
589 733 10630
452 754 36878
395 423 13454
219 865 43566
262 346 35057
35 882 19105
366 838 22804
517 599 28018
55 352 10770
256 485 24042
503 510 34482
320 661 53235
585 593 47434
376 759 40311
270 575 47707
492 820 38588
27 833 36222
40 714 38949
508 944 27019
540 665 16492
448 862 23022
230 553 36249
490 699 17889
17 614 34438
27 142 35128
336 834 10817
166 222 36069
348 367 18868
268 534 39205
611 668 49980
745 866 41773
256 329 15652
302 662 32558
51 344 51624
589 802 59211
680 850 23087
203 283 40311
73 510 28601
196 551 13601
10 805 22804
249 588 17889
354 677 33061
49 317 18248
105 948 49649
79 395 19026
40 870 24042
23 453 72422
482 591 38013
193 204 16643
709 756 13601
398 905 31145
545 933 40311
120 850 31385
13 282 29000
62 82 41593
200 766 43278
184 680 32202
48 779 39217
333 349 154350
596 744 24083
829 911 41037
145 328 15264
470 807 38910
245 606 15264
168 771 18682
502 547 15652
837 869 32016
293 565 18385
691 758 24413
218 940 27019
312 376 44283
835 939 75432
414 532 38184
741 745 51196
407 928 47518
374 829 40522
98 292 12207
257 665 39560
123 463 26420
101 458 57871
33 894 24839
46 734 26683
693 817 30364
679 827 55973
32 220 34059
11 631 13601
202 569 29833
498 840 14318
599 892 22204
97 489 28178
557 900 32016
186 357 26077
288 811 14765
436 493 12530
90 672 28792
143 289 33541
99 637 40050
711 937 39623
72 409 35014
241 789 18111
365 959 32802
81 303 14142
321 758 28018
541 776 33015
338 427 23022
147 157 73790
486 531 51624
291 605 16125
155 471 15620
199 765 16643
89 169 29547
115 138 13038
306 638 22825
339 651 22361
625 924 35341
298 712 35468
62 697 47539
307 885 41110
474 760 71007
120 680 32894
59 692 35847
213 862 36674
808 925 44553
407 691 14142
195 445 45453
527 544 36056
551 847 33015
669 748 43417
210 262 54406
274 484 22472
842 940 34366
340 896 14318
86 357 23259
182 800 34540
151 493 27459
596 946 31906
210 842 29069
144 654 43324
273 651 32558
103 614 17720
123 286 49930
336 914 46011
76 802 53852
89 696 24597
44 412 33136
3 740 18000
601 785 45044
445 603 24021
525 813 31145
429 563 13601
177 839 43829
764 768 20025
711 846 28636
400 518 30480
403 803 67978
688 750 27459
382 942 30067
373 374 20616
135 871 11045
641 886 17464
461 831 33242
10 413 26306
118 375 34828
359 823 13000
551 873 38210
239 796 13416
573 817 43966
80 957 50774
188 388 13038
59 908 18358
294 574 35000
446 676 35000
206 224 59169
200 536 45486
41 691 14318
604 842 13454
395 769 18439
253 476 38079
340 709 23431
12 689 31048
359 392 13038
795 939 17720
733 826 73000
424 506 31890
250 566 77279
278 770 38833
17 361 18385
188 754 35847
74 657 48260
34 456 26476
586 929 21000
377 899 31385
188 421 31145
787 865 55036
715 931 35609
20 646 33956
708 949 22361
518 522 14765
12 347 16125
610 704 42755
717 891 11180
54 593 14560
678 890 27785
6 227 52802
72 146 28862
160 601 37000
642 829 36346
276 394 32311
117 518 29069
681 937 44283
160 368 59682
90 255 17088
270 634 27857
280 726 39051
363 607 36688
610 948 41340
363 519 14765
716 810 57271
235 741 11180
483 570 12369
242 288 16125
207 526 34205
48 83 21024
443 694 29411
58 742 33242
446 594 37000
324 892 33838
615 735 27295
247 414 26571
96 447 29833
225 821 24042
381 397 45354
657 849 43105
207 478 148637
538 539 47802
570 737 11314
127 937 41110
72 727 59841
427 578 21587
114 527 51624
195 457 69857
168 487 29967
442 556 39661
552 893 31765
77 710 36401
42 647 17000
67 718 35355
422 797 41881
342 704 25080
482 954 33422
96 218 20616
334 778 16643
19 802 16155
297 618 28653
582 622 57706
457 732 40012
613 909 19723
13 226 23087
778 788 67742
88 805 11402
865 922 41785
429 859 35903
46 879 38118
23 628 68593
76 555 19647
560 623 23022
659 893 64327
266 561 35847
677 947 44598
294 314 61033
501 587 20518
466 807 35735
51 418 115395
503 724 40000
477 772 67357
110 701 30529
357 529 40792
319 781 11705
422 666 48166
521 878 14213
480 555 10198
361 855 71120
211 387 116842
44 327 34482
19 769 27459
222 678 39825
289 545 27019
97 540 42544
684 830 41049
63 105 20224
404 648 17464
508 798 33838
329 763 22561
515 564 19723
134 337 32558
453 711 27019
333 436 60828
219 615 12369
171 742 34015
190 532 18868
160 399 40853
28 795 13416
395 634 17889
401 720 113759
911 934 32000
879 918 19925
356 637 34176
153 760 19647
121 952 21840
375 597 26870
588 767 28231
31 111 11180
622 636 20616
116 478 38275
370 729 55154
232 616 37590
104 613 55471
873 929 35777
55 512 18439
142 194 31145
132 927 33106
221 810 29069
10 889 30083
671 823 14318
215 546 11180
367 815 32388
31 447 39217
539 874 25710
41 609 62201
43 627 23087
833 906 51788
134 866 50537
397 520 26870
432 780 37336
555 881 54342
393 560 29833
107 208 36770
147 531 74411
39 462 17117
490 693 15000
297 695 10770
221 716 50249
684 812 34000
435 725 48260
219 335 40497
392 466 19105
770 896 34670
298 841 21587
421 584 21932
202 252 25554
380 381 10440
58 712 33956
717 837 33106
24 740 12649
191 840 26249
741 820 43658
125 786 38275
98 888 33106
405 428 18439
481 935 34176
267 783 40804
53 304 11662
239 581 48754
52 142 49649
150 847 38897
721 917 33541
162 615 34132
410 807 16971
471 539 16125
528 573 34785
660 681 23770
177 895 21932
327 579 34205
299 713 27586
193 571 30000
235 866 31385
29 787 47011
596 598 12369
322 607 26000
148 857 29967
415 713 28018
450 658 42048
242 575 36770
523 794 39395
164 763 34525
428 548 12649
501 923 24515
606 676 25179
344 728 29833
31 879 34015
664 738 20881
376 942 30676
880 924 31780
386 408 40719
131 363 42012
470 580 26249
168 317 26000
479 944 27000
486 804 26907
485 539 46487
190 717 40311
364 456 13000
528 935 36878
147 318 24839
522 529 18358
493 638 19000
89 645 51624
843 937 56009
248 441 33242
156 362 31257
620 799 12166
347 537 22361
343 346 10630
287 550 29069
76 657 62650
603 925 26571
378 465 41183
463 514 16125
236 394 11180
338 486 39925
794 962 12728
218 842 23345
876 892 28636
516 784 24207
7 796 19416
143 448 26627
745 830 29547
119 837 40000
228 494 28636
567 817 46065
21 897 21190
197 592 66068
368 523 21213
245 676 23345
328 481 16492
445 925 40804
3 451 28636
228 623 42450
809 856 11402
661 923 46690
286 590 15811
285 316 21378
691 928 45541
93 407 41231
153 600 38210
82 372 42107
367 480 13928
162 391 55543
210 604 30463
134 684 44283
296 903 50478
637 759 33106
435 748 57706
224 927 30806
16 416 41037
166 915 23087
322 363 38079
65 772 17692
50 909 21378
45 899 32202
648 716 10296
579 836 19209
87 115 40025
51 121 27893
595 810 38419
178 882 11180
205 774 28302
618 656 46487
509 914 23345
815 900 18111
487 712 10630
66 513 27893
15 68 41304
439 778 40025
137 150 35805
57 622 50090
157 948 57871
172 345 47074
274 384 58189
554 722 36056
20 120 29017
377 952 42544
240 325 41049
139 509 35384
54 585 49010
614 732 31623
239 569 43417
675 688 42048
575 906 30083
211 785 51624
683 704 31048
269 654 51088
302 959 42942
189 278 16031
119 750 21541
566 706 27893
26 313 51546
50 174 17493
22 104 36056
280 425 24698
195 196 35355
450 632 45880
690 860 41195
147 486 57219
47 417 30676
667 832 10817
139 254 23087
293 855 31257
849 916 25495
430 730 42544
403 492 31575
806 910 21378
414 442 39294
829 954 22672
118 163 20518
732 776 17804
122 411 28000
103 608 52010
238 649 36346
417 467 27459
187 798 22091
23 843 37121
277 294 67624
330 898 27459
528 593 13928
114 300 12083
29 148 53852
153 186 42202
882 914 16125
175 915 29732
172 355 55570
262 940 49578
334 433 27586
71 671 33541
52 784 57306
190 313 54037
49 730 19105
719 885 24083
320 923 41593
26 190 14866
217 734 28460
286 875 44272
72 253 108167
322 816 37014
688 764 23087
501 913 19105
152 590 20100
320 478 109225
35 178 22847
697 822 21024
306 436 16643
294 699 38639
475 879 22672
127 660 32062
772 950 36797
74 535 33136
751 915 37216
696 895 24187
506 635 16492
246 260 51430
133 289 28302
175 222 25020
345 509 27857
453 455 61855
766 935 40162
372 868 29155
280 674 65552
330 871 30414
620 825 28284
183 663 40497
80 885 43566
365 516 25000
669 844 12369
260 409 12728
39 297 18111
198 801 19235
156 689 37696
931 947 47518
66 411 13454
383 779 45011
200 926 40112
136 751 36125
206 663 58830
22 227 16643
196 326 26019
30 562 25962
15 908 18974
773 781 28284
263 630 31828
45 389 58310
152 463 36620
156 466 30806
265 816 27857
155 397 36235
20 939 49649
292 913 43417
493 623 72801
329 666 10198
749 949 18111
437 753 24083
124 885 46141
638 668 21024
699 791 44688
867 927 32573
316 776 33971
187 394 26571
175 420 15033
301 417 42720
127 549 34205
268 840 36688
860 902 47011
176 453 109877
304 542 99985
27 248 46043
147 961 39459
855 874 24597
394 738 50160
209 452 14142
798 944 18028
365 917 24698
472 652 39115
521 731 11045
499 623 22361
42 780 52038
671 690 39925
180 591 43139
49 267 22361
655 941 20591
674 722 42012
209 287 34438
813 820 47096
75 719 23707
839 931 39051
474 495 57454
312 356 37363
247 360 12530
532 619 37121
69 889 13000
438 591 41304
255 311 47424
351 444 30232
542 892 105171
14 65 20100
370 485 43267
7 252 19313
130 525 32016
371 832 30017
547 585 22023
25 117 64560
168 553 44944
703 887 36401
357 640 21190
556 809 35468
178 894 11045
447 932 40706
201 854 17692
452 584 33971
46 467 40853
489 757 24187
209 504 29732
80 278 35735
13 937 41593
279 729 30806
40 254 16553
591 852 26907
650 941 12649
356 551 40050
433 817 23770
431 557 25000
177 391 29155
284 460 38897
106 583 38910
473 503 39115
239 590 30887
533 825 35805
751 955 15297
313 896 38471
86 371 14765
543 772 53009
161 324 15232
437 862 23022
573 935 48021
115 401 65460
119 688 15811
305 671 21095
186 308 12369
514 581 12083
279 621 26926
208 429 48301
220 749 24331
386 652 24042
324 737 23195
215 748 10198
226 711 25554
417 898 26306
25 65 29411
306 542 39051
311 448 39319
33 734 28792
220 942 13928
294 935
881 558
906 721
284 73
156 754
393 707
273 342
955 339
202 691
424 739
639 583
697 99
270 849
376 406
611 652
333 859
421 921
831 864
818 821
284 444
30 535
342 689
140 828
928 733
391 450
482 201
885 645
208 461
668 453
423 114
242 644
558 826
152 591
463 431
181 543
708 173
387 230
763 409
544 180
224 499
770 106
980 377
873 207
309 630
763 826
173 627
110 694
939 360
574 785
383 589
771 919
838 633
207 265
787 448
374 737
174 487
22 604
665 789
633 679
263 772
77 407
104 399
753 304
735 921
374 426
846 652
456 160
616 611
401 716
564 690
770 264
982 502
627 613
823 715
644 267
757 799
388 214
345 706
846 799
588 283
933 374
141 380
960 361
517 553
70 387
469 565
39 410
419 764
488 402
48 700
764 155
288 535
804 149
38 522
409 146
226 688
508 585
554 123
617 931
481 691
665 931
470 694
441 935
340 653
773 301
408 232
578 565
217 790
474 1
616 903
253 646
727 208
527 297
672 638
30 371
612 36
373 512
669 248
466 273
285 415
744 926
856 689
353 330
654 330
292 479
713 226
264 803
290 915
453 766
901 273
802 655
595 371
133 707
779 272
202 668
286 144
480 839
29 358
187 513
221 528
484 924
882 610
124 728
721 389
788 526
989 474
857 326
622 425
943 663
459 868
195 109
309 313
445 507
853 708
326 838
719 164
791 293
861 469
499 316
73 510
149 320
548 502
654 262
365 784
924 652
361 100
721 526
597 803
461 414
469 340
675 725
249 573
217 223
392 604
334 100
282 942
529 422
172 564
130 493
648 178
288 213
944 389
693 346
342 385
432 637
470 541
330 208
360 393
621 256
477 215
703 597
442 683
262 898
861 633
526 961
501 936
694 512
398 366
528 773
686 465
239 619
267 382
267 233
248 889
381 251
609 399
501 1
604 591
431 401
247 734
1 501
378 303
154 740
411 604
576 734
424 609
152 610
245 696
589 487
584 848
513 737
335 75
468 796
639 348
807 546
248 856
351 675
271 69
432 707
588 826
138 345
493 681
928 667
807 625
836 278
350 181
927 482
324 957
296 320
530 80
664 297
827 774
693 174
153 340
154 527
915 538
431 147
911 607
98 664
244 386
420 487
280 360
976 610
209 506
54 684
407 802
547 647
540 675
72 748
938 492
441 86
299 750
463 96
698 881
699 631
682 826
594 775
755 588
702 391
887 800
229 318
725 261
194 743
803 179
456 657
351 153
824 559
622 272
447 869
666 34
789 160
270 878
262 193
637 742
448 996
326 288
446 432
811 776
157 722
623 187
194 790
564 116
337 912
866 506
498 553
124 306
542 162
645 764
135 811
661 633
143 701
748 524
919 376
201 255
773 223
180 144
628 331
467 553
961 579
396 429
97 704
535 885
531 217
868 567
111 616
427 992
571 803
876 310
569 522
539 16
767 89
754 664
187 327
155 306
507 46
475 937
319 597
780 513
421 795
173 674
637 245
447 633
124 179
832 422
627 473
196 600
755 294
889 398
194 771
568 249
690 790
729 372
304 707
723 938
239 527
297 715
705 85
725 803
44 311
354 726
274 268
378 727
705 63
481 352
297 545
545 921
448 555
328 41
746 219
420 153
404 914
750 168
769 629
501 431
788 588
539 555
715 787
124 479
597 453
366 855
462 578
138 422
578 198
586 179
642 226
579 890
717 868
112 527
880 366
288 853
298 850
559 863
901 302
858 198
340 586
90 289
15 617
353 404
769 884
486 784
526 451
739 208
214 106
339 183
845 818
739 499
309 806
290 664
58 472
422 505
9 433
339 571
893 226
458 744
937 600
439 779
766 133
53 306
947 501
715 212
856 661
342 633
398 743
440 172
131 775
303 887
120 665
667 969
456 41
349 101
391 396
415 853
835 827
396 277
687 47
561 814
888 375
955 604
626 548
576 746
763 714
965 464
812 441
127 329
631 715
166 135
98 755
673 188
802 399
834 566
942 619
402 162
223 741
257 243
561 990
109 564
255 681
102 743
852 839
237 159
918 695
429 387
199 870
383 556
250 905
489 436
458 977
722 921
649 866
600 754
781 719
542 197
330 343
895 672
92 563
737 189
135 642
660 905
277 108
686 235
338 848
106 251
628 603
535 501
196 647
967 647
310 482
648 23
345 225
728 792
764 517
640 146
198 314
782 171
390 819
852 383
624 790
99 650
521 610
844 491
320 754
862 220
172 124
297 57
486 531
712 691
662 728
706 580
250 90
889 549
571 59
773 370
667 600
453 381
89 368
372 256
568 437
297 242
213 537
650 630
87 419
360 749
873 645
328 359
580 695
795 564
113 297
399 525
782 622
328 825
696 609
392 538
121 500
590 611
932 281
522 28
680 689
760 449
408 547
173 457
801 375
467 199
405 437
724 612
826 682
724 440
715 105
333 788
346 834
545 606
405 934
150 169
308 437
710 709
174 743
566 739
787 377
959 616
237 782
472 445
505 923
482 296
621 841
756 80
738 794
369 140
743 729
144 330
233 813
243 99
715 812
398 107
618 537
597 685
324 925
168 400
876 468
606 315
290 363
186 317
292 898
647 248
793 460
894 527
861 760
321 913
376 317
883 354
328 564
706 218
317 364
10 573
443 215
406 412
788 399
525 832
585 44
114 656
798 886
311 293
678 147
628 509
773 444
146 564
545 684
661 418
623 207
673 421
141 296
441 469
73 547
431 685
585 991
219 722
208 782
162 540
780 664
440 883
820 143
746 328
207 192
483 148
389 627
436 952
577 484
526 663
255 301
528 187
470 162
430 430
454 843
67 582
230 80
764 893
544 774
221 184
866 185
91 780
914 366
440 118
643 570
281 172
665 808
861 810
356 252
59 601
577 933
191 124
152 652
428 562
608 538
561 135
338 332
171 760
525 366
276 477
963 377
454 727
360 962
45 451
216 767
73 272
663 643
735 430
31 445
484 172
783 742
239 117
404 337
296 805
544 69
770 548
659 368
295 159
561 610
419 805
438 568
190 145
536 745
775 157
755 234
58 727
415 21
727 58
429 286
137 543
483 385
370 56
684 60
316 404
273 811
238 240
724 362
784 228
212 138
683 386
451 78
471 288
705 129
740 271
764 119
651 710
844 476
247 758
538 152
510 413
122 355
170 329
828 499
531 869
590 887
353 514
636 99
754 370
281 844
161 427
312 559
636 874
553 267
366 185
226 869
632 797
154 791
250 470
541 320
463 732
472 255
439 129
655 288
38 323
737 616
726 100
459 363
691 568
591 742
627 36
972 561
694 945
417 876
555 783
707 608
418 978
805 894
179 601
573 511
580 418
178 309
289 179
244 196
924 721
841 268
661 756
676 947
679 434
852 218
931 450
640 634
574 724
608 852
486 265
322 141
102 522
82 773
393 379
65 637
545 256
500 622
744 105
607 919
464 502
769 194
378 809
399 790
494 290
537 759
714 498
125 630
514 289
841 836
584 264
592 785
361 438
554 546
366 227
533 113
404 967
691 246
841 408
902 347
978 429
558 518
173 470
633 763
810 583
28 545
271 511
687 496
899 443
682 299
781 389
799 533
199 304
555 152
157 516
220 455
284 326
450 830
308 210
418 432
957 421
407 349
803 827
863 165
870 363
430 761
455 68
703 200
638 973
392 167
515 708
798 783
814 212
929 250
543 374
710 755
725 641
835 447
402 288
269 327
882 253
784 553
141 364
741 231
143 449
434 458
860 846
647 102
410 57
597 140
825 230
812 707
432 577
881 681
187 594
256 387
343 552
442 241
553 573
554 386
720 577
650 743
228 712
177 831
548 748
212 652
200 857
486 896
405 638
826 745
314 427
718 337
658 129
639 814
227 606
341 881
389 178
595 412
224 327
661 556
744 312
682 338
121 756
497 633
702 689
632 494
824 249
578 351
153 397
422 266
217 476
203 679
88 750
509 885
352 859
368 274
116 280
588 315
687 620
211 630
481 796
750 741
183 562
538 947
656 801
631 290
592 545
614 70
540 93
396 728
394 70
483 253
144 274
467 324
171 575
513 437
565 235
23 515
146 669
744 852
712 737
435 58
703 289
82 334
822 805
287 633
872 732
441 715
617 670
379 610
476 72
567 168
588 520
558 73
197 554
354 122
849 734
767 601
205 611
196 456
470 821
667 273
593 509
576 35
512 789
594 966
689 425
609 341
719 126
525 853
535 632
563 348
274 645
194 708
567 200
752 485
398 193
233 830
224 596
237 460
262 717
41 463
589 861
209 324
318 225
599 332
688 401
516 355
781 350
626 854
334 413
820 418
738 905
493 51
614 125
325 156
646 197
561 326
396 37
768 562
381 417
851 287
166 507
