631 1116 18 92
572 574 52479
373 375 40311
18 71 16155
17 320 25942
276 307 21633
131 217 26401
269 568 29967
52 407 38949
128 343 58310
153 307 28071
34 501 36674
170 341 70214
145 410 48301
429 547 53141
244 564 45695
84 195 28071
470 486 18248
60 407 28792
98 500 24207
502 621 29017
205 348 12083
399 629 26571
266 335 59682
329 599 56798
217 315 79310
250 475 10630
267 390 56798
154 517 45277
184 625 91263
162 330 27203
65 327 58694
482 526 58728
374 473 17889
93 423 35341
152 216 54562
208 433 32016
74 217 71063
333 427 34540
24 466 29411
369 540 42297
13 581 32388
134 556 35609
276 511 29017
70 587 21024
213 271 80449
272 373 53759
94 309 72090
10 12 78772
59 537 40706
277 480 44407
89 307 67007
49 629 46400
25 482 26833
7 273 36056
304 314 47011
200 539 37121
117 459 88391
51 198 38000
128 549 33615
93 563 30067
261 567 44204
90 141 34713
146 627 37643
602 605 58830
431 592 19723
37 39 39319
149 350 94048
387 631 31780
138 366 32202
390 603 20000
306 611 41629
28 90 22825
254 280 39000
114 417 61685
370 406 56436
457 530 61057
310 361 42107
61 613 21932
211 356 12530
303 346 25298
213 316 26401
247 624 10630
429 609 29547
10 356 46098
168 185 41485
163 545 78772
453 488 27459
350 369 68447
153 416 47011
285 617 61522
97 297 31401
16 124 33971
345 446 14318
255 318 50249
270 384 59540
225 536 40025
324 355 28231
599 609 21932
432 546 31828
32 180 16492
292 370 17804
64 597 36797
196 512 32558
153 581 62097
268 464 30676
85 432 48754
58 263 67417
156 389 34886
186 296 25632
79 126 21260
158 234 22023
67 224 54452
125 238 32802
300 433 54562
127 559 34886
253 448 48094
240 453 35511
261 293 51662
417 444 20025
205 231 12369
248 513 20616
17 423 21954
30 59 21260
393 410 35777
479 581 35228
81 364 78243
330 331 36359
168 251 30806
107 112 38471
1 592 30480
48 254 36056
258 419 25000
295 549 48600
88 179 14318
354 377 17117
372 574 15556
21 286 22091
10 367 56859
228 485 49031
4 130 33541
450 619 47170
10 326 44922
95 290 41110
330 393 66098
119 602 42579
400 586 50774
360 532 36056
178 344 30150
224 339 21260
268 454 51624
200 493 35014
286 382 31385
319 583 39459
290 502 41231
42 140 17205
438 607 32757
382 530 32062
302 314 38910
270 336 43932
77 365 46669
13 480 30594
111 381 39408
49 293 31064
149 386 69836
411 596 33422
239 424 46861
300 595 56859
116 262 70725
177 574 49041
241 477 24166
111 303 49244
278 625 29069
233 532 54708
446 521 92315
144 480 39699
363 479 10198
230 276 22361
175 343 30150
298 428 17205
5 621 42953
108 284 48301
15 362 59506
132 572 31321
349 591 25632
528 565 10050
264 630 55462
411 534 47634
418 431 33541
284 391 31145
243 599 54083
160 416 42720
520 619 37121
48 280 21932
28 532 69123
454 523 34482
83 534 20248
165 177 68264
29 601 54918
464 523 29682
4 11 55543
391 468 48795
189 390 25239
48 330 42720
160 465 11180
215 283 40792
598 608 19105
271 313 59211
41 75 31385
326 367 43829
392 558 34713
33 497 25495
40 524 20248
401 536 57801
417 552 71309
452 631 26249
214 455 67941
534 605 25456
71 147 56009
257 547 14318
81 116 61221
379 488 26249
11 366 27459
340 576 50931
255 615 28178
86 194 13892
78 279 25020
35 564 36125
15 395 37802
121 398 29732
263 327 24839
148 495 14000
206 386 63411
192 621 15264
484 517 75186
422 526 54083
263 456 117720
227 350 67469
386 400 58796
80 497 34000
24 601 57974
199 204 32450
161 594 26401
456 593 38601
52 362 15133
592 604 57871
458 476 37443
39 392 177890
216 304 26420
228 568 65765
151 180 52612
190 397 35468
432 548 48662
90 106 26077
124 197 28601
218 300 46573
131 516 28018
309 606 39661
526 612 32894
70 85 26926
129 212 32016
102 516 30463
84 236 27074
176 408 28601
407 555 58034
155 545 23022
141 548 42190
264 322 27203
209 414 30067
125 316 20025
250 580 16125
91 291 24352
214 463 27295
261 542 108227
259 376 55227
498 595 42000
510 577 31890
123 253 20248
272 363 85983
196 331 26000
282 324 35468
15 161 36674
49 261 53367
373 441 55073
135 168 30610
83 193 12369
476 483 44721
4 417 87932
102 144 26019
133 299 22804
197 200 39395
378 424 38949
33 300 71589
433 443 39051
397 575 18111
222 405 30414
109 187 18358
613 630 13416
29 104 16125
117 327 70838
278 361 47424
229 550 36878
40 528 29428
102 131 33121
31 142 57489
204 618 25942
282 539 38013
100 571 80324
135 579 18682
538 561 48508
99 385 55543
36 37 50120
455 475 15232
246 320 31953
190 493 72180
164 213 68447
8 355 10050
378 554 29698
1 431 13342
203 257 16971
22 594 40025
378 559 25554
220 622 31623
239 554 33838
192 518 29275
191 202 19849
308 366 59211
79 133 40311
129 449 64078
455 580 18358
120 446 77104
353 434 35000
161 395 57723
341 561 73824
421 541 58078
309 626 62266
28 311 42579
3 165 53151
23 547 58000
466 469 39051
247 443 45793
186 566 46615
22 555 28160
113 382 19647
314 405 19313
170 538 29069
94 617 61400
97 173 52000
371 562 55009
122 288 31890
56 352 50990
308 462 50912
29 374 34886
263 399 95483
466 590 55543
289 553 36688
119 445 13416
54 421 31016
94 285 15000
278 440 25000
243 253 37216
53 312 14213
128 342 33422
21 178 31016
152 228 79981
287 529 36359
484 578 62936
19 487 46840
121 296 18601
415 587 47413
274 596 12530
5 578 34132
234 357 83952
313 566 60729
348 376 66287
63 84 21587
104 188 30463
118 434 22023
181 351 90377
224 333 28178
420 432 42297
1 43 51546
9 394 36401
256 323 23770
24 530 61522
69 470 33061
298 459 59414
606 610 46000
290 602 38013
487 492 17088
72 88 33541
168 508 48847
266 455 31145
27 406 65437
167 582 42720
16 402 45277
68 119 60208
70 328 16000
112 468 28284
2 393 74330
305 335 31623
73 604 96876
199 618 15811
44 328 30017
404 610 41437
31 204 24597
261 629 34655
243 319 24413
265 419 15297
219 600 10198
489 623 38275
206 350 21471
85 133 40311
277 585 45607
321 333 29000
167 472 41485
186 398 25318
218 615 41340
295 343 77201
13 585 27203
282 538 14142
442 616 30806
77 531 60638
122 197 37643
431 628 45310
116 260 67417
137 573 44272
458 542 72835
107 108 36797
194 303 62936
403 525 26249
417 513 62650
73 438 13342
238 271 65253
177 290 30067
483 542 18248
396 566 20809
229 461 39812
105 302 44385
312 374 18111
401 598 33956
429 556 18385
181 297 59481
189 603 14036
221 354 20809
203 319 116017
161 417 98615
182 565 63561
110 460 32202
158 589 17804
326 443 33000
143 539 55362
395 417 107448
134 355 34482
236 258 35440
143 547 59682
89 266 50488
468 544 12042
171 584 27731
384 428 44407
258 463 34234
550 559 17205
61 268 57009
151 460 29833
149 206 86833
168 613 24515
120 521 17464
281 610 27074
46 59 29732
80 246 55462
384 486 59615
46 354 73682
411 445 40608
118 321 26077
406 600 48466
44 503 32140
95 192 32016
56 421 35847
590 600 30610
315 475 19105
265 603 21401
183 448 33615
20 522 39623
34 99 27313
242 317 42107
50 403 31016
25 273 21260
169 202 33287
146 597 56036
185 251 38079
42 488 40000
140 627 39812
26 617 54148
17 80 47096
155 445 34482
303 598 34828
91 139 90050
133 232 12166
36 451 70661
352 442 40050
30 187 15556
449 543 48094
148 481 31048
68 241 41049
318 433 18601
174 617 72560
220 229 32802
87 125 33838
259 568 17029
20 246 14765
506 559 11662
245 560 36770
23 325 15232
230 340 50922
412 421 63388
481 495 30594
444 552 65376
353 382 21840
19 142 53310
237 252 22472
210 362 28636
477 543 40025
80 92 39115
78 522 33615
108 468 41785
31 51 17088
239 270 36222
457 483 54818
96 424 20616
352 463 41183
17 92 39699
323 336 10296
14 611 20224
2 162 37443
86 111 24597
132 372 26249
223 506 37363
60 311 34670
6 409 34828
494 517 52773
136 413 36878
132 415 15620
66 305 19026
465 581 34234
24 457 13601
217 250 78638
214 430 35114
143 357 69065
476 542 42202
179 217 31906
317 479 30414
30 201 13038
2 98 12369
104 601 50000
604 628 61098
109 201 14318
471 619 42544
471 520 37577
418 607 52773
322 464 42426
63 130 42190
451 536 47043
58 384 37855
157 340 26926
190 388 53852
141 299 28284
139 551 91924
231 348 10630
237 281 46872
329 448 50961
166 373 69376
72 516 39446
436 629 44102
166 170 13153
235 383 22023
15 334 54120
305 612 33541
387 452 42953
321 427 13038
82 183 48600
52 267 26173
346 577 45310
234 388 15000
502 574 60407
110 440 12728
462 519 60033
39 225 105119
176 614 40200
87 238 10630
45 478 35000
425 466 65307
74 614 40012
221 518 39115
454 464 46690
385 461 43267
345 387 31048
122 487 58258
21 483 27019
92 101 16031
138 176 53000
291 452 27785
147 371 39560
7 568 49406
103 566 44147
136 249 38949
57 594 29069
145 579 36346
216 627 46065
181 567 11662
94 281 53151
180 491 65856
36 507 42953
27 255 43966
137 380 26077
81 235 38210
357 493 35171
137 566 40853
381 523 52402
437 481 33838
302 507 24042
190 339 40792
195 430 37162
153 527 56223
196 330 41304
254 330 46957
273 541 31385
170 588 32558
415 572 18028
30 109 20616
18 184 21095
460 591 32650
350 533 23431
412 541 11180
82 448 47074
378 506 16279
374 402 18028
248 462 78848
112 531 11662
223 478 117644
100 207 55227
136 441 44777
58 347 32388
93 424 42521
154 345 24042
293 620 15652
323 562 51000
46 474 108632
162 331 15297
245 534 20025
203 447 57567
1 565 59203
391 608 34525
324 539 49649
16 19 26173
230 511 28320
242 363 35609
283 394 52498
3 294 32558
115 539 44045
43 565 20100
6 256 20125
35 118 44181
182 592 43681
186 404 43046
214 475 63246
5 221 37108
472 482 74330
247 408 34409
177 560 51000
104 394 35057
171 503 21471
354 537 29530
123 243 49649
389 546 32558
32 562 12806
115 282 18028
427 564 14866
288 375 38328
306 499 42012
193 368 40447
188 283 51078
70 420 13454
391 512 44822
76 515 18439
2 500 31385
103 301 37336
248 308 69635
5 518 30150
20 78 46043
227 540 42942
288 588 33015
77 472 22204
164 175 34205
259 269 16000
172 609 37947
501 535 34713
221 474 32202
487 489 40012
145 557 42202
211 496 24083
62 283 10817
9 31 46325
284 500 44385
433 496 30265
316 606 59682
271 380 42720
484 572 12806
121 545 64661
187 517 66408
360 379 80411
37 225 66000
336 409 20518
68 95 13454
456 478 48836
294 439 26926
309 437 22091
400 435 68884
55 244 17692
138 624 24042
272 489 50537
54 442 19000
102 614 32140
158 388 26077
403 544 62968
91 389 32016
46 201 27019
107 365 39051
283 469 25612
147 470 34986
154 584 23409
171 631 44643
350 576 23022
81 260 124036
303 536 72945
143 589 59933
232 299 26907
144 367 50090
274 411 30887
47 566 29069
156 546 12042
338 541 57706
208 318 25239
4 41 50990
165 294 46098
301 368 47096
277 363 54000
33 385 59481
32 96 12166
124 493 34409
155 596 53075
332 447 52612
349 371 28018
232 439 27893
168 579 24739
537 578 40608
261 458 77524
129 543 30083
455 527 25179
61 508 36797
91 551 46011
182 495 23431
65 117 13000
450 563 60877
260 351 36069
221 477 26077
341 369 45804
163 449 72422
97 261 99328
392 551 116503
214 266 77162
128 295 69051
219 590 23770
274 396 15811
128 498 32802
437 626 45967
11 41 54781
6 69 21471
193 411 47011
222 582 48836
103 137 25495
293 593 24839
471 522 44407
533 576 28018
38 478 118343
267 334 21260
173 178 23022
22 210 19416
50 167 44598
5 377 32573
258 267 44102
115 288 32894
198 209 19849
8 143 25612
1 279 62968
233 376 44294
271 343 73348
240 485 13038
310 491 39051
280 381 44147
93 101 45607
13 72 17464
87 186 41617
346 510 22136
99 101 16492
617 626 102577
231 532 19647
64 379 41000
430 463 26571
31 492 51624
48 322 28018
87 313 11705
338 612 13038
314 507 38471
469 601 41000
211 255 43046
301 573 26077
459 470 136004
371 591 44654
364 383 65734
81 383 25710
279 524 72835
134 467 29732
146 558 10296
236 334 41629
384 409 30529
416 527 19105
397 447 34785
360 548 45343
12 289 53535
317 511 61351
325 609 36346
221 377 19647
337 534 28018
43 528 20616
108 500 11000
398 404 47434
159 165 76485
282 588 15524
64 392 34886
362 555 29530
156 291 42154
55 504 23537
275 505 48795
508 571 49396
126 165 59034
425 620 29833
39 302 40361
289 618 45343
390 490 37121
114 301 27803
459 486 118017
203 583 77414
172 329 33541
494 521 22804
547 589 17720
7 582 30676
390 419 44045
185 571 14866
400 505 33287
240 488 34713
128 595 25612
81 504 38471
11 217 61847
393 499 35355
33 150 61400
28 60 17692
118 564 30480
32 563 20025
269 412 19313
98 358 12207
592 628 32000
34 535 18868
269 541 23195
510 512 30806
449 474 55317
45 593 56303
370 466 61400
11 74 42720
80 320 40311
150 218 57983
421 616 12649
275 586 22825
105 314 52839
145 630 32558
364 575 49729
148 626 33106
399 436 57385
123 571 136418
127 535 29411
441 540 55009
46 494 49649
380 566 54562
298 347 26683
461 550 16279
279 418 43863
558 597 51478
69 384 49739
149 287 44654
136 350 64008
25 226 52010
55 344 56045
361 520 19416
443 496 29000
363 585 15620
230 413 50990
560 605 36125
143 556 39598
233 490 36401
150 622 56719
76 108 34366
62 215 38013
251 557 33541
249 413 48052
139 379 70434
66 352 53600
272 375 29682
519 549 65146
15 63 51662
492 623 21401
35 570 28160
172 467 18028
110 151 52240
342 497 33121
220 615 39395
497 498 20000
135 557 13892
514 544 76485
307 422 57140
310 619 50537
287 359 16031
359 435 77473
212 509 41012
270 554 29411
202 328 22000
565 606 22561
113 353 11180
217 580 76236
368 444 23259
26 174 22204
82 529 14142
159 337 19105
83 411 45354
14 206 46519
345 631 45277
339 575 41881
106 548 51039
176 367 32140
105 304 27459
96 239 50961
203 332 107378
129 163 57489
88 465 45618
75 315 34482
106 532 62682
261 620 59059
244 344 50478
381 577 45222
208 300 42190
266 307 60671
183 207 16643
57 552 40792
70 133 45277
277 414 13892
53 374 15811
107 515 11180
219 220 81302
583 599 40497
179 516 14422
255 569 18111
158 257 25962
114 513 47011
100 435 58034
184 470 109659
140 228 51352
10 292 64405
306 515 55362
67 434 44688
152 304 36014
3 22 55606
68 509 36401
169 587 47854
53 473 17263
401 608 28320
174 449 111288
121 237 50329
59 578 35805
14 533 27785
438 471 69051
56 66 25239
199 209 34670
212 545 26926
136 227 13153
431 607 62769
94 252 19313
329 467 43932
406 569 46098
77 525 25962
195 475 54332
57 159 57009
175 342 34059
127 501 14142
451 514 58034
191 484 53712
328 420 27514
45 425 46043
519 624 61587
56 338 27019
113 570 27459
206 499 56859
312 353 24083
27 356 13000
120 494 36401
423 450 11705
180 310 51245
220 569 60877
31 215 60108
233 311 13342
349 562 50090
525 544 56921
8 539 47424
436 567 63812
242 373 62968
263 459 29017
80 426 54708
503 584 22804
438 625 97617
40 316 50596
15 210 46400
325 599 36797
426 524 90521
54 616 25020
38 384 59464
262 351 39013
376 490 11705
42 146 53759
402 473 19723
126 372 17029
386 410 17205
157 306 51865
114 271 33287
347 428 20000
173 262 40224
169 572 19105
153 160 65307
111 194 15033
229 622 38000
26 163 60008
286 483 45277
164 426 44045
332 575 21024
157 611 35735
531 544 21095
18 460 23770
44 191 22825
261 297 90022
86 381 21024
408 443 19416
51 199 40497
271 295 60828
207 448 20224
275 410 33377
47 596 21932
23 429 19698
54 265 12166
41 130 28443
79 439 39560
359 529 23431
73 184 197752
67 493 33242
241 509 36000
505 586 47434
47 296 34828
271 573 24187
504 564 52811
125 213 24698
264 464 59363
42 453 40025
153 465 66483
299 439 46840
381 454 56223
188 601 38626
205 485 40853
304 405 37802
226 582 28460
245 337 34670
328 587 20248
65 399 62008
62 292 20025
414 553 43012
166 341 65307
71 591 16125
358 500 30083
47 396 25495
7 152 82855
335 352 52010
252 285 17088
71 470 79480
7 226 19105
76 358 24515
235 564 23770
9 104 12000
50 514 24187
244 570 42544
167 222 36797
38 456 96177
142 487 34234
189 421 58694
365 482 65115
440 491 22361
467 561 42579
256 336 18248
75 217 89805
249 441 23324
89 422 51546
12 553 41231
223 270 40497
198 623 35847
817 245
336 810
726 648
594 514
913 631
566 62
519 842
122 491
270 366
426 365
540 501
399 439
391 518
331 711
634 602
193 387
664 219
643 45
190 413
710 229
214 245
682 614
43 524
299 250
501 792
969 425
467 350
673 722
254 352
900 703
295 405
618 135
620 263
606 208
162 265
439 967
483 991
473 112
522 996
823 297
560 552
614 920
833 294
804 762
374 229
938 709
823 453
252 837
353 134
458 936
301 421
661 671
210 327
561 708
141 234
499 733
713 594
476 76
916 689
660 710
154 797
354 328
584 589
680 928
349 44
478 719
141 352
895 563
556 43
773 736
628 39
407 511
826 143
525 461
544 579
379 792
462 857
756 231
771 675
667 266
84 257
147 627
762 505
579 610
747 743
247 916
787 393
440 505
453 679
693 711
760 865
634 245
621 185
920 402
886 573
606 137
206 151
348 807
617 233
75 704
633 229
453 463
751 465
270 354
538 977
691 737
399 799
374 826
905 723
678 82
269 927
393 837
205 291
699 430
188 484
132 219
336 44
158 309
844 531
893 782
856 441
198 471
42 657
170 412
806 365
787 661
568 201
645 324
931 529
588 547
469 492
812 685
742 703
102 525
165 753
298 608
756 440
526 448
715 943
600 910
716 737
239 392
102 475
427 462
206 766
653 957
572 40
908 252
205 669
559 256
626 87
552 918
402 610
837 810
871 509
799 818
362 720
37 435
728 539
430 551
667 586
315 841
968 485
721 327
761 608
205 524
473 894
146 777
829 708
192 526
817 813
109 555
206 203
982 443
700 300
481 420
829 602
225 216
453 499
634 139
264 93
879 234
118 666
661 34
106 766
821 417
889 714
298 342
589 733
79 371
824 751
887 605
759 493
254 928
551 608
288 866
187 435
301 459
335 443
151 419
911 710
811 736
18 472
317 416
639 811
289 691
104 657
531 321
316 472
671 630
478 351
900 521
783 356
533 654
337 362
576 967
480 516
528 305
396 254
477 247
949 622
500 919
507 165
87 345
417 991
500 844
285 606
606 859
503 227
372 646
651 808
740 691
628 742
59 436
112 283
581 637
894 408
780 385
557 123
653 862
929 586
331 564
34 608
153 247
770 544
717 242
526 417
644 412
332 589
490 594
139 747
913 420
53 640
272 867
480 308
557 80
30 460
591 671
548 800
156 156
301 122
183 170
419 40
232 812
573 706
460 629
635 668
153 854
532 800
521 127
717 402
281 489
517 806
821 467
216 749
382 626
353 482
707 88
755 256
236 852
885 362
171 490
345 322
352 869
929 414
212 267
180 632
219 495
370 394
859 604
783 857
374 327
336 160
758 654
657 392
845 426
211 120
477 18
720 709
573 317
716 452
495 966
314 947
553 954
459 718
345 769
400 638
604 469
891 336
685 134
631 729
221 318
776 397
512 931
511 589
807 345
373 567
517 342
20 588
687 231
132 311
224 838
563 103
138 503
37 538
469 378
403 21
789 736
115 588
293 825
312 856
27 365
112 332
619 654
469 688
554 98
741 525
478 750
71 331
355 694
233 583
666 298
703 330
195 219
844 833
306 923
471 44
644 800
611 77
299 672
182 131
521 687
203 302
961 639
112 492
472 362
141 418
355 797
164 631
686 809
727 131
659 656
353 536
35 318
429 824
545 474
449 417
719 499
270 610
360 316
583 78
804 660
272 542
223 336
256 505
589 763
944 641
559 172
671 888
758 414
246 895
224 296
90 282
513 68
563 246
239 730
836 863
59 421
768 834
610 719
355 900
696 959
281 760
305 356
611 572
806 472
46 384
846 413
350 106
200 686
328 953
224 354
447 907
819 374
530 924
416 309
687 700
498 397
539 84
249 744
806 494
539 782
322 636
346 470
824 695
445 591
678 488
787 226
576 691
763 745
532 719
404 695
653 200
593 153
336 203
719 283
125 300
487 32
61 516
566 642
820 232
768 787
532 353
175 323
133 702
328 53
889 314
813 146
733 664
687 73
320 569
561 689
502 378
698 489
838 519
850 846
35 417
101 637
990 554
664 196
376 935
797 881
623 881
190 890
483 608
386 153
288 242
310 199
418 11
649 68
539 210
568 433
557 667
182 844
420 546
323 267
124 545
389 865
325 306
554 10
745 158
484 854
207 344
978 608
497 602
279 220
951 596
395 201
351 546
397 488
900 282
477 780
235 228
850 704
654 849
536 13
235 426
646 896
236 466
593 752
683 95
251 432
150 384
915 753
894 252
502 349
637 282
625 298
312 743
363 826
570 215
875 642
807 794
118 239
182 714
543 175
478 949
127 822
929 550
313 902
353 625
320 872
652 431
434 933
397 788
441 491
868 777
916 601
566 373
711 142
909 775
739 202
207 860
806 308
455 882
434 740
458 605
852 302
149 613
256 294
403 843
656 789
317 687
769 524
596 192
378 982
935 653
173 504
154 456
265 568
529 777
238 210
942 557
401 864
890 496
790 810
43 466
720 779
628 353
527 199
794 896
705 554
359 429
538 151
685 642
74 503
172 741
662 952
537 185
784 578
166 552
608 127
619 155
135 289
853 292
794 455
274 87
559 813
462 306
190 268
101 780
842 694
714 426
815 649
48 366
318 659
289 881
895 660
170 771
474 592
386 550
509 871
26 549
829 788
365 526
227 729
782 717
186 494
48 449
374 245
620 53
837 222
355 176
691 575
625 340
832 473
655 901
336 920
64 563
398 264
284 306
837 573
590 719
894 212
787 542
858 314
796 174
349 934
73 543
858 360
328 731
465 751
170 782
485 460
493 283
536 707
973 371
340 428
708 179
329 174
874 613
503 265
268 445
533 425
736 86
922 282
617 946
837 190
325 97
182 788
805 856
