746 1850 7 289
323 742 10770
582 711 63285
15 704 61033
477 737 54129
243 492 39560
195 666 23087
221 627 48415
249 516 15232
411 636 29206
6 676 50990
426 729 39459
146 285 28636
472 612 17029
352 740 35609
641 696 25942
223 549 27586
512 695 11045
438 689 26000
188 478 59203
348 743 24207
294 417 40447
308 485 55036
420 700 68029
289 598 39812
262 571 30067
220 707 24739
231 294 11705
356 556 23537
64 366 17205
25 265 51088
186 219 37696
495 565 63063
312 496 37736
118 136 51039
640 651 38833
497 695 46141
379 686 35805
126 422 24698
84 236 17889
171 350 33015
110 150 41485
25 722 39812
121 300 36674
361 507 32894
256 338 34015
185 240 21024
364 497 40200
415 559 21190
172 503 33287
458 611 30150
233 558 39699
482 505 17493
165 573 62097
112 315 34132
335 710 57489
407 535 31145
172 196 40706
298 436 13601
266 609 43046
496 639 27000
216 685 48508
240 307 33121
187 362 33287
188 606 30594
175 478 51352
383 542 40792
607 686 27785
116 484 39000
625 679 25239
561 735 18868
391 415 54120
175 574 28000
91 248 33377
199 282 33287
424 718 14213
684 708 41881
432 613 27659
204 681 57315
37 562 51088
71 74 31906
393 639 42190
53 253 24515
135 693 26833
466 573 14036
487 551 59237
301 480 16401
82 149 20000
485 487 36346
220 473 60008
125 346 50090
567 653 23537
137 427 39205
352 654 37121
374 522 58464
271 473 49010
125 737 19209
62 734 41231
34 218 44102
373 675 50010
223 380 40262
63 692 36401
97 521 30676
520 532 69642
165 276 66287
364 590 47854
675 724 18028
2 472 62266
15 662 58694
297 428 42012
4 73 20125
210 539 57983
213 272 22561
178 729 42755
64 316 33422
154 511 22361
290 545 44721
261 730 16279
296 574 14560
215 533 54231
40 467 133600
412 606 20224
410 734 45000
173 473 12042
233 376 78109
205 607 11314
112 634 21095
52 427 22091
113 588 77524
199 252 60000
33 163 10296
687 717 20881
365 495 21190
165 421 15264
443 545 24021
140 696 72422
378 510 38000
423 535 18601
438 594 37643
589 604 19026
566 624 48270
371 622 41231
143 370 31953
65 69 62426
505 583 17263
438 512 37108
166 391 26683
395 403 22023
311 733 43046
335 614 19313
394 515 31890
307 734 73110
6 499 11180
47 629 31780
128 707 37216
81 712 37336
1 436 58138
234 542 47802
669 740 42048
578 635 19235
354 566 16763
276 286 37947
95 451 27857
38 494 23707
267 708 46098
225 739 81271
5 439 26926
11 392 71113
124 744 14866
302 572 22023
139 373 51000
183 513 19416
208 728 47011
286 538 16401
408 552 53852
113 206 30887
582 644 23770
249 449 11000
26 76 54745
264 691 46065
70 392 28844
203 501 18028
49 699 63789
243 472 68884
239 740 42202
134 668 23345
658 742 13038
331 661 12530
78 520 50990
303 609 29155
235 742 23409
236 597 49406
15 650 64498
501 706 36878
319 527 47170
265 579 52555
243 545 26306
18 276 39000
454 589 40804
37 539 34059
206 703 63032
312 596 77006
330 557 31575
452 722 14866
294 678 31623
486 515 36359
313 363 21587
341 347 13342
280 450 51245
478 641 35355
262 443 27893
83 623 23259
441 549 20881
445 574 30610
104 347 29120
154 552 41231
118 346 16279
450 659 25612
652 682 29155
153 675 31828
234 383 21095
48 343 44102
466 666 59481
170 361 31145
29 557 25495
67 676 19849
57 743 56727
72 560 26000
388 600 24042
22 340 59816
451 745 63600
310 490 46615
164 588 12806
106 472 30610
208 343 32016
220 656 43966
709 719 29428
131 649 17464
129 393 25179
355 446 23087
496 712 33838
564 720 26000
137 207 21932
426 618 50488
142 291 115317
141 573 34132
375 530 30414
244 548 13892
254 271 43932
376 690 31953
555 610 45541
609 746 44643
697 714 37121
528 716 46141
185 410 55973
85 180 25318
345 699 67007
114 274 19235
454 578 28302
5 229 31890
360 703 49820
520 692 81492
107 629 16553
76 245 34670
142 339 110368
10 270 118849
107 166 18601
45 484 45607
326 620 18974
71 429 57454
183 257 17720
366 491 31145
67 418 54589
56 161 33242
210 321 30150
131 738 13601
288 491 33015
302 668 17029
452 697 25298
375 575 36249
227 690 36878
549 666 53712
28 229 53712
243 262 21000
234 677 48104
42 662 31241
457 706 22204
620 721 70214
162 653 51352
364 695 72560
70 421 38000
370 480 43186
133 176 38079
540 602 44822
66 650 65742
390 740 11662
161 236 20396
151 379 42190
202 329 42953
228 456 42107
214 328 77878
193 551 31321
13 708 39560
197 206 38484
62 561 43012
202 741 31257
76 739 42297
225 550 79981
329 446 35693
106 594 15264
450 492 64382
111 567 39408
118 331 31401
122 216 19235
102 744 31145
85 600 14866
52 564 27203
69 384 45891
402 640 41000
275 625 31145
88 439 22825
229 304 32985
436 461 32016
136 354 67535
229 637 11402
456 737 69354
97 745 26306
593 650 61000
309 654 65368
10 99 38897
537 644 39623
483 523 12042
15 88 33302
83 210 25080
144 667 63325
84 147 22091
189 233 34670
628 665 17464
605 651 30887
49 406 54203
111 269 63325
697 732 55036
376 680 77936
549 644 49659
643 710 35228
330 359 62650
460 570 26476
660 731 24413
350 726 31953
608 715 20248
41 110 25298
41 318 12649
279 742 20100
389 617 37054
9 103 74673
333 498 36497
59 83 40522
20 277 31623
95 297 41049
31 508 17692
118 172 44822
306 681 40447
100 335 50537
645 734 57628
580 715 16492
406 555 22136
273 376 37443
72 398 51420
493 509 30594
158 533 39013
24 652 13454
202 705 52355
404 452 46573
283 598 60216
306 382 66851
163 264 41869
508 744 38210
197 544 11045
407 710 50090
44 525 15133
340 556 34928
59 204 43417
317 545 42190
456 601 64846
4 495 58181
69 679 58796
506 724 18385
321 623 24839
475 559 26401
214 298 76164
70 137 45607
17 312 15033
254 260 34928
35 389 33302
358 516 46519
74 302 12369
503 683 27203
116 720 40522
275 678 54781
317 385 18385
89 700 40817
65 715 46487
108 424 25632
130 592 19647
109 382 21095
176 532 25020
412 532 59034
561 746 55082
414 475 31401
310 424 38013
54 723 19235
20 299 31890
173 460 16125
209 555 41231
95 576 43829
439 637 20100
66 615 17720
212 252 46239
563 633 12042
220 271 59506
311 353 50478
218 649 15811
64 68 50636
51 354 43174
75 295 39560
185 266 23537
525 645 28601
242 336 54406
417 617 18439
59 382 62968
147 236 22804
657 678 18682
37 155 38288
346 435 34132
270 342 71253
48 647 14000
326 586 45891
210 320 47424
574 641 46011
112 569 13601
222 448 21095
179 687 36401
35 322 45222
383 487 34015
51 149 27731
79 250 40522
126 200 37162
285 615 21260
464 503 18974
461 524 34132
508 543 22804
169 376 74000
204 623 22091
208 354 62626
221 227 46098
204 321 41629
173 640 28653
395 565 47011
227 376 59439
2 545 18974
145 582 61847
39 743 73110
51 82 37216
138 601 31321
662 702 29614
228 552 28653
294 479 27586
181 475 42426
328 445 48104
98 105 35777
217 495 36892
140 626 38949
336 489 46690
462 741 54406
445 461 38210
697 722 13153
215 274 27893
153 373 41231
318 581 13416
99 519 15620
279 526 30364
91 365 14560
483 674 33615
23 537 40224
267 474 36688
111 230 29411
482 583 12166
144 692 33136
663 718 26683
226 455 42154
162 681 32016
179 241 50488
220 251 33541
224 288 34540
280 284 48466
45 547 47434
58 414 21213
146 514 43012
501 728 13454
51 589 47011
123 174 25318
99 716 31257
168 335 53151
492 659 49729
537 549 50596
310 662 29275
375 543 19698
392 720 51971
116 376 85755
5 28 56356
4 620 39812
283 484 41304
606 626 21213
269 445 21190
131 611 13416
96 675 10770
136 671 57559
164 553 11180
456 611 81908
24 214 66287
94 478 49244
592 720 50990
129 525 31953
9 283 80112
104 341 32650
281 373 49244
424 587 28792
477 601 50329
56 691 20224
237 323 25298
349 478 45000
81 496 21932
429 572 54818
110 270 35440
71 572 19849
568 583 15524
510 672 40000
196 503 20125
15 702 49477
507 688 46530
296 599 23195
141 207 39051
270 305 77233
407 529 42059
284 509 20125
195 286 17493
203 671 26907
51 353 22804
32 242 72863
491 493 41976
70 427 17692
126 253 34713
264 490 60671
83 204 25942
10 495 130392
112 205 36014
586 598 53852
588 694 21213
65 303 24515
130 471 12166
384 679 35511
218 618 49769
417 735 42048
33 219 58464
62 410 53151
112 257 27731
432 537 37014
77 643 31953
402 713 36222
229 293 51740
100 168 44688
39 84 23854
63 343 56719
133 474 42544
253 429 12042
252 282 66483
228 356 30000
402 560 25942
175 641 54378
145 374 44407
62 526 39825
136 483 27313
4 664 48826
254 531 60638
118 483 43463
78 692 62650
133 621 29698
257 562 41785
180 460 25962
560 713 15264
358 489 34132
19 133 31890
123 213 22361
300 323 28601
137 421 51108
281 333 43863
451 717 18439
253 377 21095
449 516 14866
396 611 44777
336 358 50249
415 701 19026
683 706 43105
143 214 42379
272 411 17263
255 559 44294
122 695 41485
16 379 15000
106 438 44944
1 655 31016
80 619 66851
124 250 46872
15 186 25612
298 682 43863
497 685 78518
76 596 125925
423 529 40311
10 342 50120
565 716 25710
2 243 24413
408 558 25060
195 276 29698
11 198 61612
62 648 31064
428 451 34000
167 399 22472
46 166 33956
319 737 29155
202 446 49041
209 469 14765
151 308 53413
433 742 45177
259 355 20000
55 556 25554
256 393 57697
95 546 58078
225 463 41304
117 414 20616
284 577 30676
113 728 41773
58 684 28231
99 528 28460
416 641 36797
371 547 29732
263 403 17889
38 448 44045
210 623 17029
88 437 11180
177 571 15133
537 602 23707
287 366 13601
139 539 41400
297 546 50931
138 477 29155
409 532 65803
176 580 24083
171 241 26420
531 560 49406
137 573 34132
111 162 46648
32 489 44553
425 710 58412
20 289 26173
430 633 45255
278 450 41593
210 542 53160
151 386 86701
613 644 40853
19 176 32696
407 660 12207
8 723 48166
142 399 33956
55 340 20616
158 415 44944
94 175 26683
219 593 46043
307 431 62370
6 557 54918
59 306 36000
223 441 26019
93 467 40262
43 598 40262
268 509 38288
152 506 39395
135 393 50922
160 422 37736
9 631 38013
408 601 50010
174 612 18682
454 624 31145
13 684 12369
345 724 52086
128 339 49244
664 721 63789
584 698 51245
231 657 33615
462 681 41593
424 691 22472
105 649 13153
204 476 71847
468 575 40311
651 713 37054
149 353 12530
14 317 39459
523 671 45277
585 600 41629
252 341 78772
334 518 36878
419 675 10817
537 538 63032
3 325 22627
221 617 33956
118 211 52802
182 586 32202
199 341 30414
133 704 22561
5 88 30887
92 600 38118
62 440 24187
451 687 28844
449 622 22204
89 705 61205
8 433 38275
36 143 37216
169 233 25000
524 571 38184
251 707 10817
238 439 44045
387 493 11180
279 658 21954
104 616 37696
655 659 36401
506 628 20125
570 707 50329
196 464 15000
410 746 36014
127 141 25612
351 577 18974
463 482 24759
559 701 24187
315 551 23537
331 346 21190
61 297 52839
167 291 59414
71 98 88549
546 576 31113
476 677 32202
475 708 63506
247 708 75710
125 172 37643
12 57 20616
254 314 39408
108 368 15033
239 352 26173
85 388 20809
468 550 76662
324 663 38949
225 332 17493
21 632 12728
376 547 41677
296 445 18028
101 408 43278
646 746 12728
212 274 31780
40 563 33541
531 557 61774
50 387 61685
335 688 39560
700 736 54818
388 726 45188
224 316 13416
36 214 49649
188 696 57306
134 302 16031
88 238 45706
37 569 56321
521 546 36069
359 494 52240
44 734 51108
543 550 30265
117 708 32985
129 693 11705
278 366 24083
15 437 25495
86 498 55000
10 519 33302
359 733 55758
152 665 42450
608 621 17720
207 427 40200
38 82 46390
345 506 62298
247 439 41000
526 645 44643
653 681 29530
371 449 51662
344 491 39825
147 161 15232
456 552 20248
339 554 26870
178 295 17692
221 690 20125
314 481 28792
224 348 45695
536 575 34928
698 711 32527
300 440 28018
598 620 73661
259 446 25554
102 508 29155
105 184 21260
248 565 33615
26 245 37537
259 385 59034
16 686 29614
197 360 39850
186 593 16279
485 515 13892
611 649 28018
203 208 49254
446 741 51923
253 733 64885
65 267 14318
20 250 36674
226 299 26571
179 350 63285
651 726 36014
110 342 40311
48 208 51865
338 378 18248
30 558 37443
80 145 66491
195 573 65391
377 733 74518
9 484 78409
27 201 17493
227 627 11705
584 731 68884
479 657 10296
28 252 61270
448 494 57567
165 518 42379
286 581 30594
332 583 16401
190 723 22361
101 233 25632
166 510 38639
396 556 41629
412 667 38079
597 714 21024
219 301 41231
281 320 43417
90 452 32650
199 368 47170
59 498 54489
115 319 40000
138 367 40608
473 707 61000
152 345 70605
100 430 46519
317 355 51430
390 582 40706
344 387 31385
136 311 67119
299 547 54083
209 513 19698
23 305 62008
360 680 56303
242 561 21000
510 701 29833
281 418 29732
590 700 14142
72 157 43909
727 730 24759
105 218 24597
44 645 20616
214 447 51088
422 733 36892
73 91 41773
168 710 77524
140 606 45354
219 702 46098
161 732 26571
373 724 50636
105 738 11180
145 711 48374
442 522 56859
236 732 23707
77 710 15811
292 678 46174
55 207 29682
348 630 54672
24 682 21190
543 568 46011
312 639 56859
468 664 29069
17 629 27514
225 482 27295
620 664 11705
77 335 61033
137 165 46011
631 719 23854
598 721 71021
385 438 36000
138 156 37216
211 311 14560
8 505 34540
91 217 31305
356 611 61855
1 682 59203
21 228 18111
159 530 26571
232 618 42107
207 556 47096
101 670 10630
109 306 64125
80 218 61774
85 651 52000
434 604 36497
115 126 28231
434 642 22361
384 694 34482
338 672 17804
276 334 47434
275 363 32650
372 671 11180
709 716 44922
172 346 48703
301 595 23087
98 319 65734
428 687 30000
454 635 25000
459 523 26401
22 396 41437
334 528 56798
242 440 46043
226 249 24021
6 67 44654
288 316 38013
130 154 43463
329 590 80025
436 571 29732
197 703 59816
7 571 21471
83 498 48010
411 727 23770
77 711 51740
206 553 62968
141 502 22472
161 691 41012
155 210 58138
448 676 50210
18 517 24839
286 666 13601
46 107 23087
119 330 38601
261 577 21095
172 674 27203
121 433 31113
406 610 53852
320 333 10817
234 476 55471
248 403 36401
375 744 36770
370 447 32016
32 336 66008
421 518 34828
60 116 58822
344 493 34059
1 571 42048
512 636 21260
390 613 44598
234 400 21401
537 613 45354
386 485 30150
24 447 79120
50 685 42154
153 260 46239
45 116 51624
181 255 14318
53 429 19849
136 523 17692
431 734 45222
205 315 33287
162 230 49163
242 735 11180
373 499 53160
441 466 30017
75 398 38013
190 504 18111
507 521 41869
175 599 14213
90 722 35341
156 197 33615
115 160 26627
418 448 53263
86 109 28636
90 447 22825
182 598 42012
3 157 14213
39 324 25000
388 651 43463
648 734 15000
22 442 65000
273 617 40460
128 554 24515
362 420 33734
258 426 41881
152 699 84054
271 314 30480
165 195 55606
378 712 21932
49 339 122723
220 345 54129
393 596 67476
134 377 50289
424 490 48332
287 316 20396
244 566 61033
228 611 76903
390 644 30265
54 583 36235
251 699 71868
207 573 42942
427 556 60811
591 614 64846
27 615 19209
18 318 35114
230 443 26926
430 529 45354
474 621 18439
170 507 15620
230 524 25632
401 514 26173
125 196 43566
159 536 33838
4 468 70803
118 311 59666
113 706 26306
80 688 69642
52 70 13454
322 336 28460
240 734 68542
140 285 32450
459 671 38949
548 647 17000
273 389 34785
196 477 16763
141 466 30265
155 193 12042
289 299 43105
158 293 42202
28 304 39459
251 656 50774
519 716 26401
123 272 24759
123 577 33242
519 565 47074
93 297 48765
34 80 52887
652 659 28425
542 551 45011
301 404 29411
31 568 15297
279 645 25239
377 572 54083
6 330 63569
128 251 31401
556 632 16125
119 134 26833
395 709 37054
293 415 34132
38 434 32016
345 419 52773
320 539 31385
120 397 60208
96 724 16643
5 437 29275
399 585 20224
51 136 51196
327 379 62817
63 384 41110
386 394 30017
25 659 67067
328 461 31401
241 399 33061
143 447 19026
157 531 33956
446 590 80112
203 683 47381
528 709 33601
300 526 17088
90 370 21954
18 110 37643
125 477 44418
500 721 43267
75 668 66708
13 303 39294
291 467 20591
614 619 67417
261 268 15133
305 309 62177
273 371 35228
444 683 23345
395 631 21954
114 212 41231
549 582 39051
201 480 25318
158 274 44911
68 316 34132
397 679 23324
444 459 11180
309 540 49980
57 84 24042
200 253 33015
258 729 17464
120 206 60902
190 489 44822
315 607 32802
397 694 22361
261 284 33287
130 427 33615
56 324 25000
84 324 23324
34 618 22091
47 391 33615
75 157 34132
106 689 51225
30 592 30871
191 723 39812
86 434 48918
176 621 20000
32 440 51157
60 376 65253
369 616 18868
375 550 31113
521 745 36674
98 527 72443
269 635 60415
471 592 18385
467 687 27313
35 336 28018
337 517 34205
221 273 18111
529 710 73062
86 222 47508
43 289 18000
455 516 51884
260 419 33106
296 603 25612
307 393 53075
35 358 44045
71 426 25020
275 609 60017
177 524 31385
116 547 75664
194 446 30529
389 449 31145
613 740 43829
75 178 35384
58 240 39000
218 522 57489
124 638 48301
469 634 12207
37 193 41629
374 380 24083
499 557 59000
362 705 52402
229 255 36014
277 299 47381
410 648 34205
75 745 45651
53 71 54818
191 453 25612
152 628 43417
240 338 49820
7 524 37855
10 565 76479
66 412 51624
240 684 38210
517 528 39395
50 268 10296
308 686 41049
17 596 92022
576 745 24207
552 601 62426
61 546 15556
12 348 46872
311 494 44418
76 235 47074
436 682 48301
72 605 43863
97 546 15297
361 688 31321
199 616 36056
131 184 20100
242 322 35355
321 476 60374
395 716 47508
222 498 57079
360 670 39459
64 265 54203
373 506 49739
391 533 47170
61 521 39000
245 645 44598
183 634 15811
475 701 42190
68 579 46690
31 102 30871
14 355 29833
31 54 40200
530 536 28160
597 732 44283
643 698 38184
7 230 21401
159 721 33136
260 314 37000
476 681 94069
313 746 28792
458 737 74027
271 640 39395
306 567 32280
330 377 43186
352 669 27785
538 549 65765
351 492 68007
50 727 27295
645 658 40112
254 560 39699
473 640 19849
226 622 27803
369 424 25179
148 678 38910
120 292 58796
29 531 43566
139 665 18028
494 676 56648
106 213 19313
102 124 40311
124 504 47202
103 484 19698
255 439 44553
290 443 39205
26 693 25060
287 491 24352
11 405 16031
230 290 43863
192 739 33121
674 683 16125
538 666 24083
30 154 28601
360 601 41400
313 561 51000
280 491 48104
151 610 111521
541 719 11180
30 511 27166
60 189 32696
133 238 21260
179 717 21932
263 395 22023
31 583 22472
566 603 75240
153 499 21954
82 642 37483
260 481 14142
94 603 58000
45 283 33377
134 330 50695
216 411 37014
173 180 35468
46 378 47539
433 723 29682
291 399 81394
367 544 18111
48 244 24166
532 580 45541
254 402 38639
87 541 17263
142 585 17029
36 514 52393
373 628 42202
24 25 75107
120 553 64000
298 328 22000
237 300 16553
237 526 12728
32 453 37000
182 283 75027
273 690 21932
500 598 49518
85 92 31305
72 713 21095
381 679 15652
554 707 46519
155 542 20248
93 428 10440
94 548 17117
158 391 41437
275 292 24515
577 730 21587
29 325 28302
214 682 56223
170 258 29069
21 356 22000
643 711 50160
245 658 37363
359 676 15033
271 402 16763
162 462 12042
364 700 60083
282 368 43186
276 517 39446
106 174 19235
214 416 44011
237 742 26907
566 589 66910
46 712 40361
55 141 40497
513 699 53413
239 654 23431
260 345 63285
319 458 71568
233 680 20125
367 503 40311
174 472 16763
3 668 49649
490 691 50448
343 692 49739
22 522 43841
8 235 58310
42 310 21932
133 247 34482
474 608 24698
275 313 46519
486 677 39115
126 527 33015
131 458 28302
13 185 29411
98 184 18000
157 398 36056
673 691 22672
5 637 27295
290 317 42190
1 492 30000
171 585 43012
54 102 36125
159 744 34886
456 477 57271
309 613 34205
36 413 27459
305 534 152958
464 477 25612
297 430 40249
599 603 24042
66 593 29069
254 481 22361
184 738 10817
156 360 10296
179 291 37537
463 505 27074
40 731 58830
213 594 11662
351 612 15000
400 487 39013
27 593 38471
79 455 19723
237 279 20000
254 499 74324
65 625 72422
201 595 20616
325 668 44553
350 398 53460
192 505 29069
209 327 27295
80 522 17117
126 733 52469
69 580 40000
64 287 22023
140 514 50606
189 558 11402
457 728 32000
562 569 19235
265 659 34000
33 490 45188
80 374 66189
371 376 13601
147 324 20591
68 132 29614
323 433 41437
111 524 18439
408 511 27203
630 743 60374
306 653 16125
151 420 130357
454 566 60828
256 712 36674
161 264 14422
301 370 37121
117 684 28460
105 131 18974
133 708 66219
158 215 54083
23 581 46690
438 695 35057
268 387 54745
266 410 46098
670 680 28653
328 416 64622
191 433 34785
33 452 42521
230 462 50636
94 566 75027
136 353 40608
87 103 60671
441 502 33136
193 542 18028
384 588 43139
115 435 34713
18 41 37000
711 740 35355
24 659 29547
401 416 22136
350 451 73007
100 688 37855
333 418 44721
58 672 25179
667 692 76577
92 460 27803
244 647 22361
227 703 36401
69 625 60729
470 496 14142
398 605 42521
297 633 50160
269 603 26000
573 666 58078
81 639 18601
457 501 25080
364 685 118714
652 655 15264
280 366 32062
536 721 28653
340 396 31575
663 673 12042
232 361 21095
377 429 17029
22 218 30806
410 561 66611
27 219 42521
349 647 32000
372 444 29000
380 442 25080
265 278 41304
26 525 43909
202 476 31241
177 461 30000
212 215 41617
164 694 14765
71 200 64885
330 733 80957
1 243 23854
374 582 54231
203 372 18358
219 404 52697
205 469 24597
192 463 21541
132 579 28160
555 699 50010
328 641 61855
269 461 51000
22 611 41881
194 590 67897
205 686 32558
346 661 14560
479 678 13454
107 246 20518
434 448 27074
8 54 44294
36 146 22561
233 408 42190
309 534 90785
240 256 40112
156 367 30463
655 682 40311
331 422 34986
152 257 51856
414 510 54332
613 669 23770
327 686 48166
201 615 24187
381 625 14000
627 703 31623
199 347 28160
28 282 36688
405 484 29155
213 636 18868
69 78 42048
12 236 44553
130 632 59059
239 534 42426
344 685 126289
248 586 50249
254 557 73926
56 673 14866
393 431 53712
156 544 30594
112 183 20616
220 314 54644
16 151 36674
262 545 31064
529 633 24187
587 616 14318
40 535 31145
167 465 11180
109 454 19235
190 191 40311
46 470 32249
111 653 53339
413 480 21190
58 117 23345
23 602 22091
473 570 40224
437 662 55973
148 294 28178
470 488 17889
83 320 54203
574 599 21954
362 736 29547
327 610 35735
494 733 25495
392 564 32202
206 588 67201
425 731 25179
293 304 42579
269 296 31048
257 699 56851
63 728 72014
280 509 50912
25 90 25807
11 103 10440
463 739 41677
425 660 25495
416 514 12369
418 498 65513
284 351 24352
85 640 58138
37 315 55317
114 293 29155
714 732 49041
163 490 45607
11 720 39699
7 262 26249
216 512 36125
189 592 54378
239 698 18028
289 500 26173
184 458 17464
619 711 46840
489 504 56613
163 452 40224
260 357 35468
52 392 34713
43 299 45541
95 428 12806
456 458 75166
120 703 60745
367 464 36401
170 521 44598
225 568 29833
238 704 19925
673 718 25710
431 525 21260
42 490 35468
8 739 35511
512 594 23324
138 464 21024
99 337 54918
205 634 21633
368 587 13342
362 394 28018
19 704 19026
45 299 45000
198 518 30000
91 586 29275
12 597 49336
59 681 50000
28 212 41231
248 495 41725
315 569 31623
370 404 26476
231 627 72691
153 357 17088
588 728 75027
26 135 15620
8 76 62482
185 734 64281
355 385 53339
347 616 23087
81 256 49769
288 630 21541
231 417 39812
515 677 53852
77 591 35511
74 729 49729
81 393 39115
101 680 18974
472 689 59808
399 465 11662
135 596 64031
238 247 19925
478 696 13892
19 650 12530
169 189 19416
97 576 20248
538 581 23345
284 450 79756
290 462 28425
442 502 29411
1 262 21541
298 461 35355
46 510 52839
21 130 56727
474 708 42202
444 674 18028
94 599 38910
358 504 68029
132 697 31575
119 668 41195
408 670 44407
86 589 37802
400 485 48795
308 386 74953
504 723 32558
427 471 25495
261 509 28792
357 419 14765
4 550 147275
225 543 67417
127 340 29069
22 127 65307
314 345 54148
17 47 57035
116 725 43186
148 735 39825
211 422 26870
39 104 88414
425 643 50010
160 435 25060
638 721 18788
78 384 11402
7 443 16401
69 409 28636
194 695 65368
93 687 25239
72 531 30414
6 359 51245
73 586 42544
150 270 21840
71 729 50606
412 626 18682
222 418 63325
99 342 57489
603 624 46530
332 482 15133
387 509 29682
83 333 55973
74 572 14142
69 715 36878
53 200 14318
532 650 11402
441 666 60108
54 504 33377
92 339 49649
208 671 37014
6 373 56223
232 258 24000
186 702 45255
535 731 28792
349 692 35847
356 396 33541
188 667 19209
363 646 13153
698 740 40792
32 121 20616
120 657 32311
25 697 48415
88 704 47434
391 701 51157
309 352 35228
10 305 195346
94 244 30364
129 431 46098
335 591 66287
79 358 36014
374 442 42202
241 585 37202
578 624 13892
159 638 43324
273 449 51614
591 711 40200
208 244 53460
409 580 38210
125 435 43081
486 705 28071
295 745 36125
27 66 20616
392 421 21260
140 146 24021
194 259 14318
209 634 18028
282 662 51420
15 593 32388
187 394 30676
511 552 42426
258 618 49930
123 730 27514
553 694 18788
60 725 26401
219 595 31575
580 608 15033
564 592 36056
170 729 41785
167 179 44553
231 479 25298
578 603 49031
231 617 32016
292 381 29069
167 241 31401
181 247 35228
73 326 14422
119 557 29000
389 417 36674
198 541 22361
9 87 36401
216 695 37855
89 736 22023
534 698 49244
66 626 41231
394 486 11180
313 646 26173
278 280 19799
562 665 51039
152 562 18028
214 514 44181
283 299 51856
65 609 34540
61 507 47854
345 656 40706
12 743 36125
467 563 110454
536 664 44944
248 365 38079
410 609 50120
263 631 33541
9 263 11045
383 400 17000
321 542 50289
605 726 16643
627 657 67424
401 696 29614
76 135 67357
82 604 33838
46 629 26627
17 46 32894
189 725 41593
122 685 66611
369 587 13153
403 586 47011
511 558 34525
440 526 23087
108 587 22804
432 602 34928
305 602 48260
313 678 41000
423 633 40792
264 732 21401
150 581 39205
596 739 164596
469 686 45880
182 403 37537
201 413 12083
650 704 30414
312 488 18111
398 745 62650
4 326 30017
222 434 15811
96 345 44385
414 672 28425
14 741 20518
52 471 19235
63 588 34482
212 304 39408
181 559 37483
160 661 16279
328 574 53151
405 720 30414
288 344 48703
386 515 24698
474 715 32249
29 119 12530
12 84 37108
225 596 245220
246 629 21000
187 420 55154
16 308 40447
38 642 15000
584 643 47413
102 504 23770
21 154 26173
257 513 12530
2 385 40817
281 539 39319
17 488 23022
67 373 44553
121 191 15556
310 368 29155
466 502 29206
268 730 18439
435 661 25318
322 735 33541
420 736 19925
350 745 82879
337 342 23087
144 478 46325
50 730 22847
260 499 54037
241 465 28160
2 317 42190
47 246 12207
490 702 44777
217 365 24000
591 619 17720
614 688 30265
134 572 34986
453 489 20396
127 442 12649
305 540 14422
547 622 22091
392 518 37643
92 180 10440
308 607 51078
216 636 29069
277 455 15033
166 246 30150
227 680 54120
114 158 43600
291 687 35693
23 150 31828
604 642 36770
825 463
852 503
457 818
48 296
672 161
565 757
797 500
254 123
115 396
5 478
188 432
900 213
494 182
850 584
679 213
824 837
498 10
69 530
617 234
197 302
294 558
294 654
79 621
809 409
813 334
356 74
702 279
698 111
488 778
280 509
193 158
305 196
787 260
316 716
290 285
731 328
703 761
576 643
877 184
214 896
69 567
741 196
178 338
380 127
221 368
509 41
555 12
592 440
689 958
977 446
578 560
226 510
447 681
233 162
249 588
827 184
887 197
508 144
715 616
285 437
322 836
380 203
539 381
895 334
509 244
682 274
590 720
903 284
545 295
216 519
413 724
486 851
66 305
430 751
414 832
302 83
192 779
547 337
220 258
265 702
447 58
582 597
726 655
864 204
495 958
645 612
125 431
657 188
926 681
798 313
58 346
523 972
319 925
631 453
330 905
615 811
348 850
373 645
42 466
298 804
351 457
206 186
185 422
816 120
341 661
925 496
531 34
764 166
651 584
45 559
756 526
727 826
467 438
642 83
452 641
229 419
524 161
486 578
482 767
422 358
297 177
984 551
947 481
190 223
429 567
478 652
235 626
613 964
389 82
257 515
335 643
874 290
596 210
458 755
366 62
528 549
204 563
403 500
672 752
685 332
215 610
460 997
768 332
606 397
200 716
709 333
842 202
398 275
566 585
56 599
860 830
682 811
589 778
297 532
732 736
407 463
448 829
607 57
154 225
467 619
836 216
780 566
796 255
496 363
170 532
542 49
406 981
264 833
302 448
343 779
448 943
458 543
547 939
922 477
657 459
587 247
772 479
390 806
375 949
520 962
602 142
113 361
732 846
355 645
470 165
695 233
882 743
635 351
298 467
246 193
286 188
244 117
741 744
912 597
126 566
422 524
436 446
138 468
761 104
444 667
711 294
840 630
500 474
749 643
763 825
452 411
224 572
549 469
739 854
736 678
518 620
682 73
943 503
754 372
658 39
981 532
44 318
319 672
730 247
603 903
341 345
621 653
169 658
927 301
183 114
246 314
360 387
312 556
651 137
784 517
381 311
341 760
327 448
789 700
312 129
856 220
340 169
612 196
117 764
469 144
425 956
358 246
838 483
602 462
331 102
545 19
606 177
53 379
270 313
181 269
618 933
725 56
471 686
540 835
615 136
466 104
715 851
365 760
899 591
572 821
953 439
817 483
104 397
828 228
852 367
475 188
522 238
968 441
697 503
35 593
549 878
965 498
323 343
651 66
466 290
105 545
215 276
893 362
340 149
907 376
666 732
733 122
188 363
925 421
703 305
117 581
917 333
959 314
178 320
814 549
347 974
461 314
617 98
385 300
377 818
689 473
296 882
759 448
221 323
333 184
746 285
442 754
504 220
659 105
41 670
715 580
453 115
818 797
70 725
750 176
532 616
483 11
424 270
572 858
745 797
921 313
856 545
81 563
428 609
693 698
766 681
333 271
316 161
852 184
473 802
78 297
763 867
737 448
879 648
505 736
481 609
192 129
684 692
120 500
253 781
306 262
52 520
500 105
570 988
257 607
791 99
29 522
548 437
975 360
626 854
474 589
788 112
909 259
606 408
429 916
917 444
99 745
560 574
588 518
879 591
294 580
595 794
256 257
560 706
398 458
320 758
900 715
445 265
980 603
44 342
909 344
435 475
765 151
791 150
779 302
294 363
509 490
621 752
206 672
151 195
302 374
473 707
497 87
824 852
208 648
487 327
653 605
791 721
536 340
873 538
871 744
959 387
478 946
312 310
133 713
568 43
192 503
414 79
872 714
87 411
288 613
481 346
436 863
427 989
806 713
692 395
533 873
88 389
774 276
204 431
722 915
194 844
323 490
573 301
433 207
982 495
638 301
716 305
529 141
583 95
713 388
345 294
644 712
602 807
933 722
178 519
499 639
206 886
788 175
161 840
388 725
228 532
322 915
462 694
278 846
392 128
73 677
275 155
608 644
445 607
767 459
668 190
909 538
646 168
356 200
170 632
231 638
810 510
489 511
704 483
886 613
787 333
610 671
281 313
856 381
356 915
819 288
270 208
648 565
230 275
354 553
476 446
359 628
494 521
545 955
742 479
792 567
224 109
422 509
417 983
185 606
329 964
90 239
752 847
477 45
245 513
906 472
548 927
557 227
560 136
820 654
406 529
651 408
405 319
736 298
562 831
207 127
503 538
193 404
841 747
867 704
805 752
485 29
274 228
768 219
940 341
849 445
949 382
555 654
24 349
463 43
984 563
678 656
570 767
175 294
499 456
203 629
440 515
228 195
222 136
646 795
331 789
181 171
943 412
535 87
307 512
945 529
721 862
710 376
848 735
276 299
85 511
156 492
30 456
593 315
358 821
263 685
515 537
760 508
378 112
349 178
445 653
69 475
234 857
129 216
481 821
612 248
608 18
111 806
191 875
126 244
102 654
104 591
705 727
53 678
128 448
751 729
159 177
437 457
834 509
333 847
266 353
614 455
150 638
129 173
750 774
337 542
486 358
589 969
729 894
271 575
511 767
301 478
576 115
510 861
379 246
700 812
247 890
218 484
40 410
604 523
724 549
190 143
719 815
571 960
787 481
428 737
186 592
685 459
118 210
355 869
935 450
663 541
871 318
569 263
87 575
152 677
205 139
120 812
447 986
87 342
778 148
506 371
615 589
959 646
198 744
252 496
684 245
933 509
724 278
406 12
885 260
139 328
666 470
485 969
373 491
81 643
673 493
614 608
468 891
641 321
771 817
570 248
477 231
774 901
329 631
917 459
91 698
260 763
687 291
781 134
349 312
338 718
203 727
84 279
575 231
268 331
747 665
651 534
487 313
656 306
371 383
655 777
524 19
951 294
98 430
285 567
246 878
745 837
672 558
959 513
648 148
168 266
436 43
533 914
686 413
588 634
162 790
129 683
361 135
443 252
606 440
406 186
328 659
623 245
495 906
818 419
729 572
102 782
826 432
645 890
410 328
321 138
836 397
184 851
470 603
721 172
823 158
88 268
671 770
128 589
623 336
441 771
85 721
359 464
520 492
511 119
822 170
474 521
611 801
575 707
834 683
415 310
501 334
345 439
755 586
789 416
466 507
497 170
993 485
795 831
340 939
290 767
885 528
332 363
807 187
573 394
378 86
503 350
944 540
663 401
843 296
135 763
679 895
961 660
564 94
727 201
389 409
618 215
865 676
463 464
609 927
532 193
89 448
197 794
158 740
482 71
497 869
876 279
553 259
46 435
360 933
797 164
118 443
218 458
151 258
830 298
250 171
629 802
261 448
459 905
973 473
508 446
382 764
956 455
164 865
845 241
530 659
406 171
363 256
927 703
417 582
346 651
260 88
127 723
836 599
320 151
924 240
185 209
374 854
434 243
