724 1505 22 125
70 365 43829
104 661 39205
288 648 40719
427 609 66310
376 718 12530
190 203 35511
171 519 54083
263 386 49163
262 361 33734
575 601 40361
64 626 48166
184 441 50359
77 383 37656
345 677 37014
8 655 15811
234 419 31305
249 506 27019
121 610 27019
557 594 19925
345 653 42012
21 77 32696
362 719 33526
131 293 51478
385 403 52469
63 668 53814
377 379 80156
274 433 39357
18 470 30676
360 665 34525
21 336 36715
50 220 52326
273 468 18028
42 538 48765
219 721 34000
255 602 42059
208 447 59841
32 555 32757
60 93 38013
140 230 52887
27 456 31906
44 47 16553
161 708 48466
257 489 34886
425 682 75432
359 628 29411
17 80 24331
146 272 29017
399 574 22361
404 640 34132
276 305 25298
158 619 29530
644 689 32016
76 632 37000
18 111 22561
357 482 25020
50 566 12207
596 600 58310
503 569 68066
153 405 33242
45 456 24739
32 48 57271
364 581 39051
253 609 44553
62 225 19235
243 547 33838
124 462 71169
68 302 32757
324 389 20248
471 508 49980
307 597 26420
38 436 60008
320 547 31145
431 721 29069
278 649 46819
139 227 43186
23 403 47170
196 358 54644
183 297 68622
225 599 66287
66 100 83006
301 653 29682
203 380 63246
155 486 41485
627 711 22361
480 594 50537
360 448 25318
153 613 24042
430 705 26420
502 595 33541
369 576 46519
90 269 24021
438 537 42720
335 587 12166
187 566 21024
94 322 23324
93 472 17804
13 172 42190
437 594 44598
195 624 41231
256 608 53759
269 530 60440
128 675 38184
508 545 29275
506 716 33541
260 693 30414
72 250 32140
191 430 44944
116 334 25080
43 695 25080
25 64 20224
81 420 29411
477 635 36346
53 298 23854
66 724 43658
129 306 33015
492 682 47676
223 544 60440
311 692 30265
467 483 18385
97 191 24083
68 721 50289
15 271 51225
108 577 30806
137 517 33015
407 447 10440
67 144 25000
288 576 14213
587 684 30265
417 636 63514
58 522 26306
27 193 36770
522 709 42202
36 136 26306
363 545 26000
18 297 37855
555 580 84929
39 383 39294
84 207 53254
101 554 31241
94 700 28160
267 624 61717
135 398 45343
605 647 24083
41 282 46271
133 396 27203
290 687 25179
186 252 43324
367 620 11180
85 663 50329
48 680 62626
223 632 22361
354 717 37643
240 524 33287
215 422 39115
107 237 84119
3 598 30463
139 518 11402
140 666 20248
188 649 42202
54 363 48754
99 337 45804
299 439 34059
92 420 14318
167 305 51740
617 634 55731
261 266 20224
555 596 81835
548 690 28653
49 141 41485
407 547 34482
431 590 13928
206 333 14036
7 370 47096
361 708 27074
188 490 40497
92 271 12042
311 495 61074
205 357 17029
83 151 45222
448 667 23854
106 488 20000
234 565 41000
378 527 37000
177 596 44643
109 208 58181
51 491 57559
354 418 39560
347 355 21213
437 557 40522
379 435 45607
90 250 64498
481 658 24083
20 124 35777
187 201 19313
402 671 57280
17 219 61033
433 490 46690
69 213 14866
292 341 48052
157 534 33422
384 502 53075
147 496 16279
150 485 22472
293 591 44011
157 717 56089
307 466 47074
100 714 38013
63 399 42107
582 642 63246
101 394 25000
152 355 54708
141 613 35805
446 481 44598
7 93 60166
537 556 55082
90 530 50000
244 434 64637
304 334 34409
42 656 26926
588 638 48374
208 429 41183
359 491 63000
415 438 29732
116 622 27166
1 235 84214
56 373 29547
400 562 22091
285 519 223973
26 349 34234
4 241 28160
86 454 41340
212 516 13038
85 434 71568
464 465 20224
30 160 32016
95 683 51157
460 498 43139
147 178 11045
534 574 24698
492 688 46487
697 700 13000
26 120 35171
580 596 38079
555 575 24413
10 185 40817
106 281 21378
7 474 55973
103 272 42012
264 477 42450
153 289 13038
13 506 25080
298 374 30083
325 553 31000
113 258 58000
19 561 21095
102 195 67602
155 613 49729
179 471 49930
119 699 39699
189 703 30265
123 194 30414
14 106 33734
232 444 104202
217 409 28844
569 603 38471
135 290 44911
143 245 36139
100 212 10817
78 511 45277
278 590 34234
16 362 55444
299 433 28160
75 171 41773
268 657 12166
194 710 37643
220 463 90272
391 511 58310
469 701 38949
73 476 31064
90 368 57585
549 626 28844
235 316 22804
115 649 28178
236 706 17889
636 703 26907
197 387 12000
173 394 40000
59 686 36797
192 344 35440
74 266 46615
147 476 24698
82 194 26000
304 461 32249
215 641 45188
221 438 37054
15 161 34828
550 636 60407
136 517 27459
347 625 45541
69 390 13928
195 346 33601
253 624 45177
337 487 47707
156 337 47074
192 454 16000
294 601 43681
385 521 28160
503 721 60208
81 271 32696
46 615 74847
116 696 29682
66 318 40025
191 231 23087
353 593 56754
176 321 39395
375 480 25318
67 235 56569
96 677 29428
444 623 25239
283 416 30000
259 606 36770
474 703 19235
2 420 27586
59 557 26926
150 230 73007
373 397 11314
458 650 66370
189 202 46043
180 233 20000
61 405 28636
371 620 24515
162 456 35355
66 714 73790
188 325 19647
427 509 58310
586 594 36359
410 688 15524
329 653 19799
106 424 19105
438 625 57219
72 630 36235
345 477 53367
483 524 42720
289 613 12806
117 293 58000
240 441 20125
252 374 56604
115 278 51400
319 354 67201
443 616 14142
144 528 62298
305 398 37108
26 280 17464
604 680 10440
181 326 20396
107 527 53160
73 642 13601
202 396 24739
57 316 22204
344 502 41000
435 494 62801
496 701 41183
63 704 25942
60 472 29967
519 691 48918
189 370 21840
10 248 25000
12 68 43012
304 582 34928
61 282 44181
96 625 43186
403 511 42048
592 598 41400
207 209 33541
505 703 24698
385 578 35355
346 487 47854
178 684 15524
149 308 49193
13 628 48270
53 693 77666
42 223 54129
204 586 31890
8 126 32894
449 489 107280
195 267 57000
681 694 14318
21 146 61392
133 419 20396
441 483 31401
267 346 36056
321 397 16279
8 703 53460
32 680 51478
310 673 19209
144 235 49649
366 408 60141
35 285 128098
535 652 24083
73 469 39051
391 586 55731
145 481 15620
31 56 27659
150 480 28653
463 685 18868
28 29 20881
205 366 20000
467 644 18439
69 286 44777
408 624 52631
158 682 65742
183 657 46011
22 676 16401
28 179 19416
285 693 56859
327 493 66008
412 515 64031
59 150 36125
553 649 44045
338 416 27893
331 491 35228
117 151 50010
236 661 38013
496 587 23022
31 397 12806
208 407 56000
426 578 23707
139 334 57245
229 483 14866
156 487 36497
40 564 43046
52 493 49649
5 605 44643
77 645 27893
178 476 31241
278 550 44418
81 310 24021
182 453 39825
384 595 51788
376 626 27019
250 630 26571
110 652 20125
84 567 39294
549 718 38484
625 681 57009
578 579 29411
46 427 34785
245 543 42942
424 641 40853
137 423 27019
221 445 22361
119 459 39459
184 483 51478
279 571 43186
235 493 81056
170 681 64078
249 716 31385
528 667 25807
105 588 18385
40 348 43186
124 393 14866
307 715 19105
55 193 36056
251 683 23345
111 634 38626
172 386 26401
364 372 27514
375 666 23345
119 388 42720
393 671 38897
43 361 15652
25 626 40804
341 460 16492
2 226 25495
611 710 34366
327 600 46098
125 414 44553
665 690 41881
555 601 51662
54 328 37577
300 615 44418
396 593 19416
599 653 61392
200 684 31780
623 698 29155
37 475 34015
263 330 25080
539 586 25807
96 415 44147
117 548 26926
663 710 59666
270 531 23707
461 541 10630
283 338 25179
165 333 13892
264 345 48765
118 591 25495
188 697 30083
663 678 48332
201 204 27459
176 702 31016
117 646 15232
105 135 23770
159 476 16125
4 712 35735
461 582 38419
125 576 36069
95 525 12083
382 640 44688
138 692 38013
143 543 32650
423 579 12369
270 512 49649
26 139 21190
327 362 62032
452 484 22361
486 589 37736
246 447 53907
48 327 39812
230 584 35384
202 593 40311
190 530 53852
289 405 30017
24 540 23324
350 674 16401
72 683 44654
153 533 27295
15 274 51662
119 577 46648
107 601 113534
11 224 14036
273 613 40460
519 622 53935
38 506 20224
305 702 37202
573 646 14866
44 480 34015
40 88 42485
282 533 36359
457 677 17889
302 479 63285
178 371 31064
161 361 43932
633 711 47011
11 364 45793
118 540 54745
71 585 50804
377 544 52393
70 616 74525
289 589 21260
138 311 63600
77 87 14036
531 568 49649
668 704 50922
35 185 48052
560 669 30480
11 216 16031
67 186 37656
132 392 31016
546 662 22361
328 373 21587
5 277 52697
13 249 38949
271 698 67956
599 663 12042
19 82 22561
501 617 18248
469 528 60299
180 586 29732
18 634 47508
173 464 82855
264 293 64560
18 122 40200
91 253 21213
484 654 28178
216 320 48052
114 669 29833
89 174 57775
94 697 29732
103 521 44283
515 574 20000
541 612 17088
95 449 50329
234 556 42450
62 595 52345
611 678 32016
516 714 27893
433 700 43382
490 697 12530
614 657 14213
127 575 63789
430 524 43932
348 631 33287
129 540 23770
56 466 44283
199 465 10630
166 610 26627
89 567 29530
102 523 60299
388 425 57009
426 529 19105
30 514 29155
473 574 12806
12 130 26926
112 340 36892
70 443 76694
237 492 70214
339 643 24759
388 497 29411
74 422 21024
453 599 11402
334 709 44407
106 352 41110
6 296 24187
352 641 32802
455 563 11402
59 485 17088
199 464 13928
231 352 48166
212 685 25710
231 706 44777
100 463 21024
174 291 40050
234 242 29530
561 611 29833
220 437 20248
312 519 25000
558 609 36359
78 295 24083
311 526 20248
340 702 26926
200 534 38288
154 173 37108
48 600 53852
511 703 54129
120 473 32650
41 368 10440
458 491 19416
158 425 76000
335 496 27313
135 255 25962
230 284 56921
28 220 57009
99 214 41110
35 543 35735
148 432 28862
337 687 59363
118 182 54342
49 256 21095
411 432 10296
104 106 31385
313 381 25495
235 442 85422
180 204 11705
171 691 14765
193 286 15000
197 668 26077
377 494 61294
488 502 44283
116 709 30083
218 516 43417
241 603 33615
247 390 10050
339 724 55543
324 434 37054
166 585 37014
471 545 44643
700 708 55172
353 647 34132
211 360 19849
57 67 51000
87 336 12083
238 313 31145
113 332 11705
13 451 25962
207 588 47413
349 518 31385
227 570 28160
57 719 16553
34 524 22825
405 589 20518
395 532 16125
196 378 16279
193 567 14036
86 619 32894
159 367 15652
128 382 26077
293 656 34928
36 79 20881
403 578 32450
197 583 36235
230 585 66611
398 638 48795
438 445 45618
382 484 15000
230 643 58694
466 715 56080
250 525 55009
406 592 38013
57 252 28601
187 220 46228
355 475 45486
14 661 23324
115 322 19698
6 222 46615
89 365 40447
147 587 25000
228 577 21024
270 568 47802
150 375 31016
261 520 36069
499 606 24698
98 410 27295
279 465 33971
390 670 33242
207 224 65460
39 84 63388
249 263 36401
27 162 23409
386 395 44011
308 401 23195
670 681 12042
304 541 25318
72 679 37590
75 116 51352
107 296 18111
29 463 63253
250 679 21024
66 284 36235
411 523 38328
33 349 11662
241 503 47170
317 459 40025
122 226 23087
170 625 68000
214 364 11180
143 642 61074
213 383 30232
315 439 43000
258 650 26401
405 450 30017
385 593 58258
103 353 42059
240 559 20025
436 607 46174
102 432 59034
283 500 36497
24 118 51039
1 633 45453
201 220 40249
104 595 43186
256 533 25239
32 575 39560
22 311 47518
459 501 49497
183 428 67720
475 494 35805
695 708 17464
152 223 18028
203 313 30017
75 612 43417
395 522 21633
314 673 24083
34 483 31048
381 450 22472
229 689 19698
281 344 44283
546 705 18974
343 591 39115
98 228 31575
362 596 41437
287 558 68359
295 426 47127
60 370 28302
354 379 24021
275 410 34176
137 169 29411
205 408 61327
53 285 45793
319 515 68731
239 507 48021
265 484 15556
22 330 33015
149 408 46690
76 347 28018
144 292 38288
126 655 18111
16 600 15000
434 490 53339
56 513 24413
121 404 20616
462 671 56294
131 644 53235
85 244 49396
65 339 25710
157 354 43600
657 669 34986
307 513 50249
69 84 66851
502 614 55000
54 56 20809
136 508 31145
402 564 42202
7 60 29206
135 148 41110
83 538 32388
127 680 29155
211 528 24331
329 457 13601
142 672 48166
270 675 29069
164 554 29547
227 280 33838
440 447 23345
96 345 34525
172 263 47202
221 537 10770
70 224 26833
45 670 23345
224 364 41231
93 419 35341
449 683 14560
309 464 70328
254 436 13038
173 309 42059
247 670 28178
26 704 20518
297 428 67683
296 378 40804
74 142 15264
389 434 23854
15 315 38419
9 210 40497
112 328 23087
205 715 25179
490 700 13038
186 356 13892
450 637 21095
100 686 94244
98 388 43174
47 480 26401
391 626 44045
335 360 39357
80 606 14765
495 716 37696
10 171 24759
63 473 26627
282 535 11705
370 474 21840
348 629 11180
112 363 12083
42 293 43417
358 520 36401
63 332 45044
32 127 52802
474 505 12649
158 424 62482
78 391 63325
342 637 16401
413 468 19416
134 535 23022
274 700 59203
146 707 26077
28 406 44922
480 485 33734
161 274 48826
137 508 37336
109 332 50448
415 625 57428
400 698 18358
59 318 26000
28 50 44407
312 622 39294
50 179 39661
46 253 77201
499 675 15297
12 623 25080
88 671 47011
539 718 25710
76 625 28160
476 496 21190
282 652 30871
152 544 57009
452 654 16553
61 153 23601
653 663 61008
526 692 14765
12 562 40050
262 562 27459
569 654 21024
356 642 56436
404 568 38419
446 575 26019
155 581 22847
161 271 62201
301 457 19235
626 718 33838
111 314 38419
282 504 46615
130 444 25318
26 518 29206
332 399 62482
3 664 41629
464 571 24083
334 570 58694
403 639 54708
258 583 46011
64 511 67082
487 523 44643
622 696 19105
329 345 30871
9 643 168220
147 684 21932
368 652 17000
79 545 14036
587 621 16000
97 142 34059
310 420 32650
302 503 45880
497 577 11402
160 507 60075
90 652 57801
526 676 26173
67 356 28653
469 642 36056
441 524 40706
387 583 30083
68 130 37643
45 247 17117
576 659 24021
393 402 52154
295 586 53852
158 261 57315
320 372 24083
225 663 68710
267 615 57428
334 612 16401
507 604 59682
195 408 23022
170 438 37121
17 606 35355
209 224 57271
251 257 67119
89 494 67186
36 545 29000
399 412 52154
51 331 42544
287 489 77162
338 501 42202
503 510 55154
145 222 22023
83 293 38601
346 523 33000
86 388 39850
624 674 20616
303 547 16553
139 570 46755
20 462 74250
6 145 30529
228 497 14422
369 648 13416
455 537 49769
95 530 89376
210 551 60745
24 182 38419
20 554 14318
102 346 71561
110 250 41183
150 284 61205
583 668 47127
168 299 29275
261 682 23087
157 515 19313
275 634 193546
316 327 40853
260 543 46819
23 189 51624
53 374 25298
37 494 22561
428 634 72201
540 705 34366
288 369 42450
58 263 33615
217 300 36674
445 707 41231
17 417 57428
83 117 35468
591 705 38053
182 635 50210
108 617 100225
97 240 69007
44 163 29698
165 614 38949
182 225 51865
409 468 43600
231 236 36069
191 524 53235
317 416 15264
270 499 36235
205 482 19799
297 315 48260
350 624 29155
129 706 12083
101 464 111221
210 643 127914
11 372 48042
217 608 43463
415 457 23087
425 619 67231
89 193 25000
321 722 30000
156 217 40497
527 552 37483
538 656 31828
249 495 48765
430 546 29428
550 721 55803
21 572 15652
303 320 30000
110 134 14318
51 536 34928
486 613 25298
333 500 34205
568 640 28792
520 552 32650
245 642 61057
288 659 19209
244 384 31401
643 724 51088
146 645 53852
281 424 35440
582 620 26870
70 660 12530
401 408 55009
136 137 17205
144 469 26019
127 507 65765
156 409 33106
292 713 23601
551 714 40262
198 244 44553
159 582 31401
451 506 32450
3 466 44911
547 618 28178
133 593 37855
129 236 27166
160 723 45000
343 662 17493
191 540 60539
94 115 32311
199 571 21954
485 594 39294
217 288 41437
123 419 30083
381 637 30594
573 633 66761
101 571 114272
273 413 24698
65 584 12530
418 717 15811
243 616 57079
94 188 41629
54 471 18601
82 324 32696
142 422 27295
204 437 41231
1 627 18974
309 351 50922
417 721 56294
406 463 64475
577 699 10198
208 421 41037
33 304 40447
206 428 45188
332 429 73430
165 502 49518
124 671 35468
43 68 52773
174 365 61400
128 568 18439
19 324 19698
247 456 24597
27 286 37696
255 722 54083
151 377 28320
109 113 53009
169 566 41231
23 703 45354
358 672 57140
128 259 29155
35 693 80994
421 429 12806
84 660 28320
198 225 37855
201 233 18028
7 505 57454
507 514 33971
252 693 72801
101 173 61847
114 168 42012
6 107 10440
2 15 25080
42 264 56365
172 628 15811
30 358 30414
492 552 67978
360 717 46174
124 164 14213
442 633 43186
38 451 22136
121 568 48301
131 343 18788
507 559 36125
95 536 163670
122 310 18111
625 694 52393
33 371 16763
572 670 19026
52 442 46755
337 392 62290
132 290 12649
182 599 47413
119 454 38601
320 581 33971
326 627 36878
303 407 37054
556 565 30676
592 664 12042
72 251 54745
272 707 14765
428 470 46573
261 358 37363
44 376 27514
470 634 46043
242 537 18111
94 649 21401
254 491 62266
102 408 58856
479 510 56515
279 558 54120
202 385 50090
188 389 65146
409 608 47508
204 233 16763
383 390 37483
109 429 50289
220 686 45044
521 579 14560
585 666 16125
267 487 43012
245 260 32558
69 323 17000
108 228 10817
33 518 27803
322 695 21260
55 89 45000
326 711 28636
203 381 46530
373 651 24083
120 534 14000
512 666 35355
399 616 63781
542 650 23854
252 719 25298
234 593 49244
388 699 12207
262 698 30017
151 379 88391
71 230 109041
284 318 33838
233 529 45607
145 723 33287
189 472 48166
528 713 38079
351 631 48332
63 120 36125
580 601 97591
178 200 35903
640 712 109041
231 661 48374
65 643 25298
149 351 15133
133 472 43909
192 317 21378
440 589 16000
104 488 17464
259 452 27659
602 722 52498
667 690 45277
284 339 22804
109 258 43012
272 647 20616
455 653 30887
414 504 42048
87 645 15264
25 80 43417
595 661 60531
335 621 18439
323 383 31780
460 667 58549
31 597 58600
10 691 32573
382 452 11180
336 645 20616
191 706 56586
71 404 57035
529 566 36497
81 92 22361
563 653 34525
295 391 59414
265 712 47096
360 667 26833
208 458 70007
485 557 33242
251 449 20224
238 342 21190
243 618 25000
105 290 28425
284 584 28636
416 500 26833
148 255 40497
222 601 60166
322 700 43463
482 715 20248
625 632 45541
18 673 45222
215 261 48826
359 542 20881
441 507 36235
175 324 39205
337 478 35171
602 720 16279
278 553 50478
64 391 36056
302 721 53009
238 381 32802
64 655 27313
139 280 33941
277 353 37000
321 720 56613
476 642 40025
164 393 16763
95 679 45541
410 425 13601
91 350 14318
9 462 17464
304 371 36401
4 603 25080
84 286 47854
300 648 41231
81 314 38601
226 310 29682
216 243 55027
317 344 39560
77 638 34409
276 702 30594
72 414 46861
232 623 83169
551 643 67882
371 476 37054
525 679 48166
82 175 12728
426 579 35228
301 537 46861
169 529 20396
467 689 25000
399 515 36056
184 680 34670
290 392 37336
79 363 14866
478 687 41049
58 395 17889
243 421 49659
213 323 11662
219 417 37537
266 358 34482
130 302 46174
181 548 24352
10 75 24698
187 233 30232
451 607 17464
556 563 15000
163 626 23770
394 554 31257
37 55 26000
321 328 29411
242 593 41629
128 452 22472
52 483 39000
67 469 40224
148 411 33061
48 493 34986
68 431 35609
357 432 56356
5 537 18974
148 478 54037
286 456 32016
531 610 35805
319 412 34986
434 678 68622
212 218 44553
432 523 45222
36 517 19235
184 239 15264
146 170 45222
198 595 47043
91 279 45541
52 184 25710
232 314 83546
400 623 36346
134 630 17000
658 723 25060
30 196 56859
291 319 16401
81 673 15811
166 512 12000
97 422 45486
154 164 17000
237 552 18788
268 384 30529
125 257 46228
47 512 37216
98 425 35693
118 635 30000
194 561 30067
133 202 45255
114 560 18358
291 435 15620
218 685 49679
328 651 26870
510 712 23431
353 521 26907
185 248 28160
12 444 21954
344 454 42802
335 701 25495
13 359 62586
279 308 40804
401 674 21095
181 646 17263
279 609 39962
266 672 55227
557 686 32016
104 502 44045
647 707 26476
141 533 31890
21 383 44102
275 688 47676
424 619 63561
332 616 88204
107 222 55227
258 386 45541
34 662 40162
224 660 30017
232 271 39560
629 631 24352
99 392 32650
41 380 48826
183 299 68154
419 472 31623
128 640 32016
309 629 14560
367 371 24207
156 413 65605
256 504 48374
108 501 83522
143 185 17088
418 665 29833
387 532 22561
248 582 40853
8 511 62290
309 348 16643
90 525 36249
199 279 35341
88 598 53085
162 694 33541
183 206 44944
532 583 34785
177 298 13454
521 578 28160
440 450 31305
64 126 24042
509 558 24597
75 582 39013
16 327 38079
218 671 63812
312 692 31575
29 220 62370
239 604 24083
294 446 22627
274 439 35355
95 269 29000
514 559 28231
54 664 17205
52 229 36770
277 605 17029
508 566 42059
281 502 49497
14 352 24739
40 466 63008
222 481 16279
226 420 31257
498 690 23087
103 517 36249
103 423 47518
217 659 35384
540 591 53600
287 509 49396
39 69 32016
441 559 34670
183 614 46141
276 398 31765
182 306 48508
321 373 19416
209 214 42720
160 378 32140
45 162 34670
692 696 40497
432 720 49041
457 653 22204
190 380 49204
549 586 38601
290 588 38079
386 542 42802
448 690 40608
621 717 37696
357 597 21932
359 607 66708
12 400 42942
132 687 14765
44 270 55946
81 232 54424
539 549 24166
259 569 30017
676 692 34482
679 683 20616
43 590 35847
232 479 170417
140 585 15811
22 58 37483
116 612 14422
406 471 52479
49 468 40311
181 573 16279
425 688 16553
505 550 60539
71 610 13038
31 513 19105
202 639 23259
333 344 34525
170 572 54562
575 658 61465
466 513 25632
403 426 42154
174 443 41869
377 538 19849
254 536 75286
21 670 29069
246 331 73171
160 514 46400
58 330 27659
265 640 62642
93 175 23431
163 499 67624
246 450 17117
177 580 51000
167 340 44045
326 460 36056
653 710 39925
216 618 37537
453 653 61847
330 495 55444
168 433 12166
573 689 71176
7 325 17029
471 664 25495
154 554 33015
236 306 41037
268 560 38118
388 577 20809
62 306 20518
73 701 39850
123 565 17029
55 355 32558
54 651 15297
138 495 123794
494 544 42544
189 639 48260
366 715 12728
181 498 28302
3 88 51400
51 254 67231
222 294 17205
82 561 32802
176 340 31890
363 471 48836
173 564 19698
391 549 26907
211 667 26571
167 272 50010
282 342 47170
208 246 48466
59 284 48918
341 713 28284
713 312
244 173
283 758
38 383
383 486
723 77
258 376
184 455
152 841
932 465
618 659
136 249
906 706
474 199
234 196
819 233
117 428
261 87
343 349
220 901
461 567
931 586
248 492
514 295
140 486
816 553
551 529
237 679
231 699
635 129
349 729
776 193
822 513
621 252
958 420
327 631
575 493
934 724
523 614
290 818
726 838
571 409
184 268
85 555
510 550
541 976
78 570
764 249
626 831
231 635
837 812
690 244
914 268
310 706
575 519
322 723
837 307
905 613
112 635
276 399
684 799
464 263
779 580
160 489
41 684
103 700
837 358
137 292
524 582
616 634
5 547
647 913
823 429
553 156
909 474
514 477
448 597
231 546
321 651
113 452
215 126
338 371
613 390
586 607
398 313
463 101
434 596
252 799
602 555
743 902
458 933
211 148
314 398
235 306
723 946
483 442
559 203
485 21
571 732
170 749
257 927
415 791
339 579
455 195
493 676
467 166
720 67
445 21
789 674
699 874
256 65
342 667
788 621
336 267
205 294
915 525
640 367
543 337
439 86
782 544
11 509
257 127
340 402
236 869
618 927
153 466
728 171
37 448
511 277
113 263
607 322
519 706
325 450
685 877
471 685
301 627
291 613
996 532
836 546
40 603
637 791
561 169
895 424
813 365
739 103
401 554
802 469
468 726
379 857
85 611
650 416
523 450
665 785
260 888
610 749
554 815
742 523
520 104
839 468
666 121
207 218
529 521
106 534
245 880
375 163
34 551
371 603
294 266
267 596
427 517
950 482
884 670
296 879
655 578
329 380
352 671
911 239
801 480
253 668
191 588
671 358
490 325
316 174
696 219
911 430
874 365
220 629
252 344
267 444
805 836
557 227
412 123
577 555
362 381
448 850
658 77
841 602
424 274
381 925
793 515
202 622
293 482
786 806
187 599
400 793
354 150
542 637
761 725
548 670
130 807
758 409
176 758
510 587
584 693
537 126
634 658
568 853
169 802
136 370
184 658
393 478
761 104
522 432
604 658
461 282
255 150
840 589
454 27
656 258
26 654
534 225
164 145
203 604
357 444
797 318
508 250
640 41
725 810
704 206
628 204
46 356
371 470
686 676
380 267
886 389
743 770
512 567
908 458
932 677
679 910
656 967
860 324
479 930
899 786
446 692
647 833
589 963
830 661
66 445
908 365
577 98
191 228
922 642
520 385
24 396
580 118
505 850
349 220
744 926
62 504
202 156
372 553
627 788
247 246
480 5
413 666
354 530
174 335
413 940
812 570
446 162
680 843
365 82
80 672
953 292
565 564
496 999
582 892
666 772
515 694
657 538
788 336
582 367
775 114
215 564
702 65
269 124
901 248
290 237
535 869
419 432
109 309
668 723
862 507
405 642
478 278
373 777
401 901
333 859
239 125
978 593
980 532
756 807
226 89
264 172
815 304
391 119
112 661
667 551
644 705
368 707
223 286
516 597
325 341
247 363
691 354
800 266
344 690
449 421
932 619
816 775
777 625
368 151
890 527
780 442
429 585
544 769
390 79
66 690
373 647
741 346
705 803
599 305
402 157
477 408
475 830
530 500
319 850
812 519
455 919
381 842
498 193
319 542
707 497
551 497
862 372
411 780
613 108
845 692
745 424
198 261
862 268
331 662
594 698
596 595
384 805
846 482
723 848
551 921
261 423
827 497
620 707
349 711
890 276
74 582
111 546
631 437
669 89
683 498
766 866
745 784
35 422
485 604
375 236
296 532
873 646
853 602
475 63
314 324
511 577
172 523
550 707
250 864
264 903
889 605
317 476
357 719
441 651
737 577
174 229
424 904
278 820
244 539
3 490
696 773
250 722
705 725
425 849
584 829
512 17
470 759
685 581
606 775
611 883
440 452
383 106
164 395
718 459
329 430
224 154
731 697
534 165
292 586
480 152
520 28
260 578
508 987
335 109
741 689
581 265
165 314
461 754
282 264
327 304
647 526
910 779
177 639
430 480
264 215
698 758
646 213
721 279
687 605
117 238
389 500
791 130
702 735
720 420
676 964
726 772
913 731
45 427
459 350
428 123
408 422
534 556
438 429
826 751
400 80
725 342
894 503
168 848
191 748
368 920
388 917
327 767
644 261
610 794
814 391
290 97
295 695
303 412
757 565
240 429
576 459
825 460
489 356
510 760
55 276
99 586
749 115
386 779
651 244
35 407
106 619
650 738
518 809
451 178
573 994
274 310
845 755
571 28
734 267
597 488
975 654
805 453
466 35
695 373
79 472
359 118
365 45
411 197
93 352
653 881
228 425
931 704
663 181
278 648
450 981
42 331
226 501
46 551
336 743
638 158
735 541
163 759
324 612
839 535
995 512
603 73
299 560
901 587
475 797
610 232
728 935
967 576
669 52
754 385
247 592
791 888
41 515
875 597
661 812
768 544
684 854
851 844
389 468
618 422
142 563
534 283
887 511
839 672
924 409
580 449
307 652
586 294
675 708
663 381
152 541
197 373
97 756
632 58
216 363
233 907
804 176
386 413
138 628
428 992
627 184
352 258
364 351
176 251
401 413
288 861
357 403
241 628
576 569
33 466
81 419
867 581
370 944
468 553
659 347
747 557
790 156
593 901
463 46
271 557
295 574
887 194
619 728
870 473
864 630
52 678
35 588
163 578
782 454
500 659
682 758
170 301
566 326
288 721
333 487
144 609
426 227
868 227
396 764
255 746
448 347
810 221
817 126
426 729
63 385
722 190
371 529
100 459
896 735
608 870
447 961
12 536
393 358
903 517
658 762
356 197
512 907
689 619
347 42
662 683
494 90
851 492
766 454
942 522
138 224
458 890
487 485
128 525
719 330
869 675
329 845
670 885
337 822
502 442
678 283
292 51
525 361
217 430
715 790
476 617
272 492
6 456
518 167
834 421
49 708
632 275
421 604
654 361
353 545
545 909
218 319
819 685
325 709
708 856
435 407
60 420
171 464
596 399
347 208
733 133
594 877
605 628
486 219
608 290
436 346
300 720
711 430
51 586
733 400
819 616
329 238
487 554
223 836
609 165
224 113
445 906
64 475
941 573
454 437
392 326
680 931
725 200
486 542
579 75
672 950
786 484
201 764
139 660
512 719
527 13
664 276
688 395
963 475
974 563
930 344
499 536
209 270
940 541
263 316
165 213
465 56
263 303
785 417
383 672
237 448
802 568
568 288
516 266
379 540
225 263
926 553
398 392
697 326
27 349
769 350
136 766
375 796
961 689
731 468
117 557
852 300
414 740
152 340
392 689
711 121
88 741
