601 1061 23 90
5 571 70178
29 196 18868
55 301 103247
111 559 90973
13 258 43738
84 507 14560
444 502 72402
54 488 44654
68 584 10770
155 347 54708
191 434 57706
51 580 64195
409 455 38588
202 381 33121
130 487 17029
355 533 31890
81 332 48301
501 591 34409
77 317 43829
6 252 19925
263 418 46819
241 595 29833
237 291 18111
231 481 23195
21 600 35171
147 173 67067
10 371 30529
277 541 28018
175 214 22091
101 178 21190
310 443 36056
301 497 37643
443 506 20248
285 358 58181
297 532 29120
278 374 33287
52 153 31321
43 73 71113
377 485 59034
447 551 40311
403 578 34059
238 399 70257
197 482 51313
186 567 23431
292 454 30529
262 415 40311
143 384 49396
215 466 77389
61 527 29411
27 536 28018
182 377 20591
51 518 18682
95 217 32757
204 215 32202
173 369 60539
64 286 38910
132 541 18111
447 502 41761
254 290 62201
232 476 55073
38 437 30463
104 488 55027
199 372 28018
53 366 38471
216 422 63063
220 263 36401
220 328 34713
209 318 12530
92 236 23431
27 283 61294
224 469 33061
76 247 11402
118 522 45453
133 321 51478
135 485 32016
337 484 64140
354 409 31145
118 533 43186
306 423 34205
222 325 65276
148 327 39560
81 495 36715
121 280 91220
240 572 48836
34 485 28160
212 295 39825
306 410 44045
26 400 28792
47 249 40200
250 345 35805
460 468 19416
312 384 38013
319 571 71113
451 535 73007
260 293 68154
276 339 30414
322 469 69584
20 364 30083
114 116 34655
146 395 26926
106 208 37363
479 554 23195
75 318 34928
50 386 20100
173 241 53907
8 556 40497
140 407 30610
313 500 22804
33 541 40025
181 479 37336
471 521 43932
212 352 16125
29 346 28320
363 386 25080
268 459 27586
312 538 40262
36 297 14036
32 268 40311
303 451 23409
138 494 10296
18 145 26306
467 574 47885
237 388 23195
425 474 26249
85 213 14866
376 535 50329
13 303 26249
122 460 58549
8 292 63812
96 385 30150
47 486 27514
324 409 43186
17 208 64777
67 143 38210
559 599 90670
65 196 43417
198 302 82219
260 314 54129
261 464 43417
127 351 10296
128 168 26019
58 555 73756
160 443 30364
217 311 30000
494 528 57035
44 174 10296
310 506 47854
337 428 23195
129 474 12649
281 341 35171
77 543 75153
371 402 30610
102 412 25807
2 167 35114
232 366 28844
41 581 16553
381 557 85475
375 477 16279
546 552 69318
155 250 55570
518 580 60415
187 278 16279
73 565 45618
120 442 33615
245 405 40311
408 441 68411
112 560 53339
64 601 14142
1 319 54378
223 557 43463
48 468 34713
309 414 25239
492 516 67209
82 121 49739
51 159 36235
34 508 28160
67 93 19026
55 318 56080
199 505 36359
255 558 56321
124 474 42202
19 186 45011
112 537 50990
55 334 42190
296 522 44147
356 394 32249
146 246 49204
320 575 37483
385 594 12806
24 257 21633
343 454 60828
177 473 19849
358 431 26627
435 536 19799
43 78 31401
276 431 48094
117 531 17804
87 561 33015
112 463 44011
7 132 25495
129 232 36056
57 279 63253
30 323 16279
247 456 13892
233 589 30887
374 544 13601
231 352 40311
19 449 27203
361 493 27019
307 404 35847
120 596 32000
200 585 65123
29 84 31305
107 573 15133
246 577 45453
169 511 46530
74 367 14560
305 477 32311
421 531 12530
285 431 59666
397 411 44102
110 535 36056
105 479 31765
115 171 45354
411 595 59615
348 514 33526
309 473 49041
42 151 37590
416 458 29698
241 299 23770
415 522 51430
192 456 38949
76 80 21260
257 338 23259
78 489 30364
207 357 50040
182 255 54231
232 343 19647
44 165 29614
66 73 36235
107 385 24597
20 563 48166
37 406 51478
7 569 20125
195 538 34132
364 563 22472
73 78 80654
308 483 10440
352 537 20518
434 483 72471
1 5 60440
138 528 62394
373 383 37696
448 579 82134
5 338 40162
28 82 58941
426 543 37121
588 597 29120
393 441 35014
172 489 12166
118 466 60440
355 417 36249
1 575 39408
460 516 27295
69 394 13416
341 430 23431
123 177 27000
37 587 34655
390 455 18028
80 247 29155
350 461 54083
145 523 83199
212 383 58523
113 574 51245
380 453 44553
20 30 50448
58 119 33242
396 425 10296
390 488 41869
190 462 54745
118 417 18385
253 274 28071
123 522 41617
226 409 16125
50 529 31623
145 495 47011
181 257 23601
4 199 22627
96 101 54129
108 442 51624
432 578 32249
33 340 53151
233 267 49092
137 570 14422
100 381 39446
123 296 35171
36 144 11662
46 353 20881
1 73 59540
4 372 32757
204 379 65376
452 547 50249
24 575 17029
115 203 56400
502 551 64257
372 565 17029
47 420 17464
302 419 51352
14 432 28231
46 373 15000
63 561 37643
240 392 28862
331 401 28425
25 421 24515
79 310 63127
238 543 76694
439 473 39850
166 573 24597
97 266 41400
431 540 77885
81 180 30083
234 316 10198
39 144 22361
191 555 35805
230 238 42544
49 201 80529
317 481 20616
445 601 42942
206 565 31780
212 231 37216
69 356 22361
393 505 62682
350 600 56436
140 246 41617
333 524 17464
129 425 33121
179 316 20000
166 385 15133
53 343 51478
195 312 13928
6 413 28636
219 484 91548
99 521 59464
308 479 40311
275 419 58941
120 179 14213
253 450 26019
179 596 25495
93 143 29833
404 552 57871
111 136 54378
42 56 10817
331 384 26401
21 305 23345
139 395 58138
136 349 65734
184 434 21954
272 395 78313
234 590 11662
501 510 33956
157 512 12806
491 517 38079
235 526 28178
328 548 41000
420 465 20224
259 428 41340
157 350 44922
112 582 51400
91 526 35000
70 128 30529
328 585 17804
279 473 35384
13 131 38484
158 357 30871
273 290 48826
104 347 17464
422 548 17263
48 117 30150
17 394 60415
119 126 47518
406 502 162635
59 393 34928
51 311 84876
51 164 19698
143 214 13038
279 439 19799
31 589 29732
378 405 48052
24 338 29411
54 250 35355
322 519 28160
63 568 41400
147 411 88295
249 465 24083
176 545 25495
108 399 61270
115 179 23022
486 569 25179
355 433 37643
197 521 51624
22 165 42059
84 429 33242
41 365 58241
2 280 235801
132 574 52802
340 449 155116
161 454 30000
410 423 56515
15 222 43081
53 148 51010
369 440 42544
282 478 26401
177 404 65924
246 280 157496
178 398 64777
50 457 23195
325 436 35114
294 387 76485
109 322 22023
95 551 40522
323 421 17000
407 480 61351
350 449 111826
169 498 93301
219 429 48662
116 259 73661
62 224 27586
136 571 55172
226 455 27803
110 395 62936
285 297 60208
382 394 58138
62 544 35228
39 431 74324
90 576 15232
403 432 11662
409 576 25020
177 552 60208
371 407 184141
22 586 43186
77 105 66753
259 299 30463
26 162 47760
29 219 43046
121 131 39560
321 361 14213
131 258 38184
201 453 23770
249 362 34482
12 70 18000
242 513 43658
254 300 19647
83 563 69405
221 462 56754
452 505 66098
51 217 80449
73 505 52479
31 223 57280
91 255 48765
301 504 35114
18 431 36878
515 575 51157
15 436 37014
507 580 34205
108 171 15297
288 474 11045
356 375 29428
314 373 12806
18 276 29000
147 595 31145
188 218 16031
158 283 61620
227 583 38833
63 451 61741
22 306 22627
60 370 36770
333 400 21633
295 463 29833
16 307 21095
39 540 11402
221 423 26019
348 424 37162
40 225 69260
124 410 64031
395 534 28160
556 591 34205
25 535 51088
180 500 34366
526 558 14866
244 427 34670
188 569 42544
99 389 30806
96 166 30463
379 559 88233
186 517 40112
174 266 41761
450 532 60017
62 469 55660
313 524 17692
35 385 27459
394 491 41110
270 598 53038
22 94 17117
156 396 19416
414 499 18358
71 577 52202
4 392 53085
100 202 50804
157 574 30150
203 316 64008
75 389 31305
61 325 29732
401 539 30265
156 288 33106
74 88 79076
412 514 37108
330 489 28792
222 543 28071
183 568 34886
418 582 17263
112 525 35511
358 364 32450
150 453 31906
12 422 15652
10 388 18439
320 515 60877
167 490 40706
230 287 30083
274 296 25942
362 490 29017
142 205 19026
24 181 26019
27 158 21401
146 577 11180
475 554 37802
356 538 18439
109 243 64140
66 206 14000
110 139 49729
461 512 55036
406 553 65513
73 189 82134
270 335 12083
468 492 70007
498 503 80957
274 415 55543
153 182 51000
113 467 20125
3 267 16125
215 294 75153
207 208 67007
217 551 30083
53 530 21633
72 593 124403
148 366 48104
225 592 60828
196 337 79209
357 536 69656
94 229 59304
98 388 40804
162 291 33838
131 513 40460
196 346 36688
305 600 40497
416 552 57428
121 197 123794
160 391 23854
251 544 24352
63 183 18028
121 130 38897
187 544 23324
152 284 24698
170 359 26683
331 539 21633
149 545 22825
92 185 23022
88 195 22136
501 526 29411
125 408 62434
380 527 41231
55 59 105418
40 330 54120
61 436 22561
45 213 25080
218 541 57306
376 421 29732
82 193 12369
464 513 24083
106 112 36125
35 594 17263
57 219 102883
200 336 29155
109 519 10296
23 470 37656
265 418 32202
278 469 82462
122 272 21954
57 355 29428
315 496 35903
20 403 37736
300 311 30414
137 429 41110
45 102 29411
52 377 40224
205 482 33106
104 250 52000
190 438 69635
293 320 58181
360 542 28000
9 336 20616
58 178 71589
14 48 64661
418 478 42048
375 538 28178
151 419 39623
333 457 17263
18 358 50804
247 347 56939
74 497 30000
66 319 41049
105 426 82134
95 159 61855
32 147 102108
277 340 50160
228 520 40000
194 307 44102
134 381 38484
90 413 19235
180 313 30480
4 269 23195
131 487 30000
324 591 27019
48 520 38210
193 568 59464
161 292 40792
6 294 19105
438 459 55902
294 466 51662
244 437 19799
264 402 32249
172 515 30000
270 458 46840
424 594 20616
251 361 36069
188 465 17464
142 249 48166
353 401 47202
221 410 57489
103 386 24331
297 302 23770
86 564 45222
399 543 23022
32 462 91548
8 11 29155
268 438 46861
19 491 49729
83 376 35128
154 407 113772
367 512 64498
335 339 56604
208 382 21024
63 239 53151
417 533 40804
283 582 58523
87 368 27203
234 380 50010
345 581 20125
379 599 43863
304 494 12042
265 282 13416
289 365 16125
44 94 74733
341 584 55785
173 440 35903
309 499 37336
38 427 55227
101 102 44385
55 249 37014
324 455 43566
392 547 58464
140 272 33242
171 287 14036
160 267 54589
384 538 27459
222 426 46755
391 589 55758
367 504 25612
354 581 31305
455 488 43681
497 504 12649
65 428 74303
399 442 20125
54 329 19235
253 559 54918
27 478 22361
71 534 37363
124 298 30463
198 564 62936
56 572 16155
476 510 34986
118 445 60407
194 271 13416
114 326 25179
539 592 38601
9 446 23409
269 372 33121
3 61 38210
321 544 48826
60 470 43463
264 516 42048
72 588 166883
282 418 34713
480 542 43966
13 513 17493
325 344 20125
71 246 96255
10 211 31145
23 448 33838
28 471 29155
229 462 57079
115 316 38079
65 116 17088
153 255 45277
135 152 36497
159 579 57489
58 126 39205
11 510 67119
44 97 55462
279 309 34713
248 480 20518
239 509 32696
362 482 45310
227 438 73007
49 550 61984
9 317 40249
151 572 33541
388 402 37108
420 486 15811
139 303 21095
118 262 45122
226 329 15000
141 548 31765
114 290 31890
192 202 31765
137 499 54083
149 214 21954
35 101 33242
193 258 15620
444 553 28284
359 470 31385
294 413 29069
84 326 38833
460 520 63812
184 555 19235
191 213 12649
83 323 44598
151 349 29069
368 472 26907
518 570 29069
117 566 29155
405 562 45277
317 475 62169
138 156 48508
209 408 26173
165 586 40224
324 501 42450
262 522 40025
23 370 28862
150 243 44294
52 484 36892
251 374 19647
26 578 55172
219 414 56321
119 365 23345
294 354 63506
19 567 30414
68 471 70880
150 267 34059
304 485 73539
38 198 17464
335 458 46648
269 349 21954
242 487 58694
169 278 134172
412 571 32062
139 535 63569
103 170 16155
208 283 24698
78 172 27166
175 545 29411
214 353 17117
484 508 17029
53 232 50359
42 572 24000
15 179 27731
530 597 63246
230 405 10198
327 588 39560
525 560 33971
40 549 28231
46 176 24166
19 21 34366
3 443 50220
115 127 21587
326 507 36878
315 503 30529
254 587 56321
79 365 51430
389 584 33956
31 243 29833
472 561 49497
124 586 18788
245 378 41110
154 480 54000
67 384 56321
122 228 38833
370 470 16643
16 164 40817
235 558 26926
75 209 33838
190 583 74706
424 514 25080
161 192 58215
33 277 17464
314 383 36125
165 298 52086
126 506 55902
62 133 53000
291 492 42379
427 472 30414
220 418 50090
256 557 62032
305 461 49820
2 362 43863
447 448 22672
34 284 17205
30 531 27295
248 542 28071
92 550 41593
221 583 52431
53 597 58822
33 167 88589
79 155 65253
28 210 17117
74 225 53600
100 593 76322
55 125 93408
161 530 44204
265 435 25495
527 590 12530
88 461 47011
108 120 49366
295 383 51000
72 256 75664
339 416 35468
80 381 30000
168 342 51264
252 445 20616
313 579 22472
4 452 57280
273 587 20125
384 401 38118
18 403 70576
209 334 15033
376 561 63561
256 278 168467
203 236 25807
63 87 43046
185 380 66068
261 395 20616
260 330 55362
282 435 13038
82 210 55036
56 198 36125
155 160 32202
341 509 43324
335 495 11662
446 481 29411
107 348 20616
41 387 30414
106 382 48270
288 396 14866
25 376 15524
134 557 91198
217 444 38184
500 523 72691
91 501 52555
7 218 45453
354 387 43417
86 358 26173
64 433 17720
36 532 29614
75 584 59203
58 344 65000
136 275 106527
16 598 22361
161 593 52802
119 398 25179
400 523 47707
490 541 63411
97 148 22204
257 483 50329
221 227 65460
291 529 28302
60 371 82765
368 509 47802
149 176 16763
14 162 55606
210 521 48795
49 224 36878
93 214 22804
233 391 32140
76 134 18248
75 99 38484
239 568 51624
132 569 32757
248 460 20518
137 194 50220
89 98 21213
351 496 56080
26 457 33302
163 265 22672
130 131 20248
184 344 103233
155 310 13000
135 459 47170
174 298 57983
242 261 27295
37 369 17720
204 289 55082
59 549 46228
284 485 19105
135 337 46141
245 287 37656
336 562 23707
152 484 21932
141 328 38210
19 69 51430
427 563 61400
467 569 36715
264 492 48508
138 304 21840
201 550 56080
240 281 32280
91 324 63906
170 579 62801
255 286 45880
260 592 55145
433 601 26870
163 263 15133
96 289 30067
128 216 41231
377 508 26173
62 187 33242
99 205 32650
156 425 24515
28 521 36715
493 511 81154
219 337 73410
65 346 39205
299 397 47434
86 285 50040
89 211 39000
15 590 29411
348 573 24166
332 598 49092
497 549 40804
360 402 33106
185 203 16031
266 366 30017
70 168 28792
378 562 54562
363 524 16125
154 360 20616
103 359 16279
142 482 18601
159 164 40012
200 446 28160
313 363 21095
47 113 43174
293 515 69260
329 345 22672
431 546 88006
342 378 36056
244 368 36892
399 596 27803
159 332 23345
177 271 63246
141 585 43463
221 229 11180
430 584 50448
68 341 55462
45 101 47508
242 464 25179
163 216 76007
85 257 59548
525 585 29698
90 354 25456
354 576 24331
98 237 28792
118 439 42154
78 189 31765
450 546 27857
286 355 32757
43 59 72801
105 308 23324
427 564 70767
16 570 31016
211 371 60083
146 534 18111
223 519 39459
342 503 17493
368 437 45398
347 456 58523
127 203 45793
273 440 35609
537 560 31765
19 305 41037
195 477 14765
12 216 55317
111 599 62586
89 359 16279
455 556 24042
17 207 11402
475 479 33000
96 398 19416
271 309 48508
275 559 44822
334 408 18248
235 476 50220
315 511 37577
259 397 35468
125 441 23707
329 390 13892
92 380 55362
181 554 20000
189 575 34205
235 425 58138
203 493 58009
206 372 18439
175 463 47011
281 430 17088
531 566 17000
53 327 55866
133 236 27000
498 511 68250
430 547 42059
25 228 64560
517 567 60729
156 528 73593
26 529 11180
183 258 54231
300 553 21190
245 496 48836
11 292 70725
85 191 12207
171 351 33541
144 540 19849
25 566 21932
165 174 34132
252 601 33838
462 634
730 904
194 452
595 636
424 587
442 326
642 919
282 265
270 670
936 354
307 250
153 766
857 710
840 451
216 537
696 280
326 940
738 409
416 967
784 466
450 962
365 39
902 245
428 653
839 553
868 372
239 896
790 797
665 208
816 505
154 384
574 23
640 979
523 149
407 514
618 481
733 67
686 564
646 467
507 773
356 382
640 589
525 697
299 53
407 578
393 780
630 859
881 501
67 423
869 344
739 241
517 207
247 150
306 335
641 832
646 598
529 254
333 479
569 755
935 299
222 478
40 479
787 651
490 290
660 156
549 603
368 850
743 718
393 921
153 748
938 704
92 271
521 626
539 847
697 769
206 300
286 649
494 702
326 415
190 286
789 324
805 740
789 554
693 194
377 590
726 485
765 614
472 889
894 323
395 335
420 265
127 489
367 831
367 22
822 223
372 484
249 77
891 344
732 785
138 242
383 537
424 554
871 300
263 350
352 639
306 840
424 476
176 609
70 358
876 616
488 533
279 816
588 869
690 165
172 562
666 140
851 504
516 333
356 455
182 560
830 783
939 563
579 344
353 99
607 745
309 448
151 567
127 764
331 144
858 756
841 745
631 942
85 507
188 297
552 120
517 579
683 257
431 143
863 664
961 586
199 748
702 819
396 824
624 471
734 383
946 650
673 48
246 99
366 806
164 412
607 607
546 156
508 237
960 450
263 398
384 155
553 917
252 913
771 258
234 412
208 203
884 417
175 843
731 259
328 59
400 472
718 937
126 738
34 621
877 285
161 606
467 699
676 115
294 62
363 819
371 790
606 344
363 544
191 549
800 296
402 654
484 192
793 668
332 560
128 512
371 966
16 502
661 889
466 687
537 22
370 580
203 261
802 728
654 298
451 896
649 198
745 873
670 571
579 652
235 700
138 461
188 233
127 528
427 439
703 800
549 617
315 943
316 876
678 797
807 795
933 323
312 756
382 576
385 817
408 413
111 802
805 195
677 890
622 210
199 799
428 27
256 553
114 343
59 459
486 839
340 332
449 89
901 571
426 16
188 631
293 724
297 156
189 389
189 519
386 212
112 507
901 371
225 652
735 640
676 646
635 80
913 704
125 391
712 578
153 657
985 620
217 297
945 490
670 855
311 370
28 537
448 307
574 429
773 146
463 242
39 325
416 635
814 718
617 85
440 740
926 680
506 377
177 828
937 436
192 858
282 102
186 438
558 60
592 613
756 321
642 292
928 582
739 101
576 401
599 511
717 389
633 963
5 490
569 303
919 763
685 677
198 870
293 867
533 135
676 483
507 255
160 620
354 141
374 454
711 141
903 389
248 211
374 723
440 345
343 781
588 378
617 495
325 111
629 57
792 141
545 794
608 517
865 685
452 149
446 939
381 55
698 301
372 627
595 280
263 411
787 171
456 883
823 316
391 763
109 659
191 529
306 688
689 803
508 605
402 672
64 554
48 357
819 521
360 287
250 488
715 162
208 110
225 776
325 332
492 721
443 850
767 281
829 344
663 796
751 332
250 675
592 143
437 625
703 362
587 983
719 668
144 690
292 175
268 479
340 349
684 187
246 346
444 471
581 594
540 960
146 576
298 764
387 800
377 353
524 283
413 911
265 941
729 459
883 311
947 434
53 563
700 872
844 314
756 477
372 438
281 132
553 843
743 598
728 84
909 273
952 380
563 629
381 771
23 518
442 906
824 557
494 174
180 688
492 432
179 470
172 262
337 877
367 736
422 866
402 487
867 324
383 396
924 368
725 755
313 325
221 392
648 639
583 723
381 915
921 660
365 151
584 72
353 480
231 582
841 362
425 828
933 404
804 434
667 319
190 641
778 92
980 562
660 778
356 330
415 83
587 28
445 539
414 332
616 266
522 414
690 329
509 316
221 844
614 568
634 876
834 529
167 773
402 28
429 505
360 160
291 584
741 559
595 120
670 218
701 683
714 437
814 440
495 307
313 571
197 883
217 500
698 592
522 90
555 317
711 123
618 724
213 573
243 441
832 168
456 326
262 692
853 219
870 234
432 989
600 428
843 677
611 691
147 439
232 185
323 310
229 290
846 347
711 308
577 80
931 505
495 930
483 13
320 800
888 701
654 873
478 380
606 878
915 494
57 426
895 282
763 786
763 580
593 329
343 140
367 700
345 183
458 909
219 886
367 667
960 504
290 701
717 830
369 617
537 176
520 121
621 885
871 745
281 298
465 711
699 901
368 954
889 429
80 562
440 148
757 342
117 624
521 823
62 710
632 275
805 330
371 246
893 207
135 675
533 827
548 671
254 458
707 198
520 177
705 627
363 213
75 643
545 907
872 719
454 503
443 717
935 478
331 963
721 236
75 349
877 539
772 829
545 368
815 402
836 328
260 786
399 237
205 502
438 205
879 374
235 168
840 518
589 487
548 304
948 668
842 604
211 897
313 778
417 893
455 832
639 458
649 940
947 462
254 581
36 514
346 795
626 438
661 696
184 776
533 784
86 482
833 184
657 376
812 148
390 670
349 551
316 287
97 303
409 226
564 483
285 763
798 615
229 664
748 498
689 511
562 646
848 533
389 981
762 684
624 910
695 249
477 541
640 613
422 461
583 920
439 666
381 329
956 655
830 412
815 295
734 177
349 367
238 847
471 57
733 722
239 765
361 82
757 92
171 124
174 362
199 513
343 266
444 795
166 171
410 497
642 51
214 560
199 116
718 284
474 472
484 953
476 288
