757 1633 14 126
631 712 52773
638 754 37696
304 428 22023
366 469 37202
255 416 15524
518 620 47170
281 393 24352
155 256 57983
158 629 46530
422 601 27731
430 641 29155
161 661 28302
25 732 111759
276 708 58694
491 501 38288
109 233 11662
141 377 40361
214 492 23345
232 672 14765
379 540 55227
26 256 14560
56 446 41485
80 239 70036
153 577 67119
62 636 53151
470 714 32558
240 679 65734
254 623 25239
25 228 22472
152 261 44407
243 570 58078
48 377 58009
172 684 43139
57 623 39051
582 753 26306
519 543 16553
407 504 27019
379 499 38079
319 513 51662
473 742 30676
350 485 38471
398 743 53600
435 520 25000
19 600 18682
509 600 17464
184 196 71561
210 659 33242
190 578 41037
456 698 201405
108 533 37443
583 622 26571
182 307 70774
333 443 42107
56 270 14318
66 663 37121
147 439 18439
262 418 57489
145 640 50804
511 749 22804
137 479 18788
481 616 20518
644 751 46141
68 128 14560
525 598 48301
106 318 22361
513 594 44721
144 441 15133
23 329 25710
388 561 40025
245 577 42297
181 685 66400
37 538 36497
155 297 41437
65 133 70292
388 706 34132
287 468 25298
418 467 16125
620 655 32894
621 677 46487
362 583 39699
610 624 27000
210 693 19416
303 430 30594
348 679 37363
350 415 41110
141 560 40792
58 313 38910
125 325 33015
377 390 29069
426 491 14318
490 709 29732
118 327 22361
604 732 18385
30 366 38588
43 104 17263
426 528 43932
205 222 13601
500 637 45277
27 63 63789
595 635 28178
236 474 57428
46 707 43417
347 517 36797
20 499 14866
78 227 36069
69 641 21401
103 732 21190
491 540 64846
290 343 26476
416 705 32202
356 641 37121
188 288 35777
69 630 30067
123 243 50695
370 539 13454
86 403 34828
85 437 21541
76 368 27019
280 389 15811
183 414 78160
11 361 25612
12 485 18439
119 357 27459
517 580 34132
54 146 54708
568 619 40361
318 746 22023
404 694 27459
18 655 24083
646 705 34438
45 230 54424
591 620 34525
31 404 35847
63 252 43139
270 446 46043
289 504 48010
90 660 51010
550 583 42012
164 399 38626
181 737 14036
569 646 17720
118 467 29017
139 223 61741
433 477 25807
522 737 37855
61 738 14765
379 385 44777
365 723 71113
37 750 13601
384 748 38013
215 704 14422
434 557 65803
47 569 10050
352 741 82006
193 232 40025
713 743 45541
288 517 27074
264 327 42450
724 742 19235
239 538 84599
214 667 40853
505 593 27731
495 677 66483
341 696 14765
317 596 55082
285 462 47074
125 457 45695
582 651 38601
8 313 21024
246 292 31623
258 342 33106
382 512 82873
272 389 42544
95 378 50249
193 672 30529
552 679 25298
346 692 20616
590 645 33734
332 638 76844
123 287 57983
49 597 39623
602 629 33615
521 709 37855
338 397 11180
578 641 31780
205 522 30414
57 319 60902
286 713 13153
207 668 22023
328 756 22023
73 697 39357
428 445 57585
326 509 27893
29 224 36056
428 570 58464
100 440 48918
70 562 46011
432 685 30017
452 664 56365
157 235 39051
155 270 72035
96 463 42426
42 488 41340
483 600 14866
647 705 29833
289 319 45277
135 364 22023
238 371 27731
261 298 32985
228 431 48877
82 150 22361
427 746 40608
73 127 28460
2 516 47043
262 453 14765
332 408 28302
606 734 27313
454 735 25080
41 465 38275
433 605 50606
573 596 62000
575 637 61847
114 117 64203
557 689 11402
180 268 14318
247 693 29411
130 439 50160
350 532 44598
285 729 44944
101 352 59059
298 422 64815
147 598 34132
489 751 31016
167 542 64351
4 734 35171
269 535 31828
331 367 32016
165 263 28284
51 623 15652
95 579 30000
27 66 71007
529 724 56045
19 441 63063
316 459 32016
115 597 39661
209 511 14866
192 677 26173
45 115 25000
94 667 39825
178 206 15297
65 745 47170
33 471 39598
171 593 26907
25 460 41231
89 376 24000
388 445 74813
374 637 39825
38 338 37108
423 587 30067
11 330 29833
346 529 52887
297 420 50000
182 374 57009
178 453 50695
34 712 25495
49 79 41110
434 442 21471
295 372 41881
116 442 21932
419 615 10770
406 519 16763
236 384 41976
240 270 30150
608 677 21213
100 709 11402
185 592 24207
417 459 24698
545 737 28284
629 692 50090
34 534 59211
48 362 62642
218 406 40608
282 473 44944
563 611 29017
289 370 41593
149 164 27857
344 433 48765
468 570 35228
290 522 13342
171 359 43417
293 584 48703
253 525 64815
202 572 31953
111 669 41340
156 175 11180
378 751 48847
186 719 75802
694 696 51894
442 542 21954
192 642 57271
82 110 18028
165 363 20518
166 582 17000
305 637 68622
124 421 25060
399 649 131973
457 530 24698
195 396 28425
284 400 42202
531 572 39623
588 669 28018
31 229 33242
179 679 62008
639 656 46141
199 411 27203
14 385 15033
164 295 26019
138 620 24187
180 722 62290
44 345 58600
310 634 17493
190 221 11705
112 673 35468
83 686 17117
117 352 71028
189 674 81025
185 550 27893
48 141 38210
112 756 32202
200 506 30265
173 269 32000
493 554 24759
321 374 29000
438 640 40311
4 733 29428
130 253 43600
333 558 13601
243 562 46755
397 687 40853
313 533 40224
188 594 30594
41 54 36401
132 257 31780
237 486 11000
319 370 25298
12 636 57140
711 747 63032
240 458 16279
420 524 26077
145 331 38079
291 613 22672
65 628 33015
282 546 17720
273 322 27203
242 548 34886
94 558 33242
130 401 43105
146 416 49396
274 699 27659
38 602 35440
302 727 42720
535 649 45695
377 475 55902
490 523 23854
275 657 36892
154 437 53814
510 743 20000
89 120 214581
351 565 11705
236 748 49244
188 347 38328
381 437 43081
105 636 18385
163 185 41110
541 693 25298
511 717 19235
68 260 15524
482 557 31000
95 587 64382
550 686 49820
640 683 58249
16 570 44147
217 548 52173
64 348 29833
20 757 47170
43 300 15652
79 735 46011
283 295 42012
636 695 62586
306 428 58694
13 489 23022
466 650 13416
405 682 32202
534 718 29833
374 722 63032
133 362 42202
268 722 68007
5 8 98838
462 580 51000
438 683 38833
159 446 14000
332 339 47011
188 517 31953
116 542 26173
54 71 37947
71 465 37202
337 755 36125
250 298 12042
67 566 17720
28 547 35355
567 754 41231
407 659 33242
339 638 70520
147 730 41400
249 509 34525
198 334 35903
52 421 28284
114 636 24207
81 387 21932
524 625 66370
374 575 73437
76 208 13038
53 280 13342
79 461 28653
238 414 62626
178 596 39825
207 677 33971
157 386 40311
478 701 19026
163 528 17263
120 224 187542
293 711 57035
293 747 41231
234 386 33015
150 223 43174
271 502 34205
334 531 31016
18 518 33242
183 554 64125
505 731 17029
295 740 39560
484 524 42107
442 704 31016
84 634 41231
717 720 35847
174 396 34176
407 462 43046
170 465 17493
365 471 54009
544 755 29017
95 423 45310
104 300 26401
272 312 23259
357 577 41146
358 489 34438
583 626 25000
308 633 19723
53 239 50249
448 509 38833
450 597 32202
136 161 47434
131 666 20125
72 121 14036
112 328 34438
235 264 53151
260 662 24331
160 306 16643
74 153 22825
160 702 34015
306 449 19647
220 498 18000
8 533 25060
153 738 47508
48 560 21633
158 520 31780
448 449 36878
254 395 29155
364 584 50329
181 435 82225
251 491 38484
673 756 41437
116 704 14866
191 564 26907
88 632 60877
308 577 51000
130 147 50040
16 449 40497
44 459 46648
75 280 23087
145 169 36249
185 736 36797
107 431 57315
401 730 28284
15 734 55317
418 625 35000
182 722 92266
335 712 20881
235 424 54120
236 500 21633
413 596 45177
499 757 45453
283 372 23087
135 526 23087
162 302 25318
46 252 54452
126 198 38053
188 650 23087
244 652 16125
344 688 59363
166 415 52697
87 277 89499
209 611 41881
527 602 43417
492 667 34928
62 746 34655
356 380 20248
369 595 26077
170 610 31145
438 565 34655
46 393 33015
106 461 34713
114 296 13153
421 667 14765
547 601 31113
102 216 25020
233 239 173692
177 640 62650
241 434 13892
31 390 41231
360 751 25632
247 399 29120
563 688 91444
265 331 63285
30 135 48021
231 328 11402
19 530 23431
536 676 60465
248 412 29682
63 487 15297
558 691 21587
7 351 13601
383 632 31623
394 457 48466
599 713 43566
75 671 19647
45 156 16031
222 738 34015
148 685 27514
42 286 39408
123 674 63561
69 436 25495
516 590 34234
456 548 161152
17 299 20248
227 508 33956
15 308 20809
586 749 40000
229 377 27019
127 571 55317
227 568 27459
59 733 26173
322 728 44553
392 491 54083
138 518 57983
316 643 43829
366 656 22204
38 581 35128
229 390 20616
26 458 18248
154 551 12042
41 549 56436
460 494 30017
314 322 48508
285 512 33541
96 456 14866
327 337 29155
154 418 57385
430 745 26926
182 203 36235
569 624 42297
103 604 16401
329 559 24042
201 632 30232
315 405 29411
233 732 139786
375 429 41183
218 534 60803
221 696 19209
254 412 24187
425 536 35903
294 421 16492
37 172 25000
264 418 34000
250 607 20000
55 660 11402
94 214 20616
27 395 15811
206 612 18974
113 685 20518
382 710 35355
475 626 17804
219 738 43139
266 534 12806
428 447 12806
64 572 18868
668 752 34000
176 501 17692
71 170 39623
398 510 52469
369 744 17029
400 642 17804
151 346 28636
167 373 67676
364 514 34886
41 396 68411
134 500 16125
124 297 44407
210 729 33000
38 726 29967
601 666 31385
228 716 49041
45 122 22825
80 170 48260
576 604 30610
362 622 17720
311 537 47802
441 530 75313
22 58 19026
35 405 21213
284 371 10630
200 697 38419
100 639 57454
479 586 51245
103 233 157267
290 725 20000
285 541 11402
96 708 20125
490 521 19209
527 726 40608
497 577 28601
484 502 28302
34 718 38626
519 631 31906
643 698 43278
58 108 34670
436 694 53712
51 412 23601
330 540 32650
191 489 16643
70 315 40262
213 481 39459
92 480 64008
52 159 56515
321 637 25080
479 749 45804
250 617 16125
61 439 19647
82 469 42450
47 272 37947
334 443 45618
10 99 31321
175 603 31321
118 544 12042
40 72 24698
513 714 69340
102 395 16643
159 270 47539
237 561 24000
592 654 37590
129 586 25495
414 563 79404
297 731 41231
115 122 18439
88 516 59405
396 482 23022
85 582 40719
87 588 21840
671 684 36892
553 597 14422
212 668 28231
520 685 34482
37 75 46271
15 73 17029
324 402 22825
84 669 32985
481 678 47381
282 685 61522
217 557 35000
473 685 28018
174 548 77820
565 665 28425
291 506 52555
101 131 48270
525 730 52612
412 623 26000
573 612 22091
621 744 52240
176 652 43290
339 408 26019
337 451 67179
329 532 36401
382 517 37216
186 647 40853
163 654 53151
645 716 29682
263 719 18000
160 441 28178
444 727 30414
397 581 18439
285 710 34540
29 90 62482
60 414 34059
51 57 38601
238 563 99202
133 622 28302
495 621 51078
345 714 29155
243 599 38949
153 733 16492
13 358 49679
236 305 76844
415 615 33061
46 248 41485
364 526 21587
117 695 66219
248 393 13892
115 450 50000
412 534 21378
132 576 39446
169 177 34205
113 724 29411
203 575 78588
171 505 10630
16 409 18439
263 363 35511
530 681 59942
43 495 47011
243 287 54589
531 605 40792
104 273 76026
403 488 26306
186 678 71589
289 757 39217
355 464 27586
5 313 117546
538 750 32757
291 356 46098
76 677 17029
288 650 30806
264 437 23345
299 722 28601
397 571 31780
195 465 88233
523 694 22472
256 420 51662
343 349 48083
450 553 19313
557 657 61270
275 442 32249
102 623 36056
226 351 29206
479 507 41617
352 422 50249
474 660 69405
206 741 44688
516 645 55227
251 566 15652
6 557 49649
410 478 21095
359 731 25456
351 438 41183
183 380 59775
470 698 23854
391 557 24207
588 627 44045
425 542 38013
122 156 21587
428 449 61587
79 332 44922
70 405 40497
40 244 17029
84 657 38000
430 578 18439
187 680 27166
658 717 14560
295 649 69007
91 453 13601
398 713 29411
341 630 24083
92 305 55073
24 44 27857
139 702 19105
9 342 21401
10 690 43566
348 552 31305
337 502 36249
98 234 27019
86 286 57559
393 585 18358
40 652 30364
687 734 45354
355 632 46325
92 477 34000
332 375 47508
317 573 17493
476 604 62610
311 682 13601
283 501 18974
210 541 15264
281 585 16125
83 185 47927
340 466 10440
111 481 25179
109 609 71449
71 255 31623
59 734 22361
55 321 35014
115 510 65803
241 425 29206
97 293 43932
126 691 18974
93 699 14318
356 506 46872
347 580 43046
41 195 73430
144 160 23087
293 475 37000
458 573 51157
250 402 51478
258 677 62032
569 632 30414
168 420 33541
183 511 41773
476 576 56859
433 572 52393
144 702 30364
148 520 20248
331 640 28302
136 275 45277
77 326 17088
267 364 21000
136 704 38210
87 661 18439
549 689 65605
174 195 50990
286 614 27659
199 276 65734
44 411 11180
289 543 48166
16 140 32802
301 407 19925
32 196 42802
237 719 42190
392 736 12649
183 563 50478
433 587 63569
149 354 16492
65 303 67052
146 618 37000
8 498 37363
456 459 85493
231 756 30083
289 347 73335
463 676 22472
204 545 14765
140 405 29275
432 473 12806
125 324 29682
253 725 54589
99 690 15652
250 324 41869
235 386 75326
343 725 42579
231 670 13601
441 509 43417
319 539 15133
320 510 59464
397 606 46648
323 750 22672
78 665 22804
18 211 21024
367 515 16971
82 440 53907
2 88 37014
363 388 12042
453 596 42048
20 379 32202
148 529 58822
217 391 13153
93 184 26306
347 462 26077
5 234 142056
168 256 25495
109 538 82861
266 281 34525
268 307 44553
257 576 33377
105 673 63953
142 335 29155
45 510 70178
526 707 29428
202 552 17804
101 683 20518
225 572 46174
75 172 50160
167 663 41110
556 721 19849
16 448 50990
522 545 32757
601 648 20616
192 414 46174
298 352 56886
143 291 34176
396 557 39408
472 503 22804
590 716 36235
402 670 40460
672 681 33956
547 648 30150
299 660 14213
387 578 26077
183 209 36497
11 293 50931
383 646 37855
120 748 47011
351 666 54406
345 643 11045
11 97 26683
65 362 56515
134 637 37656
2 123 41976
123 468 51865
358 518 97745
614 674 10440
380 493 24331
564 715 32388
278 436 49000
294 667 19235
329 381 58138
314 728 14560
627 657 33838
146 213 56400
189 590 13342
34 631 49649
113 432 32311
384 555 33526
263 561 12649
129 575 74673
336 633 23770
410 501 28284
460 488 61855
228 460 44553
4 737 49649
496 688 27586
554 608 41183
208 608 13038
186 187 33287
392 528 19647
38 703 31305
353 614 20396
268 598 27857
54 255 11662
90 180 55803
177 573 26926
340 470 18111
60 183 65856
389 624 35440
555 748 27074
386 753 25962
27 216 17117
72 478 19235
304 445 55036
352 617 50488
81 190 26173
265 508 23022
360 644 35777
198 443 28636
164 372 36125
38 133 50448
330 379 59933
189 516 32280
571 606 32280
350 503 30610
44 316 46487
21 156 29000
145 260 28862
378 591 24021
48 475 27203
226 619 40000
524 596 61911
95 655 53367
50 389 15524
71 624 25632
7 78 16553
93 196 57489
194 699 17804
43 744 36056
27 276 53759
463 536 65215
492 739 119604
419 582 33242
122 175 14866
13 751 30463
202 225 21932
508 642 18028
279 612 34928
332 503 62968
33 719 21378
78 226 35440
85 424 27514
476 743 35000
182 497 47043
399 512 52612
539 594 29120
473 546 33734
307 497 31623
128 225 10296
210 285 24515
241 542 22672
190 341 28844
315 562 13038
197 471 55471
98 567 21587
329 695 50000
172 750 16125
346 520 20616
170 624 43139
176 478 34525
91 262 18682
204 282 26476
69 99 36878
312 671 37656
535 701 31016
333 691 18788
39 41 11402
5 339 36056
489 715 32062
25 107 12530
163 652 22136
155 420 54745
195 239 196023
140 409 25298
314 681 28862
169 640 42438
47 624 43658
12 429 22472
90 224 50160
323 645 20100
605 644 60671
344 496 59169
90 722 31906
241 242 11180
30 162 38949
485 695 15232
4 59 26401
588 661 10440
635 709 41617
7 226 27459
86 743 23324
407 491 66753
723 727 66287
657 689 60000
498 700 30083
19 77 43681
233 538 91005
70 140 30806
642 752 24042
373 542 29206
58 132 20591
390 584 44643
85 381 31241
252 254 43909
674 716 74095
407 566 48166
151 692 21190
78 508 18385
550 592 11314
246 668 27295
658 697 72007
49 461 23345
375 746 20881
36 441 39560
454 498 23431
125 670 30414
297 524 42190
512 693 27586
21 112 25000
199 708 78090
127 734 48332
168 413 23345
210 247 35014
338 703 29069
139 445 12649
197 588 18385
353 494 32062
584 747 26683
423 644 30017
49 108 47802
205 738 39850
31 523 33377
477 587 61555
332 700 27459
140 249 59464
1 556 38288
410 701 18788
69 690 36401
480 587 79158
3 173 32650
274 360 39925
653 705 33136
158 527 28460
462 504 47424
406 631 32016
269 701 13892
110 388 48270
392 426 49031
466 470 19209
205 737 41881
479 658 51264
442 657 36125
200 720 17205
126 443 41231
158 435 29411
311 405 34928
117 636 68964
628 697 86331
201 272 12806
513 650 42720
50 80 38275
429 485 26926
564 699 31828
464 647 22091
93 194 25298
591 655 43566
114 607 19849
35 311 42450
431 645 33838
146 549 34828
143 613 17720
17 374 51971
519 757 18868
344 611 70000
64 202 20616
561 719 25060
387 745 15652
148 346 20224
3 269 33615
28 648 20025
271 484 25632
499 504 37802
31 639 38079
92 587 77621
266 393 31064
578 630 30463
410 740 20591
283 740 12649
230 311 42720
184 191 44045
97 686 19799
179 240 59933
186 680 15033
103 576 34525
36 322 61612
15 577 63151
278 523 26173
135 514 45011
19 483 29833
226 601 43932
353 674 22023
63 444 83439
302 723 62936
21 230 34986
417 456 106850
503 567 59237
158 602 50329
238 688 46530
554 621 40162
230 320 47760
32 194 20518
52 155 16279
495 744 25495
358 739 56859
493 621 37443
4 74 35735
572 605 21954
232 394 18358
350 567 51400
643 714 21260
480 579 12369
212 619 39013
191 358 40012
295 535 33015
416 618 26476
524 544 60141
421 558 36674
613 717 25554
318 427 35384
561 706 29000
10 595 31145
133 550 13038
339 498 40608
371 400 34059
185 361 46174
331 371 60008
137 507 36235
16 428 73410
67 210 34059
400 414 66098
333 446 35384
181 545 19925
382 698 76322
149 247 18439
66 463 42638
111 616 14866
211 555 23022
602 654 26571
409 570 48010
110 723 36674
50 53 15652
133 703 65000
392 540 25962
244 629 30610
253 343 69836
320 682 39459
316 345 41000
596 625 66121
386 651 32802
52 124 17088
46 444 51788
304 447 13892
190 630 40050
415 532 18028
367 496 55758
571 628 17720
115 603 39925
385 757 44283
456 676 53254
161 627 48166
209 563 22804
139 306 31321
320 562 46530
232 457 49518
15 127 12806
1 21 16125
172 671 51010
78 265 26306
368 554 43658
111 197 31401
3 649 11180
367 371 53254
75 239 52612
71 646 30463
24 411 19209
23 452 68884
179 260 45343
203 507 42802
58 257 19647
152 325 51894
79 106 37014
150 445 86371
69 493 39925
556 603 38949
589 655 27459
307 439 25456
611 749 43738
451 593 120748
11 83 18682
452 559 60465
391 482 19209
88 187 58138
107 233 29411
232 681 45177
113 148 12083
697 720 37577
249 326 14765
199 459 29547
626 686 25298
34 218 58694
251 372 32650
193 681 52202
105 721 46487
62 429 30806
349 742 84202
324 325 12530
98 651 24083
135 162 52393
363 723 61221
226 547 37443
502 505 42544
56 240 39395
303 506 32202
305 500 74061
277 471 71021
323 609 24207
389 671 33242
450 510 36249
74 205 34986
172 645 34205
149 372 38949
53 75 30017
264 424 11045
528 736 28601
361 736 34670
398 599 48795
140 509 63561
146 481 39319
55 134 33242
87 471 64885
471 678 44000
183 356 57801
389 675 26476
23 741 69642
59 153 37162
267 584 39850
212 292 31401
580 710 14142
60 368 13000
300 744 31385
249 537 33106
496 662 39812
202 679 38118
511 658 18601
367 688 55946
63 663 53824
27 663 62769
33 263 25239
97 626 11662
193 457 25179
190 387 28071
673 721 32202
377 584 37443
574 667 31305
300 709 41000
177 612 41677
294 574 36359
220 454 18248
259 440 34059
33 365 37483
27 252 37736
467 544 30871
67 247 28178
9 314 21471
163 629 47000
142 526 15811
215 663 26926
173 649 42059
430 506 13601
301 504 11180
187 447 21378
190 696 25495
219 222 30265
512 649 184567
76 192 17117
82 723 43012
204 343 33287
248 252 27019
429 472 46325
148 724 38588
322 681 53907
159 333 27857
612 683 58898
381 551 33242
376 598 57009
131 352 39319
170 309 37054
141 404 15133
48 583 53254
207 258 44654
472 485 50210
259 469 36056
373 463 65437
127 606 33377
28 422 31385
223 273 10630
100 490 26571
296 607 11180
235 593 143178
304 486 42154
419 567 26249
272 671 30414
105 296 17000
135 656 39319
1 156 19416
413 524 36878
327 451 53488
508 752 33302
114 352 58523
87 161 43278
418 664 56036
39 54 28231
659 729 12166
546 742 56080
203 374 28160
551 559 21095
279 741 61522
54 416 25239
219 725 16492
498 735 29120
89 224 27074
329 415 45277
29 474 52469
143 720 13342
494 674 23431
45 320 43600
187 304 29120
461 603 34000
93 564 29732
594 650 43186
369 621 55543
300 635 16155
167 215 41049
11 686 23324
136 487 25298
137 203 51352
88 680 44385
340 650 22204
558 667 43417
403 732 14142
184 739 21024
282 349 19105
195 309 89140
160 449 14866
514 584 49497
359 574 44385
123 189 48508
587 644 41773
634 669 18000
560 694 42485
22 233 241497
452 453 21260
109 431 58241
521 595 17000
347 504 64351
385 711 29732
701 740 28792
176 426 33287
180 455 61294
308 336 17088
310 616 10296
46 162 43278
331 515 34540
6 548 30067
119 633 30414
61 577 45695
440 709 45177
381 415 61205
401 525 42521
261 325 16279
168 573 60216
624 675 17000
77 483 25495
373 425 29732
547 619 53460
135 639 47760
37 239 60440
105 402 68964
288 340 12806
362 560 60000
149 566 36770
164 354 22804
297 359 46174
228 494 47265
6 217 24698
9 246 40792
161 657 43186
283 410 26077
216 411 70214
84 689 48042
312 684 14318
65 81 34482
105 607 23022
166 419 32985
301 379 23195
230 537 28636
38 654 29155
127 628 64637
39 465 29682
161 275 20000
104 342 68029
13 138 21260
95 589 58941
196 739 77233
41 689 68066
22 313 24083
169 179 14318
635 744 22804
271 505 34000
225 662 17464
191 715 25942
35 537 24759
331 665 62394
125 152 56436
252 395 41593
182 245 34409
319 543 28460
378 644 30414
42 353 30000
610 675 14422
581 726 12806
587 605 34670
532 695 30414
14 747 57940
242 434 20591
108 597 46098
327 467 32650
72 151 41485
115 553 36620
10 278 11662
281 718 35355
422 666 28071
24 102 51624
14 757 44147
646 653 18111
112 537 35114
540 736 21587
119 507 24187
298 325 37643
213 618 45100
47 389 54424
192 752 50220
221 362 37855
91 625 46141
515 662 27166
17 722 16125
202 260 29428
707 718 44407
527 581 45310
150 388 69721
32 94 32558
111 588 39850
408 700 10440
159 558 31828
336 697 45541
208 368 28636
211 589 29732
79 746 40162
154 381 24331
253 349 109659
318 556 36222
9 728 23345
595 709 38079
43 342 60017
63 87 70235
54 465 44272
80 309 39294
31 100 34366
255 653 21541
55 299 18000
22 103 84959
224 455 35341
439 738 31623
128 260 21095
260 679 45967
183 368 61400
57 513 66708
201 312 29000
241 442 26077
238 367 46098
274 564 41012
94 691 19723
284 414 57009
538 609 18788
174 391 25710
212 568 27514
516 684 32757
402 673 56939
585 707 34785
356 493 37336
443 446 29206
101 666 35228
61 307 23022
335 707 51088
90 455 21095
38 592 48508
376 525 57035
26 168 13928
503 754 41629
192 668 33015
145 179 27074
445 486 56586
86 488 18028
149 251 41000
129 344 58009
181 687 69771
577 734 65299
108 450 61400
316 417 12042
120 518 40200
355 680 20248
350 615 45618
2 189 47802
36 223 49244
287 570 11705
330 711 28862
312 632 52355
134 474 61008
354 399 16125
383 464 26627
157 753 44911
55 637 42012
73 308 16763
607 617 18439
277 727 11662
72 176 44385
279 352 73824
286 599 41437
105 427 54452
551 664 15033
142 267 10630
486 706 10770
8 220 20591
152 394 34928
111 310 20616
121 701 24597
236 579 66528
317 612 13038
121 478 10440
396 689 41437
486 561 26401
68 225 10296
438 666 61057
232 292 61847
150 273 39357
165 365 29120
335 718 34785
242 425 23324
87 487 61685
295 399 63789
259 366 12806
524 755 46573
58 533 51420
181 282 49659
245 357 13928
369 219
193 375
652 963
743 767
383 17
59 687
577 373
295 62
486 472
516 610
513 775
474 152
933 358
457 804
722 679
297 369
889 612
957 427
414 366
454 839
371 235
256 77
540 173
276 835
115 241
715 233
241 766
502 326
966 605
353 633
458 643
858 251
253 554
384 759
342 311
369 433
63 363
638 773
80 550
624 868
77 561
184 231
458 544
266 861
334 214
299 695
126 464
519 702
332 128
60 449
318 779
786 199
53 435
106 539
908 587
759 279
329 816
257 96
754 743
604 501
826 709
435 169
231 703
776 351
634 707
170 767
502 937
731 366
582 609
287 336
94 503
633 891
723 662
777 778
68 409
578 496
402 324
584 388
373 131
28 470
601 697
375 542
531 780
122 627
592 80
224 197
198 641
194 412
966 668
918 645
634 167
805 469
897 273
852 219
881 441
143 836
519 749
508 34
546 601
453 609
586 288
268 784
199 140
441 547
457 222
374 168
104 247
286 115
82 248
357 541
189 597
371 260
730 876
485 228
327 190
140 717
536 189
674 105
761 627
992 455
634 905
345 194
202 334
792 183
427 318
848 254
714 689
745 362
762 523
865 750
539 299
267 114
589 761
912 554
378 674
192 708
765 583
947 374
333 452
317 343
491 676
384 705
659 607
356 410
699 344
153 567
863 700
719 871
533 966
379 520
673 880
476 346
788 758
576 128
770 196
350 215
595 28
681 845
799 254
333 408
165 669
327 662
588 838
559 976
287 553
555 80
160 765
710 220
684 311
55 510
779 105
88 363
667 934
23 647
355 205
590 902
675 278
636 224
697 317
885 690
785 809
799 621
648 550
923 277
575 799
210 468
238 450
382 919
155 346
582 679
925 321
580 479
442 385
873 265
13 597
884 217
194 628
850 292
238 858
658 620
124 436
756 356
816 589
811 828
807 760
633 239
536 474
571 507
684 544
480 963
966 446
527 449
198 533
865 203
162 724
243 783
46 666
361 813
850 752
313 72
571 683
820 756
389 478
968 641
740 371
550 378
558 413
123 262
462 676
353 265
389 302
481 394
76 238
525 13
633 19
926 520
271 497
665 426
16 401
723 263
99 703
88 701
251 321
611 857
779 649
526 464
515 962
288 735
373 323
470 261
533 925
261 734
900 776
283 772
112 529
729 237
238 101
499 499
394 603
727 351
470 302
616 162
267 533
629 72
610 392
317 754
392 712
871 693
635 934
753 266
741 128
114 428
397 485
866 300
153 685
202 803
285 620
510 620
607 271
66 432
323 720
806 854
584 933
647 422
456 968
216 254
243 375
366 951
427 851
834 784
647 575
496 454
476 740
810 179
585 975
472 230
756 157
478 270
908 605
465 558
477 881
331 637
654 643
266 458
853 496
324 422
827 686
739 667
18 508
169 592
313 280
124 407
274 61
467 462
297 297
251 905
646 246
394 158
382 846
308 249
873 586
419 469
89 338
443 293
454 299
386 330
670 83
386 291
534 148
506 804
664 359
386 88
825 244
842 327
381 734
733 651
699 80
674 764
363 47
356 943
566 655
469 485
839 810
761 465
291 914
699 868
420 924
795 328
825 856
472 96
573 360
534 260
202 255
537 982
194 442
602 585
766 654
965 320
800 143
881 337
529 795
579 720
302 539
392 691
279 581
386 613
684 384
599 513
495 563
390 870
640 414
562 940
96 743
844 586
417 124
942 668
461 703
886 391
480 858
591 568
572 104
389 986
159 483
935 479
458 819
558 12
610 677
310 530
75 445
442 681
48 653
552 836
300 728
490 378
254 775
35 615
685 762
257 261
523 990
606 412
908 753
423 282
202 170
489 661
321 314
393 788
483 900
362 73
293 351
606 919
264 850
304 760
706 197
626 475
511 109
127 525
239 906
629 106
523 72
716 187
814 195
529 310
864 399
618 71
76 721
562 884
418 184
267 436
453 144
624 637
98 304
760 888
774 418
106 691
705 828
559 620
612 88
609 340
845 704
416 577
358 395
125 701
822 286
290 644
321 456
799 268
259 446
347 379
319 403
279 176
651 33
607 189
623 175
316 90
936 656
148 850
445 360
712 251
226 885
155 231
348 145
446 922
137 794
174 461
64 525
353 933
645 104
219 383
364 583
338 945
225 582
442 99
768 878
973 553
511 728
265 181
789 439
624 908
748 591
869 468
192 572
36 638
391 347
717 119
478 134
282 497
216 700
206 196
934 335
478 618
549 890
861 180
567 572
170 257
499 521
731 414
801 668
331 72
443 849
914 538
578 915
732 95
448 77
466 879
771 112
628 624
782 615
591 405
379 357
264 209
689 558
471 998
344 881
423 675
696 372
146 377
393 949
988 415
398 804
712 852
493 606
821 787
491 638
714 161
940 725
371 696
690 818
571 841
685 919
432 381
813 338
505 126
307 84
325 764
612 956
84 756
359 293
57 327
380 861
527 829
467 971
114 720
391 819
673 117
804 815
801 871
519 357
57 717
126 589
582 772
568 137
767 342
297 169
584 554
967 469
398 194
67 638
821 231
557 155
531 684
271 521
286 290
690 522
907 301
584 364
519 932
503 55
553 440
127 474
254 379
678 731
786 367
661 255
841 160
836 513
233 134
784 691
612 651
881 471
422 967
673 776
555 63
549 746
430 724
309 712
743 540
834 397
177 635
938 456
142 343
910 392
590 780
759 87
388 889
493 589
661 193
305 157
897 703
222 295
396 361
541 335
648 807
364 175
209 153
805 378
709 722
470 241
564 518
74 319
58 479
719 521
639 257
664 590
198 275
513 76
178 587
484 253
153 530
526 410
944 398
546 541
574 737
304 786
85 479
657 127
525 739
133 633
661 726
635 838
584 639
425 787
149 453
756 657
154 601
480 564
470 209
875 561
430 25
423 658
649 335
599 622
592 423
290 925
865 369
109 336
122 491
172 483
522 327
654 974
359 921
532 32
595 859
120 509
623 798
933 429
383 635
122 665
700 573
492 932
917 594
180 645
723 375
187 734
583 138
606 382
557 308
827 188
553 460
154 619
397 313
87 414
468 401
394 233
188 272
70 471
118 806
561 497
225 538
759 318
211 453
460 434
302 288
601 302
118 394
745 862
533 763
723 777
711 433
74 629
553 587
842 236
680 860
491 979
512 646
484 148
559 668
688 644
318 958
884 279
359 83
623 927
347 439
652 745
154 712
153 506
292 501
342 701
161 845
456 598
424 981
478 797
401 740
229 252
306 939
902 333
125 311
686 577
348 745
249 533
672 610
413 207
891 628
350 577
739 904
846 768
665 786
295 614
463 476
480 930
888 733
782 125
192 160
772 762
734 733
339 100
548 824
784 795
819 722
942 268
596 937
599 210
758 907
244 209
494 546
617 663
411 144
436 750
969 496
711 564
74 355
905 346
569 430
551 37
465 39
702 116
400 274
414 814
