977 2441 30 157
502 594 28000
324 780 14142
434 918 28792
334 676 44147
569 881 36125
208 211 45310
214 775 13928
520 801 24042
454 458 15524
18 827 13928
603 761 32527
128 807 24352
533 604 40804
361 527 16553
33 408 13038
359 728 43417
485 949 38419
327 407 46872
137 244 55946
33 113 13454
58 71 39623
332 954 41340
427 874 17117
498 732 17029
671 858 33615
82 717 35228
153 797 22672
889 975 41000
607 924 13038
724 807 53009
364 575 27857
326 731 38471
25 842 41725
283 850 54083
103 632 42107
428 451 25179
266 343 28284
147 158 28636
58 709 21213
618 966 51264
769 845 28636
42 365 24083
624 865 40460
621 679 36401
774 962 33287
33 585 29833
484 535 19698
852 962 46174
690 694 11314
31 264 26907
263 393 50990
213 275 21378
603 860 43932
490 850 35057
205 799 14560
129 154 23770
167 645 51662
114 791 57280
261 953 15811
317 767 25000
285 328 51420
362 498 23087
249 767 52393
793 943 46530
418 676 28862
643 779 75007
9 385 13416
51 414 15000
36 370 29206
173 688 71589
234 244 68411
39 851 26000
214 256 30414
101 409 47539
196 402 40608
203 310 28178
260 737 29069
443 676 73007
48 137 22204
96 864 34234
482 627 25060
355 368 55036
249 942 32802
68 325 30067
56 534 34000
46 891 27074
310 728 55444
81 799 19209
22 600 51420
130 520 25179
326 513 13928
302 873 37216
210 527 18111
319 781 15297
3 615 31401
574 697 25000
25 175 25000
631 641 47297
563 821 25495
123 272 31064
363 820 17889
95 892 38053
206 906 16125
100 301 47676
732 893 14318
346 652 48021
138 826 38601
759 775 11180
511 804 25495
261 856 31145
351 670 16125
130 221 20100
133 353 33015
539 601 43186
324 436 40817
383 813 41437
300 527 22361
75 957 24352
500 619 52612
14 248 38897
131 851 10198
20 765 31401
596 891 53460
715 903 55803
899 902 30610
44 515 29428
601 946 24083
560 866 26420
29 739 50329
589 843 23601
76 240 13892
154 708 48765
207 691 24698
146 864 36056
146 541 67231
46 726 65734
348 728 20100
267 461 21932
581 725 31575
339 878 14866
264 545 48083
897 975 28231
577 895 21024
220 240 17464
635 724 45651
299 609 26249
209 528 36770
699 740 51624
342 827 19000
568 572 41231
188 456 33541
487 565 26907
573 866 33377
488 620 21587
176 748 15811
783 954 29967
227 453 15297
597 671 10770
794 851 31401
363 634 13342
163 833 44283
26 179 36069
717 768 15620
705 780 27803
117 866 47707
298 902 51157
502 584 34482
680 968 29120
375 473 35355
308 767 39812
238 334 24515
354 836 30806
461 891 52953
128 226 11180
832 842 13000
117 904 17000
91 935 19105
146 405 46755
110 399 88006
554 875 44385
707 712 22023
245 301 40224
530 710 25000
322 883 32249
74 263 54745
420 856 17029
116 544 23259
280 384 33541
150 539 20100
313 940 46861
202 834 26249
93 703 36497
749 897 37216
398 417 18439
659 745 36688
662 914 16155
265 518 32757
387 646 10817
382 907 55109
343 606 36770
255 568 38833
272 749 12530
203 623 51420
113 656 39825
309 524 18028
728 857 37855
347 401 29833
420 431 28601
247 248 34928
386 517 25807
23 134 33106
299 678 46098
165 912 18028
111 457 37108
767 812 48010
79 712 40000
253 654 47043
161 699 31305
435 670 30265
288 450 43105
225 358 27295
219 237 45695
110 251 38471
510 556 12649
34 624 39357
9 382 15133
10 346 27857
219 682 57009
83 888 49041
195 495 30083
797 952 17464
583 675 32016
269 369 40706
545 868 39115
757 954 53535
202 506 31575
208 722 47043
560 815 16643
141 317 10050
539 603 47676
226 712 11402
217 757 55362
20 762 11045
246 374 27731
379 764 19026
61 433 27019
137 394 46098
558 855 30000
136 505 36878
31 399 30414
218 779 18682
105 795 20616
548 678 17263
96 879 13601
414 497 29614
66 698 22561
504 915 35114
525 660 24352
19 881 13416
612 885 43566
473 660 44045
38 649 40000
99 832 32202
178 569 68411
533 760 15811
216 932 20809
23 880 27803
186 740 56462
545 844 62610
64 935 46840
481 691 35000
222 358 27659
645 816 11705
410 509 58592
747 929 35014
231 780 43278
78 923 23854
696 803 33242
188 794 211021
60 736 34928
83 756 49820
73 445 12042
622 886 10630
483 688 59439
167 730 23000
286 356 30364
109 708 71554
192 193 24083
106 193 20616
65 97 19416
803 898 29547
47 683 18028
274 729 17804
75 907 18248
277 354 24021
278 531 38601
614 684 47508
617 697 26571
522 621 47265
264 844 45695
122 927 17000
721 896 37216
296 719 21095
198 403 11662
97 488 25179
591 843 17464
641 873 11705
543 791 27731
133 557 38210
632 827 15811
1 343 47011
311 677 18028
606 760 24021
500 914 42426
495 506 34438
751 875 42059
46 748 30364
441 514 35341
455 806 31113
250 289 24083
684 741 21213
99 247 47381
175 212 45177
327 795 54589
35 391 15000
70 251 19209
45 73 28636
6 188 10630
347 811 23770
638 913 63008
362 893 36715
122 586 46065
494 970 31241
364 631 50249
153 901 29530
303 693 37121
88 96 30364
47 321 31780
622 670 47381
636 638 27019
866 904 42202
155 711 24597
780 917 33734
378 977 48847
313 589 29530
137 153 42059
418 419 24187
586 927 38949
800 944 32202
304 966 25318
217 621 63789
1 615 35805
38 58 38184
695 911 59000
80 725 46174
145 746 112379
162 698 35057
244 566 49396
239 448 51614
434 667 28792
229 697 46400
306 833 64815
217 503 47434
8 472 24739
185 812 17088
473 556 60208
110 146 126246
21 292 12042
80 280 26306
671 742 29833
149 727 51078
139 689 36797
249 644 50912
582 593 38013
125 790 34713
233 741 32016
884 942 48836
581 671 22091
464 539 48918
177 300 15000
360 380 27074
737 895 39925
221 928 29967
733 744 51865
717 819 42379
102 252 35440
208 617 60959
446 517 22091
429 754 31828
773 958 34482
16 393 41304
97 614 35355
693 786 39825
841 971 63640
507 618 26833
450 592 10630
740 906 62370
340 684 29155
2 861 19000
651 861 24597
41 109 22136
125 849 39357
115 656 43863
182 766 34059
175 396 32650
151 666 31241
116 898 15133
94 787 39623
217 771 37802
114 714 52802
813 934 33541
500 630 55758
180 392 16553
270 745 42012
675 858 19925
93 449 16125
5 374 36056
63 686 23601
486 830 31064
76 829 17493
81 518 23345
126 384 29120
448 946 55317
457 926 43932
487 817 29833
764 860 35341
236 890 29069
771 969 20396
321 345 26019
260 611 11705
48 901 13928
63 153 33000
194 480 23324
242 751 42048
665 933 32140
104 421 26249
134 267 31016
276 293 47381
823 864 39623
668 846 33601
66 922 25080
69 189 20224
287 470 54818
202 737 40522
322 704 24042
296 612 36056
761 946 13038
305 616 30364
65 159 19698
794 927 109041
449 547 11402
283 386 51624
12 237 30017
383 668 24515
372 805 26077
625 828 16401
160 184 25000
870 884 27203
410 962 58078
722 744 13000
412 888 24021
624 867 48508
825 864 32311
565 817 43012
86 669 59481
312 340 44553
179 461 41485
447 470 32016
278 291 43139
230 966 43863
117 325 18385
399 450 31953
532 905 10630
365 786 13153
358 694 29069
334 455 25239
158 209 11402
330 873 23431
250 429 34234
548 957 44822
69 587 22672
366 824 38833
535 658 33061
170 866 50220
4 778 19209
651 660 41437
167 680 51478
337 792 15033
281 567 52555
451 504 24759
186 866 42942
276 483 42755
386 804 23022
493 966 37590
400 515 60671
454 555 34525
184 458 22561
82 894 13601
593 917 34525
200 308 24083
42 786 20224
789 890 53535
549 858 29017
599 728 39560
52 246 57454
22 57 40000
322 410 37483
17 443 28862
594 678 44102
428 778 19647
407 723 22204
111 635 27313
308 687 16401
548 609 32894
119 242 28284
495 542 49396
442 775 61008
47 668 58000
414 537 21024
332 968 30364
736 938 26926
413 532 50537
574 722 45541
532 688 32558
660 700 21401
233 721 11662
71 438 22847
47 219 29411
122 313 62801
40 122 41437
481 951 11045
241 472 29732
67 801 26306
183 822 49244
91 209 21190
324 530 38833
2 651 11402
377 636 32757
242 484 13892
517 706 26077
314 878 17804
752 856 23022
307 958 20224
172 748 61847
36 957 17000
465 913 11180
221 932 22023
700 891 58523
230 401 28636
126 280 48301
331 583 29120
21 791 54918
295 615 26019
674 970 59304
71 833 16031
60 930 48877
92 198 20025
64 78 59034
234 876 72801
775 777 63008
28 814 15000
272 640 21587
139 902 39812
164 397 12649
354 757 37643
572 642 26926
530 535 28000
345 387 27459
418 433 41773
288 546 43046
512 865 57201
134 880 15264
522 771 34059
776 964 17205
589 591 23195
481 798 32202
348 630 26077
165 331 15033
84 604 10296
154 748 52887
394 559 45880
516 730 31780
127 244 63127
787 845 43012
421 554 46400
152 777 42755
46 434 46174
208 481 46530
152 243 44385
756 888 18788
358 967 32016
793 847 46400
297 596 32757
233 896 31575
69 802 16155
341 915 16125
426 715 19698
809 830 21260
692 800 17889
762 778 34928
538 541 13892
473 510 56436
495 611 33242
161 751 32062
56 860 44385
114 286 52038
235 467 50329
493 907 47424
227 719 38601
99 959 46573
814 971 11180
157 759 25080
255 572 18111
580 796 12530
415 788 36620
40 610 30806
291 552 16279
758 763 55000
626 893 16763
265 799 12042
781 867 55000
10 270 21024
123 889 21000
13 33 61131
210 361 30232
509 852 59059
160 958 41231
825 960 12369
504 778 13153
344 685 50220
25 949 19698
118 561 52154
395 605 27019
85 430 30364
348 460 25020
244 876 18868
200 956 24331
109 287 67067
498 513 22825
318 602 31385
943 964 32802
317 526 45541
397 968 28160
790 849 41976
510 660 30414
369 830 34234
381 702 56436
238 455 19235
665 695 13000
819 904 70178
373 550 35693
17 336 24187
285 744 49477
551 926 35735
405 864 33015
47 374 17088
444 610 15524
564 877 23259
83 502 40792
112 196 54231
264 592 11705
179 306 45706
257 861 12042
285 975 46690
223 487 22804
389 968 31145
520 932 32573
570 806 12000
125 423 40311
644 650 43046
86 330 32016
296 868 33422
470 708 39560
272 897 32650
295 871 30806
113 871 37336
352 373 37736
568 639 53151
716 795 29833
181 701 10296
343 428 45793
171 462 26401
242 465 28071
8 582 33242
125 905 23770
95 675 33838
281 562 35693
106 837 43966
531 575 38949
456 586 31241
124 191 16279
417 433 17205
102 828 28018
146 960 18028
468 502 30480
459 600 28636
390 609 50090
575 788 37577
770 882 33302
589 669 59363
657 670 40804
165 583 37014
128 672 28071
250 818 18248
648 915 20224
194 674 57723
352 550 13342
292 791 50329
320 937 27731
1 295 22204
81 791 39850
43 705 14866
644 687 46098
731 911 60017
264 450 18439
180 876 53000
145 529 122642
168 710 28636
862 972 35171
310 599 46271
653 857 27731
421 517 20025
464 669 41183
229 691 30871
44 745 13153
58 596 37736
660 726 16279
12 816 15000
381 422 37947
470 576 32016
14 955 29967
103 406 15652
148 253 34015
102 508 45804
154 172 25179
327 496 50160
50 283 61294
40 444 34059
69 466 32696
432 900 40460
307 947 45891
245 923 46648
230 347 13928
360 814 16401
240 298 49010
573 894 17029
624 850 31890
753 881 38471
590 768 21260
18 103 51430
258 549 51662
178 896 41304
54 218 32202
205 240 19235
258 921 17493
825 961 20616
213 310 32573
634 820 19647
339 521 21095
229 536 38053
533 606 10817
847 943 22847
62 787 26926
98 766 43417
927 940 60440
142 474 14318
243 544 74947
38 71 56000
180 234 125670
511 517 28460
102 820 33287
279 619 27659
695 746 39925
294 718 11314
8 479 24413
100 547 33015
118 516 26870
303 955 30083
248 634 17205
232 848 19209
182 417 41037
428 760 43382
344 844 14213
417 720 28071
57 280 36346
301 935 49092
491 897 42012
197 604 50567
343 718 42154
340 741 18439
87 338 22091
107 578 20616
1 533 51624
375 879 22472
112 862 11045
726 748 74330
318 875 42426
525 748 76059
730 968 19925
389 680 29428
936 962 30364
94 537 31890
546 977 35468
321 387 33422
15 674 36125
137 566 45100
301 923 19235
67 216 25020
492 648 14142
162 820 20881
71 305 44418
145 731 72719
195 661 29682
642 673 32388
113 408 16031
907 966 53009
79 229 82037
241 766 26401
177 527 16401
204 895 37121
7 294 54378
345 463 31048
220 829 15232
169 952 12166
150 571 15033
62 883 31048
6 938 14866
887 896 47854
171 497 16492
573 904 20025
320 568 31623
455 570 24166
89 855 12207
67 373 19235
463 552 45453
101 874 37802
714 874 35511
275 310 41110
720 770 19209
189 649 13038
436 676 74947
95 215 35468
418 570 13000
492 765 19925
106 614 20248
832 949 30232
280 371 16155
824 919 13342
447 708 22804
204 250 20248
384 673 12042
129 912 23087
604 760 29411
173 293 72918
202 429 34409
366 749 31575
231 917 40311
310 920 12649
217 954 15264
818 846 21471
101 950 15000
55 167 45486
644 870 34886
670 793 21095
446 554 55227
330 641 20248
488 684 52773
70 110 22204
216 928 36715
10 659 17464
135 354 40000
115 830 15033
536 712 28320
716 929 19105
61 770 73110
572 673 13416
327 338 26077
472 479 27857
460 857 17804
810 971 32311
14 863 32311
341 451 17889
315 947 10050
522 643 16971
394 952 23259
53 393 25318
259 698 15133
475 765 21024
833 848 22361
433 579 17464
193 883 32202
48 234 21932
502 739 18439
424 863 10198
392 551 32140
37 810 67082
315 640 23022
20 267 29155
220 799 30017
252 271 50160
602 706 34482
864 961 19723
718 734 34132
77 716 18601
186 906 27313
485 944 12042
63 665 37363
813 836 37656
410 787 50636
335 512 49396
514 610 47011
157 442 39115
276 965 30150
622 631 47170
863 959 10440
193 322 10440
24 494 13038
166 910 45607
856 953 32985
370 493 24187
108 202 19235
227 612 23601
344 868 66603
224 956 18682
236 640 45277
327 639 26476
722 733 52697
419 570 14422
881 909 69080
126 725 44553
159 661 10050
241 763 23345
49 190 26306
478 563 12649
577 737 28284
209 908 31623
756 826 25612
403 540 26683
49 303 11402
158 935 29155
362 513 18111
223 679 27659
161 563 27857
227 396 34828
4 762 31828
354 389 30067
107 754 64078
157 870 27295
66 252 25298
156 320 16125
369 809 23324
655 861 29411
110 344 17088
332 757 51971
690 967 18439
45 387 27203
378 545 33422
619 914 43909
5 12 46239
365 395 32140
182 398 44272
37 143 21190
545 587 35128
257 655 23537
359 439 13153
179 598 14866
348 623 36056
392 743 18974
431 898 32450
518 799 31401
194 474 45222
785 812 42107
14 424 28071
727 950 13892
225 307 19416
113 201 35355
394 566 22204
438 862 31064
442 777 55462
178 887 26077
464 860 40025
338 648 21260
222 225 34525
412 647 29411
69 545 24413
626 732 15811
58 306 41231
89 509 25080
147 528 29017
718 945 18439
252 500 28018
631 873 50000
176 667 12369
612 976 43278
215 892 29155
121 243 30806
230 590 38471
138 941 38626
152 505 41049
465 664 15133
37 88 24739
779 869 32016
148 677 17000
319 335 38328
612 628 47170
290 969 14422
364 557 38910
405 841 33971
68 947 47011
55 645 13342
11 777 91444
217 969 26173
150 776 28231
47 246 33838
79 707 44777
273 772 25612
447 576 13416
608 697 25612
100 245 47508
312 614 37736
521 878 12806
336 714 25000
64 147 15620
316 486 30594
188 736 41677
181 972 37216
598 891 10198
648 765 29000
810 953 28018
637 776 15811
252 625 38601
515 647 21024
525 861 27000
391 826 36249
104 875 37656
551 743 40853
173 276 31401
423 569 23324
151 741 25495
484 658 32016
130 956 16279
666 771 11705
191 511 20809
334 791 33541
457 724 19209
313 843 35114
90 111 27019
26 266 21633
19 569 33541
206 967 19105
398 676 37947
517 804 14142
164 389 13601
268 469 21213
278 463 13038
103 184 32016
238 518 13601
312 349 38000
250 846 17889
49 437 12083
460 630 15297
324 710 36235
814 900 31048
364 873 49244
188 927 101980
16 342 13601
659 662 25020
225 958 14560
502 941 34928
59 832 27000
142 194 33615
834 916 35511
758 963 24000
578 867 11705
56 379 28160
288 378 35228
14 247 26476
810 856 21932
279 348 15033
200 644 48703
631 872 41725
99 863 48042
174 591 19925
338 639 19416
274 817 43382
496 519 17720
204 429 18385
41 750 46141
261 805 10440
157 644 43863
129 176 55444
140 628 82055
13 693 48795
82 401 41869
119 465 19698
864 877 32573
57 713 24042
105 723 27586
296 885 35128
378 592 43841
536 798 31765
293 882 73410
714 791 45967
68 225 24759
172 576 15620
64 763 45695
404 457 27659
137 169 44045
725 973 48847
122 940 56036
59 326 30463
5 52 41761
536 691 36069
356 902 30414
458 555 36620
265 829 43566
489 972 27166
59 911 44654
171 703 36235
391 756 17720
159 924 13928
434 748 44654
738 942 57070
123 454 36715
434 891 57140
516 783 37656
730 783 48415
311 974 29206
838 942 38601
81 292 31321
248 254 26077
262 751 24413
485 800 37336
766 882 50000
609 678 34525
553 744 61074
596 709 25495
248 363 13038
402 701 40050
400 437 41593
104 706 16553
358 409 29833
415 575 19105
448 637 45541
518 806 37483
192 704 15133
144 200 41437
339 903 28636
92 569 40804
591 816 39825
282 489 25495
25 832 38910
14 254 25080
38 297 19209
333 599 37336
411 836 23601
835 936 41049
819 894 66212
127 551 51078
738 775 25239
846 895 38833
6 711 24597
669 860 11402
486 871 31575
208 733 31145
316 830 34540
420 752 18439
93 715 52000
127 743 66242
544 696 17088
423 540 35355
302 531 34540
665 746 32016
71 649 45255
5 219 30414
349 896 32202
542 834 38910
357 697 64885
725 785 11180
470 499 21000
37 470 26870
894 904 34482
469 921 26019
281 553 15652
264 378 40311
181 489 22561
134 434 25298
89 558 21190
329 790 44102
35 647 27459
657 886 38013
23 475 28000
495 774 35468
53 337 12369
56 764 28231
176 434 37202
754 822 49769
506 611 38639
385 602 30871
334 443 45793
31 110 62370
45 440 17029
16 613 13601
272 315 35609
427 710 27000
199 820 34205
16 454 25495
21 114 39051
27 37 18601
521 903 29411
32 689 18868
581 785 33615
269 957 47096
287 372 54562
541 841 34928
15 18 36878
40 72 42190
812 839 37121
110 541 192899
300 468 29682
426 482 35735
800 959 32311
357 553 61400
309 822 17029
711 938 30232
87 639 27659
290 503 18682
329 413 70214
908 917 33601
98 676 40853
64 923 54644
672 798 11662
523 721 36235
389 682 23022
192 948 17464
477 546 26833
528 908 20000
51 62 31385
286 958 44553
605 786 32894
526 549 31064
328 975 25612
83 299 45011
42 282 29017
278 788 29069
150 376 16279
143 823 21932
486 656 20616
208 789 32249
421 446 29206
475 880 18028
821 875 47424
199 922 12042
406 899 12806
211 275 16643
151 684 34059
116 360 72835
321 646 34176
797 911 31257
76 220 10296
694 950 31780
658 913 22472
90 271 16155
28 810 26420
83 138 29120
289 822 18439
442 505 20025
221 956 22023
525 651 27203
100 935 64661
514 561 30414
611 661 23259
117 381 60415
401 811 25000
208 951 45177
501 625 27000
65 629 37014
140 796 58138
95 156 37483
336 443 20248
180 551 30806
73 345 27019
299 594 46325
185 249 21260
637 964 19647
402 719 32249
162 559 45793
438 972 42190
337 970 32311
57 673 12530
562 735 17889
174 589 27803
351 793 13153
553 567 64133
43 535 24739
167 444 37216
138 756 47096
190 437 34438
484 530 40249
188 586 63411
166 578 64382
13 400 48877
260 607 19723
135 620 36401
221 224 19026
141 839 15652
302 364 20881
254 508 48374
579 720 30017
572 925 26926
874 950 36715
813 895 18248
339 780 33136
319 865 40853
699 751 31623
460 728 29833
105 859 44407
462 853 20616
418 455 22204
333 359 15620
36 493 15033
245 688 14866
565 643 33971
143 564 18682
602 875 46098
274 869 48094
217 290 35171
440 818 37000
108 834 26173
128 536 27659
277 934 12042
438 616 25000
55 72 47518
140 580 48052
583 750 43012
381 819 50537
453 580 41593
108 542 39051
288 961 51662
201 585 21190
333 439 14318
50 386 37121
24 567 12530
68 422 38000
700 726 25710
66 127 30364
885 976 13454
97 704 31623
87 937 19416
85 274 30463
357 722 35903
628 796 24021
349 853 24021
187 253 41231
371 463 38328
328 494 59008
605 693 14000
267 434 24698
514 516 26249
141 812 40460
159 681 10198
285 919 44147
584 594 17117
507 590 28284
752 772 25298
73 459 33956
339 705 17804
50 235 25179
283 852 30017
743 876 19209
2 473 23345
665 797 61033
377 715 51039
512 840 50922
404 926 39051
360 898 61400
262 699 39850
656 871 20591
67 932 22204
93 94 36125
383 895 45607
357 574 40311
72 843 32249
300 739 29155
621 643 35693
309 355 19105
126 925 14422
619 826 40112
633 758 18028
685 868 33015
11 847 26870
74 337 27659
65 924 23537
479 582 38118
358 958 33601
120 955 10296
741 896 49679
691 798 40050
11 943 10198
359 857 29017
661 681 16279
93 935 66068
352 431 29000
63 933 13601
149 967 58052
201 294 51039
305 649 10817
650 942 15264
45 459 14866
666 684 29530
499 655 28425
99 911 50160
161 821 34438
559 952 32527
297 709 20125
219 683 23022
85 779 52345
61 720 53907
235 446 40522
185 942 40200
641 669 67119
577 813 12042
835 910 28018
77 496 12166
312 414 42638
50 852 53009
68 170 33287
234 686 28862
5 683 28160
540 849 37577
300 361 24207
600 755 26173
646 668 54203
538 841 26627
170 906 38210
51 883 27659
3 316 30480
107 183 51245
457 551 22561
417 579 17117
835 916 16125
465 554 36235
227 402 15811
467 664 13454
237 645 38897
644 767 58249
431 803 17493
793 964 32202
183 859 24083
235 769 41049
287 810 42720
24 970 23707
561 711 19647
47 646 49739
196 802 34059
944 959 44011
701 862 18974
10 508 20125
168 443 31623
160 286 17464
687 767 35468
41 549 55543
12 591 45880
116 900 116662
253 677 38471
542 835 18358
274 930 82280
139 474 30594
430 643 28636
135 629 24698
254 634 25298
50 446 38626
466 545 44553
351 847 41785
559 797 27659
278 595 50448
386 850 54203
147 763 41037
84 197 50804
326 498 28302
229 926 120254
432 841 26077
487 679 35000
200 687 17804
136 216 17205
16 827 15556
727 874 45354
448 601 59933
666 969 21932
650 884 40200
92 540 40706
710 874 33615
522 721 45277
281 494 44283
198 569 26420
328 735 51624
61 419 33106
239 539 20616
619 630 22561
381 640 31064
83 941 23409
595 873 33242
107 867 20100
826 914 25080
182 882 38210
44 270 45607
795 929 29547
304 811 34205
549 597 28636
88 499 29682
84 974 27203
164 354 21471
507 584 17464
86 246 53666
88 470 25495
440 668 54083
219 831 51865
667 918 20000
210 310 45277
523 666 26306
195 704 45044
426 663 31064
831 934 34438
535 808 35384
395 585 13038
78 633 37108
346 508 18788
390 809 27803
733 789 19235
853 881 68768
488 629 39812
455 518 21932
78 688 54626
132 235 41000
367 627 16971
558 845 16401
18 632 26306
346 400 26249
97 192 28160
35 745 21378
107 747 45607
379 794 31623
260 506 34234
213 789 41485
5 237 29411
38 466 29155
34 910 55714
421 706 13153
613 889 22804
689 829 61685
132 558 19416
351 738 29069
590 717 28284
427 443 21932
120 303 24839
65 681 24083
505 928 24739
299 888 15133
246 595 38013
123 491 10296
246 330 49649
424 959 17692
511 850 39319
340 349 53824
193 948 22023
266 778 33541
473 977 32388
23 892 34059
396 402 29547
567 674 74243
105 642 51010
270 659 13892
373 801 21401
816 843 35903
242 740 33242
625 914 27659
99 692 16031
186 699 30017
280 725 54626
258 268 20025
142 480 17263
196 701 50329
75 253 29967
203 527 32249
37 971 72000
434 461 41195
408 585 22361
136 152 50329
61 265 73756
488 503 27586
232 833 32388
495 936 34928
3 830 34205
240 292 38288
477 977 23707
267 765 40447
377 903 35511
508 634 50000
781 865 35000
607 629 28178
8 676 45222
391 888 23770
219 284 54037
389 397 21190
15 792 20248
269 677 35903
38 709 24739
12 52 59615
121 696 32311
129 331 44045
435 872 24597
189 305 20025
468 941 10817
170 222 12530
441 516 38079
523 771 26627
163 395 18248
654 939 13000
420 898 44283
202 754 43417
149 740 27295
85 729 31064
10 662 24759
137 234 27893
140 626 13153
236 361 31828
195 410 53235
206 358 22804
154 447 35805
452 821 13038
584 618 28443
782 887 15811
705 878 22361
223 565 12166
15 194 62968
341 519 42720
274 476 95189
246 321 24187
109 921 12806
171 909 19000
1 871 22361
513 842 13038
183 929 47202
633 763 51865
84 311 32016
72 444 50000
19 125 25962
273 469 25000
91 715 20396
303 786 59666
824 975 34015
153 665 56080
273 352 23345
60 711 45486
162 394 37336
185 557 49041
53 792 16279
627 663 29155
93 663 11705
588 798 26683
729 779 34713
111 228 40792
36 907 38588
160 406 18248
413 790 30150
464 631 32894
670 886 47707
106 414 46000
25 362 42485
190 652 28792
320 639 37162
528 917 33838
607 661 13601
528 593 17117
764 851 32558
492 937 28443
29 584 22361
50 509 58600
124 850 27313
588 672 32249
391 662 50160
103 480 69354
562 744 46271
42 784 23087
473 477 33422
226 404 41593
294 343 47676
85 817 28460
75 187 31016
38 556 17088
140 212 40311
469 520 40817
307 458 44147
253 382 52479
2 257 23324
145 732 19416
197 615 34482
149 874 43267
522 523 17692
583 918 31828
560 699 16279
145 626 20224
168 436 18682
30 760 19105
178 853 75802
504 762 32388
307 773 37363
772 805 23345
342 454 18028
190 346 37696
713 755 20025
119 913 12207
36 75 27459
168 427 30017
808 878 15000
42 944 39850
67 136 19849
414 837 13601
429 895 48332
133 622 21213
26 461 39925
44 400 58523
112 701 24042
216 505 26683
612 719 37802
258 308 45651
314 808 14560
197 269 17493
29 590 30806
539 631 43417
286 323 21190
644 928 47802
186 560 36249
147 479 45618
81 205 19105
716 840 38053
79 926 40311
145 498 29000
210 236 39051
900 971 28160
685 885 33838
30 428 40608
183 795 50010
355 524 12649
837 883 20616
293 963 33106
377 426 45880
231 339 31000
118 514 39051
654 865 37336
354 397 31828
337 674 34132
160 773 26476
268 921 17804
189 802 28636
268 308 41049
566 698 32985
648 762 35000
356 899 15232
379 534 24597
432 538 10630
289 818 26401
674 792 23601
279 623 33136
498 893 26926
285 562 17117
68 222 29411
329 540 38013
126 973 26019
94 663 33615
332 730 36401
289 309 15811
428 606 38328
681 704 20809
302 575 17088
601 761 29155
82 230 38013
763 963 60008
396 489 28071
172 447 24331
353 557 27459
564 841 16553
119 658 12166
4 20 25942
132 769 11045
61 579 25000
278 552 45695
151 233 22204
231 908 28178
158 528 35468
212 893 38328
92 782 56824
52 388 19799
544 803 37216
362 842 14213
471 974 42450
89 132 20000
385 511 36056
155 561 28160
628 976 15556
4 461 30463
1 606 48104
609 809 62000
473 651 14866
13 437 32016
308 526 26000
485 931 18028
550 801 26907
702 819 31064
43 324 19799
20 461 24515
624 781 26306
14 652 19647
367 845 36497
823 877 19416
169 394 12042
673 713 30083
467 554 16279
130 144 44204
401 478 39408
581 742 21024
368 755 13416
774 936 27019
3 269 37483
599 672 40361
483 965 16279
141 767 30232
633 965 20809
582 917 28160
445 600 38288
266 428 35228
40 514 66189
256 777 47760
387 440 21024
73 387 22804
382 939 24413
283 835 34059
4 266 30887
249 650 34713
375 477 18358
558 787 41340
170 186 39623
30 471 21213
112 616 13416
430 779 65192
197 533 60729
108 506 24597
742 839 14866
142 902 46819
209 935 25060
549 750 41110
98 472 22000
66 228 11180
83 594 44721
306 416 83678
478 815 15232
312 462 25495
135 488 43139
219 668 56436
23 215 15811
35 44 25495
295 486 23022
390 412 44045
87 492 27785
66 259 26000
658 808 23087
127 228 30610
373 803 43463
68 307 28071
31 450 16000
701 972 38897
386 446 17029
181 396 30480
319 512 31257
237 680 34670
890 920 57009
34 490 24515
153 169 24187
94 703 31321
166 834 11314
96 823 31401
293 965 50120
285 824 46098
113 294 47297
207 951 19925
101 714 17720
401 821 22561
465 751 51108
276 688 72090
60 561 55000
52 374 48374
369 957 48010
304 347 18028
645 680 56719
82 768 29682
365 972 37336
241 479 32558
399 825 30414
180 926 21260
201 408 21932
323 409 19416
101 694 40311
279 630 23022
185 785 51624
277 389 40460
38 510 20881
439 807 23259
327 716 59816
384 572 22204
474 689 33377
22 280 19416
207 608 32311
378 466 40224
401 894 43081
144 268 12649
686 933 23022
17 714 32558
620 757 23707
381 904 61717
373 696 31305
102 199 11402
636 845 30083
490 624 25495
675 892 14318
553 562 42579
90 635 12166
416 833 50804
218 782 14213
117 422 41593
587 802 11000
269 311 38288
217 783 40311
664 913 15811
530 740 40522
30 519 42544
526 767 37108
54 476 23770
590 618 44721
28 360 13928
306 596 29732
252 828 37590
431 772 41110
55 444 21024
143 841 32016
568 973 35014
151 523 20881
129 165 35468
226 807 25456
288 977 18028
662 826 33615
852 936 44654
260 411 49649
270 400 33838
716 747 37590
115 390 32757
40 155 73164
11 256 46530
382 811 55227
148 865 61008
332 354 40497
51 94 35468
281 735 28460
191 939 32802
448 539 60440
201 395 22204
31 844 42190
785 839 16643
441 444 26907
804 850 39446
247 911 41629
318 452 13153
672 807 32016
546 864 24515
425 512 29833
100 449 38419
500 653 44283
8 98 36878
112 305 35128
789 920 39699
214 738 20616
462 909 25298
471 604 16492
554 751 57940
72 122 46098
145 326 50120
28 380 24597
501 508 25239
443 543 29614
212 580 25456
73 600 39962
501 828 21401
333 672 32757
112 802 49244
80 371 27586
179 945 42426
229 608 22472
41 708 71847
340 614 29547
588 599 31064
750 858 32062
569 853 81744
590 966 38833
235 638 41593
74 970 35114
162 566 43417
270 346 20248
349 462 28320
350 811 51478
303 437 20100
734 945 24597
399 961 44385
425 677 16643
56 589 32249
196 719 13601
175 362 38471
369 548 63953
370 957 36249
19 423 28792
140 893 19698
753 909 86371
318 350 41049
490 910 47170
93 100 46819
80 854 34205
309 859 43966
251 628 60133
151 721 25942
242 262 25060
120 652 27166
668 895 50448
690 727 12530
171 537 35735
287 708 29155
817 930 40200
163 416 11045
131 946 47127
203 728 51264
299 412 30529
251 685 49659
376 539 12042
95 973 27074
236 381 41773
472 766 38013
138 279 31048
9 350 14866
48 686 17889
244 259 53226
282 944 14213
284 831 18385
404 724 13416
178 782 22672
30 451 28862
33 693 47434
577 836 40706
304 382 53852
600 713 19026
571 776 27295
121 544 46390
688 923 46098
496 716 28460
393 827 30594
271 500 45706
266 734 12728
118 679 68447
41 129 51971
95 671 43566
161 875 37000
359 599 31906
491 975 39825
738 847 39560
711 736 39459
314 636 41110
42 303 64661
271 653 13038
452 811 22136
399 960 21024
487 930 28320
70 344 24839
210 920 49497
229 707 41146
542 916 11000
617 722 42012
766 963 56754
353 838 12042
733 919 21840
325 866 47854
98 182 42059
96 375 25495
42 972 28320
457 635 42202
39 761 27586
24 281 43738
166 916 30414
519 915 46400
211 588 15524
471 519 42190
39 764 28425
39 603 43186
54 869 24187
139 298 19849
148 654 60000
411 629 26077
118 783 21633
380 898 44777
594 618 37202
405 877 11180
366 919 46065
273 431 40224
114 409 57983
128 712 14318
226 724 39825
196 587 26627
657 942 30017
765 937 26077
401 563 33601
489 931 28320
835 852 23345
224 928 14422
686 901 21587
698 922 28284
154 176 54378
25 931 19105
82 819 60803
409 958 43738
642 723 36892
39 131 18439
557 854 32757
564 823 14142
115 515 39115
67 121 22672
247 559 42579
758 965 34525
314 658 26926
178 349 63569
315 381 36620
131 448 100344
56 313 34986
763 766 38000
175 893 52498
133 886 14866
291 788 29017
14 120 31113
263 613 17464
59 731 42802
435 776 33106
762 765 24413
378 556 50160
94 367 35609
207 697 34928
255 642 12042
91 903 50695
3 369 13038
721 887 42154
155 456 23022
50 89 55000
612 796 43566
290 666 28862
223 621 28071
277 836 17029
32 139 38079
324 705 24187
736 930 63506
546 879 22847
328 889 37643
12 645 13038
439 857 30414
21 298 33242
317 597 27803
501 662 21840
435 622 37216
436 917 39699
746 933 18385
214 847 28425
37 287 58181
367 482 26000
27 143 18682
547 703 31401
429 822 48374
391 745 20000
206 222 24021
199 252 30232
391 659 47265
253 907 18358
157 928 47043
195 681 31305
7 871 13928
167 968 34670
355 459 21587
134 583 41976
213 920 23601
350 382 27203
295 316 13038
955 959 30871
263 889 25080
232 365 32650
292 298 38419
335 840 10817
376 631 36770
638 845 33838
218 869 27857
29 502 42059
148 425 16125
277 284 29614
390 830 33956
341 504 25080
254 346 50488
365 438 43658
283 910 21095
297 660 32311
822 859 43186
437 693 35128
509 855 17493
409 694 18028
230 304 28443
638 664 59666
17 543 13038
251 885 43463
26 734 27166
125 753 25962
80 785 48508
366 897 28636
536 672 33302
680 682 12806
285 733 48270
705 808 24597
524 818 26306
218 887 24000
156 568 34234
491 889 18358
655 748 66219
115 486 27074
290 684 35847
109 258 23022
118 621 62241
184 632 31113
366 890 23345
95 581 43658
79 404 18111
801 932 18788
342 632 10817
571 872 18439
372 772 21471
548 809 59682
284 682 28320
468 623 23854
304 907 62650
291 854 11180
368 642 30083
210 890 28284
489 784 26401
614 948 15620
493 618 39000
193 837 34525
396 931 24698
127 259 24207
477 879 21213
123 315 39051
144 520 38053
422 947 19647
462 497 17000
361 702 19105
442 928 26926
436 780 37656
187 957 38897
779 887 26173
415 557 24597
623 728 48166
629 924 24000
124 624 35228
15 393 26870
236 749 43278
34 867 17029
196 296 29155
74 393 29682
558 769 19313
211 798 31321
439 635 45618
415 854 10770
98 398 27074
385 939 17692
300 623 37947
638 769 17464
22 445 42544
412 609 24021
395 416 18788
177 203 30017
503 684 42521
204 846 25495
11 448 90554
220 265 31780
306 598 39825
294 306 64008
639 723 38328
529 746 11402
403 423 23537
340 896 53141
448 851 110059
440 646 17000
345 595 53451
559 820 35511
13 115 56000
534 794 37216
152 442 45695
26 945 24839
105 368 49406
28 856 28862
105 183 45695
370 548 13153
135 757 26401
469 772 35228
191 385 34540
197 311 39294
405 541 32280
144 469 19235
519 840 51884
147 241 48508
882 963 46487
298 356 65513
104 602 23087
738 759 26306
366 789 53000
15 53 23770
413 688 69007
314 638 56569
368 859 37162
513 832 23087
211 481 10770
529 933 20396
246 388 56223
86 388 11705
484 740 32650
80 185 62177
255 723 40522
327 648 28636
1 7 19235
525 655 50120
815 866 23770
42 955 66272
146 399 39000
54 782 40311
56 669 46000
97 684 51546
454 889 32140
163 365 35805
376 872 15524
138 619 27514
11 637 53235
334 418 40249
407 639 44385
92 476 29069
568 723 54203
52 591 43829
43 530 32558
27 88 15811
865 939 40012
557 575 26571
392 876 36620
175 453 49041
3 197 35000
345 445 29069
126 572 30017
383 934 44407
438 848 15000
165 750 24083
841 877 28653
314 913 45277
51 837 13038
390 647 27586
747 840 16763
139 142 33601
727 967 24352
670 942 56639
480 902 41012
668 818 42544
643 721 57428
531 788 15264
23 583 34205
378 473 64815
695 731 11000
382 654 25080
506 737 18788
92 178 53413
77 840 31906
91 908 42485
580 612 41146
478 894 39812
750 912 26173
39 860 39560
784 972 14318
260 577 46530
297 700 33615
28 971 20248
60 679 25495
40 456 67119
451 519 44553
864 879 30017
318 811 23770
431 752 32894
205 220 29069
42 959 57385
149 530 29069
423 849 22672
679 930 47000
189 466 18868
413 905 49041
568 925 29411
162 922 23431
6 155 22000
411 577 50000
123 555 30529
33 656 39962
657 838 22023
621 771 59548
332 397 12042
294 416 57697
239 637 29967
297 510 12042
323 958 40522
46 700 58856
293 758 31623
167 516 34886
257 375 42579
805 953 23770
41 258 27203
661 924 13000
246 345 42942
715 935 29206
364 622 30265
170 325 20100
32 240 35468
441 610 14866
100 753 67897
144 308 38328
68 117 41593
174 669 56436
555 947 26077
692 949 15297
721 779 58034
288 592 35228
216 221 31401
439 653 40522
499 666
279 794
551 632
397 646
247 295
228 93
490 683
783 223
596 482
654 759
12 461
230 252
561 736
598 829
963 475
903 499
825 311
927 483
572 66
374 634
897 340
249 457
306 608
982 552
521 901
406 673
215 807
121 775
696 583
453 594
297 917
950 330
500 732
472 438
640 687
607 584
204 792
371 810
84 298
201 183
198 665
505 822
713 311
623 706
306 405
332 708
265 337
695 935
567 779
567 355
539 206
207 307
969 498
464 14
226 226
132 269
281 481
398 783
583 918
288 79
889 202
551 235
668 937
710 179
436 231
724 818
57 647
803 471
381 869
360 967
427 810
179 219
278 411
960 519
584 569
939 296
429 528
699 121
850 821
219 480
889 298
710 519
708 660
489 574
380 42
189 332
337 576
228 798
567 300
768 789
667 211
509 27
599 195
572 219
270 572
237 827
440 212
811 199
570 889
615 151
814 360
682 804
904 437
616 434
370 498
484 194
439 451
437 340
177 672
338 964
769 816
439 851
490 723
867 365
561 680
56 729
766 490
299 151
672 345
576 807
40 662
160 177
860 526
542 460
597 59
267 519
753 827
844 768
243 691
109 619
72 284
583 312
140 432
320 638
384 245
44 632
708 917
716 688
941 367
514 989
196 556
968 387
197 812
144 646
547 990
231 897
722 189
537 543
748 361
78 408
422 129
11 594
668 904
252 713
228 115
307 578
74 543
694 195
444 249
872 433
688 439
684 838
468 775
325 235
256 658
448 374
264 201
767 294
680 883
775 453
540 161
255 738
696 45
181 287
506 921
298 684
773 636
476 69
380 698
818 872
465 873
824 159
388 456
879 457
164 509
746 426
555 580
220 86
384 849
593 783
558 457
468 215
492 213
985 416
468 275
418 901
530 604
529 28
691 811
130 607
473 754
420 349
799 651
375 362
908 300
785 423
905 713
882 662
687 204
801 625
865 704
485 961
855 674
49 502
297 595
58 622
357 168
450 43
274 309
934 287
89 617
786 447
340 78
88 598
820 453
839 778
463 923
729 808
909 764
672 520
692 255
460 789
440 116
715 944
592 352
799 586
256 267
860 285
64 401
927 303
769 177
692 365
22 637
757 890
639 110
237 356
603 855
635 841
150 525
358 373
372 982
716 794
571 542
621 819
311 506
19 507
267 774
176 649
734 842
422 284
151 726
704 387
906 528
315 897
905 274
424 661
349 649
156 650
545 595
635 750
762 774
843 552
121 680
392 14
851 695
715 70
345 269
238 417
746 696
245 476
974 595
506 851
513 384
316 275
922 600
865 417
180 739
300 858
356 397
391 177
208 448
898 328
762 76
444 712
521 663
415 930
359 795
928 352
663 659
761 627
662 143
169 419
560 788
644 525
404 848
388 743
831 469
154 609
351 412
824 664
520 566
497 167
150 239
667 307
821 524
528 652
195 566
647 469
500 497
321 570
258 368
489 223
845 410
727 297
773 473
571 946
381 560
910 550
583 9
188 364
271 657
322 211
814 747
836 280
462 502
804 323
981 501
359 574
692 286
453 160
409 593
895 488
452 665
344 948
257 394
628 769
659 515
761 697
497 129
606 471
70 465
98 684
139 465
344 245
332 414
894 408
964 668
807 429
802 737
108 780
776 608
540 939
648 840
149 425
489 804
838 589
594 247
330 469
564 631
625 607
239 461
156 690
66 664
249 331
260 816
89 396
645 266
335 862
105 261
110 753
791 545
598 497
328 313
275 491
590 470
564 392
284 389
193 321
314 243
593 673
652 696
803 879
944 494
689 875
486 772
485 896
321 223
838 201
267 912
603 761
678 492
458 908
539 34
832 819
200 862
890 430
372 514
489 739
826 406
515 250
381 256
637 675
650 30
530 194
188 449
469 764
852 189
854 244
875 232
115 736
599 414
803 509
562 39
570 831
523 551
629 223
782 320
428 626
392 369
371 71
98 713
155 851
862 203
328 662
82 433
762 276
562 768
448 819
800 750
305 388
245 185
53 576
797 304
227 205
270 420
581 391
231 742
22 371
591 181
297 901
425 601
660 471
460 938
878 494
857 266
205 116
805 825
874 479
311 419
762 722
369 658
516 150
249 424
112 351
664 363
368 839
639 370
736 643
141 665
223 773
468 579
789 199
295 811
971 373
334 608
487 8
269 832
710 469
763 209
965 404
875 708
618 257
707 112
699 353
509 869
534 682
334 56
415 215
487 868
496 433
865 535
361 590
622 583
969 551
457 303
427 540
524 165
547 961
244 773
717 766
666 763
716 620
396 195
407 618
52 596
426 318
682 586
645 777
542 302
351 804
570 440
504 528
558 941
260 153
594 701
280 170
579 413
873 281
432 557
106 644
671 288
389 111
402 123
336 402
306 775
180 609
783 623
721 218
668 970
735 335
201 406
627 75
472 622
116 239
707 335
871 762
551 195
162 859
80 388
545 8
169 871
475 349
826 298
46 708
361 883
257 856
588 170
627 620
211 611
101 671
800 847
220 459
981 609
636 386
844 500
355 816
166 460
587 293
645 862
713 441
255 123
939 602
698 465
192 830
352 76
711 872
993 546
303 544
542 51
867 244
79 423
293 504
731 497
944 703
175 435
243 748
381 306
455 438
869 187
467 979
229 557
760 247
279 629
686 603
493 761
181 136
396 886
850 708
164 265
678 558
187 268
304 893
738 216
688 620
206 378
366 763
217 583
369 708
819 710
299 445
76 345
618 457
88 341
484 583
513 771
466 631
432 267
917 743
638 651
231 190
433 280
449 942
899 512
465 187
520 637
433 839
928 702
658 598
725 714
394 210
342 106
119 429
749 663
507 456
693 763
527 987
606 235
432 986
407 254
747 719
123 382
901 479
735 112
645 827
780 791
628 294
37 414
611 315
355 555
822 547
169 371
319 497
377 99
114 561
229 239
290 380
613 692
375 588
395 842
116 518
290 797
603 810
761 761
573 495
262 751
521 698
125 475
674 333
647 743
329 783
443 259
672 742
603 206
649 361
632 947
398 149
301 672
323 337
132 315
86 463
227 579
846 740
287 492
999 472
259 604
826 237
537 560
644 617
313 84
285 248
454 247
295 256
255 322
424 163
393 937
687 951
144 596
649 99
966 340
801 392
896 736
554 890
527 771
809 400
620 952
52 692
937 727
719 840
716 425
342 766
456 868
763 594
563 189
466 230
703 300
601 427
872 782
209 736
377 786
755 320
250 104
850 781
298 464
819 343
647 215
418 513
706 554
436 704
426 912
854 161
434 106
929 660
350 517
820 813
223 526
317 772
795 381
781 699
406 25
287 201
609 952
536 974
885 631
433 670
947 586
256 65
409 310
68 494
734 616
724 374
439 148
208 556
785 885
934 648
636 708
657 967
451 495
303 699
832 558
238 642
690 407
129 724
604 84
414 392
318 463
669 691
373 221
752 106
64 520
467 607
65 318
375 623
752 161
106 280
355 609
790 161
171 573
694 544
594 311
842 146
387 145
137 700
867 459
490 290
54 515
52 419
3 552
409 631
432 48
725 283
503 482
459 54
317 163
498 844
212 528
502 802
565 258
209 419
866 634
620 33
851 310
980 486
68 452
79 243
389 506
456 985
651 889
856 734
904 286
546 874
83 651
396 875
83 704
565 415
154 716
879 244
821 760
681 311
576 651
144 762
653 492
170 525
369 307
121 790
704 455
218 243
353 33
340 376
746 568
664 832
673 470
368 411
206 832
876 597
245 891
685 711
914 488
683 776
948 281
560 665
323 292
556 918
428 794
440 366
491 358
362 270
526 207
147 474
203 542
456 511
177 837
551 930
183 251
333 939
600 283
350 357
31 480
448 804
579 24
531 435
74 274
514 354
521 130
198 453
557 293
128 747
773 736
240 610
364 454
121 312
279 775
450 850
568 841
233 861
538 482
726 464
459 449
394 904
440 17
98 530
503 688
93 411
173 382
784 337
653 427
773 900
202 851
681 296
248 835
328 625
566 78
820 121
521 227
76 514
412 965
126 437
450 67
661 674
881 526
821 605
359 710
272 610
522 971
718 508
372 325
471 110
864 577
71 731
900 422
129 820
682 930
924 403
680 260
751 498
619 68
771 415
587 551
705 230
540 142
492 386
620 893
241 668
662 352
687 736
395 585
475 360
732 250
301 652
879 610
836 660
167 664
699 820
679 134
431 254
279 527
834 858
152 162
76 590
416 494
313 37
508 887
75 634
664 950
354 277
665 192
489 317
333 595
233 79
578 483
114 209
730 652
124 505
22 459
517 860
422 692
58 329
822 514
475 199
539 893
802 369
886 707
668 885
160 739
344 176
571 816
106 603
592 592
834 449
558 844
248 903
250 871
518 308
776 106
42 433
718 100
640 550
787 404
293 220
383 165
993 531
132 792
484 841
268 545
497 548
890 566
421 975
290 843
