986 2461 14 318
345 973 37656
180 608 29833
808 858 37121
325 811 33971
674 843 29833
71 291 42450
389 522 13038
551 780 27514
342 689 32062
78 687 54203
152 800 36674
311 499 22804
210 233 17205
866 984 56036
157 698 24759
213 974 35511
29 779 37696
18 439 28792
264 853 22804
283 480 35468
306 695 29155
287 490 11662
608 907 15524
855 893 44643
479 947 63789
244 910 50160
455 671 12042
393 911 18385
794 873 27295
277 479 37014
57 310 31906
411 637 22361
238 483 16125
189 445 30265
51 143 28792
215 723 33000
510 973 59405
169 455 79228
361 594 19235
297 902 49254
119 749 13342
748 958 14142
686 838 43863
607 852 26401
152 648 37336
197 954 30067
454 740 49396
419 803 17029
207 660 23087
250 974 61741
899 936 10440
399 791 13000
424 936 18111
11 307 39115
482 566 31780
54 537 52355
484 940 31401
899 909 25239
349 716 38601
87 98 39661
478 951 34986
597 774 26077
356 796 35511
681 931 38328
33 666 33242
239 268 24352
820 948 40112
571 620 52631
245 892 39294
401 574 55227
703 820 29411
870 978 31016
724 915 33242
277 767 45618
268 317 23195
36 324 23022
716 910 37483
326 883 39000
394 970 40249
565 652 50040
388 973 26420
282 376 25020
400 594 26401
43 517 15652
415 592 34234
720 893 51923
701 756 63325
130 618 14213
393 561 55866
647 788 16643
149 307 24083
73 350 42426
218 781 44283
437 838 39205
262 470 25495
329 452 51478
160 435 41146
230 514 37696
484 504 17889
335 636 45310
700 959 49497
144 446 41773
371 760 47011
520 658 34828
420 960 43046
241 680 23431
225 896 25612
356 883 38949
127 509 66287
327 363 20591
53 811 35014
555 830 43417
44 255 18974
201 392 36770
265 653 16643
24 156 37656
199 516 26926
286 912 15264
99 130 15133
593 752 19698
878 951 52173
386 976 49930
98 502 16031
460 567 22091
370 696 20396
49 303 24083
87 572 28018
642 876 35777
80 134 12000
259 726 58941
269 341 26249
24 486 38471
585 856 13153
443 707 18358
675 774 33242
442 454 45486
32 775 57271
436 759 14560
50 753 39051
840 903 15133
213 470 33734
306 405 17464
332 938 51039
825 903 51088
103 505 18385
562 566 41881
259 748 28636
139 607 31906
915 936 11402
63 125 19698
185 323 41110
476 821 46400
693 968 50120
242 980 31401
403 800 59548
656 728 21213
928 969 24839
128 243 50636
42 144 38949
72 944 40000
362 673 23601
234 373 29155
354 865 32016
254 781 34000
532 784 32894
343 679 42638
963 976 19849
81 489 23324
538 787 38897
251 431 24331
459 629 35805
180 972 45651
23 586 30083
370 862 30017
399 757 49396
920 976 19105
216 578 39812
545 739 28302
209 807 21024
394 720 16125
409 932 43186
343 350 45651
93 652 21541
223 599 26249
514 837 36620
276 925 56036
278 785 17692
176 236 32894
581 862 29155
97 233 24042
215 922 16553
95 408 37363
161 959 29967
438 811 14765
607 977 34059
128 725 29069
327 595 28178
282 416 44045
147 710 35341
35 332 100955
358 837 28601
8 362 41593
176 810 35114
3 37 16031
887 986 39560
577 778 24331
355 817 42450
479 792 24042
102 203 21378
85 382 21378
341 886 15133
337 437 49769
234 481 16643
348 522 16279
731 782 44407
258 700 57801
849 882 19925
91 687 62169
417 605 20224
194 704 17088
677 979 22847
90 547 10296
290 295 53852
247 693 51264
642 807 50596
526 584 32280
42 460 27019
352 649 53814
59 114 59816
357 420 18385
104 624 53235
11 596 19925
177 663 22204
154 746 10817
500 921 40162
630 631 47297
443 544 53535
95 633 48508
715 777 42720
148 982 21000
57 842 18385
297 944 36014
218 822 38626
137 968 35468
405 610 29206
49 71 45277
454 644 44944
194 632 25807
308 728 34928
118 836 31016
187 686 50000
155 670 42802
409 864 37802
380 936 57697
653 870 38210
559 725 37363
397 760 12042
214 475 23087
182 663 23259
574 826 62968
651 771 21000
153 914 45100
318 561 64761
123 214 36674
151 738 21401
124 799 36401
558 943 22672
238 567 11402
361 400 13153
18 340 31575
145 423 14422
645 690 21095
203 274 44045
112 467 31953
422 793 24207
719 858 25318
423 525 38328
619 965 10296
250 818 19416
1 93 23409
59 165 29411
173 187 34713
859 941 53339
343 822 29000
175 452 35355
2 869 38328
595 773 18788
13 819 47760
128 526 10440
611 743 26077
41 834 36674
440 470 27459
433 978 38588
450 501 54708
85 982 10630
362 432 26476
77 372 19416
521 841 16492
341 684 25000
351 650 36125
49 487 44911
34 641 41617
86 257 15524
374 490 26306
381 729 20616
354 820 24187
266 563 26000
144 541 58592
7 710 26420
127 723 35114
660 879 21024
701 855 31906
335 459 43046
352 492 30150
9 268 15264
266 617 19209
14 803 28018
112 699 24839
317 542 36249
104 138 30364
404 554 49769
668 914 14765
212 555 33015
337 884 31765
341 773 13416
217 569 47676
339 380 38053
166 463 43382
462 466 15232
160 221 13454
409 908 34015
380 599 58052
1 966 29275
278 521 12042
520 604 45177
688 972 18028
796 912 47424
222 435 22361
510 622 29547
25 882 11000
228 617 37000
299 618 25000
335 743 56462
78 285 41012
101 505 51662
423 856 20248
156 421 24331
44 836 23345
447 752 45277
769 905 39623
458 561 22472
213 262 17205
291 305 29069
102 263 37054
754 897 22361
228 266 29155
722 959 12649
501 966 27295
310 703 25807
139 230 21024
406 895 10440
649 935 43046
217 866 34713
135 766 15811
282 839 10050
89 147 23324
114 850 20396
330 597 24331
258 864 59135
485 587 21932
908 932 33377
264 670 67007
609 721 73498
498 523 43738
83 862 14318
110 614 25495
602 740 22627
360 781 44102
313 506 30150
179 354 52393
218 465 36715
279 914 51865
66 815 39623
63 635 42154
133 619 17029
102 806 50448
121 404 46011
347 359 12530
519 529 68600
101 208 46400
248 964 41881
723 895 37590
251 572 42953
88 606 21213
431 693 52202
823 941 37336
144 850 18385
170 654 22361
36 225 17205
192 469 15524
235 364 43046
259 384 58694
282 402 41000
54 981 59540
162 300 54589
196 862 35511
719 808 37855
132 224 20000
306 775 56515
811 867 46615
720 937 49739
123 684 16155
686 975 22023
366 533 16125
21 675 40608
437 949 42000
678 920 23537
516 930 34205
569 866 47707
53 821 26306
69 892 22361
557 628 26249
15 340 12042
332 924 63640
141 202 24187
64 560 13601
572 758 54083
275 768 80802
712 747 59034
628 906 45188
345 622 17205
23 679 17464
797 872 16155
134 294 18028
608 880 44385
167 172 32202
394 777 75928
205 595 19026
99 377 21840
381 524 19105
798 804 63127
642 863 30083
45 173 33541
215 913 18028
532 906 29069
430 656 20025
117 119 20881
833 947 48260
116 823 47413
480 828 29069
899 975 17263
396 747 48600
29 954 29833
446 871 23431
51 186 35735
136 982 36878
811 821 39825
5 95 44181
422 978 16031
480 954 19698
76 174 200861
646 824 29833
651 985 41231
202 564 37202
493 776 18111
137 934 16031
292 318 76479
90 109 39395
364 579 56000
374 849 39115
261 957 12649
552 802 40804
87 752 29069
338 748 19235
292 393 35440
417 951 31145
774 893 31401
378 781 47265
130 377 28320
94 232 52000
142 746 13038
674 705 23195
129 644 24166
762 869 46174
319 618 48918
493 637 22023
69 316 13342
149 756 32985
211 827 46011
86 779 28636
178 213 14142
440 932 52773
523 618 45618
10 109 16401
543 544 55902
166 277 39115
23 829 18000
2 843 69771
476 844 19849
10 118 31906
308 648 37216
568 744 42802
93 966 33422
780 842 48270
791 872 19235
41 664 23022
653 949 19105
121 373 27857
498 808 19647
198 519 45706
163 403 37108
242 489 10770
474 889 23431
431 758 34438
603 641 21541
278 299 67469
66 932 36878
742 877 22847
615 913 19698
220 243 31401
565 931 48301
108 270 24042
175 553 24413
306 921 42544
31 606 15297
592 670 13928
167 337 14560
598 609 13601
68 209 21932
523 625 40719
791 797 22204
365 801 16553
200 569 67357
4 734 35805
122 219 41000
214 737 80523
457 472 18788
704 866 52802
412 559 24759
243 571 13342
20 357 23022
690 758 39812
44 395 20100
592 872 36235
688 696 14213
164 717 44147
134 478 41437
272 548 36056
355 501 72007
577 919 41869
51 576 52355
136 650 23087
412 571 52402
575 878 35511
69 854 20224
182 547 40792
110 868 13601
523 808 55073
569 730 44385
311 428 24021
78 737 22672
208 226 59775
216 676 44721
302 731 35468
409 923 34059
72 469 18358
448 961 34886
673 935 15000
341 733 38833
731 757 41485
1 565 37363
143 973 45486
492 574 68411
183 636 44911
33 190 33541
827 834 17464
177 182 36715
63 368 20125
356 371 32757
114 818 37216
89 106 13416
738 742 46098
678 903 72125
508 674 41725
89 710 20616
126 162 46530
239 964 15264
49 157 30414
326 828 34525
25 897 24187
546 973 39051
164 945 40000
139 358 26000
83 945 13928
678 919 30463
28 777 16763
22 297 34828
455 777 132970
198 724 42012
132 644 50160
169 918 28636
37 617 40460
698 933 12042
520 886 40249
896 960 43012
318 328 23854
323 953 75452
185 461 32757
73 441 29530
384 724 37696
37 762 54626
114 661 24042
40 739 26627
678 953 40025
79 342 30887
276 663 25000
621 921 46648
443 636 52202
7 635 40522
65 816 31780
233 825 63246
541 578 27459
90 276 15556
33 884 19105
29 257 25298
418 442 34059
459 820 38013
349 846 15620
91 219 27203
119 631 38210
587 813 57706
542 697 35609
597 634 28425
48 792 58694
143 186 28844
298 359 133821
532 824 36892
326 699 18682
253 880 47000
361 582 50010
378 492 34540
400 601 10050
12 458 62290
463 761 39395
309 521 41000
71 157 28018
81 961 16763
345 658 64661
136 232 42202
91 689 28443
541 850 59841
235 772 36688
35 92 27019
141 499 32140
306 610 22804
681 939 44777
733 886 29411
747 951 36139
511 897 55362
332 752 62266
301 316 23345
64 732 43290
557 659 58694
166 761 28601
260 831 25632
209 391 14142
172 346 28178
580 636 27295
425 747 53535
170 609 17000
755 777 33061
213 427 15033
158 857 21260
158 529 22204
48 479 48549
226 484 35341
121 481 14866
345 432 39661
428 715 44598
271 823 15297
373 481 16031
803 935 34928
334 545 11705
18 174 21378
275 569 139463
180 382 38833
255 768 12530
67 227 39825
611 878 21840
379 723 37483
14 243 45651
587 856 21840
490 511 34205
175 320 31000
714 952 12166
125 363 49031
30 584 13601
30 526 27295
85 351 16643
464 754 45354
602 889 23195
290 599 19416
661 979 13038
312 896 51010
586 587 24207
383 616 38588
374 383 15524
437 835 35609
614 865 33015
649 676 38013
360 492 40719
251 758 28460
331 546 24597
691 879 19416
407 651 22825
358 493 32311
120 657 36797
643 757 50596
156 486 43841
2 3 38910
587 700 32450
762 894 16279
65 551 34176
122 804 74465
672 914 25554
468 613 14866
337 810 29530
287 616 42755
753 983 26476
659 725 25962
21 716 31048
326 880 54452
52 686 31321
11 79 35228
317 697 44385
94 136 43417
865 868 35171
328 390 36222
59 323 23345
514 962 29530
541 624 20616
47 752 22204
84 599 45044
378 717 45000
780 878 22804
173 902 28178
501 504 20616
744 958 30806
860 944 15652
224 298 27295
521 785 11045
24 171 26907
82 858 29120
939 957 33615
52 167 24515
293 945 36797
28 315 17464
57 246 43417
356 760 42059
224 616 38471
472 539 28320
684 773 26173
183 425 22561
511 904 31953
118 317 38013
18 416 27586
717 781 45618
309 869 14318
874 967 37802
347 454 45343
258 871 19723
415 797 12000
47 369 20224
48 947 42190
266 271 17720
64 105 44911
593 702 16763
595 684 36770
363 816 34409
87 938 33121
457 465 16279
304 874 34713
724 861 48836
32 108 17889
450 957 19647
529 857 12530
475 737 80056
821 974 61847
662 681 22672
312 603 43417
767 790 22361
386 920 50220
660 691 30806
82 670 61685
360 649 53151
473 478 48301
359 889 34886
241 790 43046
914 971 53151
626 985 31828
757 832 32527
101 151 37014
117 749 24042
303 642 26571
185 867 40608
46 716 26683
329 410 51624
50 60 31401
444 836 13153
497 537 10050
188 490 21401
503 793 15620
364 799 32450
190 497 28460
136 667 36056
16 231 50448
626 771 29732
404 847 14213
475 646 64351
572 665 14765
68 807 39000
413 764 42720
166 767 23087
11 154 36715
183 712 23409
39 852 37855
34 669 21024
470 874 52612
131 829 28178
613 754 12042
198 861 32558
60 679 23854
771 804 60745
730 866 27459
380 795 46098
143 331 12530
662 939 45793
134 635 10630
67 898 15556
488 549 24739
502 645 19026
513 800 30017
626 895 31385
581 657 27857
408 916 33302
131 254 26926
27 735 26000
87 665 16155
291 487 41725
466 891 17692
322 507 11314
262 427 13928
304 932 60216
312 962 39051
194 336 26173
475 562 20518
5 633 11705
65 162 29155
308 656 33615
165 850 59540
8 146 26476
437 623 29000
44 240 13892
568 930 27459
700 722 45277
51 64 31401
278 610 31401
255 547 64498
898 926 34540
686 899 29682
572 707 26401
226 940 10050
216 385 25060
159 486 67365
286 834 39623
263 414 41677
262 483 17088
58 981 34713
23 525 18028
178 250 38484
770 789 34928
646 694 17117
456 625 85755
19 342 38275
403 459 33526
127 922 33287
343 794 53759
661 677 12806
267 272 20591
150 373 28018
313 892 28018
474 852 79762
65 363 17493
138 584 17889
154 307 22136
130 731 38471
245 632 29017
402 839 50990
335 703 30414
342 528 29155
73 343 28071
109 547 48021
478 969 15811
158 697 16279
75 150 39217
231 888 22023
127 215 39115
541 871 21190
901 948 19235
185 325 69971
87 593 22472
475 694 55570
496 641 43566
507 516 34482
201 909 24187
470 921 41485
350 441 25612
231 675 34482
116 563 91302
375 577 36235
116 271 53759
91 804 55227
168 601 16763
29 86 21190
359 536 28443
267 664 33838
82 719 40804
785 874 49659
344 458 24207
573 882 12806
633 885 46957
547 768 77026
161 649 47043
188 751 18385
485 586 28443
464 511 21401
162 709 56356
349 436 22023
100 780 29155
335 580 50220
784 824 22825
745 794 26000
376 402 18028
727 853 21840
220 584 26249
223 239 27166
198 384 16553
426 806 38833
685 893 37736
854 957 11402
48 236 59908
75 454 23409
123 125 39051
882 897 31145
955 975 16643
26 655 19235
482 628 43566
796 807 37643
518 711 23409
26 168 14765
527 875 32249
22 325 46228
720 970 42521
310 842 40200
122 344 31064
587 612 32202
159 217 25000
296 572 63032
433 729 26926
204 413 18439
164 378 30529
506 914 44102
670 853 85988
344 561 34713
793 978 18028
294 635 18385
35 734 47854
286 863 32558
161 385 42190
364 389 37483
738 817 34482
13 911 20025
269 886 36715
117 726 13038
270 731 14318
375 906 47096
224 750 45122
385 590 26401
353 401 56080
778 919 32016
379 631 43324
942 952 28792
113 234 52010
253 351 45967
65 327 10296
855 937 50010
27 698 30871
107 133 42521
786 802 35777
328 342 38588
189 652 22204
13 615 28018
100 928 16643
84 724 62394
399 643 11662
281 471 29000
110 291 20224
426 716 31906
156 217 21378
73 691 38013
241 463 30529
375 557 35511
27 157 12083
20 420 32000
259 944 52887
350 468 20025
153 245 27000
627 730 31321
796 883 18601
211 286 41617
586 829 28862
463 767 37216
729 761 14318
195 435 25239
207 539 15811
128 210 28792
252 600 11045
11 274 34015
305 800 42202
130 523 44553
148 667 30480
181 656 43829
755 937 14560
11 149 28320
158 248 32016
106 635 45618
489 772 19723
157 933 17088
159 275 181951
330 774 34059
75 851 19849
142 877 53759
695 785 38328
522 579 32757
273 325 19000
38 471 24166
269 345 61660
674 904 37014
29 692 18439
68 876 41000
140 830 10050
597 701 13153
58 295 50210
651 824 37443
245 313 41146
15 718 14142
605 743 12000
17 832 26683
433 870 44911
107 204 32558
24 261 35341
348 451 24083
219 318 42202
2 74 40460
5 697 46239
246 310 55326
105 732 14036
666 795 49041
81 194 31016
308 802 23087
672 911 10198
40 120 11180
500 974 39051
47 786 25318
133 576 28231
621 974 24042
296 747 57009
494 732 34828
434 660 39115
214 604 26249
590 871 27000
248 857 18788
379 407 51856
88 718 20000
235 980 17464
137 244 39051
336 366 10296
617 762 51624
232 667 37643
411 539 32650
229 847 29017
159 565 131735
338 509 18028
14 345 65031
104 233 36056
27 664 13601
665 707 32202
292 914 23431
226 918 31401
549 859 53535
31 88 30000
509 958 36401
577 942 19925
395 633 50090
414 687 42953
23 423 38833
424 515 26249
380 666 43658
699 828 19416
211 834 43658
15 721 26401
416 763 44777
247 453 18439
125 147 33136
579 772 39408
46 426 23022
638 804 22847
150 740 27019
2 705 58310
428 499 21471
782 808 34205
467 692 41110
368 635 45343
535 981 43738
860 976 28071
253 372 12806
453 693 60133
610 695 29833
429 494 28460
396 927 10440
198 529 50010
430 728 14866
9 964 28160
893 937 13038
89 368 13153
534 629 25456
419 805 22847
723 985 43417
77 371 32558
272 834 32311
538 671 13601
335 534 50922
58 706 51624
210 659 25495
24 939 28792
347 536 34525
835 947 50090
357 657 42450
289 786 48508
980 984 38053
279 506 42720
412 725 32450
303 876 25962
289 924 40224
200 848 19209
579 922 39408
300 709 34234
32 550 17720
445 455 138311
695 921 25298
42 238 15620
374 882 39051
527 943 17804
152 839 47297
243 520 25080
101 226 34670
11 203 64846
71 698 20248
389 568 14765
442 849 33242
36 496 30676
628 659 51865
688 960 18974
387 488 25239
20 837 18028
256 848 16155
669 907 27586
104 578 50289
106 368 12207
238 923 34059
463 680 35735
235 799 35355
508 555 27514
210 583 29155
424 899 22472
111 421 23087
824 906 43681
562 604 18028
82 155 26249
128 412 40792
419 766 28636
615 922 31064
942 943 16492
273 845 22472
421 713 13601
33 295 44045
67 295 46669
48 530 57280
631 952 23022
199 529 42521
11 759 27857
321 815 14318
443 900 33000
136 351 38288
59 825 16492
227 295 14142
445 652 52469
599 964 45541
127 348 34713
726 749 24739
167 346 14318
103 169 20224
55 955 27459
131 679 39205
605 878 36235
13 448 44283
184 806 48600
361 880 55227
292 742 73926
207 434 25080
101 787 64761
598 721 82735
314 640 35341
648 656 15264
410 449 24352
477 482 20809
460 850 44777
245 506 22136
48 727 38328
119 778 34670
12 393 25495
433 835 24698
145 700 21954
8 432 32757
318 390 28018
67 70 18682
100 816 16763
148 180 42059
588 649 40311
116 941 56515
93 501 34059
3 74 16643
3 140 33015
214 890 69426
110 865 30265
140 555 44944
319 783 16125
13 153 20248
451 812 18682
183 443 24739
186 973 43324
275 633 46573
333 801 29069
449 980 16643
61 169 33242
17 108 33971
420 896 58249
142 390 65000
176 537 28018
292 668 22561
138 766 19849
150 602 20248
667 982 20100
520 571 16401
747 814 46043
211 912 38275
658 886 47127
791 792 37336
253 326 40025
300 809 33734
358 776 28636
465 717 35128
445 484 32894
365 474 32527
225 324 23537
162 429 44102
413 560 10050
145 585 12042
98 758 37216
49 642 28460
636 743 40262
220 803 19105
151 195 27785
91 638 52498
63 478 38639
52 838 33242
176 249 29017
482 570 12369
450 939 43267
33 339 44688
605 611 22091
445 512 23770
379 714 30676
439 721 28636
738 877 33061
358 977 21213
293 370 47434
616 644 35384
284 718 32280
235 449 13342
9 239 15811
288 889 18028
373 683 43566
553 730 37643
172 337 30414
472 736 27659
622 809 19235
387 511 31145
434 637 18788
345 362 55570
508 705 27659
757 950 34713
450 662 48094
454 849 29428
646 906 41881
261 316 23431
691 822 28636
142 160 23345
771 985 32388
373 602 27659
330 634 22091
645 734 11314
406 723 31145
212 508 19313
165 624 20224
845 902 36056
565 662 34176
167 838 44407
649 805 45880
292 971 58600
16 137 42297
12 913 18385
44 768 20809
458 626 21213
163 648 31016
494 640 12207
383 442 10770
187 955 37121
438 844 41437
193 757 36674
807 912 59076
232 401 21471
434 539 32140
38 95 19925
9 248 38328
377 405 50160
9 317 32573
388 546 26627
375 532 33838
639 950 24187
259 338 39825
348 568 25080
407 985 50567
274 436 10050
15 18 36715
692 779 36235
68 905 15297
299 405 51662
527 714 12806
170 598 19647
203 426 24698
20 514 31145
6 154 30463
31 71 34525
456 523 121754
425 743 30083
193 479 58822
122 318 43863
98 645 23431
864 908 22361
654 827 20591
19 91 59682
163 543 10817
702 900 23324
297 845 31401
265 433 26077
812 922 23022
27 267 36056
575 611 26571
777 970 42059
94 401 54452
375 628 22804
413 531 37643
344 626 22804
280 360 30594
17 32 33734
120 739 23324
119 630 23431
471 799 31780
394 453 82462
349 634 40224
463 790 36125
464 873 50606
120 581 35014
367 560 19799
467 601 15811
282 513 50160
264 592 63151
175 256 21633
390 742 44011
112 692 20224
92 758 33615
586 856 21095
44 444 19235
64 367 18028
89 125 19849
357 881 28460
168 655 20000
323 979 42953
908 983 16492
333 602 32894
325 953 64846
50 794 29682
470 967 47802
187 838 32985
590 959 28653
649 673 36770
206 956 39051
505 538 40719
477 628 32202
10 90 38949
191 577 13454
376 416 33136
740 889 14765
603 896 23854
352 588 35228
133 760 22804
248 861 28160
56 524 26833
61 918 32202
382 880 20396
73 847 25807
62 202 46011
101 398 46098
188 387 15033
48 176 61033
97 104 15811
552 900 30463
220 526 41049
198 857 41231
126 595 20518
50 815 58034
73 229 17889
41 863 26926
574 647 21633
285 710 38639
713 866 24515
461 677 28320
388 432 27074
8 388 10296
38 329 24331
55 909 24207
615 819 45607
358 657 47170
433 946 19026
66 321 38588
97 583 17205
441 554 32573
391 807 28601
473 747 19723
245 336 27295
828 954 14036
424 915 19849
765 786 27803
591 728 18111
542 633 32757
227 706 14142
155 643 24698
404 660 19698
263 687 13416
249 437 38079
11 436 30265
369 786 27203
104 825 50000
147 214 38210
179 640 31016
237 896 47508
573 849 16643
776 977 15811
507 930 12530
287 383 29411
114 250 36000
213 621 23345
323 661 49041
153 961 35693
311 956 45541
217 421 37537
265 835 30232
470 483 23195
801 852 45188
288 474 25179
411 739 11662
12 561 62394
257 462 17464
165 541 20248
323 825 20025
150 851 36878
231 910 28862
169 538 57871
407 784 12000
307 746 15133
45 438 35228
247 711 21840
340 721 22361
196 736 14422
631 723 43658
707 712 41000
307 756 16125
148 370 38626
123 733 43012
807 863 60208
917 927 30463
133 965 21541
407 875 33015
485 829 31145
36 929 30594
133 371 43566
817 971 47424
303 487 29411
446 541 36688
876 905 40853
238 440 25612
638 737 16155
354 703 29155
284 416 30414
710 890 30676
757 782 47381
315 855 46690
179 314 14036
497 540 22627
726 976 31016
173 845 43290
16 693 59808
178 460 18385
76 986 48374
158 317 40311
20 237 27203
197 480 27203
33 540 26476
42 567 19026
495 687 16125
704 713 37855
352 788 39925
423 585 13601
132 298 25000
187 949 26401
96 679 25000
322 519 48083
215 406 25942
133 397 19105
232 293 16125
728 770 32202
257 887 20396
56 381 26926
144 460 46271
513 763 28653
324 929 30232
52 346 19698
33 172 25942
178 427 12083
192 724 21840
124 235 15000
116 750 26907
4 938 39560
322 568 26019
304 440 44102
47 765 19698
319 625 36000
216 491 23409
379 985 13416
218 691 46648
202 715 45541
537 540 30017
157 735 23707
152 513 17263
298 644 66189
103 918 12042
452 916 40050
315 755 30414
496 907 29411
316 533 19105
220 419 25000
107 576 43046
771 798 21932
298 750 43463
436 716 39560
39 514 34482
700 813 63285
153 672 28018
708 741 77698
482 559 15811
201 297 49980
597 855 23601
591 789 32140
100 551 12369
525 753 54148
331 647 30000
529 697 26870
459 948 20881
660 847 18385
634 701 24515
206 221 22204
709 809 11045
120 862 42521
59 661 55785
279 450 62769
211 462 53935
466 887 14318
563 750 117661
201 902 22091
581 881 41231
272 827 37216
8 673 44418
105 186 40817
627 984 31953
164 293 49254
745 815 59775
290 339 27731
556 974 18248
379 952 34828
803 805 32249
887 891 19026
369 593 19849
736 945 21401
278 894 48104
228 823 18385
285 687 26683
169 445 59439
236 537 49204
61 445 34059
184 473 55606
178 974 41000
114 677 22672
124 329 31321
789 924 30414
643 872 26249
754 873 42190
447 765 28443
1 652 18439
22 386 27203
937 970 16553
75 573 16031
499 956 38288
530 853 34132
249 947 41000
297 392 33615
199 507 38079
288 602 17692
806 910 48301
581 696 32573
70 663 36125
313 450 37947
253 650 35128
9 158 39699
360 587 57801
54 530 25298
320 553 17804
17 639 31305
507 529 62370
37 228 26683
477 725 40311
170 462 53310
287 751 18974
535 547 179120
676 805 25807
160 756 19647
105 300 37643
455 715 90973
707 900 28844
704 984 36770
145 260 19026
334 637 22361
159 931 85000
395 836 15524
123 147 33956
115 613 46400
479 833 43566
505 918 26019
772 980 23431
585 700 12207
159 768 262688
498 782 32062
302 498 19235
124 410 27893
375 875 24352
346 795 21840
299 377 17000
555 705 36715
301 421 43139
465 691 42755
43 501 18111
127 812 27459
343 691 33541
563 617 20518
261 939 25495
869 894 35903
329 627 59481
262 567 15811
99 299 15232
461 979 30067
778 963 27203
53 438 30463
468 794 32757
58 182 104048
219 328 29732
537 981 31906
238 932 46228
525 831 27203
351 382 15620
126 709 31765
556 680 12042
888 910 13038
292 561 50249
46 910 36892
168 467 29000
160 746 17464
72 392 35228
66 753 28231
312 514 58181
310 575 44598
558 577 28160
159 569 42521
6 390 51245
891 986 22472
623 835 43738
250 461 34059
275 885 38419
475 604 15297
45 870 24042
106 710 13601
230 837 21260
932 983 35805
682 800 42048
404 434 41110
76 887 11180
71 933 13000
51 367 19313
488 511 37000
457 736 36688
465 879 32202
75 849 14765
37 869 26306
59 624 42450
237 420 35384
443 712 35777
55 201 13000
61 940 15232
49 735 10817
267 606 10440
582 699 15000
166 524 29682
70 925 12166
80 184 27203
328 689 22023
462 480 34540
664 834 26249
24 316 33106
693 934 40311
211 283 51865
4 332 18439
399 872 20518
225 603 29000
310 780 51865
690 734 21471
36 907 26907
125 816 47202
256 452 18385
62 564 28018
206 756 36497
115 882 25495
694 906 33541
447 924 30017
604 733 15297
146 352 32650
197 462 10440
84 861 28178
179 246 20591
129 442 28792
198 248 31890
147 890 44272
293 667 32016
194 301 28302
756 846 36620
179 876 36125
311 787 44283
115 754 45607
22 678 49679
696 960 27459
339 599 41012
371 965 45100
115 441 34540
6 596 14866
241 500 25962
52 795 14318
453 720 78102
671 787 41400
934 968 26401
402 591 123911
305 763 35511
88 284 20248
831 983 51157
173 955 43463
177 547 12806
314 876 26420
162 327 30594
244 968 23431
139 977 10296
193 950 14142
180 929 14866
943 952 23770
415 792 10630
825 840 54342
920 963 28018
135 216 31780
51 107 23195
543 629 33734
626 798 20616
500 775 11705
152 163 52345
428 600 26077
719 782 16401
98 938 18385
320 627 31385
132 616 22804
184 294 28862
422 870 28443
28 715 26000
960 972 30610
438 870 38897
62 715 14318
531 769 27659
392 515 27857
222 787 58215
16 675 29017
87 702 17889
45 273 43081
588 673 46872
696 972 30083
700 856 13416
465 539 27019
613 873 35114
208 517 46648
609 654 13000
736 862 27659
91 342 40361
112 828 27166
503 729 14036
350 794 33615
223 268 32202
437 810 38588
363 684 29155
576 619 13000
792 797 20616
820 868 44418
289 789 38639
144 923 34713
244 917 39812
454 536 36000
726 963 20000
113 333 59397
193 399 36401
199 471 31257
519 744 17804
249 810 11705
60 96 13928
191 942 17493
351 982 18385
170 211 31257
455 538 22361
83 293 34176
289 447 24187
610 785 26173
606 698 20100
492 781 43417
708 841 22561
35 394 103966
117 778 26571
315 937 39357
570 906 14866
234 404 35511
550 775 62370
242 704 47011
562 620 13000
201 515 25298
390 528 43417
118 223 50596
172 884 10198
236 530 12806
535 853 97082
360 813 31828
566 620 36235
364 568 36401
83 370 29967
440 483 18000
361 608 32311
534 580 13892
679 829 22023
833 946 42638
53 844 28231
127 630 69857
229 554 30083
30 138 12369
142 195 44777
20 962 17720
189 512 15264
176 947 54452
46 806 24698
12 911 30594
745 873 13153
417 425 24698
107 560 25632
171 931 25000
407 527 35014
691 847 38328
403 629 11402
195 398 30017
270 377 22023
111 156 34828
500 556 30463
35 690 33061
32 639 39825
639 790 37736
145 831 25080
246 494 23087
285 495 12806
6 11 30265
683 851 14866
431 711 28636
70 898 17464
96 525 18248
592 797 34928
295 706 20000
164 826 30594
111 301 32985
211 480 45651
352 647 51352
277 639 62936
137 231 45122
134 473 36222
18 402 24042
296 917 16031
143 546 16000
120 196 22204
332 447 65460
3 555 48765
113 493 17263
339 666 17263
10 444 15000
252 311 18358
90 177 13038
253 371 36125
181 430 30529
477 559 26019
288 365 26077
421 866 32558
328 528 31321
258 590 24042
380 724 66483
76 86 30364
140 823 39051
544 900 45177
502 938 18358
45 811 32757
903 953 61188
578 590 36688
459 901 33971
107 397 32696
153 911 22204
269 622 55946
161 216 50120
126 205 14866
868 948 20100
685 774 29155
451 522 25239
228 271 21541
769 876 22023
387 751 17889
708 869 31765
150 683 41437
264 792 74277
325 867 47424
279 971 26926
607 801 30414
477 659 31321
484 517 33526
741 932 61555
264 727 13892
951 969 41400
719 757 51884
27 41 22472
12 589 30265
92 453 32140
380 686 56365
570 694 34409
283 883 30364
222 956 39446
180 324 30414
244 927 33601
181 839 31064
357 837 20616
816 928 11402
8 588 20000
139 852 44011
659 840 36674
95 471 16279
68 642 18358
385 959 36139
632 961 21840
670 858 90802
240 395 12042
291 614 36892
406 589 17205
400 655 26077
752 765 26476
185 979 15133
61 484 38079
623 947 13038
214 733 20616
115 851 28018
204 905 49092
19 263 12042
761 793 18000
69 261 13000
821 867 22204
818 850 36014
115 554 23022
38 408 23345
51 353 50090
258 722 30017
251 968 52431
170 827 38000
120 545 36346
40 196 12166
225 641 42059
1 662 32558
174 402 11180
233 583 24698
369 702 18028
752 938 29155
726 860 41012
533 892 11000
240 768 26000
126 269 27514
902 955 33541
326 372 36359
389 579 40361
190 540 27313
12 895 49649
203 263 38079
299 610 63325
118 925 56080
280 352 12207
99 618 10817
181 591 42107
431 518 38471
152 181 48332
280 649 53712
131 343 38897
230 358 34205
84 964 17117
296 707 52326
88 272 28653
338 726 56036
223 925 20616
519 958 20248
728 789 37162
913 922 26249
164 457 44045
6 79 24021
274 426 36359
78 91 41437
77 326 25942
2 708 28425
41 286 14318
348 509 48754
400 467 14866
509 630 38184
579 819 15811
60 794 12530
732 764 21378
54 236 21260
193 792 52402
476 974 31780
509 744 34409
269 658 53339
598 986 18111
272 718 32696
155 592 41110
463 844 29682
291 868 22627
524 833 23345
408 633 47802
316 892 21024
21 231 23409
38 452 41012
72 259 32450
278 783 60959
419 584 30232
129 418 10630
680 844 28460
16 685 15652
171 681 42450
296 712 23770
10 44 22472
364 930 21471
222 398 29120
56 729 19235
308 770 17692
18 284 41110
31 284 31016
168 779 44944
326 582 19235
246 429 40608
48 264 45541
379 527 39051
543 802 35735
190 295 49041
234 333 42202
218 717 15297
448 489 20000
283 912 41629
168 692 48052
456 563 23770
921 967 18111
682 901 10770
270 832 14142
848 916 30806
200 275 72201
98 690 36222
369 552 30017
31 698 24042
544 636 44283
173 870 37855
565 681 17720
814 910 50040
594 655 30017
557 919 49244
531 640 33541
128 571 47265
346 666 40719
531 905 47381
264 415 74027
191 558 18111
254 485 17804
544 802 49497
45 325 40112
576 965 20125
493 545 28601
742 971 49244
146 546 30529
178 818 25612
244 888 49820
456 617 36497
97 138 29732
384 519 33541
488 830 36346
45 845 44822
348 389 19723
391 905 26249
300 429 23345
112 582 28284
63 928 38184
293 401 31064
94 353 14142
57 429 17029
105 510 19799
491 766 26683
332 789 94048
531 764 24042
124 449 15524
828 883 47381
148 972 42107
359 474 49010
15 284 37014
111 316 28302
94 965 36346
34 496 17029
655 669 49930
153 506 39962
146 788 18868
831 864 34655
43 504 10050
71 487 41485
234 434 56859
152 656 45706
772 819 32757
270 405 47043
252 671 15620
43 484 24759
252 455 20025
84 380 41437
590 722 22204
29 197 22136
88 267 25000
819 922 46615
805 935 18000
741 843 32450
58 190 35468
50 96 27203
207 879 22023
188 511 21541
557 903 59304
548 718 33000
26 779 48270
393 672 15297
347 740 16971
279 355 17205
494 764 23022
260 864 16000
806 814 25000
486 931 18028
2 741 73600
409 446 31305
153 632 40311
169 505 33601
450 966 47011
540 884 21633
272 664 30676
374 897 27659
432 973 15524
395 542 39294
181 402 81884
321 674 26926
95 281 24331
371 883 36497
281 529 42190
119 942 39560
408 452 28302
94 576 22804
544 629 48260
145 258 59203
42 923 23409
277 524 36235
314 769 12042
864 983 32802
118 444 27074
192 424 24000
129 616 14560
549 830 35511
516 799 10770
150 454 45891
81 632 27203
551 816 25495
308 543 42638
30 583 21932
193 791 30067
835 946 10770
347 889 25495
638 646 53263
787 956 47802
79 596 17205
54 535 46174
30 97 25080
301 533 14142
520 733 46098
13 961 38210
418 644 15133
334 411 14142
309 894 29428
41 735 27659
315 564 34482
215 589 13153
39 139 39115
64 413 15232
233 659 33734
345 510 41049
774 855 20809
275 848 53009
182 535 138521
820 865 32249
363 595 34438
206 701 69642
546 788 27857
483 567 14213
72 515 19925
6 142 38328
377 731 24207
284 763 44721
34 312 92418
259 860 52154
501 517 29682
478 928 35735
195 877 36401
507 519 54332
696 862 38949
162 551 27893
392 944 13000
212 488 15556
320 730 25179
241 556 19235
299 319 53367
513 839 49366
566 570 26019
320 452 50210
49 863 17117
195 738 32894
321 741 38419
747 806 57385
469 515 29732
371 372 26476
674 815 20881
16 934 46065
503 761 14422
77 883 20000
768 885 42438
223 964 36401
705 843 26306
334 739 20396
224 859 46098
200 553 34928
633 916 52631
202 428 30017
570 628 46271
594 907 32016
378 826 10770
85 148 16125
80 473 36878
427 460 12649
51 574 50774
564 855 24021
301 366 24083
386 860 44011
7 106 31064
393 668 19209
31 305 29069
503 978 10817
919 963 29206
224 549 57280
783 894 23022
247 518 14036
398 435 13416
527 558 26173
186 510 49497
289 765 38288
19 203 42202
216 766 24083
509 748 32016
524 946 29275
310 354 27785
456 750 141156
331 574 42426
274 716 36222
6 528 27803
270 550 34000
258 260 56080
100 969 33734
243 658 32249
763 800 15811
554 683 21633
401 826 39051
301 336 29155
93 512 22361
184 414 11180
775 790 49820
605 951 41049
288 333 30610
136 965 45541
759 846 14318
753 815 43278
78 638 31953
302 782 33615
686 795 27459
706 926 19925
227 926 18788
425 712 30414
923 932 31064
835 949 34409
135 805 24739
197 257 21401
589 895 26249
269 773 14866
695 874 43463
141 564 42012
396 917 25080
741 841 73498
387 549 20224
358 545 37336
205 327 15232
559 620 43046
7 285 25000
101 918 36056
210 526 31241
121 554 21213
156 159 43267
265 870 45310
12 615 15033
442 616 33242
329 471 22804
461 867 15620
281 697 32527
4 645 35805
311 600 15133
344 798 14318
548 721 33106
431 968 39459
340 439 16492
14 658 37363
422 844 39812
452 627 52612
333 373 29682
221 435 39598
539 739 28320
478 635 38833
196 472 19925
349 759 18248
402 789 156042
126 622 42107
491 578 43139
278 319 66030
47 593 11180
300 510 33302
680 974 24207
250 677 24207
259 469 38471
116 859 19105
530 727 35128
545 657 31321
559 566 32802
67 599 28160
109 255 16553
78 890 33015
50 745 16031
118 268 41340
229 404 39294
337 540 36674
403 901 33734
456 762 56613
449 984 31385
509 568 54037
332 734 53907
780 969 42190
420 881 14560
356 391 31906
487 614 10198
74 869 17088
305 682 39812
485 612 17029
204 560 15133
833 835 48765
413 732 38079
22 845 41049
745 904 50606
200 256 18000
517 817 47434
731 832 20809
467 582 38013
25 754 38013
612 781 27295
414 495 40608
35 453 22825
544 580 26907
370 667 40311
594 669 30463
2 555 28636
140 228 37855
296 396 30000
742 817 60017
380 915 56754
224 287 46861
5 542 23707
313 854 20396
16 533
815 721
850 738
300 51
212 821
224 395
358 361
627 393
297 837
240 902
228 365
234 583
205 597
564 429
599 46
192 229
681 859
567 28
296 377
932 332
216 290
486 682
763 529
72 623
893 554
834 141
616 130
90 230
762 124
553 508
571 100
688 826
410 910
885 201
228 93
862 241
851 754
189 771
973 362
835 386
637 138
672 659
60 495
221 890
519 751
272 292
361 104
551 927
610 165
788 576
647 319
443 844
582 735
487 976
454 756
577 817
512 271
412 973
572 594
793 545
33 441
94 251
408 338
622 300
473 331
747 627
343 905
628 208
99 596
325 900
577 134
399 737
841 496
841 752
930 547
760 75
727 207
344 422
248 394
350 314
174 641
684 955
803 346
342 832
788 275
769 104
330 117
589 76
401 369
266 931
305 436
249 110
24 511
707 312
208 777
780 550
543 531
297 95
764 856
449 302
86 427
307 332
44 406
556 540
578 309
389 363
650 296
704 834
230 915
533 165
87 633
771 158
901 420
609 641
887 535
936 719
386 649
267 885
366 643
845 381
901 497
274 492
446 381
184 717
416 356
510 347
287 633
516 501
954 603
762 871
776 486
956 639
682 268
362 314
589 485
745 291
234 224
565 511
940 383
869 711
116 309
186 390
637 346
646 630
713 545
653 388
413 389
802 283
207 346
943 510
123 426
499 61
186 590
196 383
659 947
65 660
605 135
271 807
41 696
170 373
640 492
488 306
461 97
766 383
600 585
590 825
448 868
821 148
24 409
689 86
52 605
422 887
489 766
571 7
113 767
490 929
279 930
644 693
560 232
822 246
479 17
311 948
372 194
324 322
558 651
613 330
482 800
885 636
7 497
425 940
389 591
386 768
648 883
143 640
147 412
823 384
741 117
323 775
242 757
113 779
442 751
95 297
286 336
628 272
496 342
139 360
847 435
114 464
648 217
506 528
685 117
854 676
654 703
439 417
266 600
596 516
61 681
779 441
283 452
549 470
161 363
129 369
315 869
944 655
872 255
57 446
362 940
877 748
857 504
949 364
224 268
755 332
520 538
902 472
193 705
501 960
924 306
682 671
312 842
214 878
635 770
184 657
524 451
272 215
159 590
550 250
231 125
302 799
489 900
609 677
287 154
50 329
741 234
751 476
215 908
131 779
754 100
656 561
372 719
712 564
87 591
668 693
305 369
558 972
509 816
892 773
596 100
289 850
501 373
721 851
897 756
614 90
503 711
242 334
156 837
277 920
593 864
772 776
140 528
685 419
232 781
520 14
702 166
570 69
343 381
651 141
908 625
967 481
398 61
356 888
536 145
207 530
771 334
352 329
376 938
327 208
459 704
971 659
758 842
542 298
119 625
747 892
594 183
746 684
549 119
719 787
189 362
425 70
812 764
495 244
66 320
939 276
122 572
574 231
107 234
102 609
266 847
242 462
810 830
113 736
780 647
269 716
555 610
849 260
522 711
750 195
482 336
255 442
193 747
184 276
648 340
312 37
943 462
877 397
458 202
146 614
452 882
341 694
381 876
598 34
481 390
275 409
813 498
291 518
562 364
435 862
982 521
280 667
215 321
835 538
774 266
678 409
697 322
509 220
130 514
677 214
913 345
916 373
993 527
691 449
817 187
590 412
464 346
236 703
969 455
137 609
640 301
399 356
364 124
816 319
705 231
731 226
927 487
902 593
416 568
545 15
743 850
740 399
326 574
383 838
552 827
784 254
917 597
330 760
618 528
460 690
886 651
622 384
263 677
219 446
650 231
428 717
217 564
153 165
223 870
309 232
663 266
121 397
658 918
815 174
745 351
560 5
470 133
867 466
723 804
278 577
366 541
172 787
682 603
157 710
867 407
476 493
616 286
326 333
616 926
548 48
386 239
961 595
574 470
900 332
89 656
554 769
725 537
410 768
377 216
273 315
655 688
65 296
525 282
453 33
263 158
595 386
535 818
870 425
133 391
232 335
498 863
554 747
594 18
702 687
855 522
927 593
366 170
240 887
11 467
654 589
374 58
210 641
180 702
86 560
278 643
148 772
217 113
952 555
30 330
883 821
800 411
276 537
480 165
651 676
575 679
738 107
609 786
848 615
811 423
744 93
801 169
836 558
390 753
687 710
211 761
817 403
358 278
992 478
441 440
606 746
457 536
401 300
592 901
725 139
911 486
445 519
684 687
42 478
740 490
34 629
566 174
865 665
194 653
898 619
574 524
708 412
904 403
552 273
333 373
872 212
452 931
750 911
84 306
660 763
58 513
298 79
561 794
50 494
51 389
152 569
261 724
836 669
324 688
564 323
865 628
20 489
516 64
963 329
418 743
228 734
74 488
245 124
315 730
501 441
771 764
264 664
793 903
565 841
762 547
526 504
365 576
246 412
274 785
511 968
592 257
397 540
121 611
441 154
443 990
988 555
462 930
34 352
838 422
436 915
619 578
233 832
452 103
411 141
881 386
637 362
271 940
634 60
889 671
705 821
461 299
394 125
99 747
886 512
827 695
632 751
446 587
391 573
458 510
626 287
257 525
455 455
892 799
117 267
6 569
432 490
673 678
270 690
69 728
433 516
511 454
329 145
914 546
690 346
453 229
693 294
399 600
604 555
236 647
429 161
846 346
767 186
533 517
557 495
712 533
735 518
720 499
643 405
264 587
639 544
437 20
620 960
351 109
836 190
495 361
234 384
160 280
694 67
340 877
51 318
816 164
954 493
901 255
456 437
406 236
586 97
957 410
829 217
681 71
741 781
428 238
739 473
850 563
556 176
233 598
950 617
877 785
773 862
693 281
460 467
658 726
552 350
518 884
603 565
810 866
297 540
140 720
438 562
459 136
351 661
340 615
158 619
201 825
182 298
369 322
416 185
887 417
355 452
653 845
559 263
909 235
619 192
668 924
976 593
279 80
396 486
672 358
462 66
638 445
738 269
346 530
4 519
500 802
669 76
837 160
454 53
872 356
528 419
487 545
849 458
586 648
38 557
301 927
624 119
336 132
398 879
779 303
202 552
864 202
625 973
38 339
202 567
604 431
806 640
191 258
616 476
594 658
454 644
780 525
620 752
23 574
513 136
904 524
461 375
185 243
434 814
317 375
845 304
277 441
261 91
819 465
774 138
213 173
413 488
722 758
836 315
255 804
588 117
755 177
702 526
158 293
346 125
480 223
137 656
809 663
364 954
350 161
797 743
538 332
381 374
237 146
350 202
100 664
355 584
80 254
246 298
776 426
601 60
708 922
167 173
620 30
657 531
299 600
365 774
494 520
387 662
546 965
439 38
560 808
110 711
724 865
579 295
459 422
271 72
616 156
811 376
361 437
136 443
857 401
970 509
756 677
178 462
406 224
304 716
804 577
187 377
348 261
344 713
363 656
954 699
902 643
343 91
758 601
859 571
128 212
175 354
684 876
278 127
218 339
664 254
573 802
829 804
530 89
575 274
369 86
580 498
613 823
204 902
586 230
413 57
325 530
204 670
487 378
158 254
664 774
922 401
95 214
395 624
797 110
452 273
735 446
718 909
818 816
366 529
760 763
386 108
71 364
663 372
405 23
633 813
646 913
609 918
573 784
804 551
429 841
696 184
628 926
305 521
218 730
515 94
962 440
418 92
563 457
346 473
595 461
295 283
667 208
745 930
549 331
478 896
547 734
260 638
669 472
302 259
786 634
444 318
119 473
628 673
221 642
497 199
578 709
793 477
894 741
377 509
556 590
736 389
651 86
744 161
763 511
870 701
736 555
707 853
569 864
644 102
526 841
238 874
933 350
474 832
510 15
503 578
775 748
499 284
783 659
593 761
484 723
205 333
856 475
125 794
923 560
629 637
915 534
981 399
540 986
102 576
141 266
714 520
285 791
712 947
934 700
416 691
329 807
817 349
627 163
712 580
529 195
95 688
565 691
520 161
825 758
526 774
639 571
643 932
817 575
739 718
393 560
587 208
169 441
434 259
830 449
788 234
886 336
904 554
711 195
424 897
180 867
483 405
750 80
241 254
977 496
371 403
731 81
121 600
153 223
817 793
281 567
888 275
881 575
332 916
418 789
366 137
503 140
464 753
505 593
835 617
625 223
419 521
844 221
716 602
439 775
252 261
204 577
664 149
251 590
189 545
397 783
150 812
311 207
52 415
426 632
431 649
698 750
259 615
680 637
375 28
323 888
345 948
299 235
435 311
832 235
255 713
28 612
711 635
589 129
233 208
595 443
408 786
142 216
314 88
62 596
47 447
881 706
380 606
376 590
423 705
798 359
536 837
529 891
500 159
498 821
650 869
383 270
353 596
493 653
743 147
449 783
109 335
91 579
334 723
653 519
863 310
179 625
937 315
403 650
325 834
702 276
45 537
716 748
257 197
416 295
135 201
154 505
844 286
599 371
635 733
435 792
418 663
931 388
555 785
573 649
189 688
435 947
781 283
732 606
151 690
320 562
712 69
