608 1436 10 227
195 353 50990
188 379 52154
214 411 63600
481 487 43932
385 550 26571
169 271 28284
91 471 31321
150 602 33242
172 419 61033
113 478 64815
412 516 23022
42 391 24187
62 502 29155
279 561 63789
35 309 32558
460 592 79310
297 475 55036
13 302 55227
29 347 68242
22 520 60415
134 374 59775
78 546 44385
186 213 53935
191 592 60902
411 546 62626
52 242 58600
29 105 28000
81 348 47011
370 511 70880
147 329 35693
190 348 70114
302 332 54378
522 546 79404
457 528 22672
2 325 21840
50 453 39459
350 583 68942
68 102 39560
154 288 29000
362 608 19235
118 497 50249
237 571 29069
464 470 57454
228 319 36139
204 542 39013
252 304 50606
59 96 34482
398 597 36674
290 481 58694
316 381 11180
291 358 21024
116 232 36056
273 410 58138
105 296 25080
181 584 14866
220 312 53935
237 273 57428
259 262 34438
303 342 24083
197 582 51624
150 516 29017
187 318 26571
18 592 31145
332 356 54562
545 558 29682
558 589 50220
105 567 30871
79 306 13601
421 495 33526
213 498 46573
365 426 50010
250 441 25080
115 464 60308
15 130 32062
11 364 29000
225 577 41110
124 142 20881
302 519 10050
149 525 72007
111 507 37000
233 523 36346
221 269 29833
155 580 80777
417 586 25612
314 336 56036
2 352 37443
354 492 33615
410 575 19849
236 602 48765
32 58 32558
126 439 34205
365 520 38601
406 491 15264
264 377 27203
420 528 30463
184 328 26907
41 566 61205
8 139 34713
468 513 37483
149 246 14142
208 490 32000
218 506 51624
526 537 22361
91 301 13038
183 411 69007
14 582 133150
46 126 17000
195 444 52773
152 167 14765
211 246 47802
174 220 59933
282 336 60083
75 375 36346
159 487 31016
288 580 52802
40 199 29547
8 106 63506
341 567 67067
428 480 20616
55 423 34928
276 559 28284
238 272 36346
56 265 33615
230 326 33015
49 212 45354
143 229 39699
88 201 29155
85 327 48754
135 364 23707
334 389 47508
80 287 28844
65 599 42802
181 258 61033
223 423 38897
47 104 39013
39 81 31401
400 427 12166
335 530 81302
368 546 72719
27 113 20881
250 402 55579
100 241 50990
106 262 60902
213 321 67720
335 452 89269
7 10 13601
32 284 33242
84 557 21095
162 511 81302
173 426 11705
145 294 31016
247 525 59816
550 575 37000
27 566 53460
95 223 32527
284 320 81988
115 301 21932
385 416 20616
227 349 75690
269 367 65856
351 484 47170
181 351 33015
182 576 43290
273 572 57140
302 329 35903
24 72 34438
218 567 33242
186 384 39825
266 522 29275
532 605 45695
421 582 50804
321 416 62482
177 466 45793
77 352 32249
305 315 63071
156 432 40311
394 395 31401
126 506 50804
163 231 12000
254 408 76538
517 591 44922
307 545 24187
435 474 61221
464 492 62177
16 140 47170
38 444 52839
527 541 51245
275 287 56223
27 478 55471
105 293 26000
240 300 30806
474 525 58138
427 562 52697
104 402 22472
81 438 15232
354 464 73239
25 504 14318
15 60 47885
113 538 37947
232 285 39395
549 562 78518
175 309 22023
55 225 45880
63 503 35384
263 599 49041
75 265 62514
232 283 53038
54 382 27659
211 220 81584
132 289 12083
10 541 57983
144 557 32202
24 549 54452
348 477 29120
239 585 75240
445 595 10050
313 568 38601
17 333 16279
138 297 20591
154 580 27074
373 521 22091
163 405 59034
97 386 32558
13 77 52202
160 180 84929
12 398 45967
490 588 48703
372 374 38275
248 497 55731
123 260 15232
92 204 55543
493 603 52498
19 277 49820
57 268 49820
263 344 21213
353 444 28653
2 331 18028
4 368 41400
329 359 65795
54 540 23345
69 391 22023
30 343 14318
213 446 53852
158 539 76942
9 405 65000
345 414 101000
81 190 69354
14 39 65031
128 418 32016
464 607 49659
228 581 22472
98 382 35903
15 521 26249
170 305 74108
182 553 152778
71 450 21378
113 397 11045
311 339 38184
44 383 51000
467 535 33734
35 557 32016
382 564 24331
507 585 13892
199 508 13000
346 510 53235
91 512 26077
146 327 30414
322 346 71847
217 525 38210
134 365 45277
61 124 30610
29 96 37802
124 369 34713
19 223 44598
4 401 31575
275 545 55027
283 454 63008
70 345 43863
189 399 61717
69 502 36056
11 137 32802
463 554 26306
39 55 56604
158 264 32140
132 409 47074
409 473 69778
15 26 31064
310 359 87664
254 429 89006
124 253 55902
274 441 44777
411 522 80951
283 532 63600
234 513 33422
121 570 36235
48 446 21024
21 565 54781
63 544 22136
193 337 50695
201 316 47434
98 336 44385
345 481 104355
30 510 33061
260 548 38275
162 371 38079
200 546 37336
321 472 36125
219 393 38949
443 578 20025
324 366 45277
269 314 16155
265 497 22091
230 572 53339
59 436 53759
560 605 56569
220 412 65947
230 375 69181
202 473 44102
336 541 63695
111 577 87664
251 539 13416
528 600 14560
297 403 23537
104 291 38013
294 484 36878
523 568 61847
336 427 66129
189 434 36770
155 288 47381
586 600 48466
364 517 12207
4 394 25612
331 458 34205
161 592 47170
270 299 118929
236 246 37590
118 524 59135
40 547 46271
473 520 67082
66 310 15652
478 549 96773
121 462 17117
29 567 31765
455 535 29069
306 334 18788
365 445 30480
146 534 37108
117 215 26926
297 496 35903
293 296 26627
128 236 32388
420 509 15524
194 328 37014
240 337 61033
36 554 33526
186 446 19313
94 534 25495
39 225 62586
495 565 57079
295 413 22204
63 83 25495
1 363 42802
253 521 49497
111 380 104785
258 351 58694
248 429 72801
488 523 53712
240 563 65795
51 132 73246
324 575 35228
43 92 10817
471 511 31048
244 298 29206
148 397 30017
352 608 46141
408 455 45277
462 473 79202
313 323 70114
119 283 53460
129 443 106550
126 351 20224
178 574 12649
164 275 32249
251 360 36878
215 231 31401
329 515 57801
67 554 31145
365 374 30017
439 506 50090
234 255 17692
321 498 36892
28 545 44553
249 353 31241
388 409 52811
509 528 32140
276 489 50160
171 337 19209
329 519 34059
123 548 43600
38 160 35355
90 316 20125
448 494 53460
461 526 46271
167 437 27295
166 552 66843
3 520 68710
60 559 34059
100 440 48104
452 465 40249
141 356 31113
299 361 55543
83 579 35847
262 340 29732
226 554 22472
52 528 32757
93 180 18439
70 357 24331
96 593 46228
286 540 34234
402 563 29614
136 508 74007
324 550 22672
320 585 24839
170 545 33015
26 60 43081
212 503 35511
203 357 66272
373 596 31064
358 522 43417
207 582 16125
273 591 12042
293 422 45177
144 499 34986
360 508 32202
2 458 18028
82 598 25495
115 480 17464
352 384 34438
449 521 42720
107 361 176241
416 550 31953
117 411 75769
182 513 48166
292 579 19849
64 466 31385
276 601 42438
121 473 75710
241 514 33121
368 395 18000
138 496 24759
448 496 55172
322 376 33242
7 562 24042
335 425 111126
44 588 54626
38 450 33541
41 478 101020
10 527 26077
111 320 31321
86 89 36139
339 548 43186
20 144 52173
239 561 23022
573 603 74967
192 409 28601
380 561 20025
536 570 39000
90 201 41677
301 607 52953
393 565 24698
171 193 37054
141 463 24698
130 373 16401
140 598 33541
28 204 58898
79 118 30150
578 588 33242
359 366 18682
57 121 20248
283 460 41437
220 486 64938
24 427 35228
102 488 14866
38 195 45222
74 126 27586
122 558 35114
374 595 28443
378 457 30000
195 349 39013
187 235 14866
362 515 19235
168 243 53600
457 600 21024
257 504 42154
201 381 53712
168 196 34015
152 549 51624
368 522 20518
114 583 28018
503 579 48795
249 349 26870
163 466 24839
365 595 24698
261 405 71309
137 430 32527
168 182 117720
351 584 31765
205 541 55109
452 597 24739
230 252 46098
34 474 70838
363 580 66310
28 122 20616
120 451 12083
151 436 51865
465 530 59034
8 401 30806
442 478 21401
104 183 42953
56 485 16125
217 477 34234
357 391 41231
273 604 44385
32 552 38118
32 482 27203
11 359 53038
102 282 39825
395 451 27803
8 271 40025
57 355 15232
114 337 49031
75 319 47854
407 589 70007
347 419 51157
110 217 39408
100 224 67602
234 576 33242
278 475 38897
19 482 27893
451 505 24352
209 560 49041
216 391 50220
87 553 69971
243 553 45122
229 268 27803
62 524 32311
363 398 27295
371 509 47170
330 580 79906
499 557 45354
88 470 27514
138 537 14318
238 491 11314
38 593 36892
103 367 55471
222 472 17493
281 440 34670
308 406 35468
285 303 40200
87 587 37014
52 586 53310
222 535 62266
394 451 23770
161 263 28284
328 422 65069
47 291 16763
244 348 66708
217 474 42426
153 573 31048
319 581 25080
67 288 38210
95 551 30529
433 506 57489
36 243 33601
86 90 53038
433 439 34525
247 435 62177
345 436 45651
338 349 63348
227 338 13038
247 418 11402
301 512 21024
125 551 36139
275 476 36878
282 488 40311
330 346 36222
82 84 39115
47 183 10440
317 556 31321
99 323 24083
447 499 21378
127 593 48332
354 594 98793
256 402 48010
536 543 14036
161 417 33526
16 197 14318
309 318 36878
384 416 30083
39 556 53000
325 331 14213
106 139 59682
5 375 40262
137 364 41437
368 451 43463
437 488 55317
29 593 59008
405 466 47434
218 294 68425
512 607 38079
311 340 18601
173 516 65765
77 147 52479
457 459 54231
490 578 45310
328 570 49000
185 236 49820
77 331 25318
239 279 57801
325 352 28792
346 539 35000
180 268 85094
76 297 36620
233 404 19723
134 426 37216
136 530 58822
3 590 25632
290 574 43566
54 98 33615
256 493 47424
425 452 22361
324 362 13601
68 405 72897
51 456 59203
49 50 80777
35 511 37802
115 559 40804
312 590 44822
202 312 45891
156 523 52000
98 564 34886
359 515 16125
127 160 53151
73 294 25495
308 337 15652
508 530 63253
43 170 44045
139 548 17205
68 177 48010
45 142 45222
292 544 26627
118 265 45177
174 602 41785
11 366 47011
415 535 62968
358 411 67231
432 599 25080
19 390 50990
232 454 35057
215 405 68007
86 176 67201
290 436 24839
66 141 38601
58 166 65765
454 532 19105
85 491 40853
189 264 47074
49 504 79158
124 589 42048
74 212 99141
99 431 11045
254 415 30887
178 290 48104
366 591 45607
308 583 56143
382 493 60440
136 398 52326
100 341 57983
183 358 36688
250 266 58523
163 344 16643
27 41 83235
37 569 47424
33 116 21587
286 603 50010
47 358 28653
484 506 25318
49 503 19235
61 459 18385
40 588 32249
492 594 65803
117 153 61620
218 422 65947
92 542 19209
3 220 26401
94 430 13416
257 453 36674
237 534 27000
36 255 44385
143 444 11180
446 458 12728
4 8 33941
265 485 43932
57 180 73763
310 531 59076
250 563 71344
12 553 126254
31 42 33015
130 509 19105
30 157 23087
388 462 15264
253 449 23770
52 133 16971
99 461 23854
129 270 58898
322 333 48765
94 146 13153
235 435 35903
259 387 46098
64 599 42544
137 500 25000
349 353 39319
157 226 65299
229 456 69340
491 500 33121
144 318 33971
271 327 82541
50 257 43863
185 454 31305
419 436 36878
68 282 20809
1 87 51478
252 572 47011
464 559 58000
44 443 25179
125 525 51740
160 450 11180
23 273 52802
44 530 45310
213 408 87618
111 390 67897
197 594 28160
45 568 45277
92 170 42202
96 151 30806
139 501 13928
474 529 60959
330 360 31765
377 606 39115
256 399 61587
229 533 83150
5 415 69426
68 404 46615
169 327 74007
387 514 33541
218 484 64140
38 159 24021
17 539 83570
87 243 50636
66 272 27459
14 190 56613
510 580 88006
553 587 83295
422 506 51010
145 340 43863
147 608 28160
55 223 36674
73 145 21633
520 543 39962
134 173 41037
122 407 46174
7 427 37483
37 262 47508
176 449 40262
400 488 63781
123 311 35355
209 235 37108
266 274 31064
75 326 47127
165 584 29732
33 49 73055
106 271 49244
129 442 33526
45 476 50160
151 479 12806
300 441 55145
62 281 13928
486 552 48042
112 319 23087
74 439 16401
175 560 16553
188 549 54918
140 197 45122
267 502 32140
119 370 20025
324 515 28018
68 206 28018
221 314 38013
4 274 43600
240 250 64008
66 226 54378
18 191 56009
350 483 44688
52 162 49041
85 146 47413
319 326 23087
343 483 25632
30 155 22472
168 553 35114
4 501 37483
188 448 64514
114 322 43863
119 245 44283
244 529 43566
107 538 21633
174 211 49396
166 211 57245
421 565 55227
354 381 106775
101 378 14422
227 487 41629
389 440 73573
13 329 38897
369 558 25080
245 460 16553
339 340 39850
26 511 48549
166 486 50359
37 387 37121
141 226 20125
142 369 38897
51 533 48508
198 271 58523
231 344 14318
39 317 36056
223 556 34205
120 260 43738
270 443 131187
72 400 23345
123 339 23409
229 353 55082
369 589 34886
67 243 25239
32 95 34366
473 590 14765
121 355 25962
161 344 23022
71 160 32062
41 494 58138
58 95 28792
12 335 152778
512 557 28160
415 467 45618
34 529 35468
390 577 19925
269 490 60828
175 370 27019
72 488 47927
114 333 54129
253 373 53160
133 528 33121
19 424 22091
525 551 48010
5 230 68096
60 428 30083
108 607 57454
189 256 32558
490 606 46861
387 389 41437
449 601 24083
140 219 31385
396 487 32757
335 465 70831
76 461 56613
23 472 53339
328 445 61847
348 392 41485
198 534 75273
403 537 12207
240 399 69181
136 360 61270
471 557 25495
278 287 44944
193 240 16279
25 117 62682
36 463 32249
70 419 25456
279 284 86977
310 519 26907
189 493 48754
164 476 60926
350 413 17692
171 308 27203
278 518 15232
261 603 73783
136 179 51039
399 563 23770
25 131 25495
75 581 48918
12 587 43012
111 225 128550
58 551 26019
101 156 29732
108 594 25632
229 249 77885
250 291 51971
318 435 31401
354 470 72835
117 131 73246
276 449 53600
187 309 20248
110 392 34670
415 485 40000
83 544 12649
46 74 20100
171 491 45000
53 559 26683
294 341 60075
132 192 31780
184 536 22804
323 461 36346
420 596 24698
113 442 68505
12 425 41785
116 150 43658
267 429 77104
66 157 71113
344 466 28071
138 188 43417
56 497 17493
343 510 30887
350 376 68007
102 523 50912
323 431 16553
177 404 27857
65 101 15232
354 582 156205
234 332 45277
271 534 95818
418 525 60828
162 460 28636
262 569 66121
143 268 52773
119 532 45044
130 420 18111
477 529 58310
355 456 50488
104 250 44385
34 435 63891
107 335 187491
242 460 76164
430 534 28601
210 533 41231
461 549 34713
333 434 39623
113 129 67268
13 147 37802
9 68 32202
366 604 48010
142 164 56436
53 88 55009
202 284 74793
218 341 64846
100 203 31765
82 607 27203
309 511 47676
192 284 89989
7 205 35440
285 342 29732
103 443 10296
63 505 74250
153 411 33615
176 253 32311
179 363 41012
177 233 36674
91 511 30414
233 432 27019
158 547 37336
9 206 26571
42 69 22361
197 219 37216
24 562 64000
79 265 54037
251 469 10630
186 416 27659
207 421 34713
78 411 23409
73 224 57697
505 546 88769
22 220 62370
235 560 22091
106 339 69029
479 487 31145
140 393 24166
44 299 66483
38 338 42379
168 468 44822
93 293 38833
260 505 50160
298 565 13928
12 363 37336
239 380 14036
54 206 39598
286 493 26019
43 204 63906
33 50 45891
280 523 46615
431 461 21095
259 514 50000
65 586 53824
272 413 30364
384 608 39051
359 531 78848
141 310 39051
266 291 44385
184 543 17000
5 23 60407
361 383 57706
84 607 33971
79 334 13928
164 545 29732
146 430 23601
508 588 28844
292 546 12728
447 557 41231
285 453 23770
33 342 35128
71 180 95189
268 355 43290
60 115 41629
248 267 35847
494 496 96799
69 440 49980
108 464 71589
126 484 37336
33 303 21401
217 529 46174
238 500 31890
25 257 42048
397 555 37696
129 367 76026
376 510 42720
360 539 42190
10 205 44418
227 481 38949
285 592 57428
180 194 19416
21 207 23324
245 283 29069
242 417 35440
301 480 22000
284 312 74431
469 508 14213
128 247 40262
370 560 14422
203 440 65521
6 570 26420
6 194 64537
550 608 38328
289 409 51010
399 434 41437
128 246 13038
78 131 25962
224 514 21378
103 578 11705
97 280 11180
16 607 56143
84 512 11662
356 463 35014
23 572 62682
66 295 28018
185 532 41000
76 313 103730
436 479 49578
284 585 77156
133 371 50804
110 125 54037
440 524 20396
119 162 74330
213 331 100439
280 386 31385
287 305 14318
69 203 79630
379 496 17720
214 573 23601
484 584 58600
392 556 14000
42 414 39825
177 599 37947
253 596 70178
165 311 15297
297 518 48662
25 579 43105
312 486 23707
117 191 23537
326 375 54626
494 566 22847
222 321 35114
336 527 30083
20 499 35805
93 422 42720
60 601 34132
234 468 18601
221 606 17720
304 572 69260
22 412 41146
367 443 56613
278 313 103407
447 598 15000
427 527 45277
327 534 58464
127 296 19105
134 212 22204
190 298 34132
78 117 78313
49 134 48270
116 454 50329
89 381 76164
31 502 12728
476 568 56798
32 424 24698
28 558 42521
201 470 41146
5 535 25000
208 547 17464
459 596 61620
328 372 68411
178 479 23345
45 459 35384
154 243 43932
155 554 56223
142 476 70661
17 264 33541
343 350 58600
394 548 25000
6 57 17692
289 388 16031
61 142 25318
349 481 111893
198 572 68425
203 341 57489
86 407 16125
321 410 44385
84 447 39560
172 203 13153
69 357 52010
224 241 25495
65 600 49010
138 526 32757
372 439 31385
479 574 13000
72 437 32573
34 144 53907
13 182 40522
119 511 79756
296 593 46011
157 295 58189
528 596 21587
389 524 69376
173 412 52773
322 583 29275
279 585 33971
220 520 66483
247 474 11402
176 589 27295
242 592 26173
136 597 32573
223 482 37000
36 196 36620
470 559 56436
128 209 40311
107 270 32650
264 434 26833
124 596 78102
178 481 33242
273 571 50567
97 568 21932
80 315 87207
37 259 16763
117 257 34482
209 247 61270
116 516 59464
153 214 45354
114 399 59135
521 601 40804
113 270 48600
165 340 18439
43 475 170423
221 490 43012
138 379 22023
150 185 25710
86 489 39825
170 315 28601
96 487 38275
255 463 31906
202 409 38079
80 475 47802
287 476 72835
21 393 44598
202 590 38328
384 550 19026
564 606 44407
8 501 22204
306 389 55570
320 424 82541
225 423 56080
176 276 70214
48 186 22023
170 275 73553
385 410 39051
167 323 39051
104 214 56356
60 276 42426
196 255 34540
181 311 27659
218 293 47265
135 137 33541
219 582 40000
169 300 78237
46 258 54818
387 581 35341
307 542 45486
112 230 48374
42 502 25298
321 455 53151
85 300 59506
210 229 63071
366 515 32140
26 162 51856
409 462 51614
205 478 29428
255 356 17889
532 560 50990
44 508 66030
175 235 11402
69 281 40249
177 405 67683
89 316 72567
132 561 80411
287 313 89560
15 601 43012
494 555 61294
232 342 17088
189 382 59076
199 469 11705
277 390 22672
18 285 34000
383 530 41110
123 181 26926
82 447 14036
179 580 61847
471 512 36235
153 261 20100
107 148 37483
212 374 72111
332 576 22023
96 396 14000
49 579 57697
428 511 40497
288 554 29155
370 532 50990
266 358 34928
413 483 46065
189 377 52345
286 382 49477
190 565 39205
107 555 60308
37 228 40224
200 579 29967
132 279 73355
206 282 17029
310 329 56462
148 555 23324
20 393 32696
255 468 28018
378 459 50804
106 304 31064
76 403 17464
254 467 37696
140 499 41437
109 529 14213
31 414 62129
211 602 29967
28 542 39459
53 489 47539
283 285 50249
174 516 26173
269 336 61717
135 571 24515
174 412 17464
31 429 99005
386 459 30414
26 371 25080
190 244 12083
49 173 42544
300 327 47074
414 429 154564
106 569 36401
64 263 14036
156 459 57385
27 397 21587
24 152 22361
10 427 33734
302 356 29732
209 236 35777
194 570 62201
355 388 29833
191 215 15133
216 357 29155
135 517 21095
206 540 24515
517 571 17088
314 564 28443
301 464 63135
59 347 49649
163 215 31780
205 562 29967
208 588 48703
22 173 31780
571 591 47011
169 274 44553
281 524 25020
129 205 50040
328 595 64078
328 543 40311
410 472 20616
172 357 64382
335 555 247746
108 492 46487
129 541 68242
18 257 42521
43 315 46325
133 509 13342
224 341 76158
313 476 38626
298 393 34928
58 552 26401
29 296 39051
16 594 30232
475 518 31064
337 583 52202
170 307 16279
544 546 27295
406 413 23409
110 348 31953
83 503 21024
71 143 21000
78 200 12649
179 398 53000
9 540 14036
67 154 47676
373 420 13601
268 456 65734
478 562 35777
281 502 30067
290 345 47508
210 456 36359
520 536 48104
114 240 71421
172 341 58000
410 604 27019
241 440 67067
33 173 87298
155 157 19799
513 576 10296
112 228 39560
127 293 30364
204 381 95755
179 360 61847
120 394 17117
408 498 48374
388 456 37483
328 433 61000
182 331 67052
234 356 29275
20 109 45651
48 458 15620
386 568 43324
270 538 17263
176 407 67231
61 596 65307
8 169 47011
99 549 13342
233 599 37643
1 12 21213
216 345 45541
131 200 17029
396 593 36401
322 510 65115
31 267 25942
195 338 26926
39 438 20248
74 372 42048
258 260 46861
127 180 46239
77 182 45793
65 432 36014
262 339 32249
19 423 19849
159 396 18248
59 151 14422
11 531 41231
137 146 37216
493 573 84900
9 286 34482
209 605 29206
237 572 30676
160 593 15524
4 522 49244
34 109 35777
455 467 41340
187 435 37202
239 507 82219
20 34 26000
149 166 56089
317 438 29155
111 277 50160
29 59 47518
297 537 16763
169 401 37643
299 443 84723
175 187 13000
222 455 52038
65 417 61000
74 374 66851
3 473 37054
92 307 43566
40 208 32311
224 340 73437
504 579 49041
89 204 36688
14 495 49659
149 418 23345
18 453 26249
133 162 43600
157 483 11705
16 437
85 762
755 605
449 611
277 842
754 722
330 212
425 635
399 337
334 225
223 654
13 416
89 677
985 401
677 259
880 263
268 422
587 399
932 563
864 345
927 302
678 571
270 782
387 189
561 473
703 276
260 127
637 77
639 841
166 506
442 965
889 578
634 472
854 369
774 325
69 559
419 758
718 873
983 466
207 374
328 79
475 964
622 17
169 296
537 176
564 685
425 500
101 767
610 541
589 463
887 764
616 295
739 188
362 340
953 514
331 940
766 735
867 554
632 888
719 236
576 187
436 931
567 574
519 337
536 272
155 599
70 546
418 311
485 944
561 949
745 836
402 220
522 780
584 683
352 847
423 58
74 727
519 499
386 875
490 34
978 435
840 281
572 549
801 284
264 596
702 109
41 482
764 139
693 74
755 107
765 280
628 26
681 767
284 651
894 544
662 871
501 201
333 323
393 132
503 864
542 258
432 274
199 302
386 499
639 813
397 692
186 133
873 229
886 385
905 465
967 652
359 777
240 133
260 491
757 253
655 467
526 421
389 905
704 371
486 629
773 716
642 97
488 686
600 168
903 519
564 702
678 798
783 453
246 200
645 257
544 492
830 718
628 283
621 588
264 664
93 361
249 634
384 38
448 661
884 310
118 588
580 162
766 836
813 334
510 762
286 638
119 700
213 107
798 468
696 482
644 896
407 179
480 462
78 499
145 514
520 238
159 528
266 404
694 874
713 838
537 364
663 309
509 365
573 106
496 736
809 523
420 186
17 575
382 616
594 51
262 554
544 881
649 558
713 530
751 371
662 163
466 310
669 922
91 412
695 755
511 700
50 688
428 490
712 681
702 457
118 781
763 366
390 81
344 417
931 384
531 398
843 689
299 552
691 736
755 899
48 589
894 266
366 699
180 362
531 503
791 128
801 639
531 879
682 39
296 202
390 312
947 290
237 362
767 416
849 779
755 504
599 585
128 834
436 473
516 396
548 972
873 442
602 794
913 298
739 584
278 343
226 803
917 521
470 805
997 527
109 570
721 920
396 791
792 806
311 783
521 365
653 431
473 274
67 614
758 380
751 448
295 701
218 589
924 734
311 541
465 830
581 342
49 532
920 389
664 352
784 466
822 443
401 922
813 881
375 542
184 380
346 753
650 193
264 925
80 602
368 439
559 431
530 642
435 753
494 672
478 442
450 722
533 336
298 407
344 909
431 559
419 953
775 784
297 320
201 162
386 644
182 594
248 734
414 585
541 102
725 194
963 602
464 42
895 684
506 211
449 926
401 299
651 378
866 602
617 415
389 370
506 58
98 520
819 723
634 955
420 516
545 531
649 789
541 763
178 583
664 811
402 28
902 366
121 250
318 571
772 269
118 630
621 455
371 709
520 55
382 862
605 63
236 546
752 349
148 613
493 721
792 594
481 144
312 326
577 28
764 89
947 464
788 357
361 800
937 643
193 815
228 461
411 148
171 728
79 741
338 802
308 617
692 699
126 665
133 416
70 752
72 659
271 438
399 870
58 270
344 280
250 539
732 913
466 694
478 732
544 823
637 437
179 500
518 351
593 979
169 420
583 880
935 454
794 900
204 553
544 699
106 731
789 861
845 154
780 741
96 610
537 945
439 525
186 692
148 388
67 263
163 717
50 411
243 675
654 619
204 697
248 276
474 578
607 134
724 370
678 274
626 681
635 244
639 645
316 852
205 485
306 381
554 250
362 37
925 748
769 79
341 358
124 272
137 746
165 770
533 195
416 795
803 722
430 834
978 585
499 961
924 494
894 332
469 627
474 596
676 871
239 122
46 384
316 472
379 216
418 605
367 487
407 51
456 284
451 376
213 573
688 101
197 888
820 672
204 772
497 491
696 534
191 565
494 999
291 910
145 775
547 332
815 452
579 931
627 255
954 324
645 744
945 548
910 565
28 377
653 569
367 218
730 264
343 966
272 657
404 133
500 273
631 699
310 431
793 388
615 939
433 210
972 449
597 693
468 897
373 567
278 190
194 293
764 847
677 639
100 788
839 295
329 60
672 202
724 840
491 618
38 357
595 424
688 429
228 855
830 748
584 250
91 779
563 200
657 337
406 112
790 714
97 575
803 214
74 339
490 349
250 890
52 603
176 373
773 165
774 310
217 788
757 642
831 436
452 5
517 130
907 446
291 173
652 906
750 269
692 946
905 556
170 524
569 739
315 942
803 573
683 903
421 264
721 144
237 330
226 581
858 185
388 396
276 53
964 356
367 20
346 931
173 846
843 316
242 610
443 648
451 956
593 550
575 470
514 626
594 743
930 652
167 362
631 270
164 473
744 302
791 278
46 640
449 801
172 700
695 511
253 682
450 36
128 631
691 630
657 242
460 563
468 238
448 901
869 480
401 66
336 251
599 267
877 396
127 313
207 616
702 416
875 811
295 674
257 857
726 663
397 44
204 145
190 392
385 336
285 256
643 38
712 664
560 553
593 84
536 540
253 369
462 651
380 135
156 745
868 528
851 575
5 542
101 549
225 87
938 494
799 305
609 109
745 214
736 378
905 747
323 189
338 481
317 354
907 353
267 74
611 826
492 181
384 726
741 699
269 688
305 730
450 454
657 918
191 757
55 645
984 566
195 313
558 516
76 472
384 810
945 274
232 490
516 714
918 659
567 316
12 459
191 346
638 150
764 629
240 725
584 368
698 842
897 238
667 640
604 246
62 351
851 304
502 298
585 271
690 218
728 491
438 380
205 745
744 434
273 360
824 259
146 708
