885 1965 12 253
14 591 24759
24 600 29428
218 758 29732
36 362 45011
544 659 16763
13 149 11705
88 179 55973
4 112 26019
18 534 28284
467 662 47413
146 263 57801
22 84 24166
57 383 39051
69 343 14560
45 113 27166
368 652 56223
16 861 32650
151 813 18601
329 443 36249
357 633 10770
172 610 44407
402 502 30463
76 119 40853
483 569 58310
163 341 31401
134 246 45222
99 799 28160
634 664 37363
199 535 54037
216 276 30083
195 866 18682
322 652 30414
146 465 64281
128 343 16155
179 215 42190
514 683 34828
43 762 51624
207 632 23000
65 280 18868
351 783 26019
373 858 25632
25 703 35511
97 471 75604
58 295 41110
463 701 26077
271 722 44011
281 481 50448
284 611 33541
231 797 32527
555 593 16125
61 639 28018
516 646 33971
576 640 24042
97 161 16763
562 698 39825
175 348 26077
11 391 14318
52 109 12042
312 385 57140
548 711 47854
314 658 37054
90 759 31241
206 472 37656
331 611 12042
596 744 56604
314 741 11180
205 425 30887
479 766 23022
416 470 42942
85 438 37000
223 734 32280
72 140 35903
170 690 17029
9 480 28231
30 867 19698
29 126 24187
315 338 54231
497 857 23854
235 665 13038
51 249 60828
353 801 33601
412 500 27803
224 239 23770
513 540 69570
1 508 72180
308 483 29547
55 567 38471
550 691 10817
111 857 43417
420 629 55362
213 722 27295
638 661 53339
82 373 18385
112 394 19647
169 195 15033
28 144 51039
487 863 31145
45 677 33000
304 636 16279
267 320 18868
140 250 34828
381 873 31780
229 644 16000
654 746 48549
2 848 31890
66 654 13601
412 862 32016
434 648 62394
456 653 21095
58 687 28636
553 610 42802
385 737 17692
25 457 43909
243 787 13038
427 670 19209
17 97 35693
244 476 24597
173 516 31016
260 642 33242
274 822 29698
197 649 34928
390 515 25020
378 702 29017
545 602 53413
764 788 19209
483 753 43863
527 876 38833
422 594 146649
7 719 63906
156 231 26926
530 869 35805
273 330 11402
111 636 29732
352 395 17804
431 769 47011
577 606 59439
132 578 50010
119 274 25020
106 730 35693
31 689 42953
71 831 39825
454 744 24698
499 721 33061
626 715 44598
348 632 19000
349 367 29275
411 445 43932
283 840 16155
28 537 43417
500 781 26401
75 478 76007
458 841 22361
132 707 32985
451 513 10630
289 678 22361
321 689 48042
11 655 72498
481 482 54231
794 842 24698
266 784 26907
338 496 17088
101 336 36674
141 234 22472
266 438 42720
81 508 71554
327 426 34438
260 543 59666
87 859 36401
568 697 36715
204 519 34525
227 708 25239
147 703 26000
135 513 46690
429 486 60415
254 843 27313
666 884 44777
458 645 24759
55 192 19235
190 413 23854
297 820 28071
276 629 54644
448 665 14318
44 194 21932
12 368 57489
103 879 19235
605 801 29069
138 295 31890
153 678 26870
39 859 17088
47 354 17029
334 599 54562
152 743 12042
52 126 45255
84 416 34132
744 853 44000
37 381 52038
407 714 24187
30 262 20881
280 788 22136
120 620 38275
414 535 70178
370 372 26249
347 794 39205
224 381 33422
345 481 13416
284 865 12530
569 732 32558
468 588 51352
337 878 15232
170 711 49518
191 637 32016
578 657 27857
135 165 47043
41 356 11045
79 447 43046
409 747 23022
265 792 20616
613 848 22472
325 578 32016
367 591 34482
258 500 40162
431 784 37696
748 763 47676
53 466 48765
25 282 35468
398 732 27893
91 578 26000
246 604 27203
268 613 48703
157 347 47539
135 699 50596
133 498 21095
849 850 22804
343 424 27203
299 771 34015
597 727 23345
244 647 52479
169 454 13000
91 107 37121
177 616 24331
79 438 42154
337 341 23345
116 690 34670
83 107 22136
587 837 30364
332 508 70767
433 490 12166
150 688 75286
224 856 10440
55 543 44011
558 799 12369
462 504 41304
462 846 49497
157 373 22847
360 764 13416
644 709 19647
58 213 23087
411 495 53235
231 500 34785
338 646 25020
34 172 42190
443 885 32558
470 491 40792
330 607 50990
264 536 36620
97 291 68797
442 612 23022
344 481 17029
155 394 40497
297 357 34059
369 639 39459
743 749 20616
535 649 51546
89 449 13000
220 830 35000
54 185 19647
31 74 34482
443 453 46390
380 692 14213
169 596 55543
559 808 28284
103 778 25962
347 373 38079
206 806 46043
353 727 26907
455 860 41231
539 829 50488
304 544 16279
489 864 33242
284 336 69721
10 483 50804
524 761 28636
303 515 36056
344 345 17029
171 184 34986
89 318 33242
578 662 41049
5 705 50329
527 681 33242
507 782 19723
171 364 41049
55 188 22804
89 485 30414
481 775 56604
29 534 48836
247 293 108853
248 663 31953
228 614 28018
400 532 25612
62 142 25710
257 465 34785
9 358 29275
796 814 12166
529 862 31016
548 761 31016
565 821 19416
338 435 30529
361 641 15232
18 183 28792
120 265 27019
465 643 33000
176 825 51971
284 656 42048
782 831 18788
557 868 26173
83 127 26249
57 376 52326
308 418 10770
388 668 18788
342 407 27893
25 501 21541
228 278 44911
327 785 27659
330 805 28071
183 671 17720
122 478 90200
313 494 50120
231 412 30083
241 340 48374
450 640 18974
2 764 28018
5 417 24515
385 881 42579
24 598 39115
290 540 60407
195 463 14318
88 356 40200
132 662 62482
326 607 22561
189 478 11662
129 658 40817
124 312 113252
210 369 21954
39 149 16643
313 414 20518
218 586 24166
329 494 32249
758 869 24187
312 830 33106
563 666 48826
234 674 52924
8 879 35171
181 572 12000
8 825 47011
604 712 13038
179 683 67186
575 786 22091
777 833 64281
302 721 39661
58 354 59363
368 641 45255
295 512 30000
81 838 27000
223 434 30806
780 798 14560
404 511 25962
102 501 34409
267 640 19698
631 698 51884
71 837 40012
518 655 38833
212 754 56009
266 592 23345
68 260 31000
802 885 11705
12 384 15000
208 486 44181
91 325 40608
346 522 23601
391 411 38328
563 680 38949
209 609 57035
88 113 48094
95 583 17029
150 317 50000
536 718 23087
89 566 60033
393 726 71847
506 876 47381
341 560 22204
427 688 51352
397 405 34928
227 626 52154
85 415 27019
542 628 147597
244 734 50567
392 833 55227
256 461 19209
129 761 23431
339 726 74813
125 212 40460
104 411 20809
63 330 49980
23 492 30083
301 610 49649
472 787 37216
684 850 25080
619 625 52355
389 563 47802
363 870 15297
212 531 18111
607 696 27459
634 829 97015
167 705 27000
187 616 50249
631 747 46690
128 733 17029
813 861 12000
149 859 32016
557 700 11045
471 567 21471
175 207 21213
613 723 36222
73 167 27203
169 701 37054
515 600 57079
566 793 36797
92 485 36878
5 399 36688
493 875 18439
29 396 38471
200 459 42544
30 473 28160
509 861 23087
234 584 23770
336 656 70036
605 727 32650
359 389 20000
410 487 65742
655 780 55902
215 216 15556
51 220 50990
115 471 77104
114 761 29206
202 816 25179
3 734 47854
276 306 17263
251 782 28231
12 778 30594
285 664 25962
79 419 24698
276 653 26000
171 388 27203
304 369 19925
475 527 11402
85 511 40012
481 504 41195
108 625 42802
500 821 53907
229 842 20809
393 844 36056
724 777 23601
192 543 55973
7 686 34234
590 844 39357
221 402 25942
327 558 32062
333 797 18439
53 191 28018
776 805 37947
471 759 66843
221 298 30067
3 736 18000
279 555 29547
185 776 44777
136 313 28160
90 115 71028
310 414 53488
506 775 57035
2 613 13342
227 715 43046
250 309 58215
472 603 40792
187 671 34986
115 335 17000
803 865 40112
124 233 19925
60 808 47518
367 850 12806
451 815 27893
173 824 19416
169 463 19209
630 638 31145
6 398 40311
110 615 27659
212 684 21095
117 840 52953
620 874 38588
846 847 43600
273 354 40262
337 651 11662
277 407 31623
319 379 19000
394 597 32016
618 727 23259
383 861 36401
369 515 45967
98 857 27857
175 226 14866
566 740 65307
38 663 60017
70 323 40050
57 332 29275
38 204 57801
166 402 50478
494 565 22361
235 511 29275
1 577 21024
113 728 15033
495 800 18028
16 820 21954
409 645 23022
230 697 30017
229 709 28320
212 729 200122
396 625 46325
137 783 42154
239 873 41110
552 803 42544
436 669 54231
111 387 12530
218 743 34366
349 371 17088
609 831 19209
448 588 30676
429 542 15524
170 548 17493
68 426 32650
228 579 31890
503 691 20396
137 634 115486
234 692 47707
437 438 30414
535 663 36401
241 708 19313
32 561 51078
130 659 22204
223 427 21213
107 672 29069
577 800 53235
95 748 44407
362 858 44294
188 543 34482
193 244 20518
34 863 44721
2 612 25495
377 598 26870
143 532 18974
392 601 21000
10 444 24187
549 860 35440
296 624 38118
452 480 37216
374 422 67941
740 793 38897
387 574 25710
76 366 46530
375 664 44147
5 167 38471
158 825 19416
198 845 15000
28 466 51884
149 749 23707
46 746 32558
714 735 27019
46 86 33061
413 446 32650
23 239 39205
125 531 33956
434 734 20616
239 629 53460
269 461 19313
431 777 57245
16 151 45695
359 556 12369
480 532 25000
725 750 37643
143 305 115603
38 795 62650
131 308 29428
506 527 55036
332 383 29017
432 479 32558
85 550 35384
365 720 47011
268 271 21633
47 63 10440
315 496 44283
379 739 33601
564 877 55145
131 483 27803
520 600 10296
182 591 41881
516 582 39408
536 880 48703
4 394 36892
353 424 35805
287 590 15264
363 655 58310
63 607 24698
411 800 40853
134 748 10440
624 629 22091
11 632 34928
99 488 16031
233 308 15811
676 817 56436
142 881 38053
594 814 17029
605 618 15000
462 847 36235
23 677 23431
741 761 17804
106 568 15297
116 586 29069
379 711 51662
154 515 30364
364 581 31048
226 348 18358
738 777 63640
349 591 34670
59 617 29069
460 812 58181
302 499 24000
60 334 17263
270 843 23409
230 240 20616
28 554 66910
548 690 26306
212 475 93000
489 523 11662
441 793 18385
316 801 22561
239 420 26019
389 680 19647
184 528 18682
122 502 26000
362 478 141365
38 428 26926
320 451 33015
57 81 26249
759 845 49729
150 382 67231
667 768 36401
403 461 28302
2 442 18439
395 631 44045
67 246 16401
134 583 34713
285 375 24759
627 650 34015
193 682 25318
47 469 16492
110 477 15000
71 512 24739
178 875 62626
466 637 41231
240 247 15811
627 760 15811
678 884 32650
425 829 51196
119 389 40497
204 565 15297
449 773 68469
173 300 63561
585 590 37483
469 696 23345
315 708 47011
573 771 44102
61 766 31257
283 726 47539
311 601 33615
258 821 54083
123 331 41976
527 754 28636
49 807 20616
121 288 13038
49 872 11402
148 724 23345
84 809 51865
482 504 26571
387 537 24000
667 769 29833
543 618 34928
385 823 27803
266 431 38013
381 699 65307
328 709 23345
242 696 58189
67 604 26401
550 552 36346
432 555 32450
332 813 45000
121 589 23022
117 283 46271
32 200 42297
519 840 35847
426 618 58694
196 675 24698
313 355 22000
603 679 46690
227 241 14560
297 791 12042
675 703 48052
325 657 12530
341 662 64070
309 614 44721
150 572 37443
114 524 30676
145 362 57271
94 117 53488
43 786 39000
179 559 49578
542 669 19235
445 495 65115
190 210 26926
172 301 22204
105 745 59682
29 194 31765
563 867 33242
447 552 42450
525 836 18111
503 584 27000
547 730 30676
38 203 15033
677 837 35228
327 704 53600
13 430 27803
268 864 42048
502 790 48052
36 157 13454
79 852 39699
190 390 15556
347 731 24207
551 633 28636
461 609 28178
28 659 37643
519 795 26077
200 832 42000
330 716 12083
625 759 60539
487 854 19723
89 693 31048
175 706 31016
645 872 37014
478 745 231320
186 871 48765
373 731 24166
811 876 21095
58 138 48508
238 516 30871
532 682 18601
246 583 19235
150 427 72090
574 608 29206
153 422 26306
484 869 15033
21 773 61847
408 535 22847
132 350 30265
626 675 47170
12 621 45000
324 815 17692
10 753 13454
201 312 18682
582 869 30676
612 723 29530
535 622 66483
111 210 32650
262 698 51923
94 519 51788
6 526 56921
174 623 20224
275 436 13342
453 885 35609
361 370 31385
222 836 28284
188 316 30594
835 855 43000
477 493 58009
223 670 20125
293 713 42953
121 421 16401
7 713 66753
107 325 22561
29 376 24698
64 584 51400
393 545 10630
217 826 32202
31 592 12083
589 867 54037
237 660 12369
79 656 36892
35 47 25298
319 719 40817
382 688 60959
60 225 23707
603 725 26926
77 396 15033
596 853 96768
118 664 49041
272 581 43012
38 726 64195
193 476 27203
223 360 18111
73 705 32202
15 565 14866
338 589 29428
13 696 59211
567 625 56143
588 674 21024
406 690 23022
50 706 14560
303 823 39217
344 774 10198
167 455 16492
586 869 14866
363 721 29069
33 310 18439
457 621 40200
217 286 12530
16 509 23087
258 519 47413
282 522 16125
475 754 37014
650 706 14142
379 686 28018
311 487 21954
123 817 43681
317 512 46487
229 382 36401
150 328 47434
195 263 24207
374 458 56365
394 482 38588
277 307 30000
105 382 73926
547 658 49336
23 856 20616
118 829 52393
518 780 53413
270 771 48415
298 883 50010
272 551 38833
325 508 23345
63 469 14318
506 811 34176
273 687 14866
99 327 18111
148 607 37537
449 485 23409
508 672 40460
422 770 20000
142 413 23345
170 319 31305
380 450 22204
553 824 18028
755 816 38013
457 522 31145
386 826 45398
500 802 36222
154 190 22136
431 738 27514
350 773 28018
254 299 41340
137 351 41231
292 725 15811
134 163 35114
358 480 28425
139 424 59540
152 218 35693
17 161 31321
568 736 26173
177 517 29155
92 525 27295
520 555 29614
333 500 22361
224 587 17205
163 651 21095
631 871 25239
600 639 27459
96 214 19209
62 413 24698
407 417 50448
90 471 68029
599 809 14866
593 726 53339
645 796 21587
34 410 45651
563 884 25554
702 755 38210
293 433 15620
249 529 24331
189 883 56356
493 564 24187
455 694 43290
413 857 39560
83 760 25942
471 673 18358
42 462 30529
90 787 46390
143 745 118697
65 317 54037
428 663 50961
40 859 31953
127 348 32388
400 476 18358
82 559 30083
319 711 50359
310 428 38601
713 739 20591
769 835 38601
57 534 49041
103 259 42048
125 849 49649
121 563 46530
459 832 17263
131 180 27459
473 595 34828
48 84 46174
178 773 28000
149 696 57280
409 841 16643
35 864 48795
42 876 34132
299 488 12166
459 746 46573
53 276 53666
558 865 41976
70 732 39825
526 643 41593
359 366 47011
435 765 22091
103 275 21840
523 658 34205
453 781 17493
485 773 61612
255 871 27893
44 376 26420
716 776 42638
551 868 38288
211 308 17088
106 789 24597
301 553 37162
80 871 34828
263 866 24187
185 687 18000
321 874 17000
164 668 16279
52 68 41725
1 81 20248
267 290 46390
131 797 13038
437 852 18439
250 585 21541
202 622 26476
146 866 47265
110 252 17263
639 766 30887
310 663 27731
341 467 31575
622 755 28284
222 635 24698
17 182 24187
374 562 54918
346 457 16279
43 582 26173
610 824 36235
51 598 35171
431 835 15620
43 765 53009
475 729 107229
50 175 30887
320 513 35735
201 510 28018
361 372 37363
695 769 29069
136 378 41677
234 503 40224
469 607 20616
33 428 24207
762 786 27459
683 808 46000
211 797 25298
458 839 25456
106 697 35128
144 812 50804
166 881 44407
219 554 39357
374 698 57009
153 562 50000
241 553 36056
244 688 30232
210 304 26249
395 807 25000
422 533 52887
40 87 11045
297 509 11180
365 859 22136
114 749 27459
458 796 12369
245 882 32558
231 233 24083
58 273 40608
311 410 70711
96 603 34059
506 570 50931
23 41 48466
72 432 48270
742 770 10296
278 810 45222
42 475 41000
65 213 58873
549 694 39825
17 291 49649
799 865 44102
48 298 47760
575 719 18248
792 815 26571
455 564 45277
474 624 39446
242 469 59135
738 784 24698
27 96 21024
508 657 12166
31 404 43081
298 790 57428
230 305 51078
148 720 42154
409 458 19925
427 788 13000
215 420 18439
108 528 20000
453 802 33838
611 799 30480
435 582 32388
64 757 41231
400 682 31016
263 693 35355
491 804 23195
276 420 33422
796 839 16155
199 202 19723
558 803 53824
686 719 57271
623 877 35440
604 756 29411
25 843 39825
152 586 29155
275 429 33136
286 454 28071
39 749 21190
61 304 17117
705 877 40522
214 292 35128
141 177 16155
262 289 20396
375 694 33136
391 870 28302
138 317 12649
59 160 39395
91 571 26926
498 721 32249
281 394 18682
116 152 17464
439 641 18000
649 752 24698
183 517 30676
210 636 23022
124 156 24166
307 763 24698
382 400 54424
94 249 59841
416 491 12166
423 497 20591
180 333 12806
198 581 27514
151 662 53907
608 812 10817
61 544 15232
88 505 26401
147 282 23345
119 533 65460
488 676 22472
245 449 77389
192 625 29698
88 328 32016
518 798 46400
466 810 45486
196 715 39446
160 638 23537
433 739 37108
474 629 32062
493 877 59059
159 299 19416
117 249 72111
4 155 34713
205 536 54037
698 747 17205
533 770 39051
124 529 43463
306 554 66219
132 773 49769
65 612 27785
464 667 26401
84 883 39013
219 460 39812
203 494 44598
197 397 30067
318 701 44272
559 731 15000
310 408 13928
352 807 10770
175 760 26627
490 547 46669
424 570 88278
186 652 41485
53 554 34015
547 711 48094
566 701 40311
377 510 31016
149 365 47802
184 198 36770
94 258 15811
594 839 25942
194 528 14318
101 854 19313
322 522 43012
93 804 21840
97 335 18000
136 414 18439
370 814 31906
261 461 11402
21 635 59464
261 381 40608
101 419 54120
5 455 43174
41 239 44272
479 639 29120
168 571 34205
620 792 32558
355 428 25179
551 700 17464
130 766 33956
307 604 29275
495 692 63285
717 788 17000
481 774 25807
69 801 14036
261 269 19416
215 239 34482
217 386 31401
230 568 33242
557 712 25298
272 787 30414
289 562 17493
286 386 38275
340 646 12806
94 840 51856
374 839 53413
100 826 25298
192 567 43012
87 365 36014
159 254 44944
243 272 19105
732 853 95771
382 842 52038
525 635 49254
404 438 36688
44 184 24515
380 576 33838
245 252 33541
144 608 52402
68 543 60440
124 418 37643
189 790 43046
583 748 35355
255 631 21840
320 540 78492
215 356 24515
78 863 46239
37 699 73246
142 823 24698
245 546 19723
582 765 38013
425 477 48166
40 758 15033
159 817 51971
226 632 18868
223 717 12728
133 290 22000
144 554 30000
626 817 39825
574 857 30083
64 550 35609
3 647 36235
103 436 12042
34 487 38601
334 362 37656
7 293 109659
567 759 61587
625 845 49739
32 206 46325
95 763 14318
269 403 17263
173 530 40224
72 602 38079
253 513 42521
158 501 13153
396 619 14036
311 419 33242
59 64 70682
80 255 20616
335 541 17117
259 834 54781
326 805 20518
655 870 57428
638 757 37014
89 755 52697
104 363 12530
629 637 36770
64 616 53151
648 848 36359
207 226 12207
39 218 31575
150 181 28320
318 566 45222
410 610 46690
62 823 38013
93 219 19416
389 533 40012
250 602 22361
148 326 23195
289 884 29017
595 871 13000
29 617 21190
87 758 18868
377 830 28636
163 705 41881
282 703 10630
368 621 17029
107 127 24021
533 666 31016
828 851 52355
144 537 63640
251 768 17493
343 353 37336
678 742 21541
256 831 13038
75 502 30610
148 827 38328
153 770 18868
280 612 14142
693 755 52010
726 840 38118
251 512 56321
647 734 30610
68 109 42544
117 779 19105
424 506 60902
221 574 19235
769 855 12530
370 628 18248
168 836 28320
201 737 22023
74 874 27295
478 599 51039
279 593 29275
177 294 18439
454 866 34205
808 858 26907
200 654 21024
444 453 40249
164 383 38601
213 354 57871
154 210 14866
78 626 30887
428 494 47011
29 77 38079
645 814 24042
148 777 30067
168 816 36249
430 741 25807
391 606 33838
162 296 21932
579 766 40853
397 535 49244
442 788 20000
21 92 22825
459 654 38210
104 721 29120
524 749 38013
65 723 50000
107 627 34015
265 588 37696
56 776 34525
86 746 24597
71 251 53141
814 839 14318
222 525 29530
24 117 35847
56 777 21095
353 775 17263
87 685 13038
207 752 51196
404 468 34670
361 872 31064
176 482 31016
627 706 29000
247 697 17029
295 317 38588
735 750 68884
400 480 23345
281 727 42202
184 194 22847
613 722 35847
185 716 16279
386 465 65795
441 740 27586
690 786 22561
181 709 13454
179 216 41400
341 651 12207
489 648 24739
92 836 33302
116 786 24187
186 715 15811
246 557 24698
484 530 30594
383 668 34366
137 342 41593
567 673 11662
434 848 49244
60 362 35440
79 437 46174
751 756 38079
105 145 48754
111 537 21095
303 598 33734
313 329 40792
54 251 26306
259 846 31305
75 122 14866
823 881 38288
24 279 17088
243 679 15264
26 521 20616
127 606 70456
208 429 31016
44 383 50606
80 652 10296
208 778 19723
452 745 72007
161 541 25020
16 878 23409
163 820 41146
477 875 47802
388 791 24166
659 766 25807
546 882 21932
13 524 24083
581 845 35384
538 620 40311
22 883 53310
224 873 34482
521 685 27019
375 634 59034
168 199 51662
309 585 70576
519 726 34409
552 851 40719
652 807 53000
204 795 23324
576 674 13928
62 303 30150
73 564 49980
268 722 36235
655 752 51478
518 585 48052
64 803 48052
724 805 21587
596 701 51245
666 770 13454
20 165 48166
472 679 42755
366 762 25239
18 187 26249
204 821 29069
408 663 20025
259 504 58310
816 836 38626
11 207 33242
62 390 33302
483 732 80722
531 849 32894
105 842 63789
326 724 19925
667 776 31401
98 881 46239
183 577 34366
467 707 33106
109 661 43186
714 750 47381
202 755 25710
479 555 42297
272 364 23707
211 233 15297
350 707 35609
248 655 67801
359 421 22825
322 715 40200
78 336 20518
311 854 36014
401 585 59076
12 486 70036
146 710 27514
601 852 12042
277 292 38588
398 569 13928
531 850 19235
590 602 45880
474 873 20000
238 646 13000
660 758 11180
392 784 24207
129 314 19105
710 755 34132
97 115 24759
173 610 48374
406 749 28018
634 694 50488
398 444 24331
315 580 10630
72 579 35000
114 406 21378
147 522 32016
700 868 26249
364 551 34785
614 818 13342
54 295 34234
702 710 23770
69 188 20248
188 733 26401
302 655 19026
358 532 29614
390 413 31064
91 222 28862
445 498 29069
105 157 26077
665 772 19235
118 493 55471
203 428 14866
154 369 24187
73 455 32558
262 631 65391
338 867 55946
290 450 22361
618 704 41593
51 377 18028
140 614 25495
305 647 33615
441 718 27659
434 736 61000
539 740 72339
56 724 25020
628 669 166832
575 690 26249
248 287 59397
205 829 34713
134 705 25080
41 505 15524
14 371 30806
141 517 41000
468 689 17464
46 541 31145
382 452 27459
579 818 27019
777 827 50210
1 672 55866
543 605 22023
679 756 15811
430 523 36222
100 323 14560
35 469 36878
209 667 38013
23 837 36688
279 520 18111
200 561 25495
446 857 34540
415 511 30480
175 397 40706
546 880 32140
163 337 19209
31 835 29017
444 526 52887
409 872 28000
507 609 25554
133 445 20100
137 417 56859
221 497 29155
123 336 12042
136 329 47424
33 313 35777
372 486 58138
461 837 23022
411 606 38184
793 880 36770
163 877 48703
10 453 24187
315 867 48010
679 787 13000
196 626 53151
112 597 25710
867 884 23022
17 849 45804
320 588 39623
492 505 41195
802 821 39319
315 340 42720
670 688 36497
354 722 46174
426 661 29206
353 605 39319
247 547 69462
327 767 27514
294 517 13038
24 520 27785
220 249 18439
267 540 76662
507 831 25962
6 444 51856
236 312 23259
209 855 29732
315 871 50478
235 772 25612
399 783 19416
778 879 25060
24 283 38210
61 659 21471
785 803 59228
440 704 25000
536 539 43863
237 484 14318
517 692 56356
15 821 29833
323 853 26571
509 791 11402
460 804 49649
127 672 20100
14 86 66030
530 582 31000
159 488 13601
236 830 25632
315 473 23324
255 807 45011
96 292 25942
240 305 71120
429 436 34000
613 864 35609
146 378 32311
729 847 27459
351 399 28425
82 808 12042
257 378 41976
94 862 45967
381 587 36674
140 602 17117
566 880 39623
180 797 22091
729 834 37121
122 402 52345
248 780 46174
28 53 70838
102 457 25456
656 828 50606
19 401 74411
288 421 14318
875 877 55172
43 586 26249
49 352 10817
131 753 23345
63 273 47707
38 248 72533
90 272 45967
648 864 30017
20 228 37162
72 339 46615
106 658 57454
26 720 27019
623 875 48374
435 589 24698
209 538 54562
173 521 63789
32 750 47011
130 810 47170
267 588 37014
45 512 15133
697 789 30610
18 838 43417
191 466 27000
325 672 27166
199 622 27203
143 682 22136
219 306 61400
134 820 51245
615 882 15297
468 511 36497
199 405 21000
561 832 44654
462 774 33541
231 862 35805
560 623 18028
261 837 22361
185 251 34438
563 589 54083
720 827 11045
248 752 48094
339 545 23409
267 576 25020
9 452 22136
439 486 47202
60 470 50210
35 523 48374
176 259 34986
287 798 28844
252 773 41231
148 696 49729
440 573 28160
418 483 23345
356 505 17464
458 698 39205
156 862 19416
47 271 13153
300 521 11705
464 507 22091
369 600 37643
179 456 46174
347 559 37162
220 236 14213
366 719 28284
489 658 27459
14 832 114237
253 324 26870
125 570 14036
284 828 23087
355 494 44045
79 851 38484
134 868 52038
290 498 29000
225 470 49041
21 525 16553
67 307 14422
248 649 28792
141 616 13454
162 637 35693
606 672 77253
175 197 35735
495 517 32757
179 514 61522
624 637 16971
231 333 38601
245 615 35805
270 573 33541
341 877 43658
669 729 58694
12 439 77104
172 863 49193
114 548 20616
521 530 47802
592 835 18439
324 620 16279
280 442 24698
177 187 35511
365 696 30364
705 748 18385
27 604 29614
827 833 40311
16 297 24042
255 652 29000
774 811 21840
278 466 39319
676 799 32757
41 215 29682
517 671 19209
216 653 11180
424 775 32249
312 529 70178
11 752 62626
263 710 59076
324 538 34176
440 727 30887
168 650 14318
386 866 24515
82 731 29833
138 213 50220
180 781 11705
262 562 21954
649 663 42942
695 776 16763
69 128 22825
115 806 10296
608 819 24352
521 660 28862
54 687 29833
16 813 39623
366 556 46530
25 254 50120
510 830 33015
20 162 24331
247 490 93022
13 242 24331
15 329 29682
254 675 46669
178 707 44418
534 617 50220
126 617 10770
497 574 25298
36 145 57009
384 778 31321
292 407 48384
507 768 28460
102 384 21260
5 783 32016
366 421 50448
363 411 23022
415 691 33838
108 845 19235
403 609 28018
340 553 22804
192 260 55866
656 851 21213
162 165 48332
27 679 33734
700 751 17464
56 431 56727
440 618 37483
285 493 38833
151 878 52498
128 139 37947
260 625 62936
294 671 19416
77 625 46174
284 331 41110
137 549 78294
709 842 33061
274 556 13000
484 660 17088
648 658 42544
328 572 15232
45 728 33287
160 757 18974
86 459 35440
153 742 11045
118 425 23022
587 856 11000
499 518 23707
242 430 21095
6 826 37216
718 740 40050
681 754 29275
316 543 11000
416 809 55471
130 466 47413
124 385 170309
302 518 24698
499 540 33541
347 842 35511
72 479 54571
791 861 31000
56 695 36401
160 630 26000
120 468 29732
729 846 40012
66 806 49477
578 635 38328
4 158 35693
383 813 35057
126 642 37855
48 460 34176
198 364 42953
19 165 27313
174 560 25807
366 822 36797
216 420 16553
66 206 10198
464 609 40311
135 232 40162
382 644 43600
136 257 13000
155 158 49649
371 591 28178
344 811 13601
298 812 31241
108 184 30806
389 556 13000
318 693 16155
7 119 56798
265 468 47011
364 633 24042
730 789 13601
767 785 10296
145 745 32696
205 264 45967
456 514 39051
410 833 26401
539 718 33242
820 868 17263
662 707 56569
246 712 21213
606 632 60926
345 506 26173
228 309 56080
447 851 16125
367 849 18439
98 423 12369
338 516 26077
6 643 40719
135 253 38626
691 772 34015
606 800 16279
166 423 28231
300 720 45011
448 674 21932
290 499 50537
140 309 35355
218 859 26926
17 139 49578
214 277 17117
125 754 35355
504 846 55606
445 692 12530
287 780 28071
235 468 53151
735 832 145911
94 412 34000
357 791 28792
100 286 24739
150 728 59228
19 232 50220
209 464 31113
181 644 18028
31 266 28862
50 650 21633
288 762 63411
222 571 21260
726 844 67543
190 446 12042
72 545 51157
153 374 50160
619 642 12369
351 860 39623
87 660 21000
228 818 20224
256 837 31064
76 822 26173
32 472 47539
303 377 18439
357 868 47518
225 416 58592
384 457 32062
100 217 18682
666 742 15000
33 414 46011
291 733 39357
173 238 12369
43 116 21633
661 767 23022
346 652 63891
55 673 39598
126 630 29682
675 817 16155
570 681 15297
179 356 41049
174 178 54083
109 126 47508
164 388 27785
399 860 25807
26 685 12042
27 756 21633
501 825 14142
411 498 27295
427 717 16971
287 844 41110
375 564 17029
281 597 30067
74 321 38419
82 858 18788
41 492 38601
531 684 24839
537 544 38588
93 683 39013
253 815 32757
37 261 33601
380 674 37054
1 838 27586
32 603 20881
34 610 30594
598 779 24207
232 401 38639
180 453 13601
276 456 23431
297 868 31401
308 797 31048
196 703 35735
205 615 39623
6 323 44553
580 867 40792
30 580 33526
243 751 38949
32 725 21471
620 815 15297
298 819 22136
212 371 47043
218 869 32016
555 639 41049
70 853 55946
121 680 28636
101 311 46239
303 510 20248
237 521 31401
182 367 26926
163 878 27514
342 417 44598
360 434 21190
264 880 40311
834 846 41049
50 405 42438
321 468 47927
261 587 40522
179 794 65253
747 841 12042
22 809 39319
321 620 25612
315 595 44598
8 176 25080
90 581 46872
15 494 13892
205 539 38419
737 823 31623
430 524 21190
85 691 35341
221 819 12728
24 779 23324
340 496 17263
296 699 33287
336 424
825 655
933 684
589 169
136 273
106 743
980 406
634 113
830 826
158 797
344 529
696 140
851 527
337 33
246 749
252 335
374 110
399 411
478 671
499 730
180 525
611 953
641 709
350 842
645 194
777 459
232 209
480 839
404 335
839 285
619 509
227 162
261 677
709 389
816 579
725 883
583 644
301 706
838 502
811 466
659 754
548 24
859 429
360 335
692 694
316 69
792 571
557 917
779 175
264 556
319 890
460 300
547 816
714 627
429 214
703 535
346 385
749 634
443 364
692 918
425 838
376 917
782 568
507 394
792 696
264 127
205 254
490 271
454 179
76 752
670 673
423 741
150 337
609 542
522 989
970 393
395 298
652 326
606 419
744 238
329 405
697 872
281 503
601 931
555 446
283 71
800 467
698 769
133 558
323 205
237 485
191 545
600 872
269 841
188 254
211 208
339 117
427 963
568 273
78 698
644 376
665 154
665 103
407 535
757 860
927 625
274 482
373 286
469 308
98 448
448 895
563 168
695 721
885 500
321 134
871 447
319 860
60 409
955 355
550 550
872 358
508 994
636 328
195 887
445 50
428 332
298 483
443 159
918 541
462 815
171 830
187 458
440 529
192 301
505 635
201 690
89 226
742 682
407 147
431 706
458 439
382 942
883 799
522 868
778 904
150 642
688 234
744 519
847 516
768 734
270 377
867 464
906 246
405 885
596 135
217 877
735 874
624 176
597 276
479 348
344 101
523 726
204 334
327 323
503 682
428 986
142 311
232 541
70 633
913 477
325 293
713 347
787 377
171 404
291 541
609 115
443 433
141 449
656 806
186 807
749 755
377 86
389 438
355 311
719 608
724 273
424 403
443 196
588 982
412 906
531 793
420 231
880 753
376 320
85 632
675 258
302 575
341 277
219 591
232 120
312 947
202 581
286 707
272 756
32 447
266 137
312 538
700 93
628 573
419 880
192 853
414 24
771 641
196 220
634 770
623 781
83 680
832 471
581 868
273 912
482 935
209 492
855 702
611 717
671 929
302 531
731 315
465 745
759 786
961 652
207 852
467 622
189 868
470 458
525 482
284 921
803 434
790 365
617 740
974 636
745 319
847 551
278 224
865 739
100 475
218 264
979 621
320 636
259 900
404 684
688 623
115 445
541 621
621 238
764 233
632 643
189 695
256 832
627 85
459 271
610 664
845 265
100 613
64 480
523 551
626 481
486 545
812 596
599 648
602 191
794 584
291 238
742 594
930 354
686 97
595 792
179 218
509 754
356 826
808 686
540 144
672 217
324 814
568 350
68 370
72 674
362 678
871 371
865 261
440 551
397 154
199 185
999 514
425 437
718 661
539 711
269 318
512 933
586 260
761 435
731 334
393 596
346 914
427 855
941 699
598 809
197 242
176 859
462 689
265 659
661 419
294 942
229 693
899 539
799 302
473 202
738 694
110 582
941 463
502 555
579 566
705 238
74 712
560 602
269 460
747 542
550 271
723 749
221 733
735 585
595 319
317 389
196 815
689 935
321 117
637 340
216 349
820 352
380 759
787 343
199 365
126 207
458 165
539 82
522 83
694 184
723 828
293 515
383 32
157 454
79 266
773 184
495 160
781 584
251 693
658 765
291 292
859 822
905 357
853 684
786 151
726 928
396 541
302 259
801 503
924 400
387 61
740 177
408 861
813 135
367 26
796 115
714 865
886 200
86 353
383 348
334 900
180 654
960 463
453 509
585 696
794 796
316 360
681 140
342 973
108 661
459 901
303 309
917 341
401 895
357 523
665 448
365 729
558 149
787 195
410 297
272 577
122 780
101 284
845 777
429 615
470 958
602 631
579 493
240 591
881 479
153 200
270 646
816 182
731 429
395 518
235 841
399 926
215 678
534 463
619 902
141 249
166 863
629 428
616 766
885 368
932 250
439 960
466 139
59 432
519 256
834 705
276 696
689 64
868 549
660 498
386 772
989 526
873 677
836 378
673 94
620 463
590 458
772 127
542 193
29 524
829 673
188 748
146 776
438 509
424 905
563 417
499 487
133 545
450 531
521 582
809 819
182 794
70 646
126 315
610 810
683 172
835 176
249 81
545 885
617 655
564 50
82 618
650 595
156 706
504 793
193 396
560 522
788 555
657 882
385 177
273 174
811 282
562 715
507 24
854 761
107 436
598 988
410 794
841 800
528 95
578 116
149 847
816 440
155 537
744 89
672 400
584 272
874 591
977 528
617 890
670 717
106 378
253 737
390 465
804 346
457 950
419 531
417 596
218 819
637 174
498 970
503 435
569 91
674 758
496 86
652 617
265 437
274 328
335 931
554 486
694 679
513 589
612 849
376 894
818 378
418 448
406 617
278 790
374 828
772 439
680 203
864 585
875 529
195 518
160 725
498 31
373 306
235 904
810 410
412 42
865 793
918 301
395 383
261 625
34 501
459 877
592 614
2 471
447 611
319 100
685 49
473 213
439 844
372 737
83 485
944 561
904 492
52 295
529 422
269 270
534 386
765 349
546 850
368 799
917 354
241 273
548 303
689 843
186 383
207 115
856 246
879 312
103 354
257 759
73 556
395 196
930 640
127 793
459 51
223 508
737 755
569 185
465 926
917 446
485 520
355 433
237 459
444 769
807 295
332 251
841 410
199 267
476 435
396 664
842 449
621 703
509 516
849 357
370 691
354 51
630 504
352 797
841 135
784 260
19 611
538 174
353 881
640 959
379 837
644 448
414 704
233 182
226 238
490 199
368 491
769 547
483 903
630 630
739 383
583 320
806 672
828 642
442 729
71 454
467 429
424 342
505 199
424 298
563 586
723 176
197 607
168 384
542 749
399 252
679 311
260 513
816 117
564 747
453 348
785 239
312 515
295 282
33 327
200 469
438 867
530 761
474 325
402 822
468 537
772 145
436 295
123 706
759 770
817 159
795 353
910 712
880 615
310 609
246 544
206 355
735 233
621 792
253 119
374 595
586 388
263 449
897 576
444 828
800 446
501 279
235 418
290 647
43 363
512 481
907 272
666 574
311 326
668 40
846 720
406 433
296 463
401 186
490 507
654 271
592 293
659 694
887 265
265 216
898 346
474 54
876 778
639 871
393 26
789 460
976 440
737 608
840 756
577 518
900 466
523 431
444 498
125 588
83 320
681 564
792 532
962 622
831 215
521 683
252 274
68 596
181 625
664 224
542 218
169 311
260 542
179 426
752 301
740 765
159 616
947 513
233 249
990 472
150 176
709 278
730 596
846 693
11 503
920 428
760 480
415 563
795 628
792 646
728 536
208 172
306 770
515 178
710 722
614 17
934 590
704 843
95 787
432 172
886 693
123 175
933 666
329 961
669 472
980 490
9 543
889 534
907 257
866 476
49 659
808 891
294 93
817 205
182 298
858 495
184 143
259 258
323 588
167 807
470 25
177 587
250 221
497 354
810 451
343 229
269 526
903 523
910 421
174 251
841 678
858 376
429 807
524 280
679 608
659 545
916 262
572 229
509 462
141 477
549 80
498 143
697 569
714 517
690 110
338 862
364 650
197 803
662 634
105 265
646 463
529 289
895 444
277 211
829 693
938 603
545 980
281 319
539 564
46 531
719 789
292 768
838 164
184 829
378 654
560 300
380 480
468 180
214 783
517 347
594 893
733 557
312 139
763 188
685 871
650 948
466 768
528 74
492 909
281 362
840 152
548 589
199 556
648 286
445 742
491 926
241 316
253 778
951 375
359 951
771 366
635 160
102 706
749 481
546 357
9 421
308 912
645 642
232 78
720 453
647 34
648 508
213 520
630 674
356 405
853 158
309 808
825 196
742 798
610 213
335 709
356 277
613 57
587 22
849 634
401 73
395 51
571 403
632 449
49 703
662 383
648 551
621 714
437 937
705 889
822 496
86 305
281 350
236 873
669 369
850 614
557 344
103 637
847 303
244 299
831 439
381 538
771 260
788 182
578 727
596 566
120 390
530 53
158 350
230 343
668 122
80 517
384 980
68 469
562 932
866 290
210 772
