600 1058 12 115
115 594 45177
133 342 85000
200 557 26000
262 436 74431
99 376 15000
97 261 12042
168 516 42438
282 536 28160
48 105 36125
212 346 29614
81 231 81400
40 126 25942
48 444 48795
556 595 15811
31 187 20396
175 349 36770
137 515 30414
301 523 21213
486 524 61522
253 579 26870
270 425 17088
320 439 43417
91 298 11662
250 310 32249
168 349 42485
4 575 27313
205 293 31385
40 367 31780
482 503 43012
16 495 58694
99 182 61685
42 278 41231
252 427 21932
63 260 35511
468 536 20396
40 195 68542
37 145 53085
22 155 61392
4 448 10050
154 403 50220
80 534 55145
1 247 26077
33 444 36401
28 146 32696
137 277 26077
6 183 38079
310 315 45880
181 502 78518
217 361 42012
212 591 26907
355 471 42048
64 558 68884
144 223 30000
279 361 73164
267 400 34482
38 92 36069
420 483 55172
25 526 22472
203 563 29155
28 244 26249
217 443 25495
392 584 23324
69 413 17692
374 557 69405
50 422 27857
332 486 24187
12 18 103465
97 502 33106
216 472 12806
204 376 60671
145 243 22825
196 520 58078
341 530 43681
178 342 19416
60 81 48104
194 285 59666
395 550 16279
12 191 12649
360 455 16031
230 559 42426
118 588 78447
367 377 31321
39 251 18439
16 560 53600
193 423 67742
236 481 32202
386 504 33121
113 331 53852
162 587 20591
138 218 41437
127 577 58189
121 524 43046
49 81 92698
6 521 145527
29 493 21587
137 412 14142
165 178 47539
33 105 31890
255 347 52773
128 403 66242
390 475 28160
420 421 20000
104 253 23707
242 582 29614
103 349 14765
36 211 189621
52 119 11045
493 582 37216
325 356 17029
102 189 50120
89 229 29000
156 421 57428
209 226 12166
409 596 39408
273 572 96047
34 486 32202
237 460 11180
101 203 39699
77 499 25710
155 318 51478
210 233 26077
442 498 55902
166 299 16000
109 358 33838
268 561 25495
85 130 52345
293 405 11180
87 348 16553
263 319 18974
322 561 38118
512 576 17889
126 481 28000
597 600 21190
38 456 50090
48 399 46065
169 459 46530
61 269 61847
96 107 50448
130 414 25080
129 155 63600
98 216 32249
37 414 45100
368 439 65970
154 282 30000
164 332 53339
65 283 30017
341 428 41049
338 565 19235
134 385 64885
304 591 43046
6 160 100000
207 431 81345
140 350 16031
469 546 56321
236 307 67007
23 587 68096
267 412 18028
66 163 46174
117 195 62129
32 219 29069
37 224 21932
165 369 56859
47 393 48847
256 506 44418
257 304 32062
384 553 55579
47 425 21401
141 542 45804
136 239 23601
309 333 40608
488 593 20125
204 375 51865
92 199 64031
141 515 54203
102 185 50249
560 585 18439
172 328 43863
418 479 11705
62 451 12207
59 590 73926
459 462 41761
373 583 31401
212 434 48703
111 116 47760
189 357 48765
54 319 60638
396 580 62817
16 555 64846
128 242 17205
275 371 36056
323 531 58728
240 487 48104
191 526 31890
294 454 37590
455 599 27203
268 435 18111
256 518 53759
78 416 14422
288 407 62008
189 312 61814
341 561 48836
126 404 67007
259 516 15000
351 369 24021
393 404 62626
86 496 33615
67 159 36770
328 591 38079
280 519 66761
69 588 72139
74 123 22672
13 354 24166
470 491 36249
75 360 29017
186 371 63789
255 268 67676
162 348 50774
54 313 70007
459 566 56045
129 193 18028
213 416 41231
7 347 50922
69 546 55000
220 453 32573
172 292 29155
122 592 15000
136 309 18439
215 553 34015
306 451 24597
134 405 24515
107 251 48754
72 461 70214
44 364 41881
57 599 29000
511 575 39205
428 524 43863
55 564 26571
272 422 63063
452 476 52431
43 218 34176
363 384 35847
567 586 17000
224 463 17117
8 23 68154
160 287 39661
300 410 40012
153 509 18000
477 514 63135
183 381 63063
344 598 39560
241 286 23345
167 532 33838
84 574 10817
157 392 25080
79 381 65192
17 354 31241
139 504 28071
46 196 20248
68 398 36892
310 355 37336
234 429 30364
197 554 15000
149 474 34713
397 457 19849
56 195 72801
25 191 10296
194 505 37537
70 141 35228
4 149 65513
129 148 55866
93 410 47043
545 546 19723
286 406 39825
45 137 63569
17 31 41881
354 486 50249
11 237 23195
305 497 23345
176 564 42426
56 411 39699
394 417 61098
302 578 31000
401 512 47927
49 415 41000
188 222 28302
132 590 26077
33 477 117038
539 547 28018
200 583 27166
262 579 43417
115 533 44045
221 571 21024
192 259 42450
24 186 39699
331 477 70859
42 344 11314
151 340 15811
462 566 69203
70 438 37162
109 272 46872
80 263 52839
382 570 55902
45 505 41304
91 471 26019
400 488 19925
68 265 20125
432 554 23022
114 310 41340
163 316 35355
149 521 82710
202 212 58009
384 501 37736
62 306 15033
230 552 40311
42 141 23770
140 544 16279
29 368 63702
244 507 13342
303 381 36056
53 394 17464
298 471 17464
407 408 66611
23 162 70831
134 430 26420
264 586 23409
115 248 35735
83 389 31241
49 342 33541
175 356 40447
85 227 25298
203 335 40311
71 264 25612
278 447 56436
5 590 77795
189 258 46098
86 121 72918
179 408 21401
412 515 17464
59 556 41304
424 575 12728
103 356 14765
382 395 27731
328 596 31064
141 267 51264
114 285 45277
151 503 33242
89 474 43658
180 471 24042
225 411 31305
37 314 52431
161 585 48508
127 396 83451
151 371 29428
271 576 36056
80 338 40000
182 441 42953
391 437 24515
101 274 51313
7 429 20809
328 508 30017
29 173 42059
20 525 45343
401 576 61000
3 178 34928
213 261 52402
433 482 50695
205 430 10817
119 419 13454
175 223 29682
495 560 34785
209 452 29206
36 436 48754
119 401 35847
55 176 45277
279 564 11662
232 288 50537
404 481 48021
300 445 57219
193 258 30083
94 111 36688
74 479 39850
28 254 14560
234 255 14036
529 545 49193
186 275 67357
353 368 31145
71 108 26926
170 418 37643
58 511 27514
326 358 46390
75 306 31780
533 569 45486
242 472 38118
284 402 40000
102 312 65460
285 353 36249
207 519 25000
110 342 90050
323 432 46648
271 497 55471
202 464 32894
272 308 71113
85 379 22472
170 389 36056
21 225 52355
36 262 123065
138 208 45044
10 79 59841
115 121 42426
311 571 17000
233 427 17804
221 549 81006
345 522 10770
30 413 15232
53 246 31623
215 429 23022
47 329 47381
251 492 44688
34 428 24739
9 55 24207
57 197 15297
406 531 28425
517 558 31780
128 161 59211
374 484 23409
423 514 27785
364 399 41049
87 464 12649
7 20 53235
43 265 40162
482 490 27586
36 363 35440
324 330 26833
339 348 29155
403 527 37014
32 416 53263
197 383 28018
357 382 23707
245 556 27731
534 565 27731
230 329 65803
197 432 23087
221 505 70661
320 375 55902
179 453 39446
305 334 48795
188 408 17029
505 549 71449
169 325 75027
359 562 79630
294 557 84717
111 190 56648
163 378 49336
476 506 36014
395 570 45541
250 324 21378
247 561 25710
266 388 10296
128 585 82492
101 132 91439
460 549 26249
446 518 55758
333 420 60299
95 545 33242
57 380 52000
336 600 45277
393 477 113358
299 301 43658
197 243 31016
148 155 31113
456 513 26907
44 113 30000
451 535 44385
56 378 28844
228 378 70612
46 443 13038
185 189 46872
548 553 27295
11 460 25239
215 234 42521
159 421 31113
98 122 48104
27 166 21024
15 221 38833
30 545 44688
249 254 44011
13 17 44272
121 594 50567
283 362 48508
240 573 23345
306 445 46098
367 589 29732
510 574 36892
47 124 35228
222 350 68768
295 442 53852
77 140 69116
366 476 46174
195 411 75392
89 598 37577
39 520 55009
123 573 25080
321 418 30529
143 478 69871
552 559 25554
31 164 24759
300 451 27857
409 586 22847
2 442 24698
226 254 50249
261 502 30414
502 543 33838
189 494 32280
379 406 13892
101 580 31000
170 240 46174
419 500 22847
345 489 13892
130 227 47539
434 583 64537
112 169 46098
117 377 44553
380 455 44598
39 492 39560
117 367 22091
20 185 19026
321 490 27203
79 115 67469
537 557 72007
231 427 48508
176 235 42953
277 549 14142
133 468 12083
105 253 37483
175 302 48847
345 387 26926
448 583 210060
198 545 39812
361 443 32016
332 568 43046
180 298 18358
496 524 50000
269 366 12000
79 213 57983
39 523 23022
122 216 31016
141 475 39962
92 276 89471
226 452 21840
387 491 32016
177 491 30414
32 78 59034
106 532 27659
72 450 20248
279 414 58830
215 255 52202
170 490 45398
134 575 19235
152 444 39294
20 540 54037
353 370 34482
22 236 36235
151 389 64475
45 194 28018
64 281 54120
24 504 67897
240 297 73756
263 338 51923
296 557 57070
372 518 61327
342 581 92455
458 461 65460
273 417 80062
326 574 34713
327 435 41000
175 325 45277
339 391 18028
215 268 38588
485 576 82347
4 424 16125
150 250 21024
270 477 70328
346 591 17804
113 364 35693
33 152 72062
392 457 13454
523 551 13601
312 550 29069
100 314 32573
198 508 45277
35 280 71007
322 341 15620
390 542 31016
40 404 92655
50 210 21378
4 511 54231
329 404 46098
5 94 47539
281 427 44418
214 527 56080
377 589 16401
16 276 44385
22 307 59908
144 228 31241
58 134 27166
334 497 53141
277 460 30806
108 264 16401
8 188 23345
543 597 111732
158 572 50990
192 462 28160
12 19 87046
177 333 20616
235 238 22825
454 557 120540
76 441 67082
285 453 36125
362 433 69029
132 518 61685
24 483 46957
9 463 32696
157 365 42012
174 224 12530
88 381 70328
181 327 36056
578 589 77833
101 125 109772
102 164 52839
340 371 21541
214 539 34000
246 290 21401
124 425 24759
63 120 45793
173 493 45706
296 373 27659
194 355 43463
51 525 19849
67 239 12083
21 398 59008
308 326 29682
46 279 78549
591 596 50488
343 583 71505
289 380 56303
461 500 38949
363 436 14866
53 71 41785
104 399 50000
17 332 47707
171 193 24839
273 394 20518
123 570 18358
150 471 32249
20 347 42012
79 88 32802
222 499 48600
314 360 31145
131 561 31953
434 437 45354
52 510 13601
41 139 36056
337 528 19799
67 68 38275
87 257 22091
82 97 27019
339 437 28178
331 423 29411
72 112 15620
96 492 22023
63 358 56859
213 381 27785
162 407 48847
29 370 54745
147 361 55579
379 534 44102
158 498 29000
88 365 61522
150 310 13928
27 96 24413
225 387 69123
179 528 21954
343 346 52010
187 550 17692
295 498 30414
376 538 43012
232 374 20591
30 61 64070
171 189 40162
301 551 34015
450 459 47413
202 304 58052
292 546 22023
395 466 16763
65 362 34205
198 409 50249
21 239 50774
351 473 81688
202 257 45541
38 199 37108
73 77 56036
28 577 19647
335 476 29000
78 211 32202
211 213 46530
400 542 31765
144 316 38601
288 385 43046
384 436 33971
233 252 24698
61 413 68622
220 499 57271
124 148 47265
142 196 63032
184 271 55172
228 316 15811
81 238 31765
29 439 66408
333 389 57070
468 527 23259
58 430 10770
98 375 23345
65 143 43417
136 333 41146
141 344 20518
42 475 40050
35 305 16643
99 110 35847
94 529 31241
138 516 43932
322 594 29275
155 559 61221
165 473 37216
146 507 12728
184 207 75505
54 402 51624
388 447 31780
275 283 23345
276 585 50606
147 534 32062
331 399 65031
29 98 43278
472 592 28862
2 12 48374
81 342 102020
351 362 100449
219 303 24042
108 586 13000
135 273 132914
116 198 40249
92 496 22091
76 269 30463
315 330 34409
60 64 55973
206 348 36401
37 241 41110
470 522 32311
94 116 28792
530 568 41110
290 590 84876
55 359 42720
419 512 56080
106 504 47074
438 515 34059
82 352 22472
88 183 64195
51 331 81025
157 278 50120
181 541 49163
269 446 52469
212 343 28636
69 469 19723
160 447 38079
249 396 52202
159 265 65742
348 464 11402
204 282 70214
401 485 27459
345 487 14318
201 544 52393
362 478 18788
18 380 22091
199 456 32280
397 584 20616
79 248 73000
126 236 53712
125 295 19849
127 249 73682
90 335 42426
221 311 32202
232 537 39115
67 265 45277
336 384 32573
142 426 62650
287 365 37696
43 168 37656
407 587 39623
253 384 34482
370 493 50448
465 546 40162
245 529 31401
76 118 60902
8 587 52802
156 260 25000
208 440 48260
90 101 61000
162 484 48301
87 206 26249
274 526 77782
19 191 81688
238 577 56356
46 284 58694
70 598 29682
113 152 18974
200 373 29120
100 306 34540
196 558 48260
3 386 52802
82 509 26077
135 567 19416
174 463 26420
34 568 29206
407 484 33242
67 398 33377
288 337 20248
106 109 20616
1 509 12207
417 567 34015
286 531 48765
403 592 45804
86 524 48270
570 573 21260
447 467 26401
315 528 12042
214 547 15652
1 541 30017
177 389 41593
27 299 27019
81 581 82680
466 479 47707
450 500 38013
171 494 34132
118 538 28601
132 158 42297
330 337 14866
165 214 48847
42 229 45188
180 291 15524
270 514 36056
424 454 47265
448 521 154117
112 458 98270
388 521 40817
156 483 48270
176 317 48104
297 345 53413
291 324 12083
293 385 59414
41 386 29614
93 300 62290
297 307 85159
359 535 85802
79 569 59439
127 317 30463
139 167 24207
15 582 14318
60 426 20616
80 319 68118
32 303 20224
101 256 34928
269 588 66731
46 142 73082
235 426 28862
188 220 17117
37 85 66370
327 548 22672
120 440 43278
66 578 52498
10 584 25495
340 420 29833
284 313 38471
12 25 21401
35 334 55009
506 563 25239
153 569 52038
294 537 26420
161 403 27019
151 490 57271
410 580 22804
129 318 45000
37 174 27857
187 479 65000
103 516 31623
318 357 71176
206 465 45453
520 551 62682
79 533 42942
41 252 15232
26 272 67231
441 538 47802
205 405 24083
366 372 26173
231 415 38601
289 306 23022
135 346 68884
120 218 45277
321 555 29732
131 509 31890
201 350 39962
155 552 57245
545 595 50804
129 258 39699
181 600 12530
190 264 17692
435 548 23770
18 554 66851
107 402 30150
527 536 34482
252 415 16492
259 356 30083
173 472 19647
74 466 14142
369 473 69857
302 316 21932
540 553 37014
194 310 55973
352 509 11180
166 431 31064
95 292 26173
90 203 40460
313 565 40000
179 315 21471
513 571 15524
164 312 29411
154 204 67602
19 380 36497
469 544 15000
165 547 50329
208 566 19849
145 241 38210
128 311 49244
147 227 40447
115 480 39205
352 541 37483
50 517 39560
244 449 12083
93 451 76942
489 522 16279
83 470 30676
128 276 91236
433 503 18439
28 507 30414
6 287 70520
147 217 28425
288 330 33061
133 165 60828
26 301 51923
223 316 39825
59 446 64846
438 471 50931
51 494 22825
91 250 11180
44 331 32249
203 256 23409
336 553 50537
88 157 44045
84 401 36715
145 383 28636
75 289 21633
178 478 50961
320 588 57585
110 133 32558
281 517 34176
269 372 30017
266 467 36125
13 276 47802
192 325 60008
248 593 48010
199 513 29155
146 182 39560
162 391 28160
125 274 118714
95 172 30083
3 49 27203
6 219 25710
167 422 46098
291 293 32894
296 437 13454
260 358 41110
10 397 11180
66 377 33601
100 535 29732
247 509 29275
62 300 16279
226 449 45607
143 362 61294
139 532 34482
153 480 35355
52 500 19000
5 246 39217
280 458 86371
2 526 47885
488 542 22361
323 383 46690
479 555 40012
229 598 13601
255 561 69065
209 476 58600
358 440 57385
73 588 59211
182 449 21932
167 210 43081
20 501 73817
141 390 26683
237 456 25080
501 540 59034
167 252 43932
301 576 64846
104 525 73661
290 572 69778
476 563 29732
36 597 37802
362 495 106892
126 195 75107
99 581 39013
26 520 67720
384 579 32202
15 128 33734
184 431 43658
213 543 55009
317 396 76968
11 593 52631
530 561 62426
266 447 26907
445 526 78772
69 73 57706
114 453 12042
16 479 90785
14 403 35468
131 480 37216
334 461 11705
9 562 43290
409 508 51624
535 562 26926
245 595 30150
190 409 25000
467 474 89560
201 465 32140
243 599 34713
84 510 38601
309 421 28018
14 214 41437
308 485 48094
54 519 53535
83 240 23324
88 457 15811
14 539 28018
487 489 10198
806 755
14 445
468 360
429 964
79 623
716 944
815 635
329 780
243 283
659 817
598 703
20 397
648 568
521 524
513 628
619 514
690 554
56 300
84 338
840 588
736 308
877 337
263 763
568 249
37 410
444 199
428 129
320 440
460 661
221 658
725 531
736 932
988 600
730 634
507 10
924 730
197 240
618 659
404 169
908 235
461 318
576 835
712 171
937 522
484 770
302 214
937 389
940 600
442 368
415 259
855 541
577 101
60 662
343 73
258 302
801 204
78 250
470 917
132 617
322 365
185 605
159 345
623 191
364 328
563 345
838 177
704 254
717 218
248 664
547 816
75 701
606 32
305 673
726 467
137 315
270 569
351 705
789 906
718 827
232 103
355 400
798 788
721 392
580 149
204 174
649 665
229 790
692 847
515 875
222 454
450 837
644 634
202 403
123 641
164 711
414 109
797 815
432 628
398 509
157 314
161 454
789 574
725 89
919 609
967 624
529 250
365 121
82 727
548 242
412 476
88 652
618 22
967 522
408 785
704 761
133 668
897 228
323 539
566 100
647 152
698 719
449 583
743 452
933 424
66 509
920 258
282 380
520 595
846 458
240 212
775 738
101 523
444 482
443 920
83 773
690 279
544 749
686 142
491 298
282 701
582 812
323 284
536 311
738 131
144 237
350 453
268 160
886 419
493 950
448 820
638 346
985 528
778 762
439 548
864 397
641 233
658 875
59 518
670 268
616 944
515 536
279 832
792 173
743 548
488 440
429 108
476 279
719 134
663 32
695 408
826 492
175 739
473 621
207 266
772 82
289 335
716 335
476 394
380 810
469 859
881 744
339 491
697 911
470 50
839 569
594 279
721 511
352 784
813 530
108 705
32 401
673 58
845 476
461 754
845 262
321 221
93 247
151 704
582 650
243 914
249 738
214 833
191 480
380 581
472 898
246 770
396 35
641 140
281 500
436 263
808 880
156 832
767 858
507 485
831 670
460 612
286 182
680 183
710 919
369 786
521 666
328 769
756 107
213 255
761 262
279 488
228 166
762 151
535 854
918 317
420 351
341 873
438 289
803 638
307 374
894 305
575 706
327 385
709 265
741 404
170 209
506 605
124 248
328 465
148 634
42 636
792 733
670 772
272 453
439 839
386 165
447 312
930 630
316 454
789 639
169 488
207 788
816 484
704 87
617 226
806 823
983 622
278 77
95 717
699 209
589 927
564 764
811 703
242 581
956 422
508 90
502 233
28 652
133 411
573 343
602 555
570 747
614 851
273 287
436 9
389 280
421 524
589 360
311 156
403 740
154 192
649 922
386 850
125 333
55 619
454 855
190 714
443 886
351 935
51 496
256 868
813 388
460 843
445 108
156 361
430 149
791 127
733 912
175 790
498 24
144 346
827 304
566 202
676 291
443 807
540 640
752 520
293 122
167 283
399 820
775 142
254 368
819 422
284 59
354 634
658 428
748 711
124 185
443 860
733 59
582 177
869 710
157 779
971 356
419 848
921 494
716 594
708 316
532 59
228 496
910 694
405 843
264 127
233 834
629 333
738 699
457 398
168 858
568 827
771 355
127 826
798 587
236 805
738 96
283 717
559 471
806 767
436 725
670 578
478 794
732 76
790 487
576 223
246 343
136 286
260 215
542 372
934 696
960 557
684 908
242 569
895 206
413 704
535 472
469 715
609 341
216 566
235 886
323 883
409 624
389 521
865 197
777 220
192 155
78 302
753 882
769 498
116 231
920 663
384 893
490 312
778 329
594 936
697 372
608 806
251 835
668 852
982 370
43 666
744 486
222 438
664 827
737 249
919 559
594 747
548 131
335 124
488 537
961 311
448 896
185 167
324 851
363 797
108 730
155 401
775 234
546 763
235 652
242 237
451 328
777 898
65 723
684 444
556 91
648 310
648 290
441 249
912 466
431 948
950 406
314 346
427 303
736 658
832 647
466 907
455 91
100 225
611 374
202 848
829 701
945 686
246 859
513 801
397 640
614 180
300 509
5 468
291 207
975 566
99 356
190 588
607 907
419 965
323 476
599 51
166 335
258 482
400 776
384 953
120 287
573 681
677 842
522 1
641 73
577 717
543 63
681 85
230 253
225 802
217 735
728 481
586 891
449 493
258 681
731 363
476 836
468 602
507 408
500 916
616 833
228 525
991 483
525 380
688 455
743 757
920 286
630 421
610 270
301 875
563 154
704 615
774 369
613 753
764 367
650 402
746 330
415 131
481 666
844 521
577 473
666 636
482 41
30 518
357 730
577 82
900 631
827 801
629 378
519 296
489 729
192 526
341 462
156 749
796 762
569 112
479 943
504 112
555 661
936 452
539 779
695 99
377 248
160 541
372 28
379 218
573 971
761 351
427 170
696 676
870 554
56 422
459 514
391 829
143 665
750 657
167 145
508 268
738 789
236 158
177 292
429 497
338 912
346 522
537 501
842 642
832 740
609 775
816 833
270 690
187 687
204 697
521 478
852 695
560 737
733 498
431 183
890 346
865 671
81 238
648 456
173 622
267 924
348 261
912 359
566 506
786 708
200 278
206 505
283 293
261 146
626 127
79 754
753 616
776 814
759 443
540 657
25 556
745 427
589 143
440 939
488 120
301 435
822 127
949 649
161 423
399 470
500 634
216 911
648 840
562 524
87 739
297 822
300 614
875 184
103 549
138 812
461 574
631 744
744 740
178 637
131 762
894 753
531 841
98 271
887 733
