689 1231 9 233
52 612 61188
36 218 39699
148 611 15264
5 47 78230
441 551 18028
193 501 63891
252 485 14422
192 263 49244
257 296 63388
252 576 32202
22 380 54452
100 108 21024
200 294 62394
449 680 41881
45 135 44944
159 559 45541
203 310 47170
409 486 48836
244 686 42720
219 300 46400
253 425 56365
278 641 36401
201 255 54129
386 569 47011
162 202 39205
80 671 33242
150 255 32757
41 482 18601
353 511 38079
303 685 31828
319 680 39925
184 230 30150
579 589 52355
402 620 38079
393 647 25298
262 589 22361
167 572 44418
158 646 18682
405 423 36674
161 242 52697
89 535 14142
572 636 60531
23 402 29000
206 553 59775
389 456 40311
435 447 32140
162 587 36235
459 538 48374
74 213 58138
56 337 41725
24 308 27019
10 152 19209
67 355 47508
269 414 39560
510 620 80994
674 688 32650
164 330 46043
225 343 50606
79 590 35228
84 503 40792
59 84 32249
116 271 29833
665 675 28178
136 154 38053
241 657 25080
285 530 69354
528 536 26476
81 478 65192
41 204 33242
297 616 30017
513 654 47854
499 554 26571
19 677 55785
391 575 36797
140 531 50804
301 399 12083
241 266 42953
192 662 23770
325 357 21401
379 477 23601
64 545 47297
143 263 50804
171 501 29069
2 260 81394
469 558 35511
51 184 106170
14 27 23259
567 681 44553
211 661 25612
5 38 67417
493 626 18248
257 281 70725
217 331 32140
40 311 11180
255 675 55082
235 416 30000
52 190 41231
6 178 25807
292 460 22091
224 227 33242
17 467 33015
223 354 92114
480 499 40522
164 426 39395
223 409 56009
294 615 65307
160 472 38013
268 302 55317
46 70 43566
290 453 29967
423 477 20025
331 640 34785
90 583 26077
258 604 84853
207 353 79177
399 466 52393
300 498 20518
198 607 42579
273 286 21095
361 371 26571
30 604 53740
664 679 54452
238 241 42450
110 581 28071
51 54 74813
39 186 34000
83 552 16643
142 436 27857
89 516 26000
356 424 44944
437 676 50090
35 334 29155
229 560 48662
205 519 23087
192 542 55543
134 471 23022
524 672 12369
570 654 11705
394 670 27803
263 513 21954
471 592 27803
27 419 15000
52 407 64661
8 392 45000
414 481 30000
198 532 29069
646 686 62968
412 490 57428
336 591 71007
120 601 63530
29 544 21401
506 570 30480
136 524 28844
40 407 14560
410 499 15264
312 415 41773
452 588 32558
572 589 45310
371 505 24042
422 448 35128
99 306 36401
668 689 49497
428 618 31305
34 132 14422
401 584 13153
146 688 52887
490 528 57428
342 492 20125
91 200 22136
542 556 47539
174 490 33734
276 444 18000
331 411 32388
372 406 36497
88 434 21213
82 377 14318
68 73 48754
100 126 33015
90 428 26833
471 474 52173
410 627 48104
290 472 11000
63 196 46755
254 420 69642
188 335 48010
577 586 15524
47 271 30017
86 271 30150
451 614 12083
400 506 18682
163 522 10770
453 569 92574
174 617 31385
145 166 38588
114 304 28792
189 652 42450
149 399 48600
140 338 29614
118 284 67007
360 364 72719
460 517 30000
260 633 23087
128 649 30463
471 568 54037
11 260 12530
195 252 42012
20 415 63953
551 599 19647
128 239 46271
165 593 48052
611 635 23537
186 382 13038
185 360 49649
78 380 28443
560 652 19313
43 308 14422
238 512 155801
189 363 28425
71 138 42438
596 598 67186
434 493 41976
305 581 25020
295 655 37216
502 643 33106
269 571 45967
484 518 30265
473 659 39000
7 109 144392
251 497 72622
495 643 14866
352 532 33526
296 656 15811
180 447 32527
526 560 45000
161 231 17464
413 678 31953
293 633 46043
381 648 14036
81 435 76059
131 219 30463
94 562 29017
69 153 39115
263 267 76538
111 546 27586
128 264 61392
57 78 15264
423 646 42190
243 461 47011
312 570 43012
160 687 62370
73 458 14318
384 682 44721
359 639 41785
181 251 36497
568 666 61612
297 439 55444
84 515 12083
495 502 32016
484 573 35114
267 583 24759
14 419 25060
539 603 56036
11 450 10050
205 301 13416
268 662 48010
96 587 30017
302 473 26077
607 652 34713
606 616 62362
152 564 49092
354 504 80994
128 247 36674
576 609 15620
275 364 18248
363 652 34670
11 633 24083
656 669 11705
525 556 20616
313 418 22847
144 440 30265
453 563 102903
278 616 68250
101 677 31401
22 321 38079
577 684 26173
168 215 46690
91 124 24083
318 362 49244
16 234 34713
97 226 27203
165 619 12042
43 550 18601
98 286 20125
64 540 18111
22 370 94795
508 597 17889
573 581 44822
273 468 34655
27 422 30083
115 321 21932
429 602 31401
14 448 35128
20 613 62642
237 639 27785
469 661 43463
1 600 67535
311 407 16643
65 438 41231
223 486 41881
388 433 22091
367 668 29530
188 682 43324
375 552 22472
61 464 40050
150 675 59405
175 254 25456
202 368 14866
504 645 30529
77 630 64031
342 412 39000
317 451 33000
2 684 62169
79 246 10440
151 326 51624
275 293 41304
22 115 30871
280 580 17000
113 211 11045
1 626 29411
163 190 29120
149 519 52811
236 619 26306
130 526 37108
81 445 75505
201 253 46872
188 384 33422
34 316 16000
23 46 41231
266 632 28160
180 411 27586
332 422 44204
110 489 37590
111 564 60083
76 327 41231
486 624 50537
333 674 16643
173 234 32388
104 515 11402
79 505 20616
8 354 28018
645 688 13892
155 480 43081
73 137 46271
185 200 35468
83 531 15524
224 642 32016
630 677 53852
376 401 38897
105 342 24042
345 371 20591
5 26 37216
33 196 27459
468 496 37121
77 401 24083
470 523 18248
472 569 60902
116 366 13601
133 632 41437
437 640 42953
2 633 81841
125 215 12042
119 281 49041
17 38 40224
119 296 41340
168 597 67446
165 604 93301
157 411 11705
274 498 57140
135 631 18601
317 546 23324
109 664 63506
213 298 27203
442 518 10296
309 441 22804
617 641 17692
120 512 53413
518 525 10050
145 440 17029
345 505 17029
74 235 52469
71 523 42544
339 374 11045
21 78 25000
534 562 35511
54 650 81216
136 259 50931
285 485 25000
135 665 31780
349 491 26926
346 473 45000
35 98 46819
156 548 57871
481 491 42450
324 684 50040
476 599 13342
480 689 76420
328 387 19647
303 671 23409
296 395 11045
240 632 35693
156 488 36770
75 177 17464
64 420 43012
129 562 38328
436 441 29017
81 172 67417
380 680 20881
134 666 22672
84 147 39598
19 137 21932
187 228 12042
401 576 38079
148 639 20616
645 674 30871
158 174 51225
310 533 41110
209 654 46690
5 538 55444
320 344 31113
99 307 18601
65 672 12728
57 238 50249
66 244 52555
221 380 23259
176 520 45651
295 326 20518
367 480 56939
398 614 27857
230 539 16125
194 257 26306
292 654 30364
559 667 43046
355 642 15000
64 152 26476
327 528 29732
185 370 29732
151 338 43417
173 638 26627
516 590 43566
106 176 17000
220 270 34366
246 505 22672
291 465 16279
418 489 21213
403 667 58009
112 362 10817
63 527 55317
406 456 48166
299 396 37054
422 594 17205
356 648 34482
4 272 28018
372 456 30265
314 420 17029
74 360 69921
11 250 32062
395 656 12166
122 181 24083
413 475 27074
275 607 33106
293 363 25554
469 677 35847
482 602 62650
105 646 73007
505 516 32558
109 588 90250
405 508 42297
179 655 29206
310 485 63781
325 498 56223
164 481 51624
57 512 106850
143 513 40262
112 163 14866
661 677 31780
328 533 26173
111 430 65000
13 117 50120
227 279 15133
220 663 25239
65 136 30414
636 669 55803
285 456 36892
217 384 14866
398 486 79831
51 650 20125
172 478 10630
182 519 56036
509 556 52345
228 501 43829
1 529 62801
93 637 54452
343 459 18385
53 76 45354
627 678 44045
444 624 17000
288 605 62241
231 340 29732
205 281 45177
26 28 41400
344 521 46239
37 381 16125
139 166 38626
276 624 30017
360 548 44822
582 630 60166
250 408 31890
42 265 30594
143 191 20248
224 235 15000
233 360 65947
348 568 12042
72 219 19209
267 542 67897
153 288 39560
511 597 11180
225 338 23345
640 676 56586
318 528 43932
457 547 10770
9 332 33541
401 609 31401
154 259 35128
62 610 40719
563 689 10770
240 335 29155
431 557 17889
132 316 14422
85 358 23854
241 501 45880
312 322 25060
62 557 52612
129 351 29833
378 616 19799
17 610 35228
19 553 28018
403 559 25179
423 494 26926
80 459 42426
336 391 69181
212 394 34176
187 501 42638
194 455 22847
306 662 26907
88 400 22847
142 603 24698
277 324 61400
97 526 56569
3 41 45122
309 635 16553
46 402 48508
35 629 39812
50 436 46872
170 442 47265
72 131 13000
14 150 40853
283 668 94340
93 536 43012
343 417 14213
259 683 50448
419 448 19849
72 101 14036
29 510 95692
56 431 17263
164 187 27074
463 525 11180
87 685 42059
64 314 32311
400 460 20224
608 688 68884
57 221 30480
86 549 37483
159 214 45618
3 369 19105
361 591 26173
33 60 31828
3 204 38275
579 668 69836
100 282 13000
339 671 52498
198 605 55660
179 663 28018
365 446 30364
266 664 34132
6 604 44777
42 670 25080
333 587 35000
346 649 19723
11 189 32202
264 575 50567
148 243 42942
52 424 54231
408 586 30265
92 496 39812
142 537 18248
69 591 54562
50 239 65391
36 345 30000
18 267 63008
106 577 27459
420 540 48847
141 218 34234
74 651 48877
316 590 45222
54 230 58310
239 629 33015
358 465 30414
353 574 48260
333 636 42521
470 660 35355
309 537 15652
47 116 38639
234 374 21954
350 396 23770
172 521 11180
235 651 20591
178 622 152086
28 38 69007
272 299 13892
357 498 44643
53 404 26306
39 638 34409
190 648 38626
223 504 38949
90 304 20000
176 684 40497
203 530 48703
317 398 24187
8 631 40311
48 381 37696
529 666 78715
279 294 52924
515 591 45343
347 522 17889
561 670 39217
169 197 52612
297 378 21932
445 658 30480
189 450 28460
74 233 65253
193 657 58600
124 483 62817
141 685 42012
156 321 51313
42 340 43267
88 517 11000
92 273 38288
474 592 35735
147 390 46011
182 475 45177
6 199 63325
278 439 23770
263 322 22204
397 440 34713
30 383 39000
133 240 21378
244 574 37577
7 197 48374
298 620 42802
272 497 21633
280 627 59540
71 215 35511
247 336 32202
449 621 30529
153 591 62073
317 368 17464
95 451 18385
31 267 68505
313 581 45222
12 378 13892
123 514 68411
200 615 46861
679 682 42953
334 433 36056
168 644 50537
44 644 59093
133 679 15232
115 633 58523
68 458 47518
97 106 15524
341 641 67742
357 582 18788
117 332 21954
335 349 47011
207 593 26833
231 625 28178
121 191 24042
403 567 58138
200 279 43932
274 534 22472
404 427 24187
179 287 11402
206 584 21190
68 376 45651
103 637 33242
344 571 28231
329 659 40262
201 665 28320
199 420 16125
548 585 53600
479 604 28018
277 520 56303
10 564 41146
269 491 33242
291 507 29411
4 497 35735
144 174 24698
204 369 30067
244 646 73498
249 668 30017
334 489 59481
47 85 25495
62 675 24739
203 533 38013
251 267 53600
361 505 16125
59 503 26833
623 634 23022
208 258 19416
226 586 15620
329 535 52773
121 329 59008
207 574 47413
175 540 28071
58 198 74061
393 395 26249
387 567 41976
89 659 52498
298 651 29411
35 388 15811
87 316 43829
52 492 49366
13 216 13454
84 390 32450
176 323 74007
341 617 58310
95 587 24839
327 439 43290
82 536 25962
444 545 31016
4 114 20248
22 621 62650
139 606 34828
529 550 35609
75 256 29967
516 535 27785
162 262 49244
305 573 28792
286 509 42755
338 372 68884
97 323 62968
182 595 54918
301 519 19723
104 336 36770
305 484 22804
462 555 10050
161 453 47096
269 349 16125
104 390 21378
21 380 41037
178 254 45541
387 681 23770
411 454 45277
206 376 23431
472 625 17088
208 356 15297
379 523 45891
372 389 16763
379 543 32757
261 287 22472
277 421 41761
96 167 36674
285 310 63506
102 439 42521
353 686 52631
224 233 15033
75 378 20025
87 270 45398
436 599 17804
209 513 26420
373 426 43566
155 410 46957
86 507 41110
24 43 13928
394 625 37656
228 241 38833
558 578 25962
558 673 42755
17 28 56036
315 412 51865
262 265 27893
188 349 25000
330 632 37363
198 549 64195
398 546 33242
421 478 30610
487 681 34132
153 605 47802
242 453 86354
243 514 46872
216 259 41593
352 549 45188
36 141 22361
531 552 29428
53 432 15811
251 350 88752
145 379 32202
394 561 54745
101 578 15620
92 302 14213
80 220 19723
364 585 74793
268 556 61685
50 544 32450
55 255 63906
270 663 32802
62 467 26401
170 581 28178
506 613 28460
328 643 16031
252 376 62769
134 474 62129
149 180 22561
438 520 24083
225 337 33136
66 311 34000
326 655 25495
512 621 31321
470 498 56859
18 31 39459
212 472 24698
218 339 37121
33 63 71694
268 307 59548
246 590 33526
430 546 60877
63 547 113759
113 464 34785
412 565 34655
155 169 90443
177 256 20224
5 683 63561
432 637 32016
68 310 60299
55 608 45122
6 479 21401
58 575 51313
253 631 23345
64 276 35228
358 524 38626
232 280 59076
73 553 35171
396 573 36359
7 452 44944
232 580 63127
174 315 52326
258 383 36401
319 512 21840
190 522 30000
169 598 40311
15 527 49729
150 332 40311
287 316 25318
249 554 16643
542 618 38328
385 539 54424
193 380 32249
37 653 12369
386 622 61685
73 661 58258
107 403 23195
435 466 47634
304 583 10198
8 404 46011
325 602 18028
239 551 46174
410 554 27803
608 647 38626
210 541 28284
195 256 32202
296 393 34886
40 105 23854
131 300 49000
208 365 31385
532 607 17088
146 255 63008
232 413 18385
30 612 53852
428 463 23770
166 660 34540
101 558 24207
178 479 28284
188 331 42202
76 102 39013
429 500 16155
98 629 33601
118 248 20396
293 488 57385
95 614 25298
175 420 63702
138 379 38013
370 548 21213
222 507 41437
190 424 44283
136 216 44407
18 322 14036
214 495 35000
432 628 37014
32 475 73246
32 119 39408
383 604 77492
415 570 35341
12 389 28160
67 510 65490
347 565 40224
37 48 30414
260 408 49336
452 596 20224
96 636 23022
337 557 41629
94 274 19235
10 622 56604
6 258 72090
82 637 35228
434 506 31575
181 267 62394
221 319 55758
284 555 76662
443 643 24413
168 566 193132
494 508 37483
469 673 44418
157 331 32249
68 502 66528
453 622 176230
176 438 42048
529 626 65215
442 489 70605
130 222 45607
489 509 73027
315 646 12369
553 584 50040
190 356 24839
341 606 64257
360 585 36797
243 537 26833
44 274 26077
77 553 51894
170 484 23409
129 578 37121
107 535 54342
318 347 37802
488 633 21190
127 354 73410
407 612 42485
284 598 67201
219 351 20248
197 596 59540
184 461 23324
219 289 34234
25 292 56727
332 594 42544
138 508 53000
320 447 29732
564 622 49244
295 530 19723
362 536 39623
464 623 31016
346 496 21213
25 214 71007
217 640 14036
239 264 64140
70 402 36401
20 245 65000
375 541 17889
379 470 48836
17 417 42154
124 200 38601
143 306 35511
501 657 49518
34 107 25495
132 261 34234
346 503 32016
157 180 25298
355 416 40311
493 613 62008
385 461 52811
561 687 65115
324 373 36674
171 426 50990
326 406 55579
276 314 19723
70 264 59439
352 560 36497
144 341 29275
183 409 61008
385 603 17720
288 549 25080
130 323 33377
289 300 24187
45 675 56639
9 594 27295
237 388 17088
20 196 34525
400 517 21095
521 571 33242
168 508 57035
21 57 21401
417 467 63253
367 499 41231
186 638 20881
48 103 44407
139 429 24207
118 580 48600
427 637 32280
116 374 32062
554 678 22825
433 489 33615
210 431 43463
171 684 60803
112 653 20224
257 466 21401
163 362 23022
239 476 46043
124 601 26249
294 601 85440
377 628 26401
425 688 11180
49 566 94112
22 449 43829
83 439 51245
462 519 54781
405 511 32527
122 457 21401
588 682 53160
60 245 60166
628 637 29411
350 497 17464
450 633 31765
335 682 54037
464 634 16971
551 629 58258
137 677 49204
147 247 42953
136 421 60407
1 527 65947
248 462 21587
455 658 53367
123 243 63506
15 600 44553
23 544 30000
248 413 60208
474 517 67742
30 236 51884
125 498 75326
237 611 28320
397 477 16763
73 348 23345
12 297 22361
430 564 52010
395 669 18358
482 630 79228
25 121 16279
158 397 22825
127 425 29069
41 500 39395
463 484 37577
42 283 12000
55 282 30232
27 28 26000
25 191 11705
267 322 65734
222 291 24166
20 493 38013
30 619 42048
180 320 33377
359 418 21954
407 492 35014
269 331 35468
225 459 55973
483 621 48260
24 348 25080
593 604 141209
97 229 40311
545 546 74947
529 634 33015
146 425 49092
340 668 87201
426 684 58078
284 454 55731
214 474 70605
487 643 26926
265 670 17464
151 372 54203
129 566 26249
93 653 25612
108 126 42048
52 565 52479
56 541 30480
418 639 28284
213 402 37014
110 313 19209
199 446 13892
108 647 34015
245 312 40249
44 125 65795
59 361 50249
29 620 55543
81 658 61855
14 610 18385
538 671 54562
103 427 21000
198 364 67007
150 448 12369
465 524 25554
373 414 39000
271 382 30529
261 655 11402
229 408 32573
498 582 32802
236 407 45618
94 351 32388
136 672 21378
85 291 14866
39 366 10440
108 608 13153
218 303 18601
356 365 32140
376 485 65146
161 290 41617
354 392 37014
461 514 10440
56 210 43000
16 173 22847
31 122 39395
463 618 20616
341 440 36069
281 595 31401
468 649 37216
154 683 36125
58 391 57871
195 369 10770
377 528 17720
127 645 20809
307 662 40112
243 635 23087
508 543 49041
114 267 20248
24 550 28636
482 609 46573
45 62 47539
274 289 29069
229 250 31780
143 209 28018
534 644 81541
255 282 63702
113 308 27459
284 676 26173
160 569 34438
242 340 38053
366 382 32140
454 555 59203
14 17 47802
443 487 14866
436 476 28160
392 427 13153
98 273 20000
126 455 21024
61 469 25318
527 600 25495
368 561 49010
177 204 39446
91 185 20100
256 456 31780
202 451 30017
283 579 73164
143 662 28302
67 650 95352
40 66 41485
16 153 33956
9 117 25554
48 183 58412
69 371 48374
251 547 87464
482 500 47011
212 561 58694
258 446 34059
26 683 36620
308 464 17088
240 330 53535
49 673 62769
194 445 23854
386 687 45011
60 457 36056
124 615 19026
32 249 55973
411 437 35805
443 681 27785
227 642 13038
226 408 21541
183 486 40608
140 372 62370
120 483 15133
498 660 61098
15 623 38910
123 359 55172
102 375 20881
49 61 51788
271 366 19925
205 595 25000
90 299 25000
9 13 43046
405 494 27203
416 620 41146
99 473 48083
458 592 44272
167 636 47634
423 543 35511
211 469 38588
159 667 37802
480 563 86279
68 438
784 271
260 617
114 219
559 467
500 975
997 508
515 688
650 511
614 927
693 250
363 628
687 489
571 549
5 529
494 350
525 536
133 318
160 610
71 398
862 226
780 189
484 132
108 534
237 354
596 471
581 528
571 504
473 97
421 955
94 312
824 689
42 365
389 425
313 149
453 362
474 817
502 503
557 384
341 894
250 661
788 783
95 539
97 750
519 637
458 164
601 401
496 796
18 594
442 141
505 10
405 849
477 693
459 69
638 656
476 614
875 209
526 193
371 291
65 343
69 585
537 593
6 427
576 917
696 406
330 934
617 35
194 527
481 350
495 187
166 822
125 656
150 548
592 171
331 636
433 704
206 604
862 201
411 353
468 456
726 491
436 744
407 642
399 275
626 406
589 345
430 389
149 423
358 339
164 216
685 90
300 238
478 794
86 707
676 766
693 717
723 333
329 193
289 315
675 634
111 655
434 665
502 752
413 269
321 881
738 337
372 406
684 653
977 365
238 103
670 852
442 817
82 578
121 238
767 217
563 394
663 533
928 584
792 666
777 85
249 343
58 296
303 43
701 72
145 795
702 615
605 734
377 213
62 668
631 350
138 656
397 437
942 356
143 447
561 653
691 436
145 594
201 798
255 693
422 597
449 384
390 92
219 331
304 755
261 762
615 659
371 247
322 91
853 523
609 564
394 541
602 912
502 317
653 438
955 694
704 180
856 477
287 796
279 405
745 867
818 834
720 770
437 831
866 345
370 965
241 729
729 724
144 849
983 608
223 130
808 283
783 455
515 341
327 764
576 963
738 354
315 629
515 996
416 459
848 501
74 278
882 605
532 842
399 16
687 110
557 350
864 318
897 415
674 276
445 859
226 350
212 298
818 224
724 585
289 623
37 392
991 556
568 254
517 914
664 83
593 645
689 794
298 504
281 649
813 575
216 564
299 943
467 890
203 354
476 657
93 577
770 847
534 175
238 425
136 803
697 480
904 446
483 388
110 668
458 439
855 186
659 386
587 782
594 107
444 551
739 311
606 76
873 310
688 313
429 19
802 827
926 661
609 108
520 373
585 119
375 931
316 120
912 243
382 167
921 352
881 272
862 805
360 71
311 885
123 359
401 350
410 229
908 588
877 707
695 282
80 242
288 581
567 684
558 981
616 596
318 609
750 581
471 909
656 473
704 256
401 471
765 750
169 322
437 200
758 777
920 290
132 255
235 259
859 416
424 434
586 375
137 203
329 213
95 724
624 231
556 888
791 441
380 702
621 74
975 628
809 620
663 639
788 771
927 517
311 549
311 202
409 450
540 328
114 702
794 868
637 396
200 397
665 236
641 25
361 478
757 644
367 650
550 153
149 196
138 705
819 563
289 247
472 403
148 228
209 130
254 325
274 304
87 551
365 109
254 521
346 904
159 341
253 91
546 905
304 811
405 425
663 812
388 797
825 139
815 496
747 208
147 319
664 355
774 382
208 725
375 493
407 736
285 463
308 344
892 307
872 449
644 544
664 726
298 174
896 367
439 243
447 584
428 568
520 391
824 807
300 726
338 864
475 511
837 474
429 344
339 242
411 827
133 532
873 408
129 168
91 675
604 299
229 906
538 704
581 66
464 875
195 708
639 426
263 81
659 151
414 317
436 808
652 258
621 213
496 878
567 381
890 763
679 805
279 619
715 120
439 326
361 584
807 366
531 392
440 645
234 549
422 747
351 635
232 776
834 196
482 831
570 349
436 919
918 441
396 78
683 899
304 458
322 136
366 600
417 248
508 248
515 733
726 628
782 815
746 645
151 159
267 785
642 800
814 552
158 402
222 586
505 152
349 409
481 719
243 846
367 548
355 890
719 303
531 781
913 715
867 481
353 828
913 648
822 402
128 369
561 101
486 520
274 100
593 537
533 916
751 429
609 517
250 810
426 899
618 708
830 329
502 731
176 192
240 712
610 877
493 617
472 708
300 138
134 438
793 527
416 102
896 502
736 396
402 693
274 751
387 103
228 177
289 450
556 870
711 565
505 907
825 524
606 552
805 153
683 249
663 779
959 484
821 881
872 526
703 594
331 580
45 313
147 534
462 498
178 399
379 28
887 593
199 186
71 545
653 399
763 564
526 569
353 188
73 610
184 767
144 470
783 868
303 269
195 481
886 650
408 129
251 790
775 448
487 992
939 734
822 372
235 650
762 87
215 152
296 569
564 817
279 439
718 214
271 121
360 771
863 383
356 855
93 429
227 824
259 453
336 221
125 185
152 720
900 723
234 697
837 285
239 478
359 267
606 748
416 333
140 407
620 372
201 851
269 194
552 43
220 869
819 118
180 341
369 25
410 280
384 339
160 423
219 182
836 573
760 394
794 457
427 835
187 785
675 412
209 181
667 341
18 481
417 764
58 500
344 488
392 638
594 267
267 482
76 736
360 353
443 769
372 95
504 474
415 27
578 935
456 637
199 244
215 804
460 114
587 871
651 832
35 317
694 123
563 318
80 528
386 121
421 633
159 582
891 698
888 583
217 200
485 601
92 640
324 412
640 305
728 806
57 706
879 796
651 909
378 804
42 685
345 467
142 524
730 898
160 384
826 448
752 686
182 140
277 901
483 221
259 595
753 314
99 665
815 703
967 613
210 105
178 700
150 238
209 584
686 176
749 299
692 747
953 452
769 728
391 382
440 314
161 492
323 955
623 507
828 595
962 504
209 867
967 571
405 116
37 498
721 55
209 707
413 83
459 993
515 271
277 666
610 261
682 666
247 605
554 556
335 99
393 909
131 380
652 774
700 53
337 649
354 748
204 206
379 957
524 119
789 127
662 957
40 546
541 862
789 852
96 447
946 680
443 731
349 166
156 644
550 668
928 317
711 234
59 533
358 94
692 694
471 740
537 356
302 96
905 460
367 736
593 75
269 464
121 804
622 722
292 814
718 652
481 845
349 225
523 19
567 129
633 287
462 814
171 388
398 482
748 657
871 249
691 542
318 305
209 742
113 593
234 307
444 460
949 308
574 624
128 464
302 375
876 737
737 661
765 793
480 425
687 415
50 648
650 735
561 599
946 499
106 624
902 678
956 362
840 176
313 436
938 401
617 441
772 332
450 426
270 873
684 854
629 710
883 786
