575 994 9 132
51 492 41231
232 339 32696
35 341 83006
115 527 113071
475 554 45486
179 351 62642
32 415 52355
298 550 61351
365 566 43658
227 332 13416
38 432 49679
55 240 62682
187 472 108467
21 102 95964
542 547 59682
371 466 14142
284 549 33287
25 233 31016
192 548 34132
113 229 15297
454 502 44283
8 93 17263
305 386 31623
129 164 49820
65 137 39205
10 252 35735
50 236 15133
78 426 26173
142 167 40853
155 202 61400
7 357 23537
132 208 30067
72 296 31048
82 274 22627
1 168 41629
56 485 41617
230 353 23345
152 357 30265
191 397 22472
207 258 50922
234 330 63127
199 545 73055
415 488 62201
194 318 25942
177 356 57628
358 401 28018
24 533 24042
166 334 26000
24 565 27857
61 333 33061
10 204 44045
182 255 73824
12 470 15297
114 490 24739
157 573 12728
293 503 17464
43 64 61000
232 316 20518
260 460 19105
138 507 29732
347 429 27857
287 532 31305
215 527 44777
153 171 20248
144 276 27166
350 549 14866
472 476 54918
370 381 15033
196 343 65192
417 544 16279
114 402 54708
101 512 66888
44 288 67007
331 466 18000
99 456 75186
198 535 54626
43 305 94810
245 300 51546
30 484 42450
111 421 21213
369 483 14560
229 408 39205
17 33 33526
299 559 40497
92 275 36878
173 523 56886
242 402 29428
305 335 47854
165 530 54342
72 557 58000
248 510 43829
508 563 43417
9 38 24739
171 273 29069
118 216 35355
457 557 27659
24 114 48052
296 415 14560
160 424 17029
195 436 13454
139 508 40706
47 481 65368
9 176 44553
202 279 69642
401 458 62000
58 221 24207
322 380 60208
56 448 54571
498 555 79076
288 482 43382
161 369 56569
332 514 12166
311 546 110766
209 235 79076
182 276 50090
431 465 11180
256 396 29155
38 498 54203
120 390 39115
67 248 54589
56 226 31385
240 477 79025
151 269 22472
143 387 14560
130 364 19799
120 344 35847
199 548 49204
504 507 14765
71 555 82710
233 328 47885
12 291 21095
123 425 13038
156 411 30017
7 461 23087
234 462 12166
213 220 62169
1 353 15620
107 444 27803
112 419 40817
264 414 43382
322 348 44181
25 328 36401
403 421 61685
34 239 29120
280 339 39319
342 544 39459
139 543 135794
45 259 39925
52 241 22627
110 444 46043
133 321 26401
9 204 36139
52 286 26173
210 245 22472
291 340 11402
62 110 79006
122 496 35903
176 204 41195
195 251 47802
305 349 66310
212 422 36401
222 491 33302
124 479 45706
95 235 42544
99 451 47297
13 138 35128
436 519 62000
26 515 34132
39 259 52773
169 349 53600
437 478 50774
188 445 25000
277 503 66910
66 154 37108
11 192 29000
112 463 56921
386 479 22136
2 211 40311
332 379 18439
96 97 63063
14 253 24207
91 275 36497
345 538 46861
174 227 60745
458 543 78230
154 202 46098
297 566 34655
63 373 77000
46 428 37802
20 422 26833
331 358 26907
503 550 40224
39 521 53310
380 394 13153
8 494 35228
251 287 62201
558 565 30414
316 520 13601
156 354 31241
27 257 39560
143 532 16155
14 70 58549
120 193 19799
154 493 22000
301 503 26000
131 153 48847
158 203 55362
90 459 18358
214 543 82710
64 252 43566
364 431 25080
138 494 17205
191 254 12530
450 475 52498
82 526 15620
474 569 54562
169 228 68884
248 391 23770
36 556 57280
38 80 19698
314 402 49193
208 517 22847
185 283 18358
250 266 57280
479 542 39319
217 412 37643
346 531 29206
241 416 56939
3 455 16971
27 142 37121
383 452 66121
188 500 64622
159 307 54231
509 569 45000
247 351 32985
326 532 36346
205 465 20616
274 399 15133
412 477 74673
223 516 20809
496 565 40608
316 339 16125
274 353 29682
145 498 14866
424 443 49497
27 171 42720
366 457 15232
99 540 45453
323 422 39395
128 362 71000
148 308 70007
475 574 49396
256 474 17029
450 541 39000
9 252 64008
64 575 35777
54 412 53535
445 487 22472
178 492 53907
495 513 25710
5 73 12166
16 255 24166
268 540 49769
46 94 74330
282 482 58421
15 75 72250
338 381 31890
273 545 54589
124 305 47127
413 493 48260
87 168 44553
66 380 25962
330 455 27803
109 230 22627
382 427 77201
37 245 20616
12 559 16401
256 510 40224
270 467 25000
105 309 25239
416 421 59008
88 149 71000
119 267 52802
152 560 14866
318 534 24698
173 482 67779
65 117 52173
188 570 38079
217 536 16492
183 474 21401
191 377 47707
175 258 16125
16 317 45177
219 413 44102
196 250 63820
105 133 146055
374 390 11180
320 406 48260
199 410 59034
411 564 32573
298 504 51225
85 370 29069
269 376 74095
5 442 36401
248 476 35355
304 350 19235
150 342 45122
53 406 30083
404 570 11045
41 312 29069
41 558 14560
156 197 12806
133 452 54129
11 306 72567
125 528 13000
480 560 29682
195 524 19647
16 237 80100
41 565 39357
42 336 46174
319 401 25000
180 527 99925
130 249 10630
222 306 50329
427 483 49031
81 252 65947
497 515 69642
23 117 81933
266 468 62394
149 568 49336
6 200 38949
33 396 52345
128 468 76551
25 220 28425
49 330 43174
266 438 52202
1 201 31780
280 315 78568
199 533 40608
179 203 52173
412 536 32388
338 389 14036
13 507 14765
403 539 29069
42 447 86331
31 181 11000
51 178 51245
169 417 28792
418 574 30594
403 452 24413
21 392 44045
121 556 10050
5 291 95352
172 341 27295
141 429 33601
3 190 13601
337 434 57775
121 573 54129
18 234 48765
401 543 42190
60 294 62241
306 437 41593
67 472 33015
106 521 24515
87 361 24021
183 509 32985
55 239 31064
9 432 40497
40 473 23259
389 488 29017
29 283 57306
215 463 75027
188 487 32249
201 230 29206
15 377 19416
314 548 31906
464 575 42953
43 150 27893
184 231 35128
212 323 29206
92 300 18682
259 318 19698
303 486 21541
2 116 35014
73 219 52202
124 386 28302
365 400 15033
271 521 50010
186 363 12649
147 240 13454
508 571 39115
33 362 17493
326 492 45011
423 545 29069
78 170 23601
393 441 12166
190 455 23345
18 330 61294
41 357 27586
198 368 43829
245 275 42450
224 238 39825
141 312 36892
131 423 14422
20 239 26627
140 217 53852
144 247 23259
66 348 39962
518 531 17088
194 367 151648
126 347 32650
30 348 42426
230 263 36401
164 172 27803
216 317 18248
160 446 51971
97 435 16031
15 254 56356
270 414 38601
224 506 37443
465 546 71063
230 363 27313
19 205 43267
380 420 22361
69 190 68154
169 398 46043
102 500 72560
110 369 27019
353 363 15133
182 272 44553
402 449 50990
215 433 10817
176 404 34928
449 490 46098
135 546 25554
476 510 37162
361 504 65000
380 453 31780
224 549 35114
40 416 29155
111 222 45651
66 394 33601
197 354 33526
278 471 46325
139 571 38588
426 550 46872
189 569 22804
115 137 45541
197 500 24515
207 450 18788
405 571 61685
109 206 29275
112 116 17464
294 418 40000
46 405 20881
395 487 23195
23 489 124036
216 444 17692
62 356 16125
19 77 61847
151 529 29000
257 554 27166
96 191 24331
198 231 19698
424 499 65795
127 159 97247
27 273 34525
267 442 32202
328 371 57079
32 121 57070
57 104 46487
238 512 68593
112 211 20000
60 563 33015
68 143 23345
175 279 42942
269 529 29017
117 457 49092
261 378 14422
56 203 39459
271 308 52555
317 346 23022
304 397 40112
132 494 35511
53 465 87321
117 489 63655
436 516 13601
120 264 39699
4 57 44045
49 55 65215
74 551 35228
9 10 62434
309 521 28844
242 449 30364
374 377 59076
410 533 55154
167 451 16155
146 556 66068
104 335 62032
162 232 27000
2 32 23431
372 418 38601
23 440 13454
288 524 59548
134 485 45398
229 262 60745
36 573 17720
448 551 18028
55 147 67231
338 434 54342
347 480 18385
466 505 56143
503 512 57280
505 530 76059
64 79 66008
238 284 27514
178 501 70036
75 426 31401
280 376 77279
541 554 20591
162 201 19698
133 345 49477
277 397 45651
44 524 43909
19 123 31401
94 133 74061
502 568 45100
76 447 58310
126 141 30083
315 520 41231
48 96 48166
378 562 52479
37 438 44654
43 464 15232
223 227 56859
184 250 60926
260 388 11402
360 395 48754
226 448 39560
443 522 72835
163 290 20396
140 287 55227
323 334 42012
470 559 13153
189 509 30414
357 490 28862
501 536 68411
89 190 48260
26 149 49518
145 176 25962
53 409 65788
159 356 23707
372 458 83235
148 333 29069
4 221 53535
354 572 50160
290 335 23409
419 553 90244
28 225 26926
408 495 24413
54 83 39395
101 352 30806
125 136 16763
61 128 31401
218 554 59908
28 244 47760
106 473 42802
158 315 70831
3 18 74632
439 443 55902
282 544 24021
75 281 37855
11 491 76538
419 463 62434
163 567 96338
69 236 21954
204 289 46957
47 210 41976
118 361 34234
187 367 23022
202 493 55218
359 461 10050
102 487 49649
28 271 29614
333 347 34438
34 334 19698
302 388 37855
200 572 29967
37 275 49649
354 498 46840
237 255 74673
242 286 26907
122 336 43932
91 481 48332
127 441 29530
355 425 40497
135 406 42059
60 525 43417
204 404 13454
4 360 65069
22 475 29732
182 325 54626
19 568 24698
306 552 80623
210 569 34670
253 379 29120
225 461 16279
271 416 54083
297 407 48795
103 567 14036
327 515 22825
223 514 51624
194 534 37108
180 433 49163
341 447 12042
14 99 47170
272 351 33242
67 308 87092
320 446 50537
281 511 33015
183 367 21024
35 142 35693
392 395 65115
73 299 39623
127 303 29000
136 528 13038
25 442 33541
114 565 51624
27 478 16125
181 459 31016
48 435 41617
17 260 40162
293 301 24839
337 389 17205
311 324 56754
19 454 18028
329 506 45541
264 467 38275
115 146 88091
58 392 34015
250 275 61033
319 358 17889
58 290 83217
203 226 15620
65 72 39051
320 409 13416
336 410 38184
15 193 36497
62 307 56294
490 537 40050
155 165 34132
42 410 21401
225 359 18385
225 537 26627
44 407 25942
7 537 31890
166 330 48662
250 438 27857
165 292 21633
83 181 29530
7 490 28018
246 508 38079
98 283 78892
221 392 21932
79 252 72422
12 103 40804
343 499 49396
446 499 30067
161 382 48332
324 343 29069
112 434 60465
405 428 36125
321 345 24021
543 563 118903
170 467 53824
399 526 12530
207 456 52010
58 104 31765
202 265 18358
74 468 48260
89 209 28792
109 439 48466
192 545 60208
148 248 43174
21 58 29000
355 526 36620
257 541 22672
34 55 48466
12 484 66708
386 547 56939
257 528 23854
484 542 64475
99 243 31890
154 265 44407
8 132 15811
153 423 37656
245 460 44000
20 63 20000
397 549 37443
91 196 44204
161 483 51108
196 385 64288
86 228 36401
299 470 45000
50 71 48754
93 425 43324
97 374 89872
2 389 48466
370 486 36797
282 342 42048
72 117 65795
109 162 36892
310 319 17000
68 387 20224
17 362 33971
25 267 21260
36 146 21954
15 430 74706
35 131 78772
98 366 23601
388 460 11180
289 464 42297
213 371 26683
121 469 54378
350 397 36892
94 405 78237
118 531 40025
81 90 77414
155 292 17000
44 140 70880
26 497 42202
372 574 18385
344 414 47424
85 441 19799
312 558 18682
261 301 14422
242 244 20396
288 407 59237
258 456 16553
167 243 32757
214 458 25239
70 379 51245
257 478 31828
120 281 47927
17 438 23087
56 84 41231
6 285 39395
174 223 14866
448 529 61188
118 518 33734
231 250 60017
256 391 40200
513 538 34366
280 529 30529
105 534 73007
47 509 102416
74 108 15133
44 251 70605
175 372 36688
83 459 21213
346 518 29069
322 398 45880
113 513 40249
80 432 48083
78 298 34928
205 431 14142
382 471 73007
233 371 25000
129 532 45607
134 203 49396
116 211 19000
295 373 77833
119 219 29547
281 426 37590
84 485 11314
71 89 17029
57 335 39560
212 303 30594
31 400 38949
126 429 31016
118 562 12207
538 539 25554
262 552 21378
106 309 30083
140 297 90554
91 92 53254
254 430 42720
61 396 101533
141 152 33838
137 489 10817
173 453 38288
22 294 53852
184 266 23345
431 454 38275
384 517 16492
419 433 59933
249 431 36359
95 285 47297
301 307 34132
349 417 53235
133 383 119206
243 451 38833
87 274 37483
278 382 62482
329 553 68250
59 265 49244
71 90 46098
251 519 69642
293 512 53235
13 504 26000
11 286 58310
391 510 33615
424 535 46840
289 570 52000
121 157 51225
373 427 37014
505 561 30017
428 525 10198
76 471 46615
6 564 29547
135 465 83385
265 523 43046
139 246 10050
70 268 34205
182 237 37121
108 151 15033
47 300 28000
270 327 37802
170 511 49244
213 233 10817
102 411 62936
284 512 61400
129 268 60828
16 346 31064
360 445 26077
208 384 35355
49 69 63032
100 530 36056
150 349 51400
86 547 20248
218 475 25495
111 241 14765
86 484 40112
63 295 27295
27 375 43186
59 202 61984
393 434 34713
304 553 60133
47 189 72471
366 557 27295
108 376 81345
193 374 21190
48 304 43081
437 552 89051
7 560 25632
112 337 33015
77 186 39623
294 313 61057
158 351 23601
160 409 25000
302 474 32062
163 335 28636
136 375 13454
144 272 21954
123 497 24597
85 381 25080
101 393 54589
93 494 34540
100 292 35114
18 488 56009
105 383 27166
310 331 60803
76 336 73682
229 345 85586
29 98 70342
84 128 65000
243 375 28231
168 346 35057
264 511 19209
277 550 48301
311 406 54781
73 119 63151
113 495 30806
179 325 84581
116 469 43186
50 69 21378
39 45 40262
125 243 19209
352 506 39850
385 481 39051
100 561 45541
344 390 60902
88 327 46098
235 572 28425
107 562 13000
107 110 66098
105 521 38328
430 550 40050
249 502 31145
103 542 31048
368 535 34482
228 484 17088
82 399 18028
253 523 32558
177 295 48508
340 470 16155
88 130 120540
218 313 49739
261 562 55082
209 555 83199
77 263 27586
302 396 18111
398 453 23409
247 315 43174
122 179 61620
198 376 80753
45 472 33956
186 355 41677
51 501 43000
418 475 48166
46 525 45177
279 561 73783
262 408 69462
174 516 24042
54 147 27203
114 199 43909
200 285 52811
79 365 52154
310 543 14422
263 439 51108
325 336 96566
55 477 45804
214 294 41000
368 424 51313
514 519 34015
40 421 51108
175 561 88589
29 95 20248
185 440 30463
206 522 27166
252 575 25495
389 462 30017
278 326 17464
64 288 63702
65 296 49204
159 177 70576
52 491 52773
81 400 21633
16 520 61221
68 172 37000
173 420 29530
73 340 72567
134 496 27313
80 555 34828
82 384 35384
132 517 14213
182 382 50804
387 532 29069
451 540 21095
440 564 121511
276 315 36125
323 486 31385
114 314 29682
109 522 39408
529 551 54231
364 465 21541
30 413 50090
54 236 37577
145 500 41110
63 477 40224
324 385 37736
244 286 22000
329 549 32202
180 435 75133
321 539 38471
187 510 25020
164 451 83439
246 543 128316
59 456 45011
166 462 54231
416 473 16155
220 442 13892
31 566 13601
101 224 42012
11 548 22804
359 480 32558
224 352 25495
157 469 17804
378 504 40025
117 185 59414
206 376 48083
394 420 18248
22 313 46000
124 567 80050
230 460
486 105
576 221
879 344
972 632
787 125
410 798
202 395
777 280
810 333
505 777
967 540
209 315
701 597
228 149
320 467
219 719
553 150
112 404
471 304
943 271
704 776
710 51
429 711
944 696
86 332
612 716
432 851
729 138
861 536
680 338
501 87
229 751
501 261
602 644
458 37
159 746
771 256
379 908
507 908
385 756
504 654
844 387
669 431
340 918
668 898
94 771
292 92
557 253
625 291
491 426
525 838
37 521
607 340
519 306
345 677
913 372
943 300
750 610
731 847
320 773
378 310
459 320
783 387
582 68
785 563
308 893
514 538
604 295
643 589
646 247
573 106
970 620
246 638
234 221
483 570
160 443
189 243
717 386
753 248
726 301
218 409
643 324
371 709
450 177
899 485
261 399
52 297
635 234
649 293
106 694
76 738
185 392
643 968
740 155
288 140
259 84
661 156
676 637
847 685
370 181
890 191
991 507
928 328
423 967
452 924
314 369
244 623
198 489
377 389
554 861
435 113
612 877
439 758
535 14
451 106
633 79
294 379
908 632
178 169
512 31
431 673
131 379
974 415
667 670
332 796
422 217
315 742
580 518
23 414
524 655
217 390
569 971
385 656
25 513
651 675
578 29
212 350
779 905
601 451
343 768
609 679
530 521
385 525
815 223
447 18
581 332
324 835
52 368
837 414
259 624
375 779
569 674
821 554
842 652
815 148
472 63
358 586
373 301
99 568
400 450
229 509
976 398
571 567
871 634
499 219
624 641
268 443
825 487
175 262
576 693
549 550
742 532
697 499
754 686
808 248
439 276
542 431
390 627
325 34
669 338
403 500
186 846
194 655
692 72
199 436
218 864
842 242
140 827
587 229
284 164
525 756
192 155
314 959
672 474
133 659
823 158
177 644
461 720
768 159
237 491
811 599
339 638
812 289
76 428
202 518
708 687
219 360
645 207
135 780
451 125
449 267
939 734
797 790
383 32
319 404
573 405
679 779
920 605
966 678
924 315
594 839
686 509
369 139
409 837
329 650
718 556
886 519
627 874
214 473
159 652
256 509
933 725
506 163
723 194
623 306
400 463
344 170
493 289
571 341
541 854
481 815
652 658
477 835
143 759
780 895
364 535
282 845
31 407
170 711
626 487
776 344
720 582
278 175
330 489
220 832
649 702
756 670
355 955
206 757
286 316
660 823
179 463
152 199
795 590
211 671
930 680
622 562
251 603
124 255
438 880
396 544
578 722
234 425
112 730
358 522
283 212
484 518
792 666
264 578
197 213
775 462
701 88
318 179
751 109
499 835
564 492
736 430
833 331
972 378
988 538
859 652
310 285
756 790
432 324
543 98
647 373
203 275
943 591
94 743
294 304
205 801
443 237
308 132
929 429
576 792
323 322
389 861
444 953
885 799
25 601
363 737
704 822
464 742
322 525
271 523
316 422
337 947
893 784
93 555
593 960
823 498
467 244
39 656
425 550
500 511
94 278
910 683
355 125
547 211
921 750
706 562
322 806
509 243
950 386
460 640
454 140
454 151
269 539
985 549
553 577
793 424
68 654
145 183
617 959
303 441
353 821
819 542
868 455
325 141
372 567
388 156
218 450
791 168
178 400
394 312
405 775
901 768
402 820
876 279
260 375
244 742
203 448
37 428
713 334
642 142
195 865
138 624
360 410
476 190
913 740
743 721
459 397
185 135
641 684
188 564
244 138
274 324
692 574
778 538
475 175
444 470
450 964
244 385
71 676
959 439
534 535
197 764
468 150
175 130
260 836
909 299
424 189
765 536
897 235
223 803
305 172
779 485
219 427
714 319
873 769
486 786
530 940
822 280
688 904
45 550
681 408
596 850
99 543
487 667
845 147
562 369
883 581
113 218
547 112
492 883
815 460
732 758
400 92
768 518
551 882
483 280
532 667
110 581
144 378
215 246
422 396
691 868
363 795
263 215
62 426
739 294
374 38
401 163
258 68
663 484
583 751
196 721
153 507
720 60
436 191
959 666
103 532
331 391
862 257
48 578
541 576
292 664
452 824
700 704
630 626
516 960
771 507
94 405
564 233
749 655
636 128
811 769
658 309
187 759
412 821
494 165
453 59
838 373
57 436
903 750
131 231
273 678
483 77
970 555
445 543
307 926
486 898
203 833
684 754
277 880
492 343
626 724
966 460
370 814
62 714
717 469
374 406
902 525
379 701
451 217
874 238
497 149
587 35
433 782
572 814
501 466
843 554
198 360
582 870
396 681
120 357
804 213
50 608
818 182
491 383
54 386
294 278
235 315
847 754
400 118
222 322
743 886
154 854
243 865
164 214
335 238
576 895
694 560
83 298
674 492
228 381
301 412
663 546
282 515
428 929
175 521
752 588
691 469
689 858
208 421
422 10
662 682
280 604
883 687
285 418
536 506
436 688
350 968
155 594
557 401
431 822
581 929
559 942
641 608
664 719
961 499
877 811
799 463
530 696
12 491
910 468
491 759
336 151
261 255
275 658
656 802
312 72
646 729
726 226
513 21
615 146
381 742
957 553
386 789
832 728
301 369
764 848
814 137
403 721
672 349
992 493
99 383
154 809
833 279
746 925
741 172
463 54
726 728
799 355
