701 1785 19 127
15 584 35057
233 366 52393
67 521 96540
272 385 25495
10 158 54231
48 156 59000
140 323 45891
54 62 45222
286 326 54083
68 278 22000
84 108 41195
211 266 16401
128 479 35228
224 348 40311
407 677 57009
239 331 23409
8 157 64413
22 200 122931
315 333 35114
66 161 65307
81 666 52393
369 520 25612
502 598 52154
89 137 24021
41 56 22361
337 442 56859
165 443 18385
179 473 38601
216 266 17889
202 426 28636
535 665 41629
68 343 35000
26 234 31305
27 699 13892
125 413 25298
43 79 15000
210 357 53935
164 667 38328
17 83 17205
31 564 53263
335 556 26019
262 532 49254
71 699 30414
84 236 20125
468 647 42521
240 395 36346
528 601 19416
350 438 42438
162 425 36688
424 470 78409
179 296 89107
52 67 24597
228 631 89944
73 440 35171
295 664 17493
45 480 25710
377 547 51624
119 223 12042
110 510 28601
498 561 32650
587 663 22091
417 478 29069
83 264 22204
429 493 37643
502 553 50329
39 457 18974
2 381 37162
527 695 47539
610 616 27203
267 661 43046
194 436 57280
460 701 35805
178 248 65513
563 630 76538
74 137 58215
196 519 32016
394 558 27166
178 671 33941
559 570 22627
215 414 44822
287 655 47518
154 654 26173
267 621 67624
358 686 18028
245 412 15033
384 603 42544
333 696 58694
232 598 31575
7 387 36401
249 462 39357
237 558 58249
112 540 193807
15 522 36878
510 608 86701
450 632 45607
354 507 14318
513 631 30364
208 331 32558
8 332 31401
131 151 47518
50 400 36401
164 416 93005
101 334 26926
295 539 10198
419 438 77414
129 361 19000
198 221 39812
281 449 46239
277 521 28160
358 432 10198
359 668 46487
174 408 78791
439 486 24187
108 144 55902
190 556 47760
172 697 25239
342 441 46239
393 596 44102
123 434 45343
417 533 48508
64 431 27459
208 409 36715
344 673 48260
179 594 47265
78 256 46872
205 675 56080
165 662 50606
159 288 70029
7 168 44944
187 462 48104
277 307 54708
255 351 48374
44 389 42048
30 688 17464
54 684 54037
80 415 32985
1 390 35014
115 328 36878
270 404 33734
386 606 28000
16 519 83054
168 378 50210
224 517 50448
399 675 46872
24 564 28160
540 683 26833
204 700 29120
31 435 37643
27 71 24042
218 255 20591
13 71 46141
108 163 70235
67 90 37483
76 263 41761
42 176 53339
460 649 43829
142 558 36674
382 623 45880
31 108 61587
65 613 52393
381 478 34366
90 521 59203
18 426 62682
146 660 29155
50 93 84386
227 627 50040
97 627 12083
281 575 64405
191 400 48466
231 414 46174
431 495 42450
3 669 63285
438 463 27019
220 363 18358
59 605 18028
30 500 38210
70 248 29120
122 285 38013
196 554 10440
102 294 69635
152 604 21633
214 395 79812
16 371 21932
228 683 38949
66 298 25080
300 326 51088
436 585 53451
100 401 12042
522 559 65192
324 647 68877
114 219 12207
223 641 32696
31 611 42720
349 437 24166
463 696 17720
132 381 17804
29 195 17000
446 541 33377
198 593 24166
3 659 72471
109 327 45651
143 447 31145
211 663 12166
157 206 29428
18 273 34785
284 682 41049
6 334 20248
161 276 27731
303 655 54406
189 638 41012
128 585 30806
258 259 31906
258 430 35468
34 281 21213
485 509 23537
388 653 38626
167 380 49396
142 393 38949
118 230 19105
3 54 47854
279 287 25000
397 467 19209
612 670 49396
154 603 55902
96 620 43186
499 615 27893
134 286 16279
303 441 55803
140 220 10198
181 531 43932
38 276 61685
136 516 45398
88 492 17464
80 413 46615
504 541 55462
48 312 12649
275 514 25000
99 648 39623
194 315 53852
43 338 47424
160 338 45188
54 168 70576
11 679 34525
323 437 27514
94 475 13454
180 190 22000
29 600 13038
92 189 15033
261 544 30067
180 462 55227
487 516 49406
214 645 52173
127 145 43863
285 542 44822
122 480 12530
113 352 22847
25 71 28160
53 501 53263
442 494 11180
370 633 52086
643 679 37443
307 338 42942
310 383 32388
125 415 51662
147 599 25000
320 623 39812
254 695 40804
21 181 47202
99 548 61098
30 477 45453
38 522 23022
411 541 58052
529 578 50220
74 86 28284
418 701 45880
116 155 50249
259 430 30594
490 658 13000
118 331 41231
46 435 34205
15 255 28160
348 517 23537
307 646 20248
6 298 37014
69 693 33242
316 473 23345
14 268 11045
44 684 11662
628 701 24021
174 364 60415
130 518 51740
3 32 68884
647 665 42107
464 699 31906
77 613 73763
171 518 36139
16 656 89006
467 686 30414
297 358 56648
143 629 36139
41 517 66851
515 537 45277
57 135 64444
303 580 36359
183 193 72622
201 221 23324
229 571 36139
121 308 25942
157 189 41146
119 256 40162
245 405 35384
396 431 47424
310 625 40804
330 676 32650
99 105 20125
168 473 89000
5 217 53038
6 581 32558
203 448 22136
541 700 71701
19 693 35511
341 501 33838
52 171 32249
349 567 16492
103 181 24698
174 495 40460
261 471 32016
79 563 80062
384 425 29682
34 439 27857
267 302 49477
133 148 14866
170 595 47413
401 501 48508
185 658 46861
17 122 33838
68 133 38601
42 687 18974
172 555 37363
93 424 108190
332 607 25060
36 185 38639
133 625 47802
260 521 48508
121 619 47434
129 561 44407
577 656 46690
120 630 26306
552 695 45255
452 592 59908
237 258 50090
143 511 48260
248 583 40719
146 645 48010
28 434 28443
548 592 81099
285 532 23409
85 158 29732
602 673 33526
360 474 14422
262 264 28792
271 273 16279
160 404 27803
108 181 54083
408 510 14765
343 448 87664
225 505 10050
317 608 45188
83 291 22361
82 426 48270
151 284 32016
11 138 16000
208 239 16000
19 70 25710
23 546 65368
309 673 21213
465 677 62642
372 454 18028
51 492 145344
49 455 25000
41 539 33838
111 440 56648
357 635 33106
176 226 45310
89 429 59439
216 449 31113
197 573 16492
269 539 23022
232 556 62032
125 318 17464
49 217 32650
438 696 26000
21 103 39925
31 35 49366
12 576 16553
342 565 26173
249 525 41869
633 689 35014
61 660 38484
575 587 43139
384 456 25239
184 216 39051
23 515 53740
230 551 37054
49 507 28862
597 664 28018
334 683 44283
175 487 51088
476 524 33971
186 411 13892
150 222 42485
151 643 16155
572 602 28460
227 680 18028
386 405 36674
366 491 52555
191 441 13892
102 643 48104
62 509 43738
380 525 47854
91 363 45891
121 388 25495
3 464 35735
126 523 36056
205 591 77885
187 215 55227
678 699 39395
72 131 17493
528 624 32311
126 375 14866
167 462 63530
292 418 30017
305 514 61717
298 641 31016
206 372 38210
240 323 22472
137 361 49739
156 671 46690
145 338 49254
326 658 52811
178 281 55082
148 233 30887
275 471 31145
86 391 47539
38 406 65000
393 558 51923
338 668 24187
156 235 37363
15 38 38079
48 519 78772
131 639 40311
354 537 34713
491 602 18028
19 245 26627
168 469 56089
254 375 52498
172 344 33242
308 388 30871
132 685 42953
190 682 24597
391 650 22472
447 618 13038
418 674 40311
184 261 29732
1 124 38275
95 413 18601
33 93 28160
296 594 59481
481 643 44045
72 151 38833
197 377 28160
27 464 34366
445 665 29069
159 191 57219
55 60 24839
234 373 26907
21 375 62225
365 545 49254
176 575 60415
323 395 46819
158 586 61522
370 406 13892
471 478 18000
451 585 28844
472 513 18248
195 233 28636
317 685 39357
63 238 65146
258 301 25318
294 481 39459
107 315 14560
47 167 41195
553 556 50931
114 389 18385
59 117 10050
57 365 24207
340 630 34176
40 383 10440
556 594 17088
113 407 45277
288 577 14560
442 503 26173
114 509 30594
180 473 52811
152 573 40311
193 542 34928
103 524 34828
557 574 25495
529 649 61327
358 467 38601
116 521 30232
471 514 28018
376 612 48270
569 591 83000
356 554 15620
11 284 46690
234 664 21633
102 366 56223
534 553 29833
84 162 11402
110 533 30083
36 658 37054
67 171 27659
117 605 19235
129 209 52953
179 180 30414
305 559 50010
45 83 10050
483 571 41231
366 383 31828
137 345 42059
219 509 23345
133 589 10050
83 606 29428
75 428 36688
452 651 22847
405 412 27313
442 470 60638
407 568 44272
448 537 37590
217 591 49336
409 551 44944
18 382 45706
41 597 45891
333 419 33015
53 424 122123
236 456 16279
420 426 55543
504 566 36401
105 169 28636
5 23 70456
160 359 48083
172 241 13454
288 656 55570
136 675 51430
205 365 63561
649 651 61188
81 321 25710
182 291 37000
619 653 12166
283 582 15133
209 373 17000
217 569 39000
121 156 49193
265 298 34205
50 441 30414
636 681 51624
632 640 44204
135 244 55154
60 293 109490
586 657 19925
139 213 18439
158 315 59414
427 506 18358
179 190 28160
36 618 36674
479 602 33526
289 377 77026
548 615 39446
11 215 25495
59 343 29547
339 474 59034
488 498 42485
72 402 12806
89 586 41037
169 188 17720
115 395 37643
31 144 12083
18 77 20881
358 508 44721
626 646 31828
134 655 38000
455 507 33287
435 636 33601
315 586 74277
25 293 55444
213 222 29206
212 569 11402
382 653 33541
351 558 45310
138 199 36401
199 215 31257
410 518 55036
162 496 31385
63 246 46872
592 634 45122
288 610 48703
246 538 47297
241 697 31401
184 584 38484
167 249 38328
81 113 26173
356 494 29833
25 379 16031
455 515 29017
555 697 28302
204 645 21840
244 591 56080
363 574 43829
96 499 45541
26 597 26249
123 558 91782
473 525 59034
499 536 65947
175 592 30083
139 595 50249
488 517 70385
630 666 15556
228 581 28284
423 618 61612
166 422 48083
465 568 44385
196 503 25000
497 562 24597
26 129 59034
608 613 95126
38 314 23345
55 588 19209
229 436 29069
423 500 39051
257 420 30083
4 414 23324
221 415 18358
212 343 182483
478 544 21471
192 490 23022
451 479 49092
392 603 57219
346 545 25612
439 698 21932
58 621 39623
368 667 37590
198 381 43267
332 597 52393
386 607 41340
176 427 17029
343 625 19849
464 678 34205
84 496 34713
315 429 72732
157 632 59439
92 226 26401
42 662 55973
32 509 42154
106 529 42544
168 670 46872
53 642 34785
628 674 34655
33 63 23022
302 331 49729
345 347 18788
132 484 36688
347 429 42048
76 391 39205
145 677 66030
43 307 71589
194 585 27313
53 353 44922
384 627 37054
145 676 72367
500 616 11180
150 595 35114
237 430 78518
102 467 32249
377 604 52802
359 646 44045
82 623 60638
9 143 15033
511 629 36346
299 611 46690
365 444 39319
690 692 40804
161 393 42000
22 437 17493
16 312 31064
195 600 22204
78 161 70214
306 477 13153
276 314 54037
182 386 55543
176 587 25710
8 189 77524
6 228 26306
6 683 33000
218 550 25962
423 477 39661
309 572 26306
94 644 18028
470 494 65924
434 640 23770
93 538 34482
383 491 48549
87 437 33526
267 549 14765
171 385 50000
335 690 51420
98 649 40025
505 568 10630
161 596 24515
301 355 40608
159 656 62290
59 448 58138
134 389 41593
115 240 26833
287 303 54644
247 615 64195
159 356 36056
2 685 38328
24 208 15000
350 546 59481
174 377 89844
7 525 47539
273 398 27459
5 455 67067
429 586 31765
225 250 11402
73 667 34928
311 588 12166
453 516 25298
324 669 41110
425 620 28425
450 517 58258
261 275 30083
65 608 45011
574 660 23087
109 376 39699
186 446 22204
346 444 27857
149 445 23707
85 520 11045
192 362 23087
37 213 28425
557 660 31953
578 592 48166
63 672 59682
95 382 21932
310 673 52773
318 398 17000
206 454 45880
123 302 64815
222 674 40311
133 433 28284
187 414 48260
291 386 41110
105 592 81123
238 665 38013
468 700 13038
79 277 99464
91 543 66468
341 599 50160
196 356 23087
287 490 47518
118 302 68710
162 456 28071
123 237 108208
128 451 23770
20 493 15524
378 684 32558
514 573 50090
280 324 67357
121 337 41183
13 293 16971
41 450 20809
447 483 73062
182 656 73376
609 649 41725
530 693 15652
309 344 47760
87 567 24739
35 681 39294
63 538 37656
83 458 26249
656 688 63561
34 449 40200
10 586 14765
61 645 17029
537 697 44283
66 265 29275
283 533 26420
392 667 13454
238 445 24083
204 468 27459
94 623 21190
2 582 37696
461 492 32757
305 522 47127
673 691 56851
363 543 38053
517 523 57871
4 511 40719
377 570 51400
566 700 53666
89 650 42438
403 622 17029
565 610 58241
17 606 26870
533 582 21095
339 390 13892
97 236 31890
200 202 26401
78 596 64288
2 417 48052
563 568 21024
428 689 22561
260 277 46819
300 658 58009
155 171 70937
163 236 80802
184 512 42190
203 697 21024
102 397 18788
36 47 11402
192 287 42802
123 640 40804
199 414 32249
422 571 58694
222 361 40262
120 340 17088
151 692 52498
37 375 42544
230 661 12530
228 540 65215
127 465 37947
402 639 26627
173 424 110259
264 458 22136
16 405 60216
32 485 51740
242 631 56754
211 512 20248
499 654 29120
146 574 40706
201 439 21260
154 392 55218
4 229 25942
226 248 28231
63 580 38328
529 634 35468
589 625 47096
489 548 11180
26 86 47424
97 456 19698
137 292 48415
229 511 49366
200 251 16763
177 259 26019
372 638 28653
282 415 14422
69 371 31048
13 376 18028
325 490 15133
137 222 35228
166 571 28443
364 396 24166
79 307 76158
550 663 12207
40 602 34828
173 214 72719
90 155 68600
158 369 25495
189 386 79480
326 525 43139
373 539 13928
99 592 84865
81 440 55973
312 371 31113
280 669 64195
112 289 58694
477 688 40706
155 359 55543
185 618 14142
97 440 82006
126 488 13892
76 166 50606
502 534 31257
207 290 12000
564 611 26683
5 244 12649
385 652 10050
272 334 47170
482 597 26833
232 579 21000
570 633 38588
435 681 29120
211 575 31257
286 300 21000
387 684 24166
181 188 26173
80 388 32388
407 636 57035
55 534 11662
69 671 51078
151 682 54037
432 508 46043
305 584 26907
559 633 39812
364 431 33061
86 285 48765
198 415 31048
322 341 32249
35 435 48415
100 501 48000
24 239 13892
135 365 72615
202 251 33015
32 149 44721
448 697 26077
36 447 34132
145 465 20881
299 331 42190
313 654 14560
476 651 16492
109 469 51039
14 698 28636
56 450 10630
120 250 16492
3 562 31623
224 274 25080
185 423 58000
140 395 25020
400 424 49649
452 524 63246
69 178 49649
48 141 60440
231 629 16279
15 211 40792
23 241 66940
215 284 65620
386 412 50329
44 387 20000
187 231 40706
123 576 66483
56 304 28862
131 690 21932
23 350 36620
37 488 40050
303 389 48270
96 648 29547
278 433 13928
159 342 66219
80 125 46098
100 328 15652
135 545 65460
280 659 11662
40 310 32650
381 417 40000
185 325 34205
126 254 48260
506 587 30887
203 605 27659
87 323 28018
283 608 55154
142 596 20591
429 696 65008
416 624 36125
12 259 43566
223 518 56036
162 384 23601
431 604 33061
117 691 38626
466 605 29967
121 235 55785
362 565 34205
497 612 30083
212 537 57306
389 580 50478
65 398 82389
237 355 12042
293 376 32696
191 342 36346
254 527 30414
19 530 29120
112 513 31623
336 403 18788
519 656 38210
91 574 18358
318 413 13892
18 82 21095
232 327 30463
601 614 16401
30 610 23770
78 301 50804
315 451 32650
339 532 53488
73 680 21095
122 597 32202
198 486 42048
97 384 34540
43 127 49000
357 678 11314
55 311 14318
189 412 58822
219 580 44598
325 616 29967
71 379 34670
176 248 32249
620 648 20100
256 259 53712
58 410 52000
227 440 42438
475 623 11402
247 614 36497
101 641 43738
272 540 31241
263 657 44944
392 680 13416
279 490 41869
76 650 33526
162 188 37483
94 257 18974
353 642 26000
615 624 30083
153 381 29411
398 685 38639
314 393 33242
457 617 28320
347 418 28231
204 665 36401
92 687 22023
76 86 52924
142 394 14318
265 641 10198
256 518 71344
228 242 61847
165 454 26926
283 317 37736
452 649 69584
78 119 23409
58 160 51245
493 609 47170
14 121 43600
210 678 63600
389 655 51400
291 606 41785
227 392 23770
550 587 13000
74 361 33541
367 604 24352
306 474 58830
292 674 21587
150 674 28425
492 622 56727
313 603 54918
110 283 19209
146 395 51624
382 413 26019
165 558 51788
130 621 63071
597 694 15620
148 433 25080
180 187 72443
104 151 26249
256 301 39319
665 672 25080
27 612 31401
453 634 20000
128 297 18439
93 173 57009
129 373 50606
446 557 16000
175 247 48094
664 694 13601
242 428 51430
16 48 37696
106 453 10770
53 257 31890
29 233 26476
119 641 31016
335 553 35735
175 634 37590
160 270 33121
285 482 12649
645 660 36014
75 289 55543
77 273 21401
237 394 33541
202 613 65970
41 295 25554
466 555 21541
352 440 49254
288 565 33526
42 226 44181
115 290 12806
305 573 43105
617 622 19849
293 598 58138
96 603 55660
104 643 23537
268 671 37162
121 470 46840
274 434 21932
306 423 32280
319 623 20224
80 308 18439
267 576 46872
20 609 51225
70 245 21213
91 411 21190
157 640 38013
261 449 26173
275 584 48083
304 450 36000
251 426 31016
110 608 63285
281 671 30364
163 435 30806
590 678 28160
436 508 52202
41 664 23087
379 678 47676
123 206 34928
225 321 27785
27 497 27295
154 313 15524
445 535 37947
461 481 24597
329 333 11402
423 483 92973
210 504 99298
10 374 51225
181 527 51039
273 318 24352
131 692 35468
177 621 44147
460 651 27295
155 410 11180
290 341 38601
440 666 55785
177 256 46000
125 484 41231
153 484 22847
385 518 68600
51 195 65765
551 661 32280
103 170 30871
378 387 27203
625 691 34205
481 639 34000
676 681 39000
526 628 15652
187 284 87727
76 422 36620
60 598 74673
127 568 34670
309 546 50249
147 426 53814
558 662 43600
235 337 40497
532 542 43417
329 419 31048
80 221 24352
286 387 11180
311 553 43966
7 286 43267
471 544 10050
294 461 24042
22 411 116400
160 668 29069
220 574 45891
483 511 31000
125 685 40706
2 317 36056
677 681 41012
70 583 31016
96 313 27019
178 575 39925
389 509 43566
136 487 37577
147 353 30610
8 386 51662
263 374 21378
73 227 33015
173 328 27295
250 321 28601
321 407 19235
276 393 39051
51 343 30806
147 420 26926
69 156 60836
149 535 27459
271 318 11402
106 516 18439
360 532 29732
30 423 51039
120 666 37656
547 570 19105
487 614 42953
310 691 12369
161 265 69857
168 525 54626
204 672 37947
164 630 125801
403 617 28071
35 409 14142
333 438 67742
39 492 13038
480 532 49578
418 609 37000
370 689 61911
297 479 41437
1 262 18439
437 543 22672
567 599 65376
135 438 50160
75 112 31780
34 486 32202
67 540 90250
479 572 19647
53 401 31780
445 485 26401
247 548 52697
69 312 16125
91 557 30414
359 410 54129
397 686 26907
646 668 16401
512 584 40460
468 665 32202
338 676 74706
421 617 41195
100 173 35440
67 560 48083
377 495 75690
230 409 22023
11 432 32527
102 481 63008
134 387 13038
146 220 29411
80 95 44418
351 506 46573
261 593 29120
15 218 38328
139 222 37483
219 238 41400
407 465 36797
173 395 56586
28 632 54129
462 629 68029
65 273 68659
287 362 30083
159 400 17692
246 580 21024
503 519 51478
241 537 46573
330 404 26833
170 526 58009
28 274 15620
401 424 122115
239 299 20396
336 588 52431
443 687 17088
344 466 33541
189 583 49739
488 523 37855
89 657 24597
54 670 60745
255 506 36620
353 501 29411
85 369 21587
50 538 58310
483 618 79850
147 322 34015
408 608 100623
444 545 14142
449 593 27514
419 572 56045
617 690 39699
253 538 29155
123 454 61033
169 425 39205
75 513 25495
78 355 55731
178 693 37336
14 201 28160
238 672 29155
200 567 97129
159 554 33941
493 696 42720
458 459 19849
152 197 35114
36 380 31064
30 288 37483
430 576 32558
107 479 53367
321 505 25318
225 568 19235
147 642 34366
357 669 36770
321 568 33136
368 666 42802
117 466 34986
85 436 44102
238 485 14318
209 269 13454
46 252 22091
365 529 62201
199 432 45000
73 368 23601
90 116 41000
206 640 26926
22 567 29017
416 499 15556
159 519 42190
46 636 22204
371 530 14213
101 272 34928
489 499 46228
551 681 48042
316 525 42426
255 314 32894
58 270 48795
366 467 40112
151 679 37483
671 698 20616
463 493 41437
113 321 38833
21 595 55036
337 470 11402
139 150 25020
20 429 31305
187 629 48104
201 486 16401
118 409 30000
590 699 20616
164 499 77666
196 442 38210
144 435 38013
95 653 33106
229 520 47854
449 575 55731
24 299 13601
489 615 37108
461 600 33015
111 252 10817
7 378 12369
75 547 37643
262 339 14036
68 195 59405
377 573 39205
183 474 64070
52 385 27203
452 476 37336
100 115 36401
22 202 149308
116 260 36401
359 626 51196
103 188 31064
64 417 33302
548 648 28443
105 452 76655
234 694 22023
193 422 40608
153 198 27295
39 88 18028
8 304 32249
98 493 50990
34 198 33242
23 455 38079
268 698 29428
233 433 25318
167 629 30463
352 407 53254
611 695 64777
51 403 218552
526 701 34438
190 594 50448
319 475 22023
157 638 13601
82 320 38601
447 511 63285
299 517 92655
516 675 17029
73 666 49244
524 526 68096
526 595 28018
396 533 22023
118 208 15232
87 349 22361
150 628 42107
136 528 105019
409 681 46648
141 442 34713
71 612 26077
659 669 67742
402 481 32016
396 408 51088
21 531 32650
476 526 66370
223 256 46325
272 683 36222
327 594 40249
247 624 62434
110 396 42638
17 332 30676
60 588 31016
102 233 58241
635 669 12649
183 423 10296
302 576 34828
86 129 41617
452 578 18248
478 514 32757
38 255 29547
46 111 19416
75 472 16031
507 537 40447
367 431 14142
141 337 46325
37 139 31048
242 370 66641
42 92 32757
45 264 17263
330 551 18788
137 391 49930
549 621 59641
63 219 64637
562 612 34986
127 563 30067
291 459 30017
102 679 54148
676 677 16763
53 644 25298
351 393 32016
138 432 24042
41 269 51039
603 620 50567
517 695 72450
506 662 40706
560 652 14422
175 614 53413
98 463 40112
470 619 40447
101 518 71805
159 565 68964
406 559 67624
175 516 43046
198 282 29732
272 652 20125
355 394 31145
4 231 30529
443 454 21840
419 546 16000
7 326 44598
101 298 38275
21 254 28636
108 611 67365
164 536 14036
122 532 46872
256 258 47424
90 171 45277
32 62 41110
101 385 52173
375 488 23195
35 564 40792
270 549 54589
5 591 52773
50 253 39115
423 616 44721
311 336 44777
155 260 44045
82 382 51865
78 265 27313
169 524 49477
50 191 29732
227 603 50922
328 395 38897
522 584 43417
140 363 26173
636 677 51894
311 534 23854
193 474 22472
99 620 26571
88 461 21260
109 598 24187
250 340 15620
384 620 38639
297 585 36069
279 658 39925
18 613 77000
99 425 14765
12 267 47297
420 642 26907
374 520 31575
248 575 71063
61 446 54918
269 373 18974
28 348 45804
42 506 56321
207 501 20125
523 695 23409
112 472 17692
144 163 25298
108 527 62434
527 552 18439
428 513 19698
338 404 63032
422 483 52010
97 111 95425
175 453 45044
340 563 43012
243 545 41761
222 292 42297
243 346 40000
578 634 42755
246 303 30067
579 598 11662
88 481 28160
457 622 36497
356 424 32249
342 637 31064
1 264 13153
357 464 30232
404 676 37121
91 186 27459
125 398 12166
79 127 51245
475 644 24000
181 496 20616
197 604 36620
186 557 25554
130 177 39560
297 508 29411
544 593 34059
14 439 23601
281 698 16643
383 589 36715
377 559 58941
212 354 26401
242 581 40311
269 498 20616
245 583 16125
124 656 68819
289 547 68949
287 637 29275
104 402 13153
406 522 62394
549 551 49244
333 429 79906
32 659 27586
107 329 16763
379 590 19647
130 410 35777
111 352 15524
263 650 23409
103 169 39962
64 514 24515
609 701 50120
65 77 57306
364 408 63891
29 294 18601
381 593 46043
15 512 30364
504 700 70178
96 489 25239
270 551 50249
132 153 24413
369 374 24597
266 575 27019
174 289 104657
87 341 27313
303 342 62801
19 371 24042
428 631 38079
323 363 38897
365 675 63789
170 524 35014
237 301 32802
336 421 35384
304 632 28000
72 104 24187
320 420 14318
39 622 48374
199 436 38601
326 380 27803
297 491 40000
489 648 26683
53 319 62650
417 431 30414
368 630 58258
42 427 48052
121 201 38053
122 482 38328
366 589 41000
20 347 21260
293 588 140293
24 409 41437
565 637 23324
146 214 55036
484 685 29275
416 615 16492
49 569 30806
81 120 23601
464 497 37202
487 601 49254
182 405 46174
246 253 33422
396 417 49031
33 214 53413
65 317 75472
92 583 45122
78 641 31145
572 673 28601
114 580 43012
279 655 28160
48 69 26306
247 528 50537
112 631 43382
408 613 192010
276 370 34482
336 617 25000
403 588 63906
348 632 51420
8 607 13342
296 473 102694
507 515 17029
476 701 55471
58 359 10296
540 652 33061
124 390 34015
316 462 25179
296 327 43382
106 675 13928
74 129 30265
5 135 55731
469 670 21932
168 296 69405
448 605 43417
210 324 19105
266 512 21378
98 243 13342
185 490 42438
277 563 179524
164 624 129016
195 492 82462
462 473 21932
210 635 23345
360 542 28018
324 504 82225
274 302 55009
311 421 44598
166 263 35341
457 639 20000
9 167 31113
317 582 34366
319 653 25710
109 579 31575
15 550 46098
172 546 77104
22 543 39699
53 470 99569
527 531 10630
682 692 38626
318 382 34785
273 382 42202
26 285 22472
153 282 19313
69 530 25495
286 655 28231
294 600 10198
406 633 45891
182 459 38471
277 626 45607
150 526 38910
64 367 22672
94 320 29155
10 369 46615
380 658 51088
252 636 15524
32 54 53339
575 663 30083
204 214 57871
358 491 59540
234 295 21213
164 368 67676
87 240 24083
124 688 66030
254 531 26420
508 585 34059
536 667 43382
331 517 85000
257 644 16279
123 430 84000
118 661 26571
492 600 61294
279 300 32140
141 235 15556
196 494 39000
138 215 17263
9 47 26173
362 610 47011
186 541 45000
348 450 42379
123 274 52202
432 686 19416
549 661 37643
48 503 63348
133 278 24698
149 280 22023
577 688 27203
101 223 48415
553 690 44777
217 455 49406
344 555 19105
500 610 18028
345 429 53488
115 207 10770
361 561 36674
271 398 12369
192 325 15524
446 700 61392
362 637 15033
147 251 39319
108 552 59548
259 621 55317
221 486 10050
117 343 28071
242 689 36878
57 591 70682
70 693 34670
399 591 103576
379 699 26401
180 682 24597
536 654 44598
12 430 18385
66 581 52431
260 626 28000
426 613 66843
54 562 42544
210 669 31385
457 690 49254
566 647 29698
60 502 28425
74 391 27203
355 596 26926
309 419 51196
216 261 40112
540 560 42202
10 657 14318
136 399 32000
376 598 52887
298 581 45277
9 447 21541
130 256 48918
51 622 201626
324 535 67912
213 361 39115
270 621 42297
474 532 31048
281 439 25495
396 510 45122
341 567 23022
1 458 19925
322 501 34540
39 639 22804
28 224 11000
201 308 18028
372 443 12649
58 130 65115
57 244 28160
229 414 35903
343 537 125220
280 535 37054
188 496 14142
88 639 24187
225 563 34000
510 524
430 891
907 575
689 371
524 67
105 715
797 524
415 530
698 463
560 304
755 306
220 524
976 489
493 765
328 742
492 653
469 521
562 905
455 645
510 249
340 297
764 909
582 107
255 408
981 532
478 443
946 552
322 479
827 195
613 547
218 339
854 619
736 705
448 789
212 388
707 489
421 362
293 727
892 243
717 177
416 454
347 629
37 396
796 574
480 525
173 317
716 482
506 688
591 45
664 677
796 120
35 638
656 833
860 566
954 350
406 474
485 79
108 498
744 90
970 369
837 759
823 592
755 692
358 859
514 961
159 694
24 616
792 130
480 692
430 651
953 529
864 286
128 219
506 380
192 846
559 388
542 911
166 640
22 396
501 821
95 290
583 903
479 535
255 246
624 327
510 408
741 884
875 237
525 321
18 579
837 832
375 612
728 732
617 851
539 844
226 148
216 231
480 196
280 189
697 819
102 671
785 246
325 260
843 274
298 198
399 92
611 226
251 287
932 460
406 956
157 306
163 859
121 293
785 629
719 848
27 539
743 100
232 426
144 632
76 276
528 791
480 489
297 541
531 556
504 867
374 352
37 347
659 249
476 384
120 562
873 301
429 868
769 161
785 571
533 122
381 33
501 322
739 306
429 332
773 823
553 726
246 647
699 448
213 328
67 379
792 797
650 900
774 175
862 663
428 307
826 294
332 866
443 848
184 151
77 544
506 747
358 560
614 299
617 654
113 447
223 681
262 237
189 320
147 149
330 622
603 363
720 441
835 500
304 226
353 273
51 610
657 100
707 785
298 948
350 100
374 675
157 548
436 715
827 397
813 370
302 269
501 590
602 491
361 793
669 496
864 827
741 378
299 243
376 597
835 370
674 649
674 544
557 434
627 290
827 178
583 681
299 854
439 821
705 319
650 955
490 793
626 966
699 85
826 737
440 36
329 555
715 858
246 420
424 394
956 656
368 734
609 18
443 344
769 747
736 323
386 763
562 30
338 705
792 639
783 825
478 813
466 326
132 633
322 468
65 301
391 633
161 218
101 741
666 359
213 424
705 397
938 408
801 190
450 429
542 737
237 255
222 619
817 672
262 420
743 860
647 91
158 765
483 183
512 71
433 630
729 653
302 103
402 659
758 446
72 292
645 939
151 315
703 674
334 325
320 715
157 594
635 857
200 574
183 547
49 510
389 803
524 512
571 348
497 522
155 665
378 747
209 478
494 754
414 403
142 463
518 882
68 679
529 894
312 491
360 811
235 706
5 494
792 152
720 563
879 649
451 768
461 841
418 941
801 314
497 455
773 560
700 578
619 584
205 900
727 858
489 555
471 284
988 477
842 206
429 432
891 459
677 253
134 692
266 400
752 560
196 599
257 490
731 623
399 502
306 795
580 505
52 466
505 803
664 169
732 148
957 336
494 684
199 147
289 704
607 240
779 436
450 921
521 871
594 824
614 880
89 315
684 899
764 868
943 670
678 529
755 509
910 420
711 812
606 210
159 418
270 442
440 511
595 207
112 696
881 360
939 295
564 771
72 428
538 513
60 282
716 895
669 613
771 102
680 124
488 282
451 159
496 265
359 452
751 904
561 137
296 673
142 302
669 876
625 39
221 631
605 688
966 603
730 273
99 493
541 443
476 365
672 567
792 841
351 919
466 94
750 202
343 876
109 205
603 322
218 736
472 662
333 593
432 409
592 344
384 341
958 490
272 862
800 536
982 548
738 487
415 857
554 860
727 180
248 218
51 660
450 568
784 558
533 816
778 612
545 525
528 364
152 196
265 681
252 634
748 824
373 929
768 254
506 879
413 33
629 667
685 820
856 276
947 278
135 430
457 604
230 743
98 332
370 980
214 402
88 546
857 839
432 615
528 859
701 351
469 829
222 94
383 881
470 254
614 180
627 886
915 321
589 409
611 496
621 716
273 202
614 940
357 676
181 811
538 263
213 541
353 886
732 283
797 165
327 507
182 350
668 330
773 894
537 172
474 779
137 253
686 656
587 719
337 605
461 133
841 674
867 805
678 471
692 64
408 785
399 466
636 255
372 178
395 102
316 599
591 70
234 239
898 261
504 543
519 556
405 212
859 223
776 411
520 193
941 586
73 359
713 118
753 242
853 732
890 489
573 778
381 834
176 847
796 420
549 455
608 841
377 215
578 518
381 852
663 214
486 500
848 245
485 451
641 408
464 857
820 658
477 803
347 49
381 364
247 134
693 531
701 221
891 230
514 234
598 717
324 917
289 253
919 556
419 383
211 105
641 521
697 867
948 387
568 701
924 750
64 311
341 685
619 52
686 281
815 635
383 973
672 408
357 751
173 829
353 835
620 69
387 78
354 429
86 601
575 650
623 338
2 522
292 750
344 372
352 238
785 478
411 272
304 320
279 58
416 131
463 673
311 312
519 463
395 928
944 356
877 686
161 148
659 46
718 699
427 422
48 703
900 800
525 420
790 879
391 833
471 143
614 164
228 835
258 132
196 471
363 712
176 426
290 332
915 349
593 678
693 110
880 386
851 805
279 631
257 805
38 662
440 358
897 545
35 317
252 380
651 594
902 721
735 908
56 318
598 15
241 821
631 368
668 195
303 838
828 816
399 730
235 517
605 580
375 160
938 429
750 654
129 737
416 926
419 622
326 777
652 279
553 291
368 700
969 338
759 162
977 567
515 15
339 128
417 811
874 402
395 295
228 657
461 463
944 439
670 915
840 196
298 54
695 204
209 201
320 884
726 91
450 540
428 533
469 962
470 217
635 538
258 354
927 527
562 982
308 67
238 98
651 516
919 280
671 482
567 818
255 180
147 505
934 267
597 844
249 70
756 115
49 482
211 220
425 265
708 413
72 250
144 820
371 502
221 788
383 118
952 633
155 330
671 582
347 568
878 261
336 529
145 663
645 866
820 279
632 841
820 758
71 459
881 700
253 160
441 187
549 356
381 199
50 670
569 830
203 133
747 571
571 612
547 310
705 526
873 639
821 794
207 435
305 666
370 722
438 447
839 703
83 239
142 187
84 449
940 629
881 509
460 739
814 701
685 172
450 289
404 79
138 393
133 377
974 595
789 300
146 208
174 378
824 348
72 715
806 568
468 886
748 272
353 611
597 554
186 789
893 310
729 136
860 334
449 680
451 451
322 364
537 198
678 86
465 759
958 559
854 745
426 241
