524 895 30 35
337 441 58694
312 359 49244
393 515 33106
203 222 26249
99 120 55326
289 427 63600
314 427 50289
117 287 25318
247 275 72250
17 97 21954
37 122 74545
470 480 43738
79 491 49406
3 493 76400
57 162 58310
89 489 70612
405 429 23345
36 372 45706
228 500 73062
9 283 53759
309 431 13038
130 329 57385
42 224 66483
110 113 33971
5 48 63514
132 330 67067
47 432 14000
119 310 35355
318 477 61847
166 255 56045
80 487 11662
258 420 21024
231 404 78230
120 143 23431
257 428 36125
343 356 41593
23 340 26401
191 508 55731
433 511 30414
3 214 25495
439 520 17088
433 502 27659
324 347 30150
228 378 47676
323 326 12166
147 348 14765
65 370 64288
270 466 44385
181 276 49010
51 439 25612
166 347 22804
415 475 44204
59 496 15620
271 514 50160
472 480 49193
136 321 80777
242 314 49092
20 113 35847
96 336 36497
336 416 13601
96 373 43863
230 296 13000
308 466 60033
212 371 55109
235 327 47508
357 490 32650
67 293 27295
345 346 19235
373 403 22091
126 495 35693
162 174 56223
33 498 55227
141 213 65008
288 341 43012
65 316 32202
42 175 78102
161 356 36346
132 368 77929
416 421 44944
255 401 89196
258 392 32757
334 353 46011
247 461 21633
250 272 48260
273 502 25632
343 391 56143
48 507 21471
112 394 50961
111 371 13601
402 504 67365
205 266 94048
208 321 25060
89 493 73055
31 173 45651
147 326 60033
55 304 36770
132 281 69065
3 205 32140
27 474 61741
133 507 29530
252 362 47170
289 497 14560
56 327 69318
260 480 48600
2 31 12166
272 434 63640
159 213 34482
5 325 42755
78 117 39205
75 176 26476
28 351 20881
11 153 35735
96 349 88600
231 384 30463
21 473 38079
144 302 47413
59 215 60877
334 429 100623
294 476 47170
233 425 58000
39 60 45880
250 397 59008
412 423 17889
103 518 72250
253 415 48021
76 133 16643
436 485 69635
140 375 72277
167 320 77078
186 446 34482
128 130 38118
248 311 19313
102 161 38910
260 472 22672
40 482 59135
13 277 16000
430 442 34000
184 299 54781
68 368 25942
150 405 53712
201 386 41773
86 488 51010
233 484 13153
195 253 36056
91 104 48754
7 445 27295
506 522 25710
222 518 48042
121 265 48836
268 446 32696
240 342 12000
128 388 40311
330 491 64405
61 179 52498
74 425 52631
345 401 68819
68 513 35468
29 300 17692
283 444 55227
6 204 39000
317 392 53712
33 122 80623
72 460 30017
338 351 30232
61 116 41146
479 480 54342
177 404 46487
261 431 35609
160 207 65000
123 286 19925
54 331 64008
16 44 32280
318 353 35805
157 300 49254
153 292 25318
239 515 42521
106 304 12369
59 313 34176
130 139 52498
4 490 69311
101 495 19416
41 458 19925
115 398 31241
96 365 53814
23 484 10050
28 338 12083
418 491 33526
208 275 39205
24 73 37855
42 350 70880
295 361 50000
131 225 21633
304 337 43417
36 361 48270
25 446 19799
328 423 14560
49 111 33422
257 297 12728
84 429 84534
440 497 94154
242 448 51245
154 457 32558
6 121 28000
429 505 14765
236 488 53600
8 367 38601
52 185 13342
150 171 62968
233 340 25942
308 447 60828
187 251 51157
439 521 43382
39 241 50636
63 408 39294
283 344 28160
199 355 19925
99 321 38275
137 400 44147
202 493 27659
327 506 14318
55 321 38910
376 455 38626
471 492 36346
134 272 48600
334 387 79202
391 441 43186
173 426 60803
370 444 25000
221 284 78102
148 412 43267
95 219 48332
82 245 19105
404 458 67956
151 152 27459
288 501 17889
146 478 95189
94 286 17088
135 227 62169
267 338 55009
307 341 30480
151 466 42059
193 230 25495
37 279 33136
187 333 20616
210 441 29547
161 452 71197
43 368 53263
90 363 48847
291 480 60828
218 471 16401
261 397 12042
276 291 34205
96 503 48260
240 244 33015
57 433 51624
181 237 40162
256 492 26249
388 407 61660
198 400 53460
249 491 46098
90 433 27166
227 488 54120
276 434 76236
317 426 53740
260 479 22023
335 482 76551
177 231 51039
411 509 10440
118 332 16000
275 460 33615
172 238 19416
305 496 19235
6 135 71120
335 413 30067
287 438 100245
113 451 35171
192 404 22847
355 475 27514
42 347 27785
160 247 68096
74 313 35228
69 110 25495
211 266 85726
66 231 24083
103 142 70214
226 417 40817
87 251 24739
60 107 58523
205 306 31828
60 188 50000
252 398 88238
26 340 31321
289 440 91548
205 214 12042
2 100 23345
279 323 20809
79 190 79404
127 172 30414
7 158 38897
127 238 27313
213 467 54231
253 393 31257
22 169 10198
428 483 21024
156 308 65123
80 105 36715
314 372 64125
37 323 49244
76 325 30067
79 249 26683
324 350 47508
112 168 59135
272 276 102343
355 436 37216
225 367 25807
234 399 12728
197 447 72801
457 500 31145
248 463 21095
99 354 50120
132 389 56036
227 236 19235
209 407 39812
116 153 64885
168 342 154738
341 501 38079
55 210 51971
288 408 24021
32 445 28178
71 408 29833
264 298 54589
332 494 30083
81 306 54424
170 433 33015
23 26 24207
294 367 71253
40 483 60877
72 261 35777
125 488 21378
50 317 53263
30 284 19209
199 392 41110
58 411 22136
403 503 23087
40 383 39357
133 412 22361
230 486 40497
420 475 45880
213 316 62968
35 170 38118
103 499 45100
94 123 12369
172 469 47170
189 467 23345
193 296 26249
56 232 41183
13 134 35440
27 168 74061
263 310 35014
109 456 16031
65 92 10050
336 365 30265
368 498 21095
198 513 56886
194 485 92445
462 490 48384
169 465 10296
59 66 46011
357 509 45188
18 87 25807
152 380 34000
97 427 57219
452 454 58523
325 507 44598
159 514 69721
13 212 32558
380 447 28160
93 413 29682
1 441 39000
353 429 98600
154 188 20224
262 443 71449
157 351 21541
77 152 44407
229 468 17088
214 482 11000
124 248 26077
153 473 48166
117 332 77104
1 343 37947
386 393 22672
131 254 42450
91 285 16125
32 158 31401
223 516 66068
330 442 29732
34 397 27074
356 524 47265
358 488 14422
58 464 37802
217 513 46669
170 511 14318
216 220 17464
238 244 14422
118 129 30150
204 409 15297
190 215 60539
68 498 10198
226 513 68622
353 422 31016
199 436 38601
126 411 136180
92 451 43909
11 179 50000
108 111 36139
187 345 31953
160 510 35847
257 483 26173
278 422 41231
51 432 13892
384 521 71021
450 523 57079
103 250 25495
67 113 14318
63 288 39560
101 462 59933
402 519 63071
242 369 42190
225 366 166208
38 132 45486
125 358 15000
138 521 74404
22 465 18601
136 391 17263
145 444 42202
315 410 54818
40 335 46271
45 299 58138
191 271 55036
108 376 81933
262 376 29120
70 194 66910
40 89 44944
95 107 38910
173 183 78032
243 479 54009
160 461 61620
38 290 22804
64 229 33541
192 315 52697
220 432 53141
147 505 80808
31 183 67624
79 200 51420
86 125 51078
41 102 17088
186 223 23854
450 461 23087
206 209 60407
221 333 43174
442 506 43105
137 369 64661
425 487 22136
51 520 34928
156 512 20224
107 176 60828
211 306 68359
251 481 10770
297 489 26019
206 357 61555
489 510 22204
14 424 70937
290 305 20248
209 269 40792
184 378 17804
98 480 52555
268 410 39825
399 508 45541
287 511 67067
77 294 13928
88 509 22204
307 501 13000
154 228 50990
53 255 55009
62 453 94541
121 196 26401
191 490 54672
134 434 58822
156 197 90934
247 450 14866
124 346 21190
49 453 11000
203 285 15033
213 234 42107
12 387 56939
8 320 40249
237 480 71868
455 504 31780
93 254 71610
185 517 12806
110 243 20248
512 524 84291
364 464 77878
123 146 71701
6 280 45541
318 422 29732
227 459 32558
44 222 42953
175 224 42426
264 267 30232
115 301 71281
92 145 68118
49 319 82389
19 33 50040
9 18 46325
388 443 73437
341 478 32696
124 146 87367
215 322 36715
151 380 18601
34 212 27166
42 333 36401
139 329 17692
276 374 19416
4 128 30067
195 303 36878
83 379 47096
48 363 46755
164 381 11000
62 510 59135
12 278 41012
63 182 52631
148 328 32558
240 252 48836
102 356 12042
241 493 63285
159 316 60877
129 324 45343
86 149 42048
141 274 76026
315 458 29275
237 265 71218
200 281 56400
250 419 94874
198 417 23854
141 189 44045
47 404 83600
175 401 39812
246 419 33615
108 455 63506
162 503 48260
499 518 51788
190 249 85446
322 384 31828
386 387 48010
56 235 26000
11 61 60465
417 448 10817
87 282 13601
385 473 73790
295 440 13416
48 178 70605
1 512 80654
162 403 33615
15 111 32388
293 451 52697
360 380 37483
66 322 29069
254 270 65437
62 202 57219
43 132 51865
218 280 42426
192 379 49649
171 318 96773
2 12 32249
150 193 49659
362 435 41881
424 459 15620
88 301 25020
265 280 69836
217 302 39294
12 334 66129
296 302 32450
24 144 44294
87 481 20396
404 432 83096
161 343 14036
64 165 39294
256 419 10440
127 474 16401
157 285 42012
270 383 43278
469 500 43738
140 189 23707
307 408 19235
232 235 22361
95 202 18111
85 115 42048
106 441 38013
169 383 23022
64 468 20809
22 93 27586
82 124 73007
119 273 33061
99 259 32985
227 284 65307
38 43 20125
5 415 43278
359 456 18028
176 262 99363
282 481 18358
45 107 54009
376 504 46239
25 77 47170
7 94 13153
140 467 27295
259 460 22847
182 274 36069
337 461 22847
180 359 43278
7 245 28160
16 518 44822
178 303 26420
330 430 23324
14 164 27857
34 277 22847
28 381 33302
30 204 24413
29 155 35440
53 166 14036
158 445 32000
14 459 67676
116 173 91706
152 382 48374
136 210 45188
289 385 34015
83 223 52345
27 394 32016
271 508 11000
51 216 48765
81 112 53460
52 517 11402
242 318 100648
41 46 49366
245 311 37947
224 255 13000
163 182 30414
54 381 68942
114 222 31765
109 434 23707
17 21 19723
75 107 51546
67 451 31401
10 91 47011
138 516 21633
207 247 50160
90 273 13416
50 436 19698
50 485 89045
452 487 58669
308 428 29698
392 420 25942
21 406 77006
373 421 50090
301 509 41629
303 387 69181
200 330 82710
348 486 57219
209 437 61620
362 398 45486
91 246 50040
46 356 37443
300 351 48021
84 298 54203
349 365 99368
30 409 36688
364 495 24352
290 496 33106
247 523 64288
101 364 12649
24 326 42190
332 438 10050
219 319 20224
54 424 66483
25 382 38484
180 312 52953
405 477 35693
29 135 91400
376 449 100703
182 288 44102
181 218 19235
390 452 21932
5 178 21932
171 242 20224
239 317 20591
274 370 29411
143 309 48010
520 521 57009
120 279 41110
201 352 24698
194 328 43186
309 354 36014
101 234 25807
265 470 62801
47 231 36235
54 421 50090
72 453 81413
254 366 133600
105 177 67268
19 390 12207
462 464 33422
70 263 29120
10 499 13892
340 484 25020
54 338 83150
157 264 48600
85 437 16763
39 500 28636
413 465 38471
134 371 35847
45 75 17720
39 457 15811
81 211 31064
17 427 48083
8 77 47760
98 344 23087
313 496 29732
165 229 49649
378 407 75060
209 435 28792
196 204 32650
148 485 80231
9 163 65605
84 339 28862
77 382 23324
314 361 63789
267 298 38288
62 219 45541
502 511 35468
91 155 53254
35 331 56045
286 341 16492
126 364 31385
172 244 19416
327 497 161050
71 375 14318
118 358 51662
46 197 17692
374 492 25000
71 140 86585
167 186 52173
131 366 151119
164 351 37577
183 292 39925
173 352 29155
26 454 23087
142 143 20248
348 505 76837
154 184 16125
469 517 17464
318 406 56303
504 519 35440
379 404 56223
21 97 29614
35 149 28018
292 406 37216
156 297 50636
217 400 31623
373 416 43600
291 479 70576
266 306 98843
111 312 21840
4 206 32757
232 430 52802
48 325 44385
58 357 38897
83 268 29069
256 374 35777
343 524 42521
44 114 26000
188 299 52498
274 444 48374
120 142 37855
72 207 100005
110 180 49406
298 339 54009
122 377 28792
196 409 22804
399 462 66030
278 353 25020
369 448 14765
396 414 48042
98 444 25179
82 311 50010
19 452 22804
129 494 22804
80 425 11045
236 324 53413
468 514 37855
69 113 18000
342 474 82006
221 350 90427
360 395 78102
269 435 35511
70 119 18111
397 431 38275
35 57 49497
100 201 20518
16 396 60828
145 480 50448
44 339 18385
52 469 15652
283 470 45222
18 463 55946
85 269 34785
31 100 14866
73 144 29069
249 418 79076
167 223 64630
195 387 50220
106 210 19647
36 389 48795
375 408 26476
59 281 35847
346 463 31016
277 397 40706
74 305 50567
352 386 35341
423 507 44407
32 163 12806
119 263 27857
258 317 43174
418 522 10817
377 390 40447
78 149 19209
185 394 26249
15 449 62968
107 241 71568
142 414 32140
434 456 34828
41 360 57567
10 104 51971
15 319 83259
33 454 13892
147 396 35847
395 410 19416
73 486 28792
265 282 36249
104 246 19925
139 191 73878
20 69 31000
105 404 72139
363 507 44011
344 444 37216
258 515 40200
414 518 25632
254 476 56089
179 385 59666
137 198 65947
138 216 29732
113 243 32249
53 494 55731
239 426 52000
329 402 48260
54 365 60465
295 389 71169
442 522 43046
429 477 52773
321 377 81498
25 395 46239
78 511 57219
88 437 49396
123 478 41231
99 208 25632
226 372 43417
9 158 41304
267 349 84012
319 449 58523
281 330 80449
174 331 52612
262 519 41593
76 485 71610
155 471 58215
293 472 43932
114 203 36688
310 438 184621
275 523 25080
109 479 69462
20 165 48836
259 354 52612
152 476 36125
220 516 37483
130 443 46098
320 446 75961
174 373 55543
402 718
194 264
615 848
857 672
331 186
677 298
886 282
338 917
817 304
534 419
90 323
226 268
598 527
562 236
647 615
462 387
115 384
772 293
345 615
811 533
125 367
502 866
246 632
381 477
307 868
261 613
668 883
530 276
589 308
672 248
196 252
877 334
295 613
589 532
540 78
145 524
425 546
181 628
700 799
534 867
329 758
735 153
199 619
453 356
685 739
378 764
183 766
366 133
621 609
204 104
171 787
690 875
726 93
524 188
459 626
53 515
505 113
971 625
177 690
687 755
56 273
573 696
934 384
857 528
846 467
176 736
783 501
256 566
780 533
434 42
967 327
538 571
344 469
238 682
680 722
321 114
354 872
553 67
64 681
300 694
653 954
873 261
278 823
408 342
920 711
566 121
751 278
957 669
572 843
442 79
535 372
836 468
483 886
899 284
596 755
434 186
96 373
784 393
455 555
210 247
946 522
335 742
538 476
579 393
318 726
433 657
631 738
677 592
687 500
755 538
642 583
646 901
780 515
477 346
918 753
93 255
584 43
660 72
452 40
461 500
705 298
351 555
911 281
814 218
613 101
985 510
737 899
827 674
657 102
789 677
394 957
156 590
330 100
632 537
644 235
373 633
262 437
156 844
823 637
988 411
933 394
469 463
476 482
342 498
784 424
901 210
387 447
358 42
568 79
269 423
405 823
390 846
124 312
747 788
579 342
481 765
528 316
858 309
917 489
523 734
352 707
447 119
869 344
552 262
847 566
727 107
249 923
665 957
512 868
502 75
210 445
751 872
174 212
503 124
811 135
675 696
251 732
347 201
40 323
715 567
659 364
883 371
134 279
763 786
677 872
260 872
761 203
727 785
967 422
87 757
870 580
275 797
290 468
368 31
296 190
721 277
391 752
219 487
253 119
114 693
224 232
578 753
512 357
692 262
612 880
889 679
539 671
464 579
869 736
414 652
627 971
592 559
934 459
604 871
118 705
184 834
262 510
650 347
616 711
201 830
738 229
492 374
240 859
781 105
376 969
164 521
632 174
785 822
824 522
295 493
200 734
73 551
247 655
931 501
53 541
649 165
697 351
762 888
173 156
803 875
650 807
190 442
748 519
770 876
859 274
585 374
489 675
816 244
38 687
563 471
757 254
839 842
262 178
425 928
781 92
617 381
522 782
205 148
487 563
764 451
554 539
762 648
442 14
489 287
753 307
545 946
464 270
280 852
909 744
466 877
868 525
603 498
454 73
857 396
495 603
660 413
598 511
255 297
422 513
692 341
159 659
738 274
780 343
660 233
527 358
905 300
559 39
920 347
40 412
175 650
681 440
149 316
770 477
367 877
86 491
282 493
531 773
435 295
743 735
577 321
958 694
300 520
324 214
445 660
192 661
634 903
941 327
477 830
515 510
477 15
823 262
663 577
209 702
149 415
319 768
872 448
163 138
233 351
613 691
320 953
442 591
150 723
405 501
691 132
323 144
417 499
22 577
364 74
811 624
93 613
555 132
660 56
748 187
288 291
529 913
470 192
456 702
519 271
436 349
270 643
921 304
803 887
366 706
777 371
791 192
794 211
721 129
374 454
381 257
667 173
536 296
201 223
254 322
479 511
259 100
347 743
934 637
625 110
687 534
384 775
134 477
856 798
397 98
958 526
474 222
540 996
361 948
233 578
212 478
829 405
646 570
153 479
452 146
649 397
970 341
754 620
361 582
777 775
231 820
390 812
552 251
342 852
499 849
172 746
26 381
216 191
255 219
843 711
110 558
355 622
370 650
212 116
231 174
660 852
324 825
418 429
562 530
894 773
922 510
272 480
847 152
838 584
430 148
266 776
316 397
186 320
852 772
944 346
707 259
305 821
978 646
334 78
499 911
466 431
303 153
478 181
199 500
25 609
614 391
224 139
502 143
223 323
350 70
588 170
289 695
125 176
101 430
498 809
333 381
105 593
526 517
183 780
469 76
666 489
879 763
222 96
915 695
659 46
151 803
74 497
402 679
71 593
770 719
809 390
890 309
293 882
417 820
205 491
669 674
475 670
814 506
339 637
610 609
283 620
740 584
688 516
715 794
323 739
600 180
508 572
477 693
920 576
795 242
941 602
517 877
425 860
984 438
840 516
704 868
743 369
637 337
779 434
92 348
724 909
268 126
414 873
281 390
951 291
747 465
735 412
747 258
593 871
519 808
245 642
279 56
317 459
310 688
617 122
557 774
905 622
35 641
642 373
596 774
671 84
950 503
189 680
26 416
254 576
541 431
712 825
936 339
463 49
407 146
771 577
326 394
28 590
356 114
879 525
975 656
554 752
496 62
478 745
229 543
848 479
201 188
174 856
687 864
490 422
781 611
157 819
112 784
34 615
472 613
394 738
