864 2305 15 284
355 574 23707
284 385 37483
648 858 17029
367 485 47127
385 723 75240
167 425 31321
299 730 11180
5 355 35735
416 632 31321
400 592 27203
288 720 35805
36 809 29411
632 763 12083
127 526 58138
368 499 21954
3 300 14213
171 264 23345
288 606 34132
106 341 15297
495 668 34785
252 305 20000
627 681 38588
203 248 14318
267 647 38275
110 825 12000
109 550 25495
329 332 16763
154 287 51788
140 805 29155
420 629 35341
65 685 35847
59 842 35057
89 523 48795
508 719 62682
166 221 31064
128 297 29682
269 373 34015
302 510 15232
76 728 13416
165 559 21541
650 712 44922
658 721 59506
513 770 35128
397 859 42012
265 385 76485
387 750 39560
333 550 17720
181 260 48104
425 617 46487
271 748 42544
494 498 65970
139 393 27785
516 557 25495
345 718 59397
282 462 13000
496 548 37443
358 672 26926
303 484 45891
407 656 50329
93 493 54818
720 852 33838
570 861 32016
305 466 32757
289 324 42202
641 766 37336
79 778 25239
77 386 16763
594 828 12000
287 646 10440
439 651 13928
413 805 54452
99 680 56080
727 775 33615
65 834 13038
257 479 14213
155 584 47170
474 603 34655
272 577 45100
769 835 30871
391 818 22361
151 677 49406
544 721 68184
198 279 44777
62 234 52479
6 756 47011
345 557 49336
6 788 23022
151 435 37643
380 842 25239
277 475 19313
293 466 25495
189 773 24698
619 714 62129
29 608 32558
90 270 25060
424 523 51000
128 566 48094
57 94 126811
99 743 32202
748 821 13892
382 597 32757
412 424 59203
653 777 18028
273 504 58464
179 424 29155
104 238 21541
143 272 48166
237 275 32062
811 854 15811
642 858 28071
216 322 41012
164 578 26476
372 734 15264
141 581 12000
733 738 65552
477 771 16763
393 785 31385
369 504 30414
268 410 18385
293 529 23087
736 767 22136
151 320 37656
378 734 31145
261 404 20881
290 477 29411
281 672 33015
241 552 38419
11 476 46519
283 376 18868
301 399 39825
53 135 71344
99 819 53009
275 501 13454
350 352 61131
316 471 34482
460 654 24083
382 615 22023
4 588 46872
89 749 24166
522 648 23022
191 468 31385
246 829 37202
463 690 44000
386 646 38210
394 744 22023
93 204 37443
400 621 31780
536 853 15652
124 198 39850
54 382 49820
20 701 43278
78 615 12083
8 22 18682
357 469 24187
262 322 34132
87 112 39459
816 858 10630
112 460 43417
384 722 58523
33 765 21471
381 563 57140
707 805 25632
410 451 15811
725 821 37443
382 509 17692
234 711 65253
219 799 16763
364 712 37014
400 496 17029
669 737 60166
738 787 44553
352 392 23345
200 510 13000
190 679 17000
27 86 29732
186 510 30067
431 463 17088
86 462 39850
367 381 38484
267 652 56515
12 674 14765
502 807 16125
96 811 38419
110 463 41304
387 756 30017
424 521 38013
248 715 37216
271 705 15297
127 447 41231
81 691 32202
210 742 27203
211 290 46011
149 671 18682
145 560 28284
244 303 25456
215 441 37483
508 621 49010
228 596 19799
341 610 24597
407 457 31828
358 516 49244
701 755 37590
109 207 13454
50 170 62394
137 817 14422
394 433 45177
396 775 30083
215 489 28792
230 698 44777
98 374 14765
232 553 36014
337 617 46530
250 318 20518
182 426 18000
220 290 60208
167 351 21260
319 605 44000
84 856 32280
474 840 46648
11 292 25080
324 441 20025
126 410 26401
115 661 63135
330 854 29530
656 764 35511
194 722 33015
20 495 57585
316 324 27785
24 544 49769
193 292 41146
46 567 18028
107 345 38419
15 249 18028
427 679 30364
100 374 34015
71 772 78435
405 776 10770
6 32 32558
757 761 29833
285 765 33526
73 827 39395
185 561 29017
476 838 25612
17 609 39459
446 541 23345
192 605 57280
83 530 39661
97 194 47676
259 765 22361
275 611 17000
44 303 38079
706 754 39013
39 781 10440
65 734 44598
840 848 30067
444 571 37121
73 144 31145
225 769 30871
44 491 69462
337 837 41304
15 842 30067
316 757 43186
715 864 39962
515 528 50922
403 536 27659
270 750 21190
197 767 21024
116 671 65803
54 597 49244
85 623 45453
212 528 29155
321 714 50010
259 716 44385
4 677 53907
209 769 53600
347 583 24739
14 451 18439
137 376 28160
67 363 13601
259 526 47265
484 737 66030
120 592 60017
327 658 47381
352 676 39294
1 735 16553
11 298 19105
66 178 24352
119 700 31305
660 715 56798
466 576 24839
97 131 41437
300 355 18974
504 632 25632
825 857 50249
17 299 22136
458 725 41773
429 658 46755
101 149 35511
83 475 21095
100 599 25000
58 634 10770
147 231 54037
97 268 43081
177 828 19000
36 803 30463
614 752 31385
303 669 42450
568 772 22804
624 678 38328
72 561 16125
88 610 17493
130 503 66648
407 640 26476
132 495 12000
679 838 28425
88 480 61294
347 718 37537
151 780 77936
696 812 45100
171 255 26833
608 775 42190
290 311 62642
560 669 10198
46 751 169248
21 619 28284
161 720 35057
338 752 31575
36 652 27203
369 763 41400
616 629 48021
375 525 10198
508 548 77201
684 813 61685
304 740 31257
103 575 27659
660 732 25554
132 218 25000
569 584 57070
384 633 14000
6 792 43278
196 704 12806
113 828 10198
121 443 18974
605 626 18248
10 79 60415
811 844 19235
350 569 93107
122 620 39319
609 808 12207
30 513 39825
156 458 24698
291 529 33015
68 244 32558
99 319 23195
640 656 30463
37 399 36620
645 686 15524
309 816 31890
286 672 28302
180 843 10770
183 418 39115
295 859 22136
542 669 39812
81 263 28862
80 225 17205
514 860 15264
506 646 32280
309 858 34928
430 438 14000
222 703 48260
1 789 19105
376 443 26077
97 626 29155
187 745 30676
370 390 34015
333 511 36688
216 719 26077
260 666 52345
129 149 60902
106 486 33601
338 616 22804
58 805 10817
206 604 76609
328 526 45607
366 383 55109
273 369 58728
36 163 26000
472 749 23324
270 627 27203
236 520 24021
35 349 34886
263 422 52010
133 365 26627
543 828 17000
136 776 20616
237 685 48918
697 758 50478
65 863 34482
122 656 39051
44 74 79511
429 791 41146
321 606 26249
220 631 25000
663 833 36401
313 432 30265
463 825 41593
35 161 49092
192 388 30000
246 585 13928
793 851 31401
659 700 41231
142 557 34000
249 710 13038
487 653 51430
489 644 33422
47 279 22627
37 603 46174
351 837 33601
115 276 33242
254 855 55543
558 602 17117
321 860 36125
260 840 47170
690 704 50000
512 729 39395
61 813 24739
77 157 27514
325 358 40719
477 479 17029
305 576 26420
146 857 23345
39 780 59641
418 863 55145
657 670 31780
243 737 61400
40 159 13454
291 733 49980
570 794 12166
723 822 38639
118 778 31906
85 797 57428
276 380 19925
440 459 38897
538 576 22136
68 361 38288
344 664 44721
559 632 33106
707 845 24083
241 659 25000
612 736 27893
412 742 50160
85 464 58822
373 779 18358
495 850 108337
541 690 150735
622 814 35735
126 268 28018
45 87 26249
74 519 16553
118 124 42000
35 88 64846
407 724 22204
34 617 33015
135 140 38053
575 790 47424
427 838 32894
173 759 48332
56 298 23022
277 570 43966
687 742 38601
41 150 16553
308 625 49244
714 761 20248
60 429 37363
235 450 26627
197 855 94133
318 459 32202
91 639 35609
481 522 19416
165 536 13416
255 262 42154
159 240 12042
120 671 42942
592 593 62626
176 857 16155
451 675 21932
31 855 18868
54 538 39598
221 604 39925
449 680 42048
630 723 14560
368 635 21024
106 760 59008
34 794 69462
611 826 101316
330 817 44777
294 761 27313
37 389 62241
404 455 52086
67 697 38118
198 315 30083
2 819 28018
480 485 61620
288 469 34828
575 635 43290
406 586 20025
138 562 11662
657 746 18358
165 490 26926
5 107 27000
131 451 31828
377 834 57801
316 441 23770
83 149 27019
8 636 42720
109 726 30000
53 98 25080
486 518 37696
221 543 32249
607 611 38626
218 231 62008
199 377 24021
94 556 19235
52 147 30067
67 703 45354
493 595 52953
194 478 23022
803 809 24839
199 366 60531
212 699 26249
23 852 10198
323 741 19105
505 552 27659
112 472 41761
553 847 31575
543 666 23022
64 620 31765
500 808 42048
168 450 19209
124 440 62201
445 644 34205
148 791 21541
434 736 20809
159 551 21587
219 669 15264
383 673 39560
237 397 24042
465 643 43081
62 716 40311
133 323 23324
31 251 60729
47 315 29732
584 601 28601
756 792 20518
307 793 18000
710 808 58078
280 712 46530
638 832 25962
50 59 40497
482 645 43681
191 478 38897
44 68 19849
146 589 41773
369 575 26926
169 342 23324
26 727 34205
115 500 55471
199 487 44721
550 809 23022
406 670 28284
662 774 20591
100 849 35341
332 773 31575
445 545 29069
145 448 35014
110 535 15000
607 638 38588
528 581 43932
148 625 61612
309 395 45277
16 175 43566
740 845 42000
622 662 20809
265 630 26926
287 356 12649
371 711 55866
82 591 15264
105 453 49366
483 814 17205
114 634 25020
129 767 30610
114 530 29682
139 214 28160
683 776 36401
538 597 43829
221 594 30083
120 593 29732
182 770 39000
622 774 22023
109 770 32985
448 560 24207
481 648 23770
250 320 18028
333 726 41231
118 368 51971
129 160 10770
687 766 26476
446 721 32696
218 637 27586
146 436 17029
174 546 29275
202 404 59682
224 256 41437
4 689 13153
235 461 37643
206 834 49244
36 71 52154
224 255 46487
69 309 49649
102 814 21401
29 512 40311
387 627 41012
43 789 23707
766 773 30887
570 651 27857
337 799 20100
211 512 45891
590 769 26926
102 231 37121
30 813 24698
731 745 41617
308 857 67357
403 659 29833
629 804 37014
184 330 36401
645 724 33242
134 510 22472
135 531 36139
31 197 78160
523 779 22361
55 862 18028
831 847 42190
349 720 32527
126 761 23324
289 772 43324
674 789 13038
169 556 32311
130 395 23854
139 320 51400
197 820 18439
559 763 26870
213 476 16125
609 694 12166
87 121 24331
155 815 45607
18 439 13601
548 592 78102
72 338 33526
814 837 49092
110 690 56586
313 668 16125
362 383 44418
311 470 32311
257 674 24698
148 783 60208
417 697 43463
173 627 32558
64 492 17205
419 684 43829
273 339 43417
137 848 21095
32 756 45188
392 497 45804
404 673 30463
628 800 40719
7 308 50160
102 483 23195
353 582 15811
238 695 25495
151 797 30017
139 423 33287
582 779 31064
354 769 52953
642 816 21840
84 509 26000
9 573 48332
616 702 63348
599 600 30017
437 773 25080
239 822 55227
106 846 62769
470 823 33734
188 683 44777
455 653 13928
91 207 31765
684 708 40608
538 862 31016
157 506 21213
398 805 57567
126 294 23537
42 145 68819
33 259 20025
309 648 33136
306 589 50537
306 436 40460
644 709 46098
53 140 59008
46 730 122004
519 524 25000
280 364 12042
800 834 19647
598 745 17720
199 832 57775
397 667 21633
587 674 11662
5 557 50804
158 822 11662
635 760 22804
230 603 31064
344 541 52154
7 625 44822
121 817 16763
38 127 28284
116 120 47011
702 712 68184
389 474 17804
636 701 16125
584 833 27785
322 564 46043
301 663 31305
56 478 35777
89 779 40162
490 559 16155
321 619 44102
281 792 49244
627 750 15524
55 538 19416
714 722 57689
520 829 40050
512 679 70803
143 698 40817
175 255 53935
435 588 44102
1 43 13153
419 708 53852
528 699 32388
11 56 27659
530 634 25632
57 733 169260
79 551 37202
14 131 27295
70 666 36056
253 754 26420
53 524 19313
438 856 19849
636 755 32202
442 485 58310
106 518 43658
403 565 45880
29 396 31000
433 655 50695
564 585 13000
403 853 36688
13 112 25495
725 748 40804
565 853 25632
149 475 10050
25 154 13038
224 329 24021
101 671 25020
696 733 25710
117 210 15297
25 127 41437
105 356 54037
573 708 30414
39 68 26249
515 839 35057
181 543 22627
243 712 37108
183 681 44272
177 604 55444
392 676 34828
28 268 32249
27 158 19235
108 680 35735
294 714 36497
67 745 66851
76 533 27074
52 483 14422
140 413 42953
209 806 38601
205 624 50090
15 115 23431
213 831 19235
641 773 29120
190 838 26926
574 835 32280
691 743 27659
186 862 61717
201 225 19235
69 719 23195
692 836 16000
647 652 64537
144 694 26926
242 633 30083
73 694 35000
88 341 13601
118 518 37108
233 863 52498
198 440 59908
103 790 38833
242 288 28160
457 640 28284
42 692 22672
166 801 25239
573 684 18111
100 579 25632
207 591 23409
485 846 72339
390 754 20100
26 176 31828
187 204 26571
184 269 16279
111 663 28425
129 736 31064
219 560 10440
112 521 44822
303 542 19105
80 201 31016
534 562 21378
540 761 66888
155 221 41725
175 304 28460
751 782 34928
452 530 21471
24 498 93295
35 720 39812
353 412 19723
652 758 68029
326 417 38013
190 213 13153
321 852 33541
577 580 38079
561 752 34655
404 705 43046
90 627 28000
333 809 32249
481 642 46872
246 508 13038
503 648 37590
317 670 23324
151 781 97293
308 431 13038
416 839 21378
154 340 32202
218 495 30610
30 408 52355
588 650 62201
193 553 16401
274 852 27803
119 200 70803
240 518 22825
153 534 49336
50 842 24021
93 473 31953
319 743 18028
240 551 19105
37 360 29732
299 609 22204
73 676 39051
363 417 34482
87 330 45651
331 578 18000
97 722 33601
192 571 24698
15 380 24839
343 597 26627
425 855 31241
448 794 68352
178 195 28000
72 716 47539
199 777 13038
82 387 49820
223 277 12530
8 662 13928
21 489 24042
26 146 34713
59 249 32802
221 815 44598
685 863 49477
372 378 28018
18 398 21378
488 586 15000
663 801 35000
169 733 34059
148 195 50990
359 429 27313
243 650 23087
170 272 39217
92 759 43829
274 321 39217
521 749 33838
97 546 37590
21 540 14142
165 403 25632
534 715 47434
537 824 32140
690 695 74726
156 601 56223
305 454 40224
94 733 44204
493 826 85088
498 507 66708
85 768 42720
595 739 43932
366 832 16553
500 525 32202
62 95 34525
325 347 23537
486 760 46872
228 671 31575
288 427 18111
311 312 30806
310 582 15297
439 805 60959
354 709 26571
260 543 53759
440 797 26926
134 302 27659
52 701 13153
206 372 24515
145 692 70214
596 829 39962
67 731 28018
119 589 44011
366 638 28425
452 829 25080
30 61 19235
28 294 21471
485 563 52202
104 196 30364
375 399 31906
421 802 29017
180 438 15811
464 849 68118
165 220 39560
190 831 15524
549 674 28018
205 748 22561
255 329 45891
142 516 22672
286 788 23259
230 460 37014
139 515 38210
337 351 20518
233 762 31401
25 340 38897
48 688 25495
63 665 68007
74 145 71176
232 292 46271
169 812 30414
758 810 57706
127 328 50000
312 552 43417
549 665 56294
543 594 15524
379 465 34234
515 554 34828
415 417 15133
334 681 31241
504 763 19105
340 646 33287
289 568 47676
59 172 17464
358 517 34540
313 702 57009
489 761 68118
204 473 21932
289 471 11402
468 478 40050
265 807 40311
349 572 26077
716 804 57306
337 425 22091
48 525 11000
447 785 41037
101 452 22472
75 592 49649
214 390 25612
50 527 37336
323 615 20881
505 589 37483
12 479 22136
327 344 32249
172 609 55866
347 557 39408
310 457 44181
111 801 10050
3 835 33734
302 331 19647
73 751 35735
84 133 25495
116 820 78390
202 205 32802
694 802 29547
183 387 29000
458 487 26926
43 760 21213
647 758 44283
31 617 30083
434 617 49244
308 463 13928
70 345 35128
159 846 39925
128 823 25456
361 650 50606
19 791 21401
323 365 27074
196 535 26476
227 754 21024
84 438 30000
214 320 44102
228 829 48508
149 160 54818
253 706 21260
11 722 54083
456 568 20000
151 318 39217
77 646 47424
116 129 67186
709 769 45541
82 91 36056
537 700 51430
501 611 24083
267 388 27857
20 132 46519
280 702 38184
174 571 17263
414 454 29069
140 753 24042
408 684 39446
654 746 24698
476 847 28320
153 723 40361
588 712 50488
377 604 67357
519 579 35171
9 835 30594
345 840 54231
426 513 33061
454 532 10296
142 300 21213
134 188 24698
334 397 53759
257 790 44598
14 174 33015
210 600 14422
117 307 21932
25 447 16031
204 745 51662
242 427 26926
457 645 35511
173 334 21095
191 194 29275
334 826 23409
224 577 49163
125 586 11180
292 847 29682
770 809 27857
10 768 13928
231 668 78892
470 539 36892
186 576 37216
432 495 71063
423 459 19313
113 666 13000
146 306 41146
708 713 19313
322 719 47434
325 516 30083
201 573 50040
684 788 54918
524 579 30887
354 445 32450
115 525 48104
123 210 23324
769 806 52697
700 862 46573
307 412 43139
432 702 61400
14 571 30067
430 856 15033
93 595 24021
332 488 40311
13 746 21095
324 708 57245
388 647 46872
694 782 21541
272 276 42638
46 648 33541
18 861 21541
150 179 22023
66 775 19416
314 728 16553
241 312 22204
354 545 16125
318 440 22804
452 596 36222
486 499 33061
109 333 36770
449 605 22023
482 551 57219
47 554 14318
51 181 36878
22 774 38275
66 195 42720
358 762 37363
313 495 48021
120 228 15652
157 547 25239
49 819 16279
16 773 26926
28 722 28862
103 559 41231
145 794 63953
462 478 38484
28 97 21541
383 777 58249
121 330 36056
619 761 65253
102 147 50931
30 639 12728
482 686 38118
656 779 49244
562 618 22091
57 234 34059
9 201 18974
213 847 35468
96 184 53151
215 757 53075
388 571 31145
236 262 31064
114 452 15297
247 580 13342
95 649 35609
295 667 37054
512 831 69836
799 837 45541
261 271 43463
481 728 16031
172 808 55227
175 740 50606
398 439 32650
135 217 17000
161 480 38833
78 342 22023
22 662 29206
122 764 43382
716 765 51088
670 746 23770
123 600 32249
363 697 35440
214 677 56586
39 849 34928
248 534 66219
59 808 60208
146 176 31016
296 346 54562
81 319 26173
407 645 31780
21 335 40497
433 498 69354
734 834 43600
92 795 10050
41 179 21095
230 474 24042
555 655 52555
236 845 21633
239 630 28231
185 649 51196
529 696 31828
384 860 23431
130 548 39408
244 484 28460
568 708 57385
256 643 44181
138 534 11180
152 347 18788
370 689 22091
310 640 46648
57 371 106513
505 566 48847
187 511 28425
287 340 37537
480 610 52773
168 355 63702
506 547 11000
329 488 45255
546 626 21378
2 498 68352
43 572 56080
304 707 48508
136 738 95005
10 440 31780
202 624 46098
268 451 23409
189 217 29155
239 723 30150
152 378 49366
14 675 11180
650 737 70178
215 644 50596
431 796 41340
498 744 116867
184 717 14560
518 551 25962
284 507 43829
217 304 30414
487 725 38053
178 727 25495
257 575 47518
371 741 10296
235 381 43932
218 602 31305
502 544 25495
322 465 38833
467 601 40262
584 786 40050
270 726 38079
125 577 49092
157 711 26401
148 327 70456
7 783 32249
9 358 61911
27 203 16553
18 651 13153
161 335 24083
110 704 25962
497 751 41437
212 447 39115
348 383 35128
693 765 22672
162 473 33526
189 531 16643
89 373 29155
24 613 68884
522 567 14142
78 169 13153
419 568 25632
258 467 51000
131 174 24352
269 620 14765
346 526 11662
491 519 16279
676 827 17804
795 826 12530
291 293 39205
529 812 30480
481 643 52612
58 439 59034
408 456 31780
250 423 41049
357 514 14560
105 547 44181
442 818 49254
326 803 15033
183 756 21024
114 707 29155
65 800 20000
457 851 47202
46 533 49010
655 744 42450
625 857 62129
7 796 49000
407 846 62769
245 647 19209
623 686 12083
236 585 29000
165 632 40497
60 359 43012
73 802 14422
104 695 36249
205 261 51010
470 729 23087
127 747 39699
24 502 27074
391 492 28460
178 775 12649
388 444 41761
198 459 38210
59 527 35014
614 616 29428
420 693 31828
554 839 28178
112 283 42059
606 720 24515
164 535 13038
365 547 33422
436 825 45541
38 227 23324
323 556 18248
45 443 14318
514 633 18385
694 808 13000
140 707 42154
836 861 19925
549 572 15556
75 120 24759
540 619 18974
774 837 34000
432 614 28231
304 753 21213
191 732 10050
417 803 39560
328 346 38053
535 825 12369
578 798 28601
339 368 14318
428 434 23087
170 577 51225
409 414 21932
774 814 46669
499 760 28636
124 411 21401
430 843 14213
227 370 24597
146 566 27459
526 716 13416
422 655 20100
108 449 29275
57 185 109713
374 600 23345
683 787 29069
51 260 25020
464 623 31906
430 824 36139
109 182 23345
349 665 68710
84 105 26907
124 273 60208
272 380 28160
469 860 32311
339 635 22204
136 695 58052
287 506 34015
21 381 51740
202 673 89944
157 323 48918
141 154 51894
336 791 23022
253 390 22136
135 841 44822
522 533 31890
582 640 43932
385 562 27659
794 861 33242
62 649 17088
289 451 23087
284 498 31257
9 142 42638
41 412 53009
7 664 36014
643 728 53600
209 355 57775
265 544 47424
767 820 25495
270 739 16401
636 662 35057
29 831 59933
685 800 38949
201 713 40249
154 212 25710
111 786 36125
94 371 24083
280 285 40853
94 169 33734
586 670 33121
587 789 11402
4 370 25000
273 315 17889
416 504 18974
206 378 43863
21 644 33061
707 753 39661
233 378 48703
102 737 43566
556 615 25942
19 775 22672
493 739 43382
227 747 14142
54 55 25632
205 271 51740
521 670 16279
177 206 69721
496 621 42426
76 172 35000
465 830 28425
276 661 49244
413 692 43417
373 764 30414
16 332 13928
118 411 28178
105 856 29155
148 336 24207
613 721 64195
262 740 29069
90 739 32016
742 841 31321
32 813 23601
29 775 34409
598 731 29833
141 453 28425
125 657 24331
63 349 38419
222 655 36620
384 476 48104
363 731 15811
345 848 52773
669 837 52402
92 826 10770
211 665 37656
219 448 16763
398 413 24021
43 735 14318
107 168 81154
456 772 18974
354 806 20616
517 788 47096
730 751 47539
195 625 49679
336 429 23601
311 729 50249
139 279 45891
653 725 46487
468 682 17088
493 759 30806
61 639 11662
180 862 45310
272 580 44407
26 195 46174
45 121 25000
35 572 30676
103 490 39560
61 91 36056
418 667 39699
306 578 24515
321 469 16155
19 553 47170
533 567 35735
414 532 30414
168 854 44777
95 561 27659
434 794 42190
376 401 12369
622 701 31016
247 698 30000
206 377 24083
72 95 16763
58 707 25456
143 580 25060
111 166 20396
447 706 30265
290 312 54342
70 718 45541
680 715 62626
348 362 37000
48 352 49041
288 349 44407
182 207 13928
512 539 21633
781 849 29275
244 361 31145
424 749 33015
351 425 17464
47 416 25807
630 658 52173
282 292 38184
177 378 59169
9 516 44944
717 749 38079
800 832 33615
311 505 42107
99 555 28862
491 579 31145
236 564 26571
183 792 24515
333 473 42154
293 738 39294
665 771 26249
209 450 12042
186 200 37696
440 768 26683
455 673 50606
229 282 21932
317 406 22627
527 643 54231
79 482 49497
188 302 24759
71 267 58052
284 534 31890
703 810 24413
258 350 55444
133 509 11402
56 462 24839
566 589 19313
367 461 35128
214 393 25239
122 818 40311
96 330 58052
309 503 21000
537 659 21932
42 413 47927
23 335 13342
279 459 42059
235 806 16000
3 355 10296
367 563 32249
373 717 28071
733 812 48010
295 681 35903
552 700 24759
44 519 75895
233 672 14866
248 660 32202
389 603 41110
86 478 31828
705 725 32696
428 570 44598
420 616 62650
220 312 29120
247 460 39408
334 795 16279
260 389 36688
155 601 61294
83 223 14036
177 594 22472
104 331 13928
798 825 29732
119 505 30232
187 415 27074
342 597 23770
273 416 51245
9 517 49659
802 808 32000
252 576 31016
501 638 38275
482 623 45222
60 239 24021
255 740 43012
119 186 71344
123 307 15000
422 691 37162
222 422 25080
122 846 54571
182 513 38588
692 861 21471
268 294 31828
665 679 80753
352 569 72125
599 851 39623
394 494 31064
245 758 28284
91 387 41304
160 736 28160
246 520 26000
235 266 46690
162 739 36139
574 769 26173
305 414 20224
233 358 22672
70 260 34059
51 389 36770
12 257 18868
446 613 49031
49 433 22672
417 511 47265
307 851 20248
168 266 34670
192 278 15133
171 262 28160
179 317 25298
279 423 33015
280 689 43012
77 711 20100
196 238 19235
414 683 33615
394 655 38897
643 830 43909
360 698 43932
610 846 75213
458 604 19313
451 471 19416
343 529 17493
279 315 28636
96 844 29155
709 713 41485
727 823 41183
27 248 27659
40 482 57697
172 527 31765
284 562 20000
257 477 29120
223 570 48042
545 709 28601
101 530 11402
107 355 50990
466 538 23087
83 101 42059
572 789 37696
448 799 23707
150 406 23087
394 498 95859
163 809 19416
283 840 38053
437 687 29120
211 771 23854
335 563 52000
625 783 19000
616 804 18439
356 453 50289
188 414 40262
98 579 23195
108 732 26306
501 628 28862
434 570 44721
418 685 10630
444 675 25000
280 420 34928
128 470 29155
661 698 48010
485 610 38601
412 687 33015
628 638 25962
419 456 13892
32 61 16401
123 599 40460
242 838 21840
119 862 50606
130 592 116675
300 835 30000
356 547 30067
650 780 53000
147 701 33838
143 661 25554
410 471 21378
347 762 32249
96 266 35903
296 646 52202
633 838 37014
366 777 62626
307 742 38949
64 96 16763
115 375 43566
632 853 47170
16 189 41437
443 817 16401
594 604 50249
107 848 26627
726 739 39408
247 577 36497
455 705 24207
556 741 10770
37 663 42107
472 521 25942
153 618 30083
520 845 14318
188 405 33971
86 229 47434
74 524 27803
83 439 32202
290 790 11662
62 296 61400
467 821 11705
238 704 21024
209 235 31780
264 379 12207
687 841 40608
76 314 13342
438 843 12083
458 815 17493
50 380 43909
180 700 60828
453 565 21260
151 250 34828
141 287 47802
361 484 12649
730 782 12649
473 595 13416
2 715 46043
322 379 18111
6 813 42202
520 585 19235
76 527 16553
168 811 31321
246 621 50000
220 241 23259
237 628 19799
211 729 26571
90 173 38833
166 786 36235
667 685 41146
173 681 26019
97 191 47854
38 754 13038
63 679 38288
222 810 54452
7 344 44011
92 493 74431
303 737 73878
258 748 63506
17 533 42048
133 615 18000
242 357 11180
81 245 25495
818 846 71505
113 177 23259
348 607 42379
548 719 61098
476 633 45100
71 770 28792
44 849 57697
298 478 31780
614 850 21633
381 461 42485
390 677 60083
195 727 33971
253 393 13153
457 623 46690
101 596 23345
22 254 16553
26 823 49336
13 654 11180
164 331 34713
145 542 27803
389 663 56613
187 417 33615
144 782 22204
483 622 34655
288 357 25179
395 548 47011
714 860 44654
50 643 37162
213 838 24739
239 658 33302
602 701 40050
468 732 28071
751 827 27074
141 699 11180
528 839 53141
618 723 61984
216 642 35228
334 859 38328
497 676 15000
192 546 47634
31 425 38626
102 243 39294
148 664 56462
77 234 61074
500 802 18974
166 181 21095
203 682 19723
34 434 64382
116 593 32650
73 421 24698
437 766 13153
134 409 24698
18 836 17804
531 841 19000
564 719 65924
59 710 39217
305 409 12000
532 787 10296
188 776 31780
477 790 26926
201 708 46228
541 613 55000
700 843 60729
300 557 42544
147 218 36346
642 643 36401
249 842 28302
38 706 41761
616 752 29411
236 740 26833
235 445 38910
338 561 30594
16 255 40361
100 491 32140
189 437 25942
266 450 34015
515 785 17692
157 371 53160
136 787 51624
510 578 25020
27 229 52555
34 799 25000
362 638 38471
117 123 10296
528 853 49649
114 845 31780
651 861 18682
136 683 22804
335 381 70093
435 650 78435
223 439 41400
222 758 67268
139 250 53451
326 652 13928
399 569 36770
226 348 33941
707 740 50120
127 259 40025
344 446 40311
181 801 32249
597 812 13038
198 273 31890
453 824 27074
229 462 29155
201 590 11402
508 585 21633
608 727 24698
215 316 32249
12 549 33121
744 745 188175
660 680 14142
332 641 31828
550 770 28178
234 296 42521
342 812 12207
612 617 35014
30 426 21095
17 730 33242
792 863 62129
212 785 51245
546 605 22804
279 554 10440
137 854 63127
114 829 32757
103 369 28284
669 799 25298
45 376 31385
545 644 23087
2 433 17720
48 421 46043
153 822 25495
126 757 11045
45 112 29833
679 831 29833
167 254 37014
10 85 43829
4 364 43267
528 632 53666
31 612 52431
78 382 19723
734 863 29155
144 751 14866
203 468 28231
549 789 24187
85 781 58694
122 391 20616
167 837 38275
281 863 45177
8 755 66121
254 755 99323
37 301 17804
137 401 30265
393 515 40200
103 763 46840
125 488 17029
362 366 20000
83 634 51884
703 744 81302
350 584 76158
56 282 32894
454 466 41000
350 678 44385
258 584 35355
310 353 17088
98 524 31048
120 621 56851
480 563 29120
131 546 28320
432 850 44011
487 604 21954
328 646 51478
179 412 55543
517 573 41012
173 795 22804
567 648 24698
456 513 75000
66 148 26926
157 741 51884
71 444 77782
433 494 23537
215 709 71868
265 723 39459
89 424 15556
341 846 67424
499 635 22361
509 615 14213
63 288 22804
654 657 31385
186 252 10630
442 461 12042
497 678 114978
385 618 29682
247 657 53160
378 762 28460
168 209 20881
167 855 52202
432 616 50606
663 786 30806
576 862 37363
485 818 58189
437 841 38275
174 278 12530
160 475 48374
158 248 37000
285 693 18385
252 409 12649
157 365 35355
343 466 22472
421 500 28601
393 706 16279
114 520 34713
217 531 26249
442 492 48374
396 831 54231
635 735 26476
397 611 47381
5 345 24187
283 474 40497
150 641 21932
75 593 13601
160 277 35511
482 724 55000
468 660 12530
242 514 19209
187 598 19209
362 607 26476
156 725 37855
184 620 25318
528 785 46861
411 778 16125
319 449 30414
82 270 31623
609 782 22361
266 844 20616
1 587 11180
737 814 32802
653 705 31305
464 851 36688
481 858 26401
297 311 20224
672 863 52697
156 821 29614
555 819 50090
41 687 32802
64 391 23022
302 578 23022
3 574 16125
98 210 42953
469 606 20248
251 767 19105
768 797 24839
293 454 26249
234 649 43932
361 780 25612
20 208 33601
226 673 27803
558 637 13038
52 622 35114
110 196 24042
183 295 23087
285 689 23854
577 657 49659
105 133 37014
403 537 32016
290 490 58523
28 784 10198
408 419 23601
70 840 49041
437 531 32062
227 390 31145
565 824 19416
164 196 28160
20 558 15811
565 581 26306
320 677 36125
623 645 26019
100 600 38419
98 742 59439
680 732 17000
153 158 27019
301 569 33015
123 851 20616
285 420 29614
63 427 16000
228 621 52431
314 522 13342
620 764 24000
200 589 56036
176 625 57070
162 595 38053
832 834 36497
502 507 45793
176 195 36125
414 787 29547
521 746 34059
34 448 11705
311 552 43267
544 613 25962
703 745 106921
266 442 31401
139 554 48010
141 356 42012
487 777 45277
569 688 33061
251 612 19209
500 710 57280
315 416 44385
342 382 12083
382 402 37336
69 395 21095
97 108 39357
142 835 21213
91 182 33061
82 726 16553
690 796 58181
535 798 20616
275 397 44294
118 499 38275
22 167 34000
36 326 27166
652 697 36770
150 766 26627
50 272 57454
15 276 13342
518 846 46239
44 542 48010
33 370 35468
36 267 43932
89 717 41110
325 583 11045
49 655 45343
132 208 15000
8 254 35114
389 840 51971
338 804 14560
45 283 36235
112 230 53824
410 757 22561
88 106 28018
314 533 26401
473 511 27295
786 833 20000
112 746 37483
12 665 38210
209 574 46690
629 693 11402
441 713 51000
84 402 16031
54 402 26306
171 224 56719
99 449 31321
428 736 15232
155 786 19416
156 815 15232
35 480 35128
48 375 16401
667 859 35511
98 841 65192
88 760 64846
512 608 45880
436 857 12207
282 359 34986
88 572 75286
377 487 55218
513 772 76662
141 212 35609
471 757 36770
396 553 41110
326 697 44294
631 659 12369
78 556 28018
223 651 47202
33 689 36139
638 800 26833
57 711 67186
105 365 31828
294 784 15000
290 729 60836
377 832 52010
479 665 35355
81 743 13038
17 172 45011
444 772 34670
104 405 30610
155 166 28071
205 258 69426
273 368 40792
632 839 39699
250 459 41304
27 682 26926
297 470 13454
765 804 52326
38 747 30067
537 843 42720
34 337 33601
177 718 33287
87 749 36620
4 280 38897
781 797 92785
384 714 52469
431 690 52498
418 792 38118
262 564 35903
42 524 31575
222 263 63135
77 296 38288
371 556 19026
330 749 55362
68 780 41976
71 388 68659
80 709 28018
226 383 23707
397 826 67543
434 612 21471
197 251 30480
275 628 24083
349 549 38079
488 641 16553
412 793 32696
66 791 16155
262 264 27313
2 49 20000
107 854 73600
601 815 62008
13 460 29069
222 744 45618
465 642 29614
467 748 24083
539 729 24083
104 302 30000
415 731 18385
824 856 36497
489 540 21401
51 663 43463
347 378 47011
163 770 15652
609 730 19698
484 650 49729
82 750 25710
817 854 55579
130 309 59841
175 217 14318
138 618 20000
51 801 12649
43 88 61522
379 830 25060
399 688 12042
231 243 31145
350 497 78294
162 333 26926
457 464 49497
98 135 72367
571 675 34540
328 340 29833
479 771 26627
266 492 37656
544 807 15297
308 825 46390
134 186 10817
557 583 18788
41 766 15000
539 823 27074
302 405 42297
291 738 15652
602 637 10817
19 66 19105
581 699 17804
181 221 25612
208 637 11705
569 833 43966
125 329 49659
269 764 21401
372 834 44922
40 724 11314
278 546 38079
339 369 37121
91 591 23770
599 849 51225
5 300 40311
310 793 17263
161 852 18385
96 854 45541
539 608 36069
23 161 15297
317 424 23022
295 418 30083
325 762 33015
403 824 43932
281 286 16643
24 507 37121
152 177 36056
289 444 35114
241 631 17263
383 455 42048
350 392 42000
46 503 30887
445 806 35014
498 864 56436
157 386 17205
32 91 44011
413 524 39850
360 399 50010
553 791 53600
47 839 19000
40 551 30414
460 698 23087
329 577 55570
266 461 36235
621 829 40249
27 822 27166
327 721 31780
529 597 25000
218 668 31321
20 755 15811
491 849 38910
11 384 35355
205 678 72111
46 130 97529
551 778 16031
2 864 43829
715 819 39051
454 738 36620
136 405 30480
338 716 55785
290 771 38079
56 292 16492
188 409 31623
225 590 20100
135 304 30594
298 722 44385
69 548 54009
171 379 24739
435 780 61294
512 665 59666
231 712 32696
581 853 40311
108 626 16155
534 618 29206
664 783 18788
278 571 13601
229 822 52612
39 44 38639
6 281 29732
430 537 39408
408 513 65765
435 677 29833
86 468 27659
197 254 147492
348 611 73593
557 718 57219
457 793 48765
737 837 32527
193 232 24698
240 846 36235
592 621 40224
215 761 64288
258 678 54589
269 717 16279
603 698 38079
64 184 46648
33 285 36401
170 256 23195
296 328 39051
86 682 13000
207 726 31765
194 298 34000
184 749 47011
171 256 51614
80 713 17720
95 185 24597
722 784 26173
496 508 60811
71 163 34234
586 657 26627
192 319 61717
706 785 24000
23 274 22472
261 705 43046
596 671 18788
99 715 68007
297 505 48104
131 268 30017
401 848 23601
196 331 34234
85 482 50961
233 734 51245
107 137 40200
464 599 39598
555 743 26077
147 483 40497
637 512
678 95
359 390
674 803
320 410
335 216
887 301
530 986
372 327
557 681
654 293
661 485
269 554
523 226
135 588
275 675
37 626
357 834
766 347
611 985
515 367
512 991
562 392
822 119
757 715
825 414
702 199
581 256
753 384
389 185
430 966
357 192
722 796
441 910
592 448
465 114
167 492
723 752
501 770
510 605
328 638
404 808
624 514
494 808
305 512
56 713
678 640
100 517
658 95
132 642
210 433
580 944
380 770
882 585
891 561
675 275
902 792
300 805
98 620
771 257
370 182
823 817
647 402
427 512
238 223
785 345
510 28
509 795
133 768
261 410
437 158
801 856
41 540
415 799
225 910
82 662
865 729
923 641
570 622
421 332
570 127
356 112
320 861
877 627
521 706
682 221
325 529
563 506
356 581
316 74
358 148
265 72
382 20
943 672
817 851
422 496
589 236
390 747
612 142
437 741
280 848
575 909
705 554
951 439
857 645
562 534
320 437
607 201
395 123
925 393
188 428
286 535
236 368
271 814
117 573
262 936
402 690
583 584
850 506
243 893
329 505
451 545
411 685
583 626
275 612
548 280
751 756
796 447
329 931
102 799
550 222
653 965
894 646
927 490
319 733
995 481
316 477
736 128
671 701
321 771
790 661
345 360
185 564
18 561
444 864
859 421
610 946
799 322
299 878
313 631
593 739
262 345
740 173
768 708
156 406
130 356
874 703
719 190
519 595
333 921
565 407
383 82
441 124
915 418
757 588
184 408
496 961
401 442
936 639
194 649
221 714
82 627
284 96
542 199
298 712
848 392
226 347
793 368
330 617
864 588
202 397
391 146
297 164
387 536
828 873
921 499
438 32
950 481
314 689
684 362
632 215
534 173
716 309
636 244
821 368
942 410
352 971
621 638
168 277
907 464
390 333
41 318
687 192
413 41
67 338
216 278
386 133
638 965
407 422
399 705
724 464
762 683
682 349
674 729
498 317
154 739
311 718
646 941
461 894
768 550
186 377
594 44
321 875
230 658
407 342
101 217
711 772
250 879
721 248
242 504
608 892
725 286
302 280
868 790
438 415
246 767
219 160
959 419
770 233
527 586
789 540
637 361
585 871
503 827
545 122
221 801
220 573
684 178
118 594
620 717
372 948
928 507
697 728
497 998
245 702
191 672
671 501
81 406
742 795
235 432
66 287
229 741
563 99
204 730
806 197
430 461
494 147
549 252
399 547
338 86
106 304
181 612
642 614
550 373
187 158
148 585
327 886
536 188
662 656
662 840
313 236
706 264
273 495
746 102
700 825
327 245
819 699
629 388
504 246
723 510
987 590
679 291
956 566
571 275
275 157
840 758
780 472
652 274
30 605
348 381
156 478
933 463
485 845
289 739
940 523
896 439
411 670
907 347
92 740
414 635
783 492
776 522
690 924
79 675
650 630
494 285
322 593
606 702
589 145
630 732
587 360
195 738
906 666
470 271
302 332
468 87
839 264
801 756
254 657
365 507
938 444
270 662
409 89
263 98
549 389
780 307
468 930
769 866
648 571
794 727
559 519
924 619
945 574
871 260
296 407
799 794
279 337
125 193
623 432
38 441
482 945
54 500
398 629
446 380
354 399
823 687
626 363
319 295
736 282
187 514
534 824
160 205
497 32
650 839
879 668
176 217
497 441
634 574
685 574
689 783
925 688
240 273
385 578
403 740
110 530
289 485
192 276
256 296
197 720
154 604
481 406
913 624
122 228
629 318
773 128
860 713
317 143
504 173
224 467
690 749
446 525
38 483
695 715
652 38
115 779
753 353
226 137
361 813
137 513
176 856
286 473
878 611
781 579
72 267
975 458
306 609
480 616
414 231
940 511
532 259
570 609
381 639
360 789
960 520
465 34
693 619
467 49
264 185
433 245
694 854
54 519
604 67
643 683
345 592
466 952
391 164
647 386
354 915
761 293
845 603
914 336
720 920
673 78
377 917
604 775
870 408
326 666
859 603
346 842
588 688
471 291
461 456
311 499
492 213
473 398
876 220
741 716
445 899
603 172
416 430
527 244
268 829
808 639
973 546
124 270
445 238
458 639
153 347
625 676
243 541
462 444
694 259
920 352
465 688
163 716
933 555
105 361
661 203
602 366
771 462
511 255
326 547
393 50
235 481
309 879
674 335
699 493
659 243
682 492
557 445
95 684
535 657
572 932
530 836
511 486
582 561
160 321
286 625
508 344
743 565
434 773
437 498
329 34
678 55
665 965
165 843
1 510
742 71
615 563
71 542
177 167
824 146
71 740
699 601
825 489
853 700
785 122
208 800
901 637
919 469
420 54
733 419
424 166
622 349
699 675
330 343
351 282
547 575
422 784
245 791
314 570
76 688
390 616
398 777
100 528
789 800
97 655
747 658
954 589
287 839
328 698
982 541
55 664
725 126
916 405
763 600
813 580
910 557
751 431
525 357
899 216
466 847
218 381
841 165
460 372
571 203
853 689
134 822
632 469
414 106
540 600
819 516
726 322
672 653
605 114
924 669
311 360
620 972
737 580
464 884
799 872
746 122
529 437
221 776
794 623
844 444
66 698
457 254
123 479
369 873
525 196
621 458
392 283
375 388
678 548
917 536
226 609
920 444
413 750
207 576
790 649
411 620
303 343
112 423
226 788
286 610
642 502
628 812
851 462
387 344
364 125
184 882
233 921
214 366
381 44
264 865
930 596
453 20
437 716
407 717
95 400
618 955
211 506
171 340
589 189
595 385
165 179
777 406
43 587
548 497
179 143
387 936
866 172
746 909
912 646
751 880
422 937
748 144
543 363
412 540
207 849
547 956
492 671
22 360
859 336
592 207
316 102
205 174
726 839
781 207
792 557
723 610
629 332
296 815
635 553
570 971
627 961
198 199
380 176
454 611
293 640
134 710
147 676
482 365
493 645
822 709
530 134
89 707
839 823
578 849
359 847
481 92
137 275
259 559
624 65
442 583
271 588
792 258
804 560
655 192
172 542
535 973
170 450
851 300
687 457
241 380
238 155
676 932
474 886
302 581
281 873
312 269
84 239
648 492
512 228
16 510
633 768
27 398
676 377
641 190
283 122
677 209
989 503
394 265
256 192
497 660
354 658
125 512
687 805
964 352
589 101
387 823
717 832
41 575
984 424
976 612
507 66
220 543
779 663
836 534
578 957
689 867
554 17
950 400
109 289
711 712
282 787
419 297
437 355
111 583
885 727
621 862
426 315
577 311
680 141
783 812
383 550
254 365
156 765
600 409
846 233
609 263
767 203
502 613
122 319
371 105
798 393
94 668
749 455
25 595
482 27
633 205
970 637
253 265
630 527
360 929
532 902
994 576
348 73
258 743
920 679
377 689
583 128
635 24
448 3
280 572
721 782
89 343
346 559
331 106
7 551
775 897
304 754
710 751
596 990
316 173
537 281
549 94
304 52
621 535
560 300
283 305
718 599
412 564
732 815
328 653
353 950
562 694
394 370
427 131
704 477
463 232
301 668
525 955
781 364
979 468
155 276
556 601
394 594
550 804
498 760
21 583
859 317
583 266
711 688
152 425
987 532
348 235
635 493
713 516
779 330
302 188
411 652
381 875
266 82
936 301
578 713
903 421
466 910
222 211
198 429
53 548
453 86
755 862
306 796
438 399
826 162
53 580
437 105
540 37
392 472
931 609
376 206
558 922
144 362
113 716
324 489
456 505
655 111
334 967
101 350
729 196
778 429
810 612
913 393
255 76
5 524
226 366
243 831
185 698
699 358
191 224
136 437
227 230
366 357
371 823
509 925
658 355
697 640
275 457
347 698
133 618
854 592
411 469
258 785
504 558
695 316
305 459
469 756
764 921
430 677
572 390
770 614
379 481
446 976
846 618
863 398
106 708
268 136
614 336
377 842
881 546
268 240
714 120
