987 2901 10 418
71 174 36674
864 939 42544
396 610 29069
429 603 29732
299 686 19209
264 354 25554
238 712 43105
361 981 21378
296 572 42012
176 678 35000
315 440 21840
152 542 32311
307 650 48703
194 755 45618
418 648 33541
332 615 25495
212 625 65521
84 384 19209
482 701 20224
118 961 71694
230 767 18358
49 559 36125
62 259 15811
280 581 77162
191 225 15620
83 623 18439
99 665 32894
393 472 30871
430 691 20248
460 923 29120
832 853 36359
286 494 22472
448 585 41195
222 750 23770
350 513 14866
444 856 37736
909 922 41110
131 397 18248
627 962 15297
168 252 23195
909 959 53160
46 138 37736
690 737 34986
282 736 18000
889 971 47539
271 858 34132
535 836 16031
406 836 20248
901 944 17889
145 585 13928
857 973 22204
376 404 37947
7 806 111041
315 690 58830
286 921 54406
614 698 31575
186 744 40000
113 236 51740
491 746 17029
316 803 36069
453 855 29967
102 791 19647
238 720 44283
315 348 28425
142 591 20000
213 831 17263
266 408 15620
6 744 70328
248 594 42450
407 792 60671
388 461 23195
457 693 30529
506 679 66483
371 950 39446
240 322 38588
125 452 42521
216 468 35440
598 676 39294
377 486 33377
73 769 50000
9 113 54818
72 514 13928
515 788 24413
46 50 25239
223 610 30676
186 584 32650
450 668 35693
57 142 19235
534 618 26249
6 777 33838
684 699 24187
51 701 13038
26 668 26000
782 892 31890
680 972 39560
261 683 21378
98 765 33601
292 500 38079
133 317 56356
318 528 29732
445 772 13892
502 581 17029
191 958 14036
215 486 32650
526 882 31623
105 851 31780
10 403 26077
114 618 18868
530 961 38275
669 709 36056
128 624 11402
289 752 12083
447 519 43417
258 562 46065
902 942 45277
9 761 49000
68 906 34670
695 982 43863
379 837 62241
338 582 36249
527 730 48374
62 730 63127
308 599 13928
522 723 31113
731 857 89185
228 253 38013
556 764 17263
788 891 21633
336 724 31016
102 408 18111
154 568 32016
633 906 46325
574 625 40000
568 966 24739
660 716 21213
179 300 27803
464 920 46098
606 907 11314
206 472 18028
798 810 30083
7 542 58523
396 508 63600
351 427 16492
136 923 42059
93 547 27203
856 957 33015
288 647 30000
688 705 40460
440 863 13342
51 881 39623
75 243 16125
43 890 43681
352 864 29069
281 498 22023
278 327 40311
560 700 60415
715 905 18788
826 901 33121
502 983 31305
359 374 72691
146 699 15133
158 921 53367
347 933 36235
71 241 24042
672 786 13153
633 719 38626
612 627 34713
467 569 22136
611 665 39623
57 539 40112
458 503 64031
22 253 24698
386 417 20809
331 984 11180
357 511 30083
40 371 17889
703 847 16971
491 955 38471
423 800 51157
484 558 27459
363 515 15264
250 832 13416
277 899 10440
232 349 35228
8 310 100464
451 456 58523
214 466 21213
397 660 27659
106 571 13000
365 805 10050
354 410 31305
27 377 30067
529 847 14318
588 865 15620
590 925 16279
64 821 18439
306 755 67357
180 723 43186
443 451 50606
326 335 15133
946 974 10770
662 857 71176
628 731 83487
679 812 47424
205 753 31780
644 850 38419
413 501 35468
44 509 35511
234 938 31906
56 421 18111
506 822 27166
186 651 31048
319 491 45122
44 107 32894
458 561 15811
180 562 29732
353 464 29614
109 503 58310
144 653 52202
322 671 29411
464 801 32388
296 459 44294
55 157 27295
237 433 25060
872 902 19026
452 525 31048
473 964 29069
526 985 21024
499 596 11000
168 836 16279
63 898 27019
86 493 35777
381 733 12728
744 778 75954
725 729 29428
517 860 46098
768 793 21471
35 186 39925
510 980 47074
36 895 17029
44 706 36674
28 144 42059
564 714 41869
75 439 84971
704 884 36401
88 971 79310
278 692 19209
521 748 60926
343 661 38949
72 770 48836
196 300 35468
100 311 55570
182 334 11705
324 716 17029
161 908 32450
47 569 28425
658 747 39962
403 524 16763
867 896 37216
495 562 40361
305 665 31145
297 388 40262
453 914 28178
3 226 25612
632 880 39115
56 459 38419
883 930 28018
747 909 33106
713 795 29428
15 483 22804
58 435 29155
678 957 14866
546 931 47760
192 868 13000
591 987 13416
73 710 13601
115 183 21541
288 382 36139
136 460 35341
150 233 19698
702 834 51010
104 760 39825
368 679 31765
22 344 26173
125 648 35511
194 713 40361
492 932 37162
158 587 39294
363 753 25710
316 564 51078
609 667 19416
295 533 20396
314 613 35609
254 481 18028
310 694 47381
122 628 38118
48 406 53038
383 645 43012
73 658 13892
155 597 38833
312 388 19647
142 470 16279
653 663 36014
448 509 33838
237 457 34176
42 871 12083
479 786 22804
200 980 51546
293 820 54129
737 768 15811
230 456 30594
68 522 15556
582 671 42297
200 510 49204
134 185 25000
75 388 84770
484 941 34234
390 575 44643
43 280 22136
32 888 54708
628 913 34986
289 793 19416
227 354 30414
59 846 27295
195 743 12207
207 409 51865
60 815 27295
96 101 14318
324 946 17464
238 876 47927
587 965 98813
201 339 25495
102 238 34540
354 740 12083
180 195 30594
659 903 26926
691 829 27731
260 962 41110
122 193 27586
468 849 33242
123 957 38949
856 910 20809
137 975 13038
672 763 24352
356 926 16279
87 861 25318
143 680 33377
281 546 64846
796 945 27586
11 910 11402
400 890 28302
233 526 33242
285 858 52924
372 407 53235
738 889 10630
46 232 17464
669 912 37537
36 454 31385
747 804 16031
249 477 42438
412 818 16279
373 949 32388
329 718 23087
517 636 25807
45 623 57315
664 857 26000
149 282 44418
617 847 32757
713 827 31145
108 602 55362
562 955 21954
546 765 36674
41 201 29614
353 813 18682
138 790 28160
312 787 52154
217 410 29155
285 579 36770
25 454 29547
540 626 27514
571 888 27731
289 986 37336
407 603 38288
686 822 14142
776 821 64133
567 848 10817
583 707 17263
875 982 26420
18 863 25962
3 590 16000
775 907 22023
207 561 48795
728 758 33136
99 611 19698
168 423 28284
28 653 37336
337 800 39812
10 311 26907
53 345 26000
49 313 26571
388 439 66708
77 263 26306
158 589 22204
196 859 26077
385 967 27803
141 215 10817
372 792 66038
43 671 25298
215 541 32062
460 783 25710
174 925 26683
166 890 33377
537 559 27295
263 375 39051
36 809 32527
665 824 24207
313 422 30463
50 232 17263
335 379 59135
132 683 28862
259 516 15811
493 986 23431
363 465 53235
87 520 30871
270 596 18974
29 198 57306
247 954 29155
169 200 31623
898 944 33121
265 625 13153
773 808 41617
40 950 33287
146 647 22204
220 545 42579
402 431 40706
206 393 27459
69 318 55803
181 730 27785
28 559 26173
344 449 37121
509 706 13416
64 235 25632
272 615 17720
480 688 47381
778 961 21587
709 757 26019
572 750 28320
335 594 49769
581 743 44553
340 806 42012
715 866 34828
795 827 36770
278 958 25495
103 441 38210
581 983 29155
456 767 23259
321 401 13038
192 799 18028
114 949 43909
17 175 49336
5 655 15000
101 253 24187
811 873 33106
78 565 37108
130 574 27295
17 953 29614
404 580 31906
78 375 10817
454 476 39051
216 406 53759
605 953 18601
755 827 17889
471 742 28636
290 931 67543
262 782 20248
106 266 22804
587 921 26077
255 358 62586
471 577 15811
28 772 32062
163 400 10630
323 410 42521
677 914 23345
294 694 39205
420 774 29967
434 754 24207
790 797 36674
921 965 75180
143 245 26627
808 841 29069
106 876 39115
503 794 14142
441 980 40804
138 797 27313
357 694 25942
786 842 19647
534 834 42450
5 58 25807
406 897 65552
297 630 28636
258 522 41049
725 866 42485
61 782 42450
87 505 17464
576 745 27857
782 980 33136
449 945 14318
197 827 24839
577 742 41110
22 780 34540
79 981 44553
44 172 34205
133 465 39217
654 811 54406
574 908 35341
266 791 25962
94 419 17464
193 638 40311
619 732 54203
261 928 13928
433 693 18974
351 416 18028
226 663 29428
816 890 22204
68 983 10817
17 688 48549
622 867 47043
246 575 24413
243 468 28160
466 597 17804
645 910 22825
94 555 26627
435 592 26907
348 830 37336
415 522 19723
382 647 29155
264 954 28443
378 489 23409
117 424 10050
242 778 22825
303 720 56648
305 795 35228
416 940 49729
12 616 31953
164 446 19026
600 663 39408
464 813 41617
44 448 30067
65 266 20000
669 759 30265
276 642 11402
291 912 38910
72 761 24352
95 492 18868
326 404 41110
727 803 29155
205 774 37121
274 937 14142
12 641 20000
46 160 46840
256 896 53000
380 871 29411
156 561 25495
83 139 21587
97 290 67007
227 244 16401
320 938 15264
578 820 47508
796 898 34015
256 567 16279
543 557 34655
78 398 31305
60 867 68600
155 674 27203
527 533 36715
128 798 26000
516 687 17804
199 878 56586
605 980 34713
140 459 31385
139 168 30594
32 917 23022
184 689 32202
127 748 34366
552 803 33838
107 172 18868
332 882 39294
507 748 34540
347 965 26000
444 645 48000
40 736 43081
171 608 27203
60 434 33136
445 675 15000
490 873 36346
432 867 33526
431 714 26019
148 790 35847
67 141 51010
737 986 34928
750 758 41049
913 920 43186
207 614 12728
277 817 18000
60 115 50040
453 712 36125
23 763 32280
82 348 31906
152 932 26000
479 675 10198
155 303 58258
112 961 19647
389 939 45607
104 286 23345
199 380 27857
451 901 23259
198 517 55866
247 255 12649
246 707 27659
221 261 27459
294 310 29428
700 792 41037
270 519 24698
32 204 45695
510 860 15556
179 859 22472
321 455 17117
326 656 26683
50 160 36125
80 728 37336
154 966 34713
249 690 36892
229 818 13038
89 512 34986
764 951 19235
77 950 35228
405 426 31401
58 592 25495
524 700 55973
253 780 23770
61 966 31765
613 861 22472
222 791 30017
91 124 21840
197 305 42190
289 769 39560
759 912 32388
169 860 21095
127 507 34205
22 345 47885
601 966 11662
122 913 17000
370 652 23087
451 612 48270
393 623 60836
338 883 39408
528 635 21260
259 438 29614
16 493 13342
21 235 32280
492 666 53075
275 944 26249
760 844 50488
355 493 28284
392 558 48270
166 983 32249
229 477 24021
120 411 33061
350 767 20248
26 969 28160
27 235 39115
60 968 18028
178 922 36797
256 848 11662
833 939 31385
399 940 32802
180 258 57983
273 398 35511
242 741 14422
357 586 21213
489 767 18385
262 892 28443
145 616 43046
668 746 33015
574 752 30610
224 332 31000
544 572 27203
155 720 18788
124 346 11705
306 902 35114
422 842 30594
71 349 28862
79 427 24187
209 473 31953
543 689 20881
251 467 12530
91 346 17720
346 920 21401
65 631 15133
418 678 58034
351 732 115434
188 367 54083
306 591 35228
42 611 35693
145 938 17117
470 987 25554
204 577 55758
670 779 49031
22 915 48042
621 774 36125
88 969 26926
586 776 57628
342 519 12042
616 948 33956
211 633 35511
371 889 25080
208 769 58549
198 961 55109
314 746 23431
178 497 32016
175 200 10817
125 525 40050
110 486 27659
234 344 25000
229 249 36000
353 540 52697
180 743 28018
221 980 15133
48 897 27203
54 323 29732
18 685 23770
89 929 55785
34 744 38949
559 842 32450
2 381 19026
737 785 20100
837 900 23195
140 909 37537
825 944 24021
31 969 11000
79 416 10296
323 731 64405
288 970 52498
154 477 34438
306 872 19105
387 730 23324
49 422 21213
430 649 39623
215 313 24839
837 919 19698
114 883 37855
406 468 67779
391 632 65765
763 842 31241
305 379 59481
629 718 26173
61 601 33302
681 909 35903
140 178 41869
210 729 22361
538 575 156285
241 925 27295
801 814 33287
161 481 45277
876 916 31401
375 613 35440
675 979 43012
479 672 25000
46 334 44598
182 440 31623
25 545 28284
56 709 37696
225 692 17263
267 606 42107
304 939 21587
833 850 12806
512 929 39395
843 965 31953
136 385 31016
395 686 51923
374 707 51614
11 383 52202
287 336 45706
115 867 57706
637 701 37577
76 344 29000
316 714 55714
85 987 42755
6 35 56143
642 907 22847
301 817 45255
227 358 22361
62 438 27586
340 539 44598
9 468 56045
269 642 19026
545 941 25495
144 772 22561
166 360 40025
295 367 37736
478 604 29833
370 422 29547
304 352 33242
286 760 40706
657 706 38949
315 785 47000
719 959 32558
300 859 29155
794 885 32140
66 766 29428
27 357 25000
452 868 23259
244 354 36056
261 782 35114
302 617 45177
48 535 50000
258 723 46573
105 501 31064
169 636 12728
199 773 15620
389 789 28792
101 780 15620
205 643 29732
167 826 21095
218 523 57428
16 86 35128
421 912 29833
690 853 61270
36 672 36249
318 982 39623
279 590 34176
188 527 11000
160 336 39446
561 844 24083
340 470 27295
62 635 15133
124 920 27295
824 881 35000
567 771 24187
621 741 14318
124 696 36069
437 531 18248
598 756 12530
372 849 63127
3 241 18439
508 547 37000
154 832 23022
174 875 11402
207 634 34540
157 757 32757
690 810 55902
139 623 21401
92 985 25000
379 666 44011
660 708 13416
654 724 36235
314 520 29411
293 578 15264
430 819 24597
674 834 31575
765 857 40522
32 578 21190
121 640 42521
100 395 42438
217 580 18439
197 379 39825
178 459 16000
203 654 11705
223 779 58694
42 199 33541
275 962 15652
13 60 43463
17 605 22023
65 84 31890
133 487 30806
536 589 27514
4 879 16125
756 879 18868
421 681 18682
683 812 26077
687 878 35014
317 703 42450
146 288 21095
801 887 30414
72 75 26000
71 925 16401
533 730 20000
712 855 11000
235 821 14318
112 741 22561
328 883 57219
518 612 17464
74 705 45222
125 418 25179
344 345 39115
76 554 21190
768 769 25000
328 466 26077
271 596 32894
343 971 20616
294 557 41593
150 526 23770
799 965 18788
260 871 39623
484 727 31906
474 699 20518
583 620 48836
594 977 39115
8 381 22561
268 943 50160
362 970 25612
283 639 41037
666 987 50160
233 311 32450
530 621 51624
617 703 20616
92 792 55036
678 856 39661
77 971 71386
931 958 43105
16 41 14560
283 450 46872
399 637 57201
330 696 25632
336 339 65299
113 596 31765
190 258 24413
76 938 18439
889 950 44102
288 699 23022
136 550 20248
573 600 24839
489 762 41049
492 806 51788
1 959 33061
44 554 19209
122 638 25807
609 878 50537
32 742 44553
434 815 29000
230 350 13454
771 848 17493
505 613 29000
174 797 43566
480 530 21213
198 480 21633
170 553 31016
236 976 26077
32 820 41231
879 974 29530
134 494 21095
93 251 31000
24 276 19925
713 715 22847
164 790 49980
8 784 27731
133 302 16492
481 493 21954
27 694 26420
56 296 45891
479 842 36797
451 500 58078
194 866 26683
211 604 44011
361 427 13601
566 826 27000
432 779 71694
13 424 15556
291 669 14866
768 986 32650
347 452 40497
765 794 33015
81 938 15133
356 364 30594
307 399 30463
451 826 19647
798 830 20616
536 760 31575
52 560 22804
149 776 27295
319 955 35384
564 650 48094
147 984 19026
10 524 27659
268 876 49396
690 769 28160
685 830 47854
166 816 30480
97 531 32573
65 888 30067
374 620 39051
492 542 29275
749 845 36401
393 800 46239
776 873 65299
621 884 36069
722 781 17720
10 30 31906
810 830 34205
111 135 15620
166 239 50329
405 740 14560
5 425 18385
231 295 32202
226 349 38328
628 973 25942
105 544 41012
221 605 25298
107 706 18682
580 594 34234
629 847 33106
123 698 44294
489 518 39812
38 610 52154
536 911 57723
153 595 20025
263 613 51313
303 726 38013
25 436 29732
182 863 24698
706 874 14142
660 974 27586
662 931 32650
224 869 18358
208 710 28653
72 365 36878
938 948 31575
132 368 33838
318 635 34525
137 368 19849
420 621 37802
217 404 31780
143 615 32202
200 636 39013
763 895 10817
731 958 36715
274 860 34928
67 694 38118
244 331 30676
698 856 34015
496 638 29682
717 847 33956
481 908 21378
364 638 32202
406 429 47011
644 864 50804
496 913 13928
320 448 38275
521 811 63953
552 781 25000
160 724 34785
719 949 20396
718 870 16279
257 397 31016
109 458 22361
189 525 37014
544 749 23345
260 518 47539
378 767 10296
25 36 28000
101 228 43012
384 584 53254
729 866 58249
202 918 19105
272 894 19313
49 110 34438
244 358 16643
396 428 17000
509 923 23409
103 860 19416
632 788 66008
753 891 20000
235 511 22361
657 826 33615
52 753 40224
47 874 24021
209 936 28071
132 137 19416
615 894 25080
322 338 17205
546 662 47508
417 964 25554
632 700 18028
325 941 21471
433 904 17804
390 717 34713
825 840 21378
83 252 23409
550 739 20025
201 576 13601
134 553 18358
156 458 12649
621 704 37363
765 911 35468
304 963 13454
90 477 20616
520 599 27514
266 916 20000
425 655 18788
521 654 29155
46 790 25000
19 557 32202
416 427 19925
179 557 18682
202 429 42438
247 264 36235
316 722 34366
466 582 80006
885 911 36235
82 315 10296
435 643 33015
900 935 17720
4 974 18000
7 358 47802
618 702 10440
467 547 23707
636 860 27074
365 770 25000
251 366 31016
204 943 50448
611 871 30265
731 954 38053
163 949 22204
184 776 32388
31 263 20100
426 504 21213
37 274 37643
14 110 35847
442 773 29275
104 536 25318
607 971 44204
463 760 41677
159 673 32802
20 503 63506
470 492 43566
109 844 31780
118 501 35693
218 471 18028
152 165 22672
482 905 25495
214 671 133843
560 632 60208
21 711 29069
649 829 12369
215 807 50210
696 813 26249
773 841 44643
98 664 21471
335 580 52202
10 560 35128
727 886 13601
727 904 27659
172 945 30887
20 458 34540
311 395 53600
51 387 51884
14 235 12649
431 564 33015
186 917 34132
449 554 31048
153 498 13416
497 914 22804
157 751 26249
341 634 28160
614 951 23087
316 781 36401
287 936 24698
309 881 59682
104 158 40112
352 939 38897
104 921 56436
227 426 22204
593 696 39825
33 66 20591
683 960 36056
111 387 23259
834 930 53712
31 88 25020
536 823 29155
159 935 43046
239 360 28160
94 443 50249
144 394 29547
14 21 23022
231 367 34132
210 942 38184
229 412 13153
328 930 39962
156 330 13038
38 550 35228
714 781 57454
355 785 41049
187 721 47434
300 784 27857
103 274 28443
419 555 36715
316 650 52154
448 923 26401
249 853 35228
673 919 22472
75 787 61221
171 276 17205
178 909 52154
149 736 38328
160 334 25000
723 934 20881
240 400 25000
250 907 30083
187 749 18358
292 540 84309
285 678 23770
434 593 32696
221 953 21024
348 863 36125
281 823 22847
90 154 36346
406 535 16763
743 934 14000
770 787 28302
375 565 30000
63 699 30017
167 366 31113
48 423 93038
284 405 29428
606 853 19209
424 848 24515
34 384 53226
100 779 25239
657 874 42154
248 900 27857
304 523 40249
375 950 19849
460 569 16155
329 462 38210
136 739 10440
41 473 36401
74 530 24187
69 797 28178
52 391 36056
30 686 41773
626 696 44721
406 697 20248
267 759 12083
79 307 60208
210 399 21213
505 520 20248
411 676 76922
416 640 56824
364 801 21840
662 958 30000
5 74 38118
44 81 31575
218 854 30414
181 295 23409
90 624 14866
211 804 37121
817 899 23259
339 440 54589
600 653 24331
29 845 30594
226 600 27659
648 858 26401
362 528 29547
111 181 42720
364 926 28792
109 760 43046
681 747 30414
11 645 32016
192 519 40262
190 415 39699
89 876 55579
323 835 13892
1 677 39812
162 616 20396
589 823 12369
566 865 22136
138 232 36125
342 843 22472
52 891 38910
88 263 31145
164 321 29275
287 735 28018
205 592 33377
101 624 26249
177 830 32062
285 770 39408
117 815 32140
42 99 44385
262 980 34059
125 553 40853
114 702 13000
257 538 35777
218 512 99126
494 933 49739
113 499 28284
333 652 18601
402 637 29967
26 88 49578
8 557 47043
38 508 19647
463 553 24021
219 644 45188
881 905 30017
86 254 17117
380 773 27203
22 234 13416
748 831 24352
284 376 48083
13 117 23259
49 537 40000
352 523 67268
306 539 51400
309 687 24698
529 703 15133
399 431 47885
297 645 40311
167 874 36878
846 982 23000
391 560 36056
69 875 49820
834 855 22091
650 981 40719
515 891 26077
160 182 16492
275 898 24331
354 404 30265
3 663 14213
369 453 50990
633 816 34059
638 887 41049
647 684 20616
339 936 26401
526 700 31016
642 775 10630
147 331 10817
30 592 23537
152 284 22825
477 853 40522
572 924 35228
185 553 12728
280 360 50695
188 635 33242
120 620 43932
432 622 47634
618 834 48836
431 637 24352
311 403 23409
6 462 46400
508 610 49820
287 339 34366
414 780 47927
472 538 14318
30 299 29833
270 447 25318
50 349 43417
47 923 25000
396 896 17088
35 389 46615
443 865 15033
674 930 43932
127 488 66731
633 959 34986
362 442 53759
230 814 26401
99 881 29682
42 881 45000
789 833 27313
629 644 39812
935 977 54203
310 766 153310
603 918 28284
592 643 21401
141 807 53254
126 317 25318
359 788 34540
417 817 50220
439 972 11045
499 805 40497
257 472 29069
212 906 17000
185 452 61131
148 862 40050
225 327 29120
103 510 17000
123 634 14560
162 683 23324
470 806 53852
678 858 58000
40 273 44385
121 902 48415
62 516 30000
538 598 53000
369 712 53712
639 971 176207
425 705 28425
37 187 35228
102 266 13416
284 426 22361
17 812 41110
116 395 13000
465 487 21190
794 911 14000
5 435 19698
637 729 68949
346 664 34828
779 894 39925
53 449 24166
311 869 36139
443 771 73376
850 864 25000
96 624 15556
489 611 59942
189 519 31321
328 674 15000
7 485 195064
298 801 17029
85 666 12649
670 734 40311
306 725 29069
586 821 30000
383 556 29275
23 422 23537
34 927 41773
318 695 57079
274 517 57489
223 670 21471
98 857 24839
240 949 37216
221 782 39357
676 756 44011
147 244 25612
164 797 35847
788 946 42012
487 884 41231
332 549 23022
20 696 16553
500 814 32388
353 947 25807
347 494 56648
294 689 26173
835 977 34366
789 850 33015
142 987 26000
250 568 35000
700 985 14422
519 843 31241
198 688 55543
490 724 56303
93 396 50695
129 822 25495
109 151 26926
210 940 23537
8 19 75961
693 904 30083
657 944 24021
125 170 42154
47 467 15297
622 896 25807
70 952 30594
258 495 12530
460 739 29428
112 242 16401
358 426 26173
513 673 24021
134 532 11402
568 892 17263
659 844 17692
70 247 34670
776 831 31765
161 625 31305
530 741 45277
549 680 21932
611 839 50695
496 920 40311
453 497 19235
95 165 12207
582 883 58523
400 633 32650
664 913 20591
630 956 22204
826 865 29000
594 935 45607
820 854 31765
371 738 22672
574 604 42379
397 598 36674
394 982 42450
572 728 20616
158 475 22561
701 852 33541
488 861 11000
158 823 29155
427 732 99865
619 981 16155
209 745 11045
453 677 30676
91 503 43139
456 500 36139
282 733 25080
563 732 100896
607 736 24515
402 701 23707
24 269 16279
456 612 40853
186 293 18028
121 539 22561
350 378 15620
539 902 43738
692 958 12207
107 840 16401
305 839 31145
125 185 37643
171 441 43863
74 570 48104
408 916 12806
190 817 11045
214 682 23087
329 789 18028
94 567 37947
226 711 29614
852 866 18974
332 972 42521
115 645 23770
394 445 42297
557 784 26077
62 309 49244
276 608 17088
667 687 38949
38 783 19416
673 837 37216
335 666 38079
287 521 28320
511 821 17464
114 373 34482
593 754 30083
74 480 32450
742 854 24698
599 899 23324
292 298 52010
324 660 26077
87 488 29155
56 140 14318
84 584 51039
604 633 50990
351 640 58000
624 819 45695
188 318 46615
462 777 47854
129 670 52498
57 340 33734
216 849 22204
234 948 23345
373 959 25000
584 744 47265
172 840 20224
385 616 37363
156 409 34366
162 385 33526
476 675 18028
673 935 27803
2 343 38897
819 830 31953
518 611 46325
93 555 31385
130 747 24021
269 775 13601
203 336 13038
321 970 40608
264 331 31401
277 319 11045
121 551 36770
254 417 31113
367 552 42450
770 805 27857
121 485 37590
253 948 36069
195 934 12207
86 964 18111
460 547 26249
161 301 41773
919 935 10198
288 442 51088
545 828 12369
166 502 36715
63 474 31016
446 970 17263
24 441 44418
80 924 36688
207 659 24083
367 979 31305
540 815 19209
345 915 21840
113 447 30364
82 863 16643
329 629 31241
92 526 29275
286 532 19647
804 909 29069
456 489 24352
193 835 41869
85 379 35228
161 254 49649
369 758 20616
139 800 36069
25 325 24021
652 763 28284
19 310 26249
597 682 13038
840 944 29732
328 597 17692
17 602 19416
662 765 68964
43 239 28792
1 618 38013
578 917 20025
181 231 22472
1 922 20125
127 273 34015
795 824 34482
628 857 36497
308 319 29411
40 78 27659
805 858 41231
549 615 16492
475 595 50289
735 936 36346
111 714 31064
79 361 29732
908 986 37121
86 417 24515
550 783 26000
647 829 38118
19 294 19209
464 887 28425
243 849 32249
170 418 37108
214 582 91548
726 838 42953
140 421 19209
92 439 43417
317 487 43186
250 269 14036
218 577 19105
315 737 52924
150 224 33015
720 834 39925
608 669 57871
356 801 39000
294 357 38184
632 893 55082
668 969 18248
475 498 38601
388 444 26870
419 588 15811
318 875 42190
356 673 31257
245 867 41146
80 497 16643
690 768 31906
119 791 13601
116 779 26401
798 819 36139
144 445 16553
242 621 25080
409 696 43863
6 173 40311
624 780 37054
453 758 40361
575 676 117720
376 656 29698
290 531 98412
150 332 44598
511 586 13601
219 717 34785
243 372 76059
655 705 14036
55 171 30067
280 671 15297
514 761 36125
325 545 21378
271 525 37802
59 982 26000
513 762 39850
476 479 13000
728 924 24000
297 444 35228
699 796 37202
49 486 27731
79 650 48260
189 270 19313
220 886 43267
546 911 34713
46 148 38471
167 657 36892
833 864 25080
108 822 19723
570 774 12369
466 682 23087
138 174 45255
548 656 28018
398 488 63789
789 939 39051
769 793 24207
160 339 70456
384 631 21095
218 352 123907
247 952 25495
66 541 20518
36 763 25080
194 725 27731
188 295 31828
471 854 21213
172 796 34713
257 393 11045
607 661 13038
203 724 26833
409 556 34828
259 878 20125
21 600 32573
441 510 36401
457 981 17464
392 732 54918
305 837 51225
183 645 17117
604 625 14000
394 695 23707
581 723 36125
602 688 58258
37 937 38118
263 950 25710
184 586 40200
260 841 35693
12 948 19235
61 641 21378
572 749 42953
496 887 40025
780 819 44283
219 575 62370
362 438 30414
658 912 32016
424 771 16643
309 516 25000
812 928 19723
2 733 12806
77 889 35384
119 631 20248
207 951 32757
537 573 33000
565 861 16279
665 839 22361
15 563 40000
698 951 11314
212 265 65192
189 192 50000
629 850 40853
326 580 48000
367 695 44944
664 973 15264
316 693 46098
226 490 60440
162 960 27785
62 387 63569
646 955 29682
438 878 23324
314 491 28862
476 672 24739
524 526 37643
220 552 27019
9 514 63246
707 847 46690
12 228 28071
469 894 24083
281 931 75710
608 757 31906
488 565 25060
319 495 21932
74 621 56321
518 871 45188
455 649 30594
378 762 33242
131 632 64846
712 834 25554
602 679 43566
711 873 48052
762 837 40000
42 667 21541
248 837 40224
512 838 23707
224 311 44553
84 888 19925
388 972 59363
261 953 32249
106 888 31241
42 380 30480
69 164 22825
483 563 31623
78 950 23770
20 156 28018
793 986 31575
269 568 29833
151 503 43186
359 879 46390
763 786 25495
279 846 39294
159 638 23707
434 540 33377
382 970 45188
281 290 46840
766 807 17088
121 942 45541
302 359 71063
606 608 46043
69 970 34655
184 196 20591
416 942 56223
135 402 14036
476 979 34713
488 735 55109
118 851 26249
116 129 29069
225 531 21954
316 904 35440
288 808 34366
488 507 62266
594 900 39319
590 846 22804
371 607 29000
236 447 80455
618 677 31048
579 856 46065
638 926 23022
824 905 48765
761 805 27459
394 979 60877
126 462 25000
8 343 50220
93 256 26249
698 957 51662
728 750 26019
51 905 15264
634 903 18439
503 765 25495
554 945 27659
444 910 42059
291 421 24739
392 484 34176
661 736 23345
470 666 59034
402 714 37656
495 955 41773
303 682 48374
381 784 31623
420 704 14318
474 808 11662
413 961 60959
443 500 45804
438 528 10296
314 505 28862
391 788 11045
632 792 42059
407 429 35014
752 986 38419
119 222 30067
245 432 28443
319 899 12042
333 895 30017
637 852 23601
143 432 29967
188 695 46098
6 884 36056
147 358 34713
490 654 31321
846 925 26926
131 324 31305
428 610 17205
18 348 48301
549 972 30364
679 734 37643
613 746 43186
106 916 26077
473 745 29000
260 275 32016
897 976 14142
430 830 42450
278 731 14765
617 707 39051
396 622 27019
534 855 33734
627 944 25179
523 854 32757
281 911 61057
713 905 38013
886 941 18028
226 241 28636
307 564 13153
465 704 18601
414 915 17493
462 870 13416
430 685 48166
498 823 26926
353 626 42048
414 691 16031
360 502 11402
89 268 36401
723 983 27074
238 408 20518
173 389 52802
385 550 18439
202 623 23324
770 858 28636
187 572 48042
333 483 34713
420 465 21095
179 543 20248
174 846 16031
576 936 19235
45 393 32062
111 402 26401
487 704 23770
151 885 11045
155 834 30480
4 756 18111
220 803 41485
207 764 42202
26 283 10817
540 947 49649
82 440 12042
33 333 12166
170 903 13601
489 839 45177
265 301 29428
383 754 33838
120 756 45177
409 593 27019
324 788 48703
170 634 23770
555 567 23259
335 656 25632
698 764 25020
447 596 23601
307 940 54589
103 751 15811
273 831 25710
708 756 11180
803 904 17000
520 964 23431
813 920 31890
94 588 27514
579 678 43738
479 772 27459
228 641 15620
272 432 37643
461 680 16279
41 355 14765
220 828 39319
451 627 24187
1 373 28425
62 527 35000
329 389 34205
79 940 48301
610 670 40025
876 929 22023
386 520 14866
29 413 42579
48 236 50000
81 448 37643
216 407 26420
332 894 27295
126 703 39560
34 851 26173
204 268 23601
825 898 31048
225 278 31385
727 941 14765
433 727 29833
494 532 15652
43 322 25000
516 878 27295
453 534 28284
313 370 24021
92 882 22204
187 517 55218
237 619 33015
299 425 14213
411 620 31000
570 621 34205
274 751 26173
78 488 49729
29 501 38949
209 488 31145
123 614 28160
206 800 39294
356 513 36056
150 869 19723
31 668 22804
419 566 14142
742 820 16155
126 870 14318
463 532 21587
430 829 36346
130 658 35128
257 598 45880
639 877 14142
196 776 14866
386 964 10770
796 825 28018
792 985 45651
762 839 21401
192 525 39623
373 719 15000
336 521 26401
650 693 28653
38 368 19313
53 344 45277
75 312 76236
543 859 13892
278 952 33377
355 986 35057
620 707 51624
180 646 43046
321 446 31765
391 891 19026
271 805 35171
279 663 28320
239 890 54120
199 667 28653
418 858 47539
136 585 32016
410 954 38833
220 979 30000
366 419 31016
710 769 47170
33 652 13038
207 844 37643
551 806 58728
149 300 41304
585 616 42953
91 98 19849
423 836 32016
312 444 24000
164 862 29682
285 787 17029
209 735 47381
35 651 24042
91 765 42579
147 255 27893
39 580 25000
407 849 16031
128 818 14318
170 463 37802
733 784 28320
4 708 10630
802 979 14142
292 947 64661
90 818 20881
739 783 11705
239 280 22825
366 467 26926
191 437 10440
100 224 21378
260 380 20025
597 674 24331
608 907 39294
397 716 24187
477 832 31048
146 684 11662
552 722 10440
507 735 20000
148 430 53488
529 629 27000
2 661 20248
345 647 27313
213 873 56223
344 938 32757
107 657 32894
351 485 115486
367 802 26000
237 558 25020
412 810 22023
251 547 26627
193 628 25495
461 630 10050
67 377 33242
343 381 36674
55 103 26077
41 745 29833
181 781 33242
110 377 41869
709 721 36222
622 779 64846
330 409 31385
59 144 44911
11 698 18601
116 670 33838
135 387 21932
433 484 24083
967 975 13000
455 862 16279
165 542 13342
11 764 38626
183 297 32311
718 978 17692
231 781 16971
176 957 24042
237 484 14142
154 250 31016
217 323 35014
158 498 33838
202 603 34713
326 376 15811
305 762 40792
952 954 20000
177 810 11045
713 866 36014
302 374 13038
52 205 27203
206 538 32249
45 257 32280
301 415 59682
227 405 22204
45 397 20100
178 914 16643
77 88 17263
264 410 27659
26 971 125936
297 956 15524
803 886 29682
587 843 129850
729 852 66068
252 406 31321
47 509 27803
32 84 53759
24 171 12042
233 869 12042
772 842 42048
29 749 51313
782 966 44102
277 495 15524
400 949 25495
273 736 33971
83 202 17088
126 978 24187
53 684 12042
815 968 15232
661 971 44944
183 245 32016
117 540 47854
30 52 46690
14 27 38079
12 253 29614
100 894 23770
33 766 41110
153 281 23087
522 983 20616
473 520 34234
921 933 17692
545 886 18028
243 514 22847
439 882 41012
308 899 29155
48 447 130357
760 885 30000
506 734 70434
184 859 11314
30 58 21633
311 686 53038
288 474 28443
450 491 13342
665 795 33838
628 835 45880
176 418 35511
680 956 32202
92 372 37014
67 310 37336
205 420 47074
353 696 39699
423 535 44407
133 617 45618
750 927 54129
148 334 36346
129 395 31016
593 626 14213
220 802 22361
281 536 44944
392 941 16125
37 709 44283
579 787 45277
656 666 26401
16 355 18385
483 766 49244
337 423 19849
90 128 15652
744 851 46325
69 446 22472
443 588 27313
13 848 20616
231 552 32140
10 52 34670
436 563 37121
441 892 30594
81 320 13038
651 744 16125
192 843 23601
829 915 22804
142 340 22627
525 648 19723
318 362 49649
498 595 28231
838 929 30887
922 959 46519
155 682 40522
552 802 31145
263 746 49336
361 732 87006
151 794 35847
616 960 20881
465 753 41000
3 925 20616
507 521 44102
23 842 13038
325 392 21840
468 897 53075
97 931 28636
601 641 26306
132 812 32202
104 589 27203
388 630 25554
137 550 23707
127 831 38210
160 440 40497
164 455 29967
420 753 44294
541 807 38118
223 428 19416
456 518 43841
133 363 61188
639 646 18868
149 273 22204
70 255 33734
349 724 46690
325 436 30414
356 814 33956
24 642 23345
76 81 14036
208 759 19105
6 651 65803
211 478 44777
463 844 41012
157 937 21213
66 370 30150
198 413 58694
513 814 40162
442 808 28443
197 755 11000
751 937 17464
383 764 34540
662 731 50359
177 690 59808
213 776 25080
27 110 29069
220 476 50249
752 908 15811
59 279 26926
40 398 25554
90 96 25710
199 442 41437
320 585 17720
608 642 25495
451 865 42154
94 771 35114
262 441 11180
404 740 25962
377 694 16553
386 599 31401
732 981 68593
208 853 47297
219 864 85212
683 928 12042
513 837 47202
313 486 36401
880 918 34000
96 228 42059
691 780 45100
179 784 27295
324 632 68622
218 943 34713
189 596 26401
149 196 28425
157 608 34015
409 754 28862
340 551 41012
172 825 24083
631 791 21095
345 684 29547
108 705 31623
245 297 29069
183 867 56939
70 327 11180
64 776 67268
475 587 35114
246 583 13454
175 198 56604
308 520 31257
38 734 46098
308 491 30414
412 798 15232
497 924 44102
562 646 27659
81 554 28320
667 881 38484
38 137 32016
384 927 43863
644 717 31048
542 806 58523
795 905 52431
15 809 26683
271 499 31000
260 612 48010
853 907 23345
96 154 42426
702 930 21095
282 661 17117
83 168 29155
208 267 10630
261 960 39051
123 341 26401
185 494 22804
28 537 24698
172 554 35114
126 529 35014
141 486 35511
887 920 36235
161 265 26019
175 605 41725
173 329 47854
623 918 34015
61 960 11402
508 783 20518
126 777 36125
614 634 31828
97 437 29120
812 953 21471
463 659 44011
712 720 44102
93 896 53085
586 689 30414
607 738 19209
512 943 67357
395 779 21213
547 569 17205
294 543 36235
880 893 28425
195 723 16401
339 785 47265
366 874 19799
640 942 22672
307 431 37696
625 633 58412
291 709 29069
21 537 33422
268 888 36249
115 383 29069
112 778 10198
436 732 81498
675 772 21587
563 809 38053
50 724 14318
877 955 39962
401 649 19209
119 927 48052
647 915 37216
18 182 18439
199 609 18974
248 379 34928
219 390 18028
123 176 22204
669 757 44822
152 548 30463
445 979 50010
600 711 12166
4 660 19105
603 792 34886
383 434 35171
683 967 28160
208 606 34234
790 862 39661
55 751 14765
240 338 35511
24 568 33242
118 413 23324
91 664 32388
396 547 63071
6 242 36056
99 824 12649
442 878 47043
327 531 47096
362 878 42202
777 884 21932
738 971 43829
154 601 33121
241 349 14866
296 709 40460
55 441 30000
105 845 36688
286 933 53824
598 708 17088
725 872 20000
124 813 34000
11 856 20025
152 504 29411
347 868 34540
780 915 48795
638 977 53038
163 633 30414
111 730 22023
681 912 16279
120 676 47011
132 679 42544
128 819 41400
797 875 39395
820 963 53451
191 692 11402
792 918 37643
442 970 57567
284 504 20248
159 926 11314
210 902 36715
404 410 35777
399 729 38601
74 435 36620
161 574 18439
454 828 20396
336 654 22204
213 811 32202
482 715 16155
376 405 43658
440 785 57009
157 171 36069
506 670 62642
590 663 13038
108 425 34176
298 464 27659
208 690 68680
7 152 37054
244 264 39962
324 974 21840
163 719 15652
148 685 19105
23 370 24597
425 686 24021
185 347 54452
75 372 79076
226 873 56303
664 920 41437
309 667 49649
230 500 35805
450 746 27203
428 622 24839
227 740 28231
35 173 26401
21 64 42720
135 701 32016
785 986 37947
798 818 18248
54 835 21095
641 960 25000
71 232 42521
249 810 38419
369 791 39319
67 807 99328
523 963 28160
197 795 42579
385 585 19925
53 945 34655
539 551 30083
523 820 44385
816 906 17029
529 978 17804
132 967 15033
348 690 61911
1 114 35341
233 524 31241
18 334 10050
493 908 35341
695 979 57271
571 876 37162
216 429 18439
237 693 28636
558 619 40000
87 473 10817
187 274 40000
548 932 12166
37 757 41593
39 977 22825
143 272 25632
30 311 45100
615 680 25000
509 874 16125
192 452 17493
485 806 84380
260 898 37537
623 800 44643
444 579 23707
184 543 20025
374 879 75180
574 658 43139
300 733 31780
485 732 230846
832 907 35228
95 932 24021
105 927 14765
566 588 12083
538 676 38639
159 977 51546
65 791 26420
474 841 29411
485 640 62586
748 811 35693
238 369 50567
162 967 19209
15 333 29275
292 771 79624
167 419 24698
220 454 43012
464 947 20518
58 299 12083
169 510 29000
382 401 12369
401 455 23431
267 608 58728
24 892 30083
524 560 24759
349 490 57009
495 817 20518
629 978 21260
85 755 64777
309 387 34176
198 530 39115
741 961 36125
536 885 39205
327 952 36235
506 602 51865
691 819 22561
559 772 37643
745 936 30364
252 429 32757
73 912 28178
432 894 51865
153 290 26627
454 672 31575
644 847 45486
61 261 41049
211 959 16279
39 54 25318
569 923 23087
68 166 26476
392 436 40817
411 583 52802
25 809 23537
206 423 90094
66 807 25495
602 705 64537
268 571 28160
90 229 26870
223 622 20000
222 369 23854
310 807 136308
893 918 48374
359 974 21541
348 685 55606
411 575 43738
228 601 15232
109 561 15811
15 36 29155
68 212 30414
438 635 21587
21 110 46271
364 887 20881
350 814 33015
677 922 31623
118 744 39560
20 330 18028
53 796 44407
60 117 33015
48 976 24083
313 541 19105
409 764 45793
45 893 23409
302 515 65734
63 841 26249
165 932 20248
39 835 33971
214 303 57280
870 978 24083
303 838 64078
363 891 16401
940 942 22361
434 626 31890
627 901 14213
150 882 20616
417 899 40262
194 306 47011
201 785 40249
321 382 20616
68 415 28018
457 650 30017
258 415 44407
527 635 36249
20 124 33838
284 548 39812
450 877 43966
212 301 64622
851 927 34059
799 868 12083
47 366 16401
57 591 21024
131 893 25710
213 748 27514
609 687 24166
279 653 23431
720 726 41593
143 956 19416
900 919 21213
913 973 18682
639 743 80994
23 652 31016
298 814 39319
181 714 53085
177 348 11402
646 877 18439
436 809 15811
194 827 33242
20 91 49679
339 576 19105
933 965 58694
60 383 39205
84 631 26683
84 917 48826
293 389 49739
87 209 36056
51 309 58549
697 836 12806
28 573 29000
89 943 35847
173 462 18385
59 394 27019
722 803 32280
186 389 53935
211 909 46872
372 439 20025
302 363 62610
105 750 55317
119 750 45793
29 187 55606
435 570 27295
31 746 45277
726 929 32450
799 843 13342
602 812 43417
490 811 33302
729 902 22091
9 897 30000
550 975 20591
222 758 34176
129 686 32650
250 775 13416
34 584 27659
129 506 25612
198 200 57940
145 948 31016
333 766 44654
647 649 38079
7 504 11402
577 943 17493
634 659 31953
13 256 19925
389 963 65765
136 448 28844
93 567 23409
482 852 20591
404 405 35805
86 481 29967
204 888 32202
224 469 14213
54 580 19647
74 655 39850
581 934 30806
563 766 78006
233 403 19416
168 337 24207
656 932 32696
156 207 56613
944 962 28425
359 515 19313
201 745 31828
430 862 52393
119 384 28862
292 443 12166
283 668 33242
246 390 30083
360 581 26683
282 300 37590
591 755 66603
466 883 66648
312 579 11402
141 377 49204
584 917 17804
134 463 12806
425 822 26627
612 962 28231
296 924 23022
459 924 39446
463 903 35440
565 613 10770
234 253 29155
371 736 33941
13 867 59908
95 542 14318
145 320 10770
202 252 29120
378 513 25000
236 897 32249
478 747 22804
534 677 13454
301 417 46239
96 601 46011
167 566 14213
323 954 60828
323 628 44654
341 418 23345
792 880 27586
76 449 38897
485 551 32016
251 555 12166
430 455 49578
166 906 24187
868 965 14318
366 555 35468
928 953 28460
200 605 45277
598 660 22804
240 890 19235
75 514 13928
65 106 18974
422 559 24187
25 828 24352
342 447 52402
729 872 27019
338 949 38053
180 639 54342
400 816 37121
359 946 15620
41 964 41593
461 972 44204
521 735 37216
532 760 41000
131 716 15297
460 508 22361
58 425 22361
175 688 33422
120 879 39205
249 412 40162
478 804 19105
417 599 29069
334 685 29833
176 341 14142
41 86 40522
27 511 33615
117 771 24207
113 761 63514
707 717 42012
374 617 44911
747 912 34785
382 649 26833
122 496 11180
255 984 11314
499 761 57428
219 352 110941
322 582 31401
2 282 16155
658 769 53413
53 699 32558
280 743 121297
108 506 16401
186 578 28071
21 573 28636
204 742 51196
657 840 21095
80 453 30083
212 415 15033
130 478 14318
332 469 24597
238 916 25710
54 217 11402
159 356 24515
33 370 29000
117 968 20125
389 820 76655
170 341 31401
51 482 21471
191 531 22136
379 755 46098
201 355 20616
450 955 29698
357 689 24021
630 680 18385
13 896 61074
238 726 61685
80 758 16125
457 619 13038
616 641 32450
387 701 46325
380 841 43417
247 331 22023
468 514 41146
56 291 25060
114 930 25807
482 866 30463
437 931 39446
248 335 50289
15 895 33106
368 734 44294
267 669 29155
892 966 35468
501 851 32450
365 761 20616
462 718 24515
57 306 28018
317 777 20100
100 469 11180
174 982 27203
385 975 22361
30 205 42048
317 617 46872
242 884 24000
570 643 16643
298 947 35128
252 697 19416
110 537 39825
64 873 25632
556 754 15033
74 688 52345
459 497 39205
144 279 43863
487 777 44011
130 604 38275
643 774 11402
168 697 10630
623 893 56436
914 922 36401
39 594 23601
139 337 14213
575 583 30414
572 721 42544
295 527 25060
72 787 49477
283 877 30529
501 845 13601
43 240 33377
246 717 44407
289 574 37696
45 131 23345
69 362 41195
190 301 39115
610 734 25080
283 971 135915
151 760 31016
573 653 17000
731 952 31623
726 876 47707
247 984 12649
882 972 43174
37 157 42438
193 977 32062
883 949 33541
544 750 35014
245 956 26306
841 898 23259
414 829 15811
289 658 44181
71 138 25318
505 861 29698
29 517 16279
755 987 64498
629 789 41146
290 595 16125
370 541 18601
7 426 28636
652 895 28231
102 369 36770
63 796 15524
620 879 57035
118 778 78243
657 901 21932
308 314 24413
9 236 24413
198 636 57871
37 721 23345
254 301 44294
127 398 18439
437 958 19235
477 132
878 225
779 427
77 485
273 448
208 335
696 958
919 229
116 757
223 508
313 733
504 450
410 651
866 384
964 524
653 231
369 442
662 373
940 302
421 804
853 403
542 467
916 473
471 346
935 555
771 104
901 369
861 450
334 315
240 481
779 142
224 194
958 483
269 245
204 279
935 527
413 277
423 531
596 851
805 215
667 235
660 638
537 26
517 546
71 551
705 402
476 593
66 731
914 429
719 381
735 672
194 489
584 516
592 876
433 339
467 223
775 814
258 469
797 478
393 691
471 430
738 566
593 564
838 363
301 164
968 465
962 359
608 68
701 484
556 992
750 430
173 734
539 241
276 410
173 708
525 514
807 158
778 209
891 725
398 178
511 515
646 334
69 626
277 185
700 829
656 196
705 207
804 141
243 99
548 384
459 836
190 594
424 607
468 641
722 896
542 409
467 987
472 851
671 681
271 574
545 423
329 158
407 341
338 909
317 250
295 146
528 577
312 477
379 837
899 398
780 636
233 359
130 810
462 100
343 693
308 539
420 672
280 288
320 190
38 447
837 812
524 823
303 787
453 815
259 839
156 327
788 255
562 391
306 510
549 194
87 534
427 481
134 402
313 863
768 646
463 528
431 500
725 434
48 621
470 209
961 410
766 831
293 639
841 487
496 498
606 523
616 978
667 408
840 269
217 571
386 863
698 921
385 966
512 379
378 78
393 805
437 312
341 949
560 791
692 357
590 186
454 465
518 91
681 473
715 906
582 63
508 628
54 651
370 356
298 823
463 337
544 567
188 300
757 466
354 395
281 784
608 354
443 177
903 281
684 53
803 600
676 361
323 685
876 301
288 863
219 242
378 281
773 555
182 836
639 122
505 976
212 876
544 842
751 745
654 47
858 291
699 765
306 365
666 605
360 386
673 264
85 620
737 344
242 152
202 463
12 558
339 788
521 279
707 243
825 742
521 142
594 95
819 298
396 17
955 419
121 669
599 885
176 120
41 310
873 568
407 417
350 192
350 569
250 570
517 986
795 407
646 949
502 422
567 365
571 723
824 592
722 398
225 553
530 473
862 372
96 771
928 646
342 126
564 16
532 59
767 413
220 369
159 700
636 962
315 654
48 357
585 973
646 808
567 329
501 350
455 607
77 648
533 444
639 194
589 985
416 632
40 542
653 102
725 575
620 616
430 432
435 380
781 162
602 941
589 160
317 152
514 271
256 133
487 349
164 843
189 814
284 615
822 256
402 313
588 615
477 327
668 123
529 957
811 455
544 5
387 943
863 231
765 95
678 932
238 747
321 893
718 292
627 525
590 233
400 988
479 245
507 687
209 227
928 317
795 578
422 232
293 673
508 739
269 474
881 264
618 155
118 406
341 33
125 203
663 743
774 786
840 693
696 148
727 614
957 322
243 526
249 702
939 438
716 162
637 329
858 633
160 352
746 517
679 124
500 508
652 477
512 26
564 886
101 506
936 579
659 871
545 994
413 58
145 279
404 798
607 972
250 601
960 495
672 372
661 856
726 337
39 632
502 40
684 287
782 847
279 798
174 878
890 188
545 493
584 490
464 819
249 901
619 351
757 402
580 733
911 744
93 212
458 763
624 928
660 248
555 767
901 344
650 971
115 477
591 24
919 715
697 525
146 462
525 773
181 770
486 606
827 558
416 513
363 172
938 462
821 207
191 631
495 110
105 405
772 200
664 886
931 371
592 723
680 800
640 615
897 224
636 490
362 715
292 197
464 497
678 184
759 626
254 683
166 252
40 328
158 491
942 600
39 553
814 499
295 539
377 588
69 531
792 237
828 721
525 83
639 478
769 660
221 534
628 898
649 927
68 678
144 656
327 140
388 771
596 914
36 414
580 367
292 308
599 454
609 96
896 734
661 172
262 814
485 637
192 417
485 221
911 450
26 647
421 662
280 465
668 952
915 728
369 573
109 655
617 427
805 679
320 626
906 634
396 724
255 440
963 565
495 979
719 546
211 632
658 335
433 369
660 564
505 675
273 702
856 494
680 492
139 839
487 544
562 526
726 121
545 644
227 867
409 150
908 543
654 460
577 693
916 678
389 817
443 193
448 560
257 660
171 307
321 853
487 757
171 415
411 32
461 596
131 703
261 579
755 843
186 135
11 540
696 213
622 553
336 971
878 518
543 364
543 181
878 505
294 383
629 209
745 691
986 518
930 632
855 845
926 404
164 395
730 222
600 701
778 349
723 134
732 880
640 228
302 881
664 108
514 818
412 169
373 960
158 814
542 702
315 281
600 31
429 867
689 949
709 190
322 490
761 276
428 550
498 576
399 356
872 352
261 69
585 747
168 721
133 470
720 590
346 326
608 662
173 866
692 179
737 313
619 79
143 167
205 529
219 837
194 565
773 566
724 537
121 326
273 386
498 997
316 874
791 598
429 130
52 683
363 905
874 429
8 526
815 817
429 719
953 451
728 909
896 300
358 249
915 575
445 914
440 585
686 893
251 624
452 511
823 846
856 589
297 854
532 534
453 619
366 744
921 276
953 647
887 453
188 511
374 822
694 81
996 548
838 680
742 200
499 639
432 629
480 378
454 575
231 427
283 141
380 233
841 429
576 198
28 371
686 268
195 122
217 214
252 713
611 871
617 30
487 7
58 366
248 227
483 503
880 341
303 959
494 650
354 931
779 443
754 815
235 458
409 754
615 837
384 986
158 825
400 46
53 498
683 153
822 413
496 408
365 461
119 627
562 158
383 425
517 313
850 207
471 311
684 611
379 559
653 673
592 655
738 190
330 779
267 620
474 461
114 361
446 110
929 679
67 414
222 394
350 589
65 608
553 398
576 158
420 745
566 632
527 861
121 299
267 661
303 179
148 556
540 112
307 801
740 551
361 347
782 687
539 802
737 65
869 784
492 434
488 330
222 441
82 291
321 702
721 75
609 501
229 820
624 466
886 677
227 272
945 484
826 437
748 340
288 448
685 865
539 608
546 229
337 812
75 504
861 214
486 938
790 436
491 841
660 712
696 841
680 630
761 128
489 256
340 550
529 2
902 512
586 771
404 70
868 503
15 488
438 140
260 756
388 498
260 644
503 216
389 39
434 453
596 517
653 395
281 489
706 601
328 416
902 320
587 298
600 438
514 969
900 652
924 356
803 520
428 789
61 659
324 748
608 538
163 566
748 671
449 100
119 341
186 404
302 447
510 582
75 363
69 492
453 258
535 254
824 401
385 123
721 718
806 653
730 697
90 519
74 321
147 302
504 98
361 86
417 254
853 599
641 57
725 368
776 757
324 67
913 605
385 213
805 752
779 614
536 944
972 646
888 233
377 534
741 276
845 231
617 280
838 192
453 531
635 923
228 381
192 163
661 37
243 274
696 242
734 147
525 195
793 289
362 272
359 214
420 332
595 222
171 456
381 743
710 765
59 487
454 284
382 180
519 260
357 874
165 757
623 735
925 504
349 747
452 878
997 470
587 714
604 271
579 271
206 770
435 653
863 482
656 593
219 430
495 338
844 296
180 354
231 349
292 560
555 435
836 604
442 399
442 535
907 254
637 282
900 499
221 746
147 490
139 262
698 426
324 177
135 596
594 252
419 877
692 723
578 560
714 459
586 381
206 893
22 596
519 752
853 558
884 608
524 179
180 780
783 889
991 454
632 559
958 550
597 353
800 324
408 455
453 781
547 734
417 704
562 86
650 123
568 378
595 416
186 178
856 359
295 487
366 934
675 693
562 583
526 639
718 749
912 563
612 463
606 386
816 281
513 356
114 251
398 101
571 874
51 667
623 775
282 58
640 722
541 587
613 581
905 480
193 890
350 824
328 285
773 465
107 329
426 638
143 672
106 261
288 263
763 701
532 325
171 150
396 123
293 734
491 867
218 796
884 293
388 345
730 211
665 448
655 348
91 241
506 660
757 719
352 636
217 888
234 561
159 313
649 643
788 773
814 354
500 592
750 475
298 107
739 79
707 566
69 471
115 577
696 665
212 591
470 63
196 369
387 874
909 592
505 779
271 166
831 184
549 68
159 472
463 375
93 559
277 597
934 510
371 604
92 739
592 591
671 133
620 798
555 623
807 774
311 819
892 623
722 680
579 87
509 321
608 213
495 181
310 722
419 891
514 228
509 831
434 163
590 469
317 132
237 213
99 607
605 783
477 802
289 937
468 150
476 568
409 213
763 440
552 783
310 237
425 445
297 85
447 79
461 959
698 895
277 924
647 37
603 793
705 271
416 315
513 500
130 224
848 747
926 598
852 769
210 113
563 607
559 540
105 489
473 742
507 469
500 78
787 187
332 756
562 962
398 436
574 946
705 100
289 658
274 761
504 962
510 130
468 441
252 354
581 629
135 194
674 194
223 901
486 402
442 480
411 690
779 131
677 509
877 172
222 633
504 849
95 485
442 493
82 749
576 840
135 315
855 544
409 402
923 694
773 488
614 59
597 977
175 574
625 246
742 821
