935 1905 22 103
114 735 36222
334 779 36674
108 405 30083
228 633 24839
648 898 23601
37 362 44407
184 478 33615
205 718 36235
12 543 43186
103 172 46530
398 483 24839
759 856 36359
80 229 34205
335 882 28160
491 726 26173
475 765 33302
31 699 21471
252 258 21190
341 727 17804
655 707 35355
467 806 45277
279 639 17493
190 663 27659
3 200 34655
11 14 14318
410 429 18248
254 862 10198
359 445 16125
593 656 36674
211 474 12083
195 300 26627
195 311 33541
453 838 43186
25 445 34713
703 782 20248
865 875 30871
34 71 28160
122 691 23345
3 275 13342
99 619 51894
122 626 62129
66 146 48374
30 565 22804
8 709 43738
621 771 64846
152 815 45651
186 431 29120
362 904 59076
220 401 39699
511 595 60133
615 626 31145
181 819 25000
369 720 34015
200 240 16492
70 202 29069
666 921 39560
2 378 11180
150 244 47539
268 430 17088
151 628 17117
67 817 18358
287 736 17804
339 872 27166
179 403 10770
646 713 50478
438 861 24739
566 572 42720
230 256 30414
178 192 32527
557 643 12806
409 506 58873
248 432 32558
173 240 32016
122 568 48847
316 649 39115
499 555 14036
507 823 25962
226 675 27893
339 611 42190
374 380 26306
434 592 23601
327 525 38013
519 745 24759
219 393 18028
476 719 41761
203 888 27166
212 844 18248
581 671 16553
349 876 37202
55 687 36125
889 917 31780
517 853 47011
78 255 54644
453 528 50922
34 292 26926
532 872 22472
233 900 16279
189 861 14213
54 376 50804
158 376 16279
358 513 18788
314 887 15133
101 537 36014
224 270 19723
61 830 40249
23 193 43658
39 301 20125
96 531 45122
307 801 39205
626 880 24187
56 571 60605
26 334 18682
294 386 36056
403 841 31385
91 119 16401
72 659 40162
31 517 16279
619 754 51157
128 165 30083
169 227 35805
416 633 55444
29 549 19105
661 800 37363
803 876 49244
147 378 32757
860 934 156013
248 260 59933
318 636 25318
798 830 35511
30 794 68659
343 728 50000
198 564 36056
318 326 40000
291 845 36056
649 928 26401
826 889 25298
489 525 20224
592 594 14213
4 736 40311
145 410 14422
720 758 29155
79 451 22091
68 160 13153
137 294 65192
578 825 29547
256 262 29614
319 773 43909
325 894 10817
374 401 39623
719 779 10630
637 698 18974
323 436 36401
165 234 12369
232 316 37121
75 306 49092
576 604 36235
259 743 12369
619 634 20396
810 911 48508
81 409 17205
264 581 30083
95 135 14142
484 631 15556
710 798 32140
515 931 29155
236 257 32000
484 617 30480
276 442 17029
95 540 17692
36 488 16279
409 641 27893
71 788 47074
267 373 49244
275 469 26173
529 821 46174
673 848 22204
651 784 14318
459 481 28862
315 698 26926
316 756 42154
401 589 24021
300 690 16125
663 746 31623
55 654 17000
123 560 20881
196 596 30232
478 485 19026
307 540 17263
491 891 26833
658 814 62650
181 496 35693
440 588 31623
420 832 67476
175 350 30414
194 302 28844
357 539 29000
604 636 26926
617 871 29000
380 414 15133
25 449 36688
191 337 24515
414 902 18601
240 424 34015
117 155 36892
723 826 14318
741 902 56798
102 157 52773
451 630 47539
200 297 23409
50 877 27893
335 806 39925
292 820 16643
17 73 12000
546 755 19209
155 174 73593
209 357 42720
68 322 17692
26 364 19647
273 341 30414
137 176 96664
228 284 16971
179 930 39000
641 695 28018
197 826 41773
468 525 35511
113 340 26926
659 671 14318
318 450 16125
49 456 44294
63 222 26907
430 466 50040
73 229 23087
277 528 35171
400 681 51245
287 482 28460
264 502 33601
311 521 42426
244 647 44688
791 882 34000
315 530 49092
40 412 12083
637 772 23854
348 689 34986
12 492 23854
221 369 49041
124 471 30083
407 455 44147
526 908 49336
187 193 20616
541 683 42802
542 907 20248
361 675 34409
552 799 18358
655 868 43417
425 717 17117
22 820 34482
141 552 30000
364 712 14036
163 260 30232
130 619 60531
843 865 26420
48 675 34000
217 799 13153
146 882 18682
113 886 18028
132 343 15000
62 926 22472
158 442 12042
598 642 20881
295 728 23259
34 788 56613
553 620 38184
642 672 40050
516 518 37162
854 863 27586
2 147 30594
505 645 12166
456 539 37736
7 11 60108
633 731 13000
377 386 34205
430 586 31257
305 388 27019
159 716 21401
98 766 43909
482 621 58009
693 717 35341
510 746 17889
291 466 21932
676 781 22825
827 866 34366
514 709 44944
83 775 30887
154 588 14560
78 653 56586
140 313 45222
532 886 36056
95 210 43290
99 246 34015
112 682 14142
246 697 16155
585 675 39459
648 808 30806
103 689 48010
73 221 44777
227 293 13342
93 652 22847
146 791 24187
114 363 39294
16 698 25456
659 840 29682
188 345 31385
51 660 30480
56 661 29614
199 767 12042
446 450 45354
105 720 42059
184 485 20591
133 517 40792
61 746 32202
509 681 39115
205 206 30480
304 411 34205
313 356 26420
751 816 19799
465 729 33015
545 791 16492
223 646 57306
602 927 21190
309 820 31113
235 917 38013
223 713 26077
248 419 49497
151 704 67365
250 427 53160
804 809 45891
582 747 26173
384 508 53254
294 724 33615
299 345 44385
280 584 65192
43 131 59076
339 532 21932
583 720 52393
278 687 19416
72 483 12166
851 912 22847
415 555 30265
1 4 28636
683 896 23770
251 648 22136
204 477 13601
503 692 11662
38 690 28460
399 733 28792
159 707 14866
263 648 34928
240 297 27203
63 682 35014
227 684 22847
129 733 23409
602 615 21378
460 583 14866
199 873 40050
49 467 37483
426 913 12000
10 187 21954
301 708 41593
675 788 39623
296 702 22000
5 507 23409
346 609 53151
114 447 20224
407 917 47424
495 592 39812
266 400 37855
744 780 13928
504 714 52154
118 913 30265
141 309 53824
869 922 10440
270 822 23324
359 492 17117
505 734 24698
227 691 68622
863 900 11180
263 713 29732
17 251 36139
334 719 35384
186 618 64078
581 659 19313
335 467 43863
157 270 19313
207 490 41340
91 185 22825
130 613 38626
542 656 35847
4 373 17804
353 543 42202
207 773 35847
441 815 68264
485 637 47508
310 628 19849
59 207 16763
610 862 32249
269 730 34670
267 377 35735
24 566 13038
39 119 37336
304 493 24597
82 134 30871
362 639 12806
563 627 44385
298 541 51971
381 758 42154
53 804 42579
538 735 32249
21 413 18111
332 752 35903
148 892 21024
88 525 23022
631 871 12166
41 548 15133
730 751 39395
203 721 23770
670 675 36674
526 577 21024
295 343 38639
20 398 26627
32 151 43829
253 500 40853
609 658 55866
205 878 32000
376 501 51313
34 623 30480
304 472 36359
339 664 26571
125 784 33136
469 547 29428
577 933 10817
66 835 38000
100 320 69116
309 400 37696
211 285 17493
644 770 72945
513 660 19026
713 738 26476
285 870 21213
416 548 25060
168 468 53712
462 562 20025
437 671 28653
166 317 42521
417 583 25060
162 526 19313
305 839 41231
124 727 26571
424 805 24083
385 935 24207
230 865 118258
261 411 37054
141 799 26401
531 550 23409
917 922 26173
529 622 53666
223 284 36346
296 695 29530
176 230 66851
319 864 30083
330 727 29698
91 394 31016
1 570 41400
644 924 35384
124 252 32558
109 361 12083
288 660 38079
212 295 40608
401 414 30414
750 778 22847
173 591 17464
790 837 21587
225 929 38328
427 653 39560
167 470 17692
260 431 70385
49 92 37216
150 289 62626
416 731 53226
370 480 37000
671 877 28636
201 434 41340
250 688 37855
473 498 13892
132 227 65924
57 406 40311
362 461 28284
115 879 19105
14 701 21095
1 110 42450
536 770 59808
519 567 31145
309 623 24187
382 921 46400
312 339 42544
149 844 35511
463 732 21840
707 774 12649
638 934 18682
170 362 60000
449 901 10770
40 806 28000
102 588 26683
139 784 66030
21 282 34234
279 729 23324
447 579 33377
116 552 16492
125 607 39000
70 598 32062
83 793 58181
210 908 36401
695 813 49336
292 433 24331
14 934 71694
152 441 60729
397 785 32016
112 524 45188
393 742 22091
49 367 19235
283 430 53759
299 421 34205
156 909 32016
265 646 27313
70 197 23087
177 403 36249
608 753 36401
487 893 36401
437 522 28018
382 669 35355
97 323 39051
480 831 41725
189 438 15811
461 533 36235
259 549 50606
512 858 15524
607 734 12000
18 243 36235
105 108 13601
621 664 21541
67 222 29698
229 436 26476
97 558 12166
303 456 11045
418 722 15524
501 896 59666
105 818 52393
345 545 29069
688 826 13342
84 499 37656
48 788 29833
766 919 29411
183 544 41677
254 721 42012
848 932 25060
26 702 36401
48 237 21190
21 769 27659
508 558 12806
286 443 39051
218 512 11045
795 890 38897
590 696 25239
412 467 45651
812 865 37216
489 627 26833
670 788 11705
298 461 53151
133 180 18868
75 97 43909
369 898 36125
298 683 39812
271 322 67602
536 814 32000
364 702 34132
35 447 10050
505 541 38419
68 587 25080
433 471 37363
146 835 44272
330 498 32016
14 272 45122
433 444 32757
68 582 38419
109 435 16763
503 795 20616
40 146 60033
351 553 27893
68 245 37108
204 926 11402
585 670 22804
238 855 75240
656 856 21932
215 747 33734
178 520 16279
614 898 17889
462 737 19416
789 890 30265
102 154 15620
297 805 21378
765 859 25000
207 864 26833
363 740 19416
593 735 47707
492 697 13454
705 909 13601
183 796 26000
566 812 23854
831 904 38471
425 917 51313
82 276 19925
161 403 34015
131 845 32202
308 765 33302
373 507 45343
48 361 31305
762 797 43417
332 347 27459
434 556 28653
87 723 29530
351 620 34000
140 610 15524
63 502 47802
235 642 23345
30 89 37577
726 891 25239
571 738 30017
51 892 19105
184 734 13416
451 855 77421
418 686 40719
121 304 46861
623 820 34015
575 714 35511
781 901 24698
201 422 43658
763 792 34234
142 758 21024
61 543 36401
297 776 22804
445 798 44688
264 398 32985
98 226 79076
449 781 19026
208 574 43966
474 552 33615
105 758 27731
167 507 28018
777 800 35511
230 600 50478
160 587 27459
840 877 27893
535 706 40608
168 331 36346
32 704 35847
705 749 50160
43 472 69051
665 798 23324
383 606 10296
157 702 40792
415 897 42012
610 888 45100
21 809 15620
23 897 30806
518 653 40262
465 837 26401
711 825 21401
52 775 33541
286 400 10296
218 385 62032
320 839 40112
125 184 49204
235 672 30610
225 568 12530
243 301 19849
154 440 35384
755 859 21840
299 515 49659
404 548 22136
520 932 20224
23 349 27459
144 530 35355
686 744 34000
469 582 22204
64 236 24698
371 506 15264
29 259 51108
347 644 25000
345 874 23087
372 453 38053
392 418 32450
240 695 42154
24 420 29069
611 753 39115
239 871 31305
342 515 25298
291 392 13000
425 922 51884
262 513 22091
280 453 55036
223 228 29411
402 683 21024
115 912 13454
297 547 26907
673 932 10817
128 234 25020
155 644 142695
332 653 82201
387 884 56223
428 855 63655
251 925 27459
354 434 39115
270 657 12042
37 543 17263
147 535 18788
634 777 41231
121 472 49254
72 111 37483
197 672 25239
458 892 17464
632 661 21633
562 804 47539
215 776 38079
118 842 29682
87 407 38833
662 725 55362
254 313 48600
330 528 25495
139 521 18358
263 571 31780
496 666 12000
611 680 23022
405 720 49244
533 904 30806
372 490 33956
368 426 37537
269 572 35468
38 574 14560
640 755 22023
451 868 47508
60 503 21095
575 935 10050
22 799 23854
152 206 21213
16 253 18868
590 885 23854
322 747 40249
163 714 15264
387 840 33601
366 913 29833
73 613 20616
27 908 43186
747 857 32573
732 914 33615
302 777 26627
475 859 18111
397 447 28844
33 572 32894
89 794 54424
653 752 50990
31 792 33734
603 737 39294
90 439 29000
494 515 20616
309 640 52555
406 421 13601
255 636 31623
761 824 46325
167 537 33838
452 517 30067
215 469 16125
219 846 33242
467 651 43566
335 494 45793
773 864 30806
14 860 87727
20 622 42012
305 495 41725
412 806 17720
198 396 13454
271 725 70064
192 289 22023
30 450 86770
166 654 37696
131 457 29411
185 394 23770
214 477 34132
509 640 23854
148 553 37947
35 43 25080
542 856 37577
332 644 12369
15 744 41785
360 789 45011
416 860 47074
210 526 27731
806 882 31385
45 930 25612
62 214 30150
757 883 21541
396 770 65215
706 841 38471
153 395 31401
572 812 48765
138 643 30414
98 506 59203
149 573 18439
130 571 69116
665 676 12207
110 753 36069
583 749 26926
791 931 12369
247 549 51430
226 488 40262
36 532 47802
89 434 44944
341 473 12369
345 685 29206
110 534 31385
15 780 44045
146 806 38419
44 718 43267
168 178 32062
137 757 36715
434 574 60415
370 619 52839
42 187 18385
264 529 55227
416 487 37014
399 835 19209
250 516 30083
138 213 31828
45 179 34886
175 329 31953
543 830 28018
656 735 63695
530 829 16155
81 506 51400
69 929 25495
264 281 28636
407 867 37336
18 301 38275
153 186 19105
223 633 36878
564 658 33615
854 880 32696
181 666 35355
19 41 42720
413 769 27731
78 752 17720
234 390 20000
162 763 31890
293 745 26683
315 668 28636
79 928 53000
355 385 22023
899 910 25179
369 583 50695
155 396 22672
2 662 39598
72 387 41869
181 848 34482
457 586 32558
294 379 53038
84 475 50636
731 748 45255
212 573 27857
29 534 47011
214 467 61400
827 835 16492
597 871 15232
337 730 52839
356 610 26833
79 83 47802
57 342 17889
353 754 24207
59 864 19416
527 894 12166
699 792 25942
157 657 26077
9 306 47802
104 411 46000
201 354 41629
103 374 41231
230 843 93600
49 303 39294
554 738 12207
288 816 23324
601 647 56036
286 309 30414
108 646 23431
164 368 13153
91 464 42485
275 813 38601
77 477 26870
108 265 12207
46 341 25495
336 627 10296
185 883 24413
24 572 36401
245 469 20591
475 546 35468
208 456 29155
715 751 20224
438 821 49396
489 563 46755
377 379 24352
834 882 42059
6 554 22000
77 876 51923
767 832 65307
322 873 46690
494 882 47096
381 419 56639
117 198 25495
598 672 38471
215 857 44418
567 842 21260
38 144 40497
384 558 53814
368 674 24207
94 473 21840
482 736 16763
515 834 15297
65 578 30232
120 928 21954
12 99 34438
132 728 57035
349 678 21840
329 918 39812
33 269 28425
153 272 22825
556 625 11180
329 350 22627
524 599 19723
287 621 38639
107 685 47434
152 878 27514
288 458 26926
352 635 34409
126 178 31401
602 897 51400
723 889 14866
455 867 16155
122 225 42202
145 441 33971
136 612 12806
172 828 25080
733 847 28284
521 784 59775
214 894 57697
330 453 44688
813 916 39294
315 772 24698
1 680 28792
142 432 20025
484 871 24698
201 794 22561
28 590 28284
238 630 27731
321 557 22361
170 370 35384
606 891 28460
776 846 33615
162 577 16031
490 838 45277
62 335 32757
573 824 13000
197 202 29732
852 908 14318
598 782 30017
485 645 29155
375 866 39115
85 320 30594
387 391 53085
789 855 103247
331 880 37162
178 819 31401
506 919 14142
182 920 15264
304 462 41146
77 926 24021
133 653 139435
743 883 15524
425 693 22672
359 798 42059
277 290 22204
59 544 20881
13 867 17029
143 307 11180
406 681 45695
378 706 30480
345 827 11314
100 328 29120
332 786 31906
171 589 15620
213 846 15033
459 878 18788
183 753 46755
316 692 28636
296 822 15264
117 564 38601
190 348 16401
101 476 32802
25 901 45541
10 477 57070
259 464 18439
90 864 36401
461 904 53235
281 861 36797
601 848 21213
37 754 53600
25 194 64630
500 645 50040
812 875 19235
81 371 52202
32 607 17117
126 168 26420
333 454 19313
46 207 25298
62 477 28636
172 689 22136
321 643 16971
810 815 55946
605 865 170699
472 811 43566
303 784 38079
202 782 21024
60 629 15297
535 841 29069
103 901 76243
574 690 23537
99 353 20248
466 905 36497
170 619 53852
399 866 32527
652 911 10198
389 795 39000
249 391 50636
169 366 11662
171 401 17804
164 674 17117
241 530 40224
746 830 51894
16 551 17720
178 569 21024
480 904 35903
331 854 49336
242 586 42755
39 560 56586
420 865 98433
177 930 53824
559 715 36222
419 504 52811
263 497 10296
642 824 34366
84 216 29967
66 704 78243
92 456 45880
112 234 26926
890 910 26926
258 886 10050
232 795 35847
322 662 66708
57 383 41195
32 505 27295
333 875 31828
567 684 43417
237 654 17088
33 677 23324
386 549 33601
616 755 25000
368 612 41773
106 726 13038
60 928 38210
274 732 14000
758 818 36222
75 323 31000
311 456 17000
366 684 17205
99 777 39051
151 310 13601
45 768 15133
161 706 23324
271 605 67067
346 814 30806
76 230 64031
836 851 11705
72 398 17464
317 788 56727
76 256 38275
756 899 24207
378 423 11402
338 809 34828
42 580 32249
27 95 48083
74 147 31257
84 900 55036
369 614 45880
125 651 31385
75 417 22804
392 686 36401
82 656 50931
58 324 14318
750 851 39395
123 608 54083
408 703 29967
139 315 32202
295 933 46872
725 914 149282
321 586 23345
504 711 23707
6 893 38897
630 795 28018
206 315 52802
676 798 21471
247 743 14318
323 558 36125
69 168 41677
599 682 48549
354 422 58181
534 762 48826
802 848 55902
647 848 56303
272 395 32016
44 220 14318
1 753 54231
32 310 41761
255 516 36688
55 596 43267
323 384 43000
278 804 20248
344 741 35511
626 691 68680
267 553 24698
10 214 55172
279 500 40224
272 646 43566
465 500 58310
890 899 26627
618 935 36125
629 630 41195
282 338 28443
231 845 12207
693 922 51400
357 764 41485
408 452 26401
119 243 43463
390 584 15232
56 554 53151
444 488 26870
192 673 24597
440 476 11705
213 557 34525
450 794 55902
339 796 27785
84 126 57306
418 845 21954
468 669 42638
82 856 55362
186 646 59414
480 613 39000
195 829 22361
312 664 32311
162 852 47011
395 701 21401
161 742 13342
458 470 25179
9 97 31890
694 703 50329
721 888 26173
511 924 38419
344 906 30364
333 715 39319
149 519 42755
205 459 29411
89 565 25060
322 582 41146
547 776 24083
778 856 51894
83 773 16971
618 850 64351
277 453 42544
80 448 11180
52 280 69260
233 555 35341
107 851 21401
362 831 55227
47 700 20591
72 581 28284
14 748 26019
312 611 21213
266 406 42202
188 769 44598
134 856 61074
516 576 41593
693 842 32388
916 920 19105
5 373 27203
94 453 36249
181 520 21024
194 359 45277
660 816 45011
597 631 13416
249 610 50990
100 867 24083
150 475 48466
326 422 18439
285 528 23345
30 511 71176
92 539 28018
545 827 18682
235 869 47381
157 779 54083
325 527 21095
454 875 30265
71 292 18111
381 720 47508
106 555 27295
420 767 16553
591 641 32558
7 14 72471
539 574 59405
219 857 40200
40 651 39294
26 677 40311
375 778 31016
750 879 37947
721 807 37537
479 793 29155
392 905 17493
274 858 11045
261 700 41231
604 849 17692
698 772 19105
344 911 24698
534 608 33838
617 906 55570
293 728 26249
409 591 13928
33 730 11402
296 712 34785
51 458 21213
215 219 38013
542 759 21213
551 667 15000
162 853 43290
159 774 23087
261 350 21471
655 716 20616
182 712 22672
181 932 24597
139 772 17464
43 740 49193
299 760 17029
162 699 39395
708 899 17263
481 815 44553
50 669 20616
264 483 19416
337 719 29155
239 597 24413
402 628 43417
262 358 11180
414 741 38626
115 759 20100
82 508 35805
55 237 25632
523 893 13000
49 325 27000
227 626 41012
314 531 21954
37 353 46615
214 335 47011
606 681 25495
132 801 21471
228 487 32757
132 307 51245
390 561 19105
737 918 48795
176 600 16401
561 793 25612
239 635 34176
216 308 44654
662 747 62817
224 657 26077
263 738 36674
268 643 12728
663 718 20248
629 795 26907
142 818 21401
769 923 47802
149 869 44721
464 762 46325
405 648 22804
468 921 40311
324 885 27295
53 278 43600
221 323 21260
244 474 30887
3 469 28018
73 925 13416
591 695 38013
299 545 57974
685 769 46872
231 722 17889
689 746 44181
448 896 59414
678 803 44000
121 887 24331
696 894 44204
171 481 25239
58 590 12042
138 557 31385
180 408 19723
444 585 27203
605 873 22091
89 346 21095
819 921 24698
470 537 34438
65 86 21541
408 598 22472
3 547 30871
667 833 21401
468 489 33015
13 85 36346
328 849 10050
562 787 25612
17 808 46615
241 829 34132
486 523 12042
47 175 50120
290 528 16492
19 486 26019
26 182 27659
86 578 33136
2 747 54203
674 693 22204
556 574 49204
402 541 28178
898 925 25710
538 593 23409
317 443 35511
131 579 43932
177 430 55109
199 605 44944
426 927 34670
516 688 32802
403 768 31016
218 575 52202
588 771 35228
127 166 19313
720 749 58138
374 895 54378
472 740 72471
434 594 28160
574 625 45188
680 736 18111
701 934 50922
431 646 61855
741 906 43600
233 897 17088
106 415 26249
157 440 61000
665 828 23259
87 455 44822
665 710 19209
367 467 37108
534 797 22204
404 800 53907
755 765 33106
465 790 40311
205 220 47265
191 288 12042
9 508 18028
211 277 16125
446 595 28601
331 568 21260
124 528 32650
679 909 27000
106 216 40719
431 432 31016
106 308 23324
90 624 39217
435 766 14142
151 847 19849
244 280 45618
710 828 26571
239 410 28425
7 416 50636
562 737 19235
448 480 11402
347 924 31064
567 869 23537
188 685 11402
549 570 29155
494 926 26926
342 650 20248
388 696 25495
260 504 59034
351 379 12166
156 579 34366
74 709 67231
560 649 44204
218 578 31064
239 352 32249
20 264 25080
124 340 18439
276 508 50289
104 811 20248
90 544 42048
450 511 78390
724 915 11180
56 130 46065
763 933 17464
52 584 11705
707 868 16279
232 910 21000
179 768 33015
239 429 25000
324 839 40460
372 838 31575
226 585 38275
551 837 28636
217 870 27857
659 877 23087
834 931 18439
251 898 21095
642 761 46141
667 881 35128
268 321 21213
35 114 22136
550 759 20000
263 265 29155
442 733 49578
400 406 57428
421 760 34928
444 670 34928
1 29 49204
99 492 30083
65 711 27000
464 743 15133
80 613 33015
280 524 44011
445 676 41785
127 317 37696
490 773 19235
208 539 35693
464 883 23022
55 435 56400
484 911 43417
199 832 62097
55 166 39623
599 666 32573
639 729 21587
111 398 34785
250 826 40311
149 235 26926
127 282 24187
71 444 18028
144 441 33615
94 838 17464
45 846 39115
279 465 49659
18 360 22091
615 927 11045
258 471 31145
224 822 22204
113 252 10630
40 66 77253
133 408 27659
123 365 40804
310 541 16155
21 96 33242
689 710 41437
168 921 44272
357 592 21000
303 903 13454
120 316 18358
66 399 30017
771 823 51313
269 333 42107
135 307 20616
510 790 19416
65 686 23431
706 742 30232
624 753 46098
217 285 31016
177 268 55073
329 493 31385
282 443 46228
258 433 44294
391 884 44777
308 491 23345
81 918 49244
143 336 51624
597 810 29530
355 934 84959
451 655 63561
85 136 29069
236 320 26000
419 722 35805
278 338 30017
129 375 26476
295 745 25807
376 402 44654
679 705 33615
410 658 20025
833 837 28018
319 649 28653
36 444 30806
344 589 39408
176 915 21095
73 614 22472
240 591 38833
441 810 33615
411 700 45177
544 864 27295
186 850 25239
116 474 27166
104 321 17205
486 661 14318
140 540 20616
813 920 34655
93 171 45793
744 905 46011
397 460 26627
634 800 27514
62 494 31780
619 661 25080
256 559 32558
54 683 17000
514 914 64070
468 563 36056
206 881 28636
400 509 58822
307 327 35014
177 283 30017
79 629 27731
188 299 31385
257 885 35847
245 582 24187
365 439 19416
118 164 28000
246 492 25179
377 549 29614
478 772 40000
492 798 35128
55 196 52555
550 907 32558
327 489 31145
92 325 43566
37 783 26173
443 769 69181
404 860 81253
19 523 20591
118 366 16553
739 901 124338
436 501 39623
238 389 22472
609 814 67186
28 580 29967
135 801 28636
488 585 13038
28 696 45310
16 667 29275
358 660 21095
321 811 25962
183 611 56036
487 633 44045
143 249 49244
112 165 22091
46 94 18868
715 816 18028
299 931 58822
57 421 35777
2 725 52773
27 210 19235
83 479 48010
53 596 48877
355 638 68768
263 808 32757
343 933 47539
38 241 27857
718 833 14560
222 817 13000
574 609 35355
9 656 40311
128 390 21401
465 783 53600
88 327 41677
196 603 25807
538 907 34986
325 467 26000
102 771 36401
272 748 56080
462 787 21378
191 816 21000
600 915 15556
203 610 48374
202 694 31064
426 612 53085
120 692 23259
252 471 33242
230 262 49518
6 228 26476
79 793 42048
767 865 114948
199 587 58600
376 847 37121
163 935 23345
362 783 52010
521 903 39294
417 460 31064
739 902 15811
750 874 26683
542 593 21213
493 918 51884
565 814 22672
241 690 19026
58 885 21024
226 621 50537
807 884 45177
314 562 48508
284 738 22361
15 841 58249
497 713 23022
174 352 37656
148 513 23022
96 836 21024
274 463 22472
88 132 43324
46 59 30083
28 42 10296
22 217 31623
496 802 18868
542 550 31145
149 212 25060
176 294 39115
538 740 26173
428 438 34670
57 650 19026
81 173 35735
247 757 10770
212 763 35735
169 684 20000
87 917 43417
64 193 27295
22 433 40817
225 331 10440
190 895 26173
789 899 30017
388 764 15620
284 554 20518
202 427 43909
793 868 16763
8 732 32558
189 716 39408
231 679 22472
531 804 55543
183 624 42202
194 697 46325
497 646 43290
63 437 44385
363 538 30067
423 706 25942
576 636 42755
686 722 41049
78 518 51000
116 150 25298
54 896 32280
852 853 14000
560 762 30000
315 829 44643
218 858 21932
502 817 39925
299 342 37121
574 594 58078
98 109 39205
821 855 101637
106 499 35468
150 546 23770
383 891 22804
318 794 52773
440 719 36014
479 775 25239
776 805 30017
355 618 32985
346 625 25632
209 325 37054
4 570 19647
96 413 26476
678 876 24021
602 863 31016
160 322 14000
77 204 16155
618 638 56648
486 632 24021
168 569 31145
86 732 40025
116 616 11180
546 616 10296
685 750 29530
161 768 13000
502 581 36139
326 794 25000
121 740 41593
253 637 21260
15 283 47127
298 533 43863
306 785 37590
355 935 32388
465 510 48000
84 192 31048
343 801 20248
217 552 18439
5 771 76007
740 907 38897
285 552 33734
568 880 20025
84 289 18358
211 290 16279
760 923 12369
207 838 20809
76 715 37643
129 399 18682
113 532 31064
80 436 51894
193 580 26173
7 731 15133
477 876 45277
74 725 58258
118 684 25962
41 416 12207
454 843 12530
356 862 17889
101 823 15264
501 508 59548
150 601 27586
345 866 29069
832 920 33526
318 849 39661
63 382 48270
471 870 33377
242 457 34986
498 727 16401
176 394 110059
344 652 19235
13 717 14318
95 140 25179
175 424 28284
354 495 16125
726 803 40447
96 550 48166
257 324 18974
212 824 31064
273 796 26401
815 911 42059
69 468 27857
63 599 42953
569 921 22847
320 867 57385
392 744 44283
23 612 51614
56 632 12530
745 844 29833
97 508 22804
7 860 18439
633 748 42059
145 429 27514
348 895 18385
129 866 28443
495 764 40012
126 331 22204
117 174 38949
57 77 35057
360 899 24839
617 911 47539
93 344 33287
393 768 17464
104 700 21840
728 745 12530
312 621 38833
41 404 31828
311 668 41785
621 872 43174
305 590 23601
236 885 34015
572 677 21024
447 705 44418
708 756 16125
568 626 28601
740 887 48104
188 923 21401
208 311 25080
620 724 52086
371 919 16155
685 874 20000
464 797 17117
692 795 22204
463 512 42802
38 609 23707
636 849 37121
514 725 87920
198 536 42953
43 114 39408
73 436 42638
698 881 54231
340 727 13928
647 802 29069
168 929 25080
44 190 37054
23 426 50537
622 807 133004
159 655 25710
19 661 34176
452 761 20025
67 281 29967
131 242 14318
564 635 44102
380 739 23431
382 522 32016
446 636 55570
166 282 34438
249 627 54644
303 367 39623
389 890 14422
439 608 50488
208 300 20224
180 703 17464
158 276 12042
365 608 55317
801 933 49820
347 595 30017
134 276 21024
43 363 33541
145 658 32757
23 602 59304
459 815 39115
244 601 41869
2 423 22023
521 668 17493
654 788 30150
850 934 32016
107 836 13153
248 381 45541
125 478 56009
131 156 28443
65 825 16401
22 309 39812
650 926 33734
336 489 22672
446 786 13000
382 599 20616
11 748 12649
479 561 21024
78 786 23087
184 645 15297
50 522 20000
314 787 38897
1 611 43278
906 911 34000
278 596 18868
774 793 25962
245 916 49041
478 784 68096
302 800 34409
543 798 44272
348 746 19799
735 785 18601
379 620 37947
64 136 12207
596 603 46043
271 662 24083
559 660 14318
273 340 27459
869 917 32249
91 883 25000
111 387 33377
96 809 37696
229 613 20881
653 694 59414
47 213 21190
244 277 18000
428 821 59615
266 760 37336
710 830 16125
166 687 33242
8 780 11180
879 912 11402
311 903 21541
399 827 30083
209 527 23022
328 422 29732
190 746 24021
641 657 13000
805 355
503 58
590 148
811 327
771 308
113 346
62 297
337 90
338 400
476 690
105 255
75 506
478 821
108 241
386 98
199 622
209 390
993 422
70 393
891 733
495 440
636 513
533 714
703 68
5 515
679 162
727 921
461 721
844 325
296 856
630 959
303 558
704 134
608 464
357 279
680 439
124 532
267 763
948 391
342 600
47 357
470 716
382 277
103 659
486 139
780 493
499 207
618 381
348 671
771 729
782 199
826 591
509 343
274 483
587 392
131 399
486 580
432 737
809 485
921 517
120 569
439 622
810 667
488 756
316 125
370 528
849 668
594 86
705 756
537 935
635 456
859 751
221 390
442 56
276 357
799 147
484 615
407 955
893 544
207 439
573 254
341 430
847 531
633 657
473 785
324 105
494 875
693 789
312 822
857 467
940 344
352 708
129 736
770 509
713 875
472 416
314 379
661 311
90 475
447 848
746 266
673 278
34 633
460 211
206 279
569 627
465 448
193 283
637 342
836 384
865 788
799 622
724 457
350 300
422 412
662 565
206 885
572 789
953 354
912 480
445 314
679 760
889 426
722 496
316 611
661 707
553 439
849 613
391 495
172 420
385 218
679 830
587 983
354 458
715 861
495 766
939 306
484 164
253 646
738 878
628 549
240 248
739 847
229 749
223 791
394 570
473 52
816 214
585 893
670 589
328 522
182 708
163 211
685 268
226 916
357 213
649 231
327 458
904 614
596 73
493 112
665 913
254 127
544 789
821 624
560 421
764 258
684 720
597 776
132 478
90 712
41 587
562 220
172 866
543 231
899 218
426 128
686 688
455 123
571 973
702 663
661 141
779 444
277 581
929 324
182 209
487 709
459 500
898 659
105 622
757 196
663 665
492 729
14 451
259 698
568 343
514 933
231 890
654 41
566 173
358 819
524 961
795 850
469 621
156 667
179 687
804 501
294 717
373 708
708 918
700 557
607 881
506 187
436 652
553 124
606 644
662 531
274 82
519 141
109 672
262 372
828 647
125 296
621 207
645 735
679 388
618 805
108 320
228 412
861 163
349 192
954 481
567 683
824 612
559 900
467 769
611 401
984 516
197 825
570 189
257 737
391 205
970 394
716 577
585 122
59 461
903 334
263 206
787 836
501 932
200 355
716 464
209 606
791 892
438 910
831 168
435 769
696 457
888 351
237 152
497 255
825 197
175 320
868 723
186 293
525 511
817 271
453 176
726 116
631 224
549 14
152 231
739 455
301 66
593 135
335 449
716 559
535 378
191 545
757 597
862 695
529 436
400 143
120 332
691 542
567 510
762 358
769 195
649 648
703 541
371 165
633 474
605 808
896 257
632 849
635 191
544 181
249 534
475 527
274 720
957 409
38 435
310 681
481 284
419 744
325 354
728 845
581 607
597 505
315 518
292 692
762 373
752 921
451 353
227 665
921 464
588 453
387 888
857 481
443 779
450 197
582 73
276 388
429 751
375 671
387 848
729 810
419 856
532 261
726 508
648 725
367 980
768 119
684 180
407 615
747 796
733 191
534 408
741 410
734 482
761 476
478 564
670 842
101 754
432 516
291 824
362 953
92 612
528 687
516 245
831 257
165 829
97 494
375 781
199 118
765 898
350 744
820 187
45 484
995 444
632 353
168 526
388 310
660 157
856 450
587 782
339 654
531 787
245 326
158 454
591 303
793 544
797 316
50 671
386 469
324 474
851 282
501 69
843 259
54 697
270 251
763 678
527 584
276 431
216 104
884 291
832 783
402 723
972 497
836 596
779 786
366 153
504 131
951 315
132 206
241 899
323 296
876 755
396 513
562 519
79 698
287 499
459 113
25 380
201 312
515 552
502 837
581 956
583 240
215 803
460 257
353 605
477 442
52 712
552 647
54 347
282 335
348 180
312 213
681 49
502 548
399 834
504 80
539 203
509 826
556 759
486 983
932 635
197 800
437 182
210 217
239 228
657 478
336 784
621 347
254 417
799 710
913 664
837 446
709 242
200 766
336 466
558 472
650 446
31 492
384 940
347 280
202 449
16 550
373 896
915 546
597 977
755 542
775 101
459 847
309 692
409 235
779 220
139 691
308 318
196 530
499 321
309 45
902 363
170 590
387 180
375 645
731 746
567 132
776 245
693 488
450 265
764 488
689 562
625 607
720 246
465 634
260 610
846 579
193 442
111 698
771 331
857 739
160 788
259 591
96 392
91 348
669 427
732 779
826 536
565 590
62 486
503 273
446 591
389 773
737 656
170 311
757 500
596 650
224 568
281 446
848 696
923 496
295 163
276 554
604 295
763 286
320 401
596 567
122 590
301 927
275 71
803 195
396 40
454 572
473 921
627 975
458 955
593 851
683 672
262 662
771 709
88 383
758 641
712 776
683 906
386 689
707 525
909 686
224 714
462 372
726 426
219 502
863 368
456 60
273 881
745 230
386 340
329 724
725 862
300 524
409 377
107 535
815 465
419 542
648 580
562 161
32 359
857 311
440 380
182 617
658 549
804 250
135 346
582 651
311 798
472 193
312 391
799 162
909 432
855 598
498 341
767 748
229 854
290 834
716 67
570 830
634 741
705 697
830 322
168 351
693 103
597 907
281 759
232 113
454 884
664 897
291 108
352 247
474 748
839 731
564 110
294 313
822 602
658 420
433 213
619 88
699 272
78 722
433 725
578 227
350 765
394 362
339 756
361 923
551 368
183 805
569 937
768 658
889 205
689 609
592 720
553 322
422 867
616 17
532 575
301 575
844 396
256 784
753 874
777 388
503 756
208 406
229 369
596 741
657 575
140 811
207 150
112 428
831 223
724 365
933 734
585 484
820 454
300 800
617 764
756 791
330 505
918 532
959 528
171 799
120 393
89 304
92 424
185 857
412 892
223 622
154 170
176 536
616 554
610 233
575 917
462 185
355 977
274 566
175 268
745 611
207 334
882 467
467 581
332 638
120 757
448 994
595 407
929 608
378 395
623 233
216 823
821 738
802 176
102 405
531 30
132 616
732 385
53 541
737 668
170 626
253 677
758 713
636 414
824 724
535 919
674 643
546 806
652 381
46 531
684 122
522 666
337 211
778 365
557 570
809 632
266 498
597 796
450 493
331 143
551 389
493 895
62 594
276 736
683 783
933 490
524 809
507 987
609 205
419 704
53 476
217 640
649 949
481 217
119 223
657 191
554 969
321 589
324 242
481 92
894 603
976 446
380 82
68 553
316 152
646 158
147 310
267 119
763 158
921 627
492 824
139 635
708 206
246 292
817 859
333 184
520 889
883 226
479 11
562 616
747 487
622 828
171 557
707 145
77 299
315 66
369 503
289 575
354 336
776 347
515 332
142 336
36 682
404 321
66 748
506 109
900 348
347 113
611 834
106 598
546 91
109 267
304 288
436 467
743 161
402 972
810 409
116 479
633 568
960 448
907 324
231 267
424 392
488 516
598 957
891 408
641 892
390 733
603 582
623 333
666 42
488 124
489 467
294 937
695 307
236 642
835 519
882 607
832 558
538 159
60 450
415 458
700 213
342 100
35 551
543 952
127 558
319 644
343 321
384 953
478 325
625 410
994 489
133 606
415 558
637 926
875 582
363 841
936 512
755 434
885 365
65 521
649 533
66 415
689 849
747 640
522 622
516 385
523 185
370 600
842 831
182 352
507 430
169 779
443 222
736 80
624 158
273 849
142 730
757 175
833 659
227 231
717 683
619 483
955 690
643 204
738 279
609 912
303 135
506 892
424 524
43 562
239 708
84 551
163 471
638 101
153 639
439 575
408 528
463 435
154 611
787 513
403 782
805 763
443 86
556 814
786 107
604 863
359 199
507 172
341 507
692 630
409 855
161 195
452 431
684 956
670 956
601 710
978 591
393 411
515 101
290 67
627 589
44 301
889 670
781 890
581 691
828 489
773 84
419 490
465 832
891 587
565 853
688 521
169 811
714 407
614 39
430 493
745 97
498 665
798 736
156 699
424 431
614 740
167 661
399 588
915 344
797 827
453 738
706 456
449 338
798 877
530 900
964 485
541 602
795 213
101 383
384 677
79 625
243 492
551 689
221 353
979 463
583 680
12 560
41 697
300 672
201 477
381 144
92 783
416 358
698 953
337 238
954 460
122 767
431 422
568 759
332 37
878 216
634 120
537 869
549 297
606 309
648 133
726 706
555 850
476 513
331 951
215 378
460 614
585 740
893 491
682 745
470 159
427 561
680 652
658 888
136 175
231 123
