757 1608 6 402
314 520 79480
148 201 36346
315 362 35355
305 433 35468
448 533 18028
28 188 19698
360 757 46098
151 585 53852
455 702 42953
8 578 28862
197 481 11662
99 386 39446
112 279 27459
452 717 76322
263 612 33242
110 505 41000
517 633 26401
221 486 24352
285 388 40804
195 391 21378
547 726 29155
142 657 92005
185 457 37216
368 641 23022
395 536 15232
19 221 91782
294 338 45618
700 706 26077
561 686 17720
257 261 14422
146 221 60440
150 315 45044
366 458 46400
41 706 15620
299 757 40608
425 688 17029
374 491 22091
262 735 36797
88 464 16155
87 231 24839
246 593 54708
202 365 24083
190 716 71400
180 217 43738
577 636 24187
288 462 41593
260 338 47265
632 675 42379
406 740 58822
407 609 22472
156 407 30871
398 458 52345
210 655 23537
399 434 34713
139 734 30017
445 490 33971
447 450 28018
26 716 32016
350 448 10440
250 275 37443
125 369 25020
557 619 43463
99 138 49336
428 704 89202
106 325 47802
108 264 59540
223 395 35847
51 259 35114
74 638 19000
342 594 33615
114 379 60033
91 243 38949
152 575 54589
502 586 53600
166 387 59464
353 630 27659
253 548 48826
213 670 28284
461 555 21378
417 643 25020
580 740 11180
49 438 20881
203 363 45967
45 52 41146
200 648 55471
151 495 27514
72 217 210002
116 354 27295
43 607 11662
10 143 43012
47 76 31906
178 696 23259
245 548 20000
615 626 46271
46 196 40112
348 725 48094
237 380 13928
569 746 33287
28 162 36892
156 542 20248
150 364 37014
299 747 37014
150 402 26173
66 748 15556
113 188 23537
258 438 47011
513 624 48021
624 691 31780
162 491 44922
52 177 26019
456 482 43566
441 525 47676
452 475 30806
321 605 30480
185 221 53254
35 537 48877
352 537 44911
71 676 36401
521 754 74632
10 441 55218
272 323 37121
732 749 31385
203 306 31623
99 210 41773
33 71 58796
630 702 20591
140 233 25298
15 345 34000
103 245 75133
297 568 37802
541 726 80231
16 515 20396
287 700 41304
214 689 31064
114 316 35341
66 348 23195
294 301 48508
269 455 42154
352 498 45967
440 505 36222
143 277 17493
249 415 48374
382 731 86052
338 677 50000
149 615 16279
327 608 23431
296 478 60745
254 357 44011
66 375 23431
86 302 38328
41 700 18868
160 408 43417
364 377 80156
38 510 52402
46 330 37162
285 435 11045
230 320 58000
44 388 42426
151 275 30414
92 315 52010
236 702 30676
674 743 36346
386 471 22000
67 370 21213
67 218 34828
330 504 64351
78 543 33242
94 490 38897
68 198 19026
460 753 50249
40 719 11402
308 337 24352
462 509 25554
528 590 58052
192 659 33377
7 681 32280
178 199 11662
364 636 81006
40 158 16000
21 274 17088
543 720 30594
453 523 25710
106 682 40706
485 500 29967
14 422 32202
149 332 51923
331 359 45618
20 212 34670
254 640 43290
3 699 32558
254 446 34015
175 199 14765
322 523 55444
428 545 71784
239 470 39051
380 476 43966
116 666 45486
152 228 28601
10 349 40311
153 692 10198
37 530 18682
45 456 60033
128 672 23000
13 272 48166
309 491 52697
100 231 23000
348 753 40361
15 83 22361
269 572 31623
141 392 27000
171 601 19416
340 352 34366
6 319 35440
431 518 37643
225 597 15000
253 612 22825
279 579 42579
253 631 37216
538 648 18385
211 709 25020
137 364 12530
12 447 14142
25 483 42012
233 462 48549
22 376 45541
84 681 47000
199 370 23087
377 636 16401
582 745 43658
201 656 32202
379 384 12166
396 490 22136
475 684 25298
481 703 19235
136 294 80000
238 401 10440
219 704 34132
90 159 27203
112 518 25495
50 346 48600
107 684 29017
260 548 65069
13 145 20248
433 652 26077
553 594 18000
102 459 35847
79 739 37537
635 731 99000
164 682 20518
273 635 29155
135 461 31953
220 476 36249
191 291 69405
5 313 35000
260 351 20248
292 467 21401
230 537 72007
411 529 22023
129 749 26926
45 680 50990
38 312 36620
698 705 61522
302 584 36688
95 564 55946
692 740 38013
138 147 17117
155 296 52802
317 494 26627
21 174 30364
605 715 11705
456 463 32450
541 581 35114
159 422 55471
206 749 38210
91 254 41304
128 225 36056
235 314 66370
255 311 75664
427 618 61612
444 451 29069
327 567 16492
507 517 24698
237 272 39623
136 662 45277
99 563 54129
105 724 45277
364 402 43417
34 76 62241
286 734 54452
205 423 42638
294 698 93349
278 383 33287
108 247 14036
107 475 31145
96 136 49041
356 513 46390
141 685 45804
131 551 33615
267 693 47927
204 616 42638
191 403 27893
261 513 35735
86 377 72014
53 503 59540
16 330 31401
402 594 59414
49 99 46648
217 754 61131
225 495 17029
74 603 27659
125 173 43966
189 310 37643
320 442 14213
509 745 40719
146 185 19105
161 607 35014
194 419 42190
204 522 15620
63 752 48877
339 497 39294
154 576 43081
161 194 38000
429 576 35128
179 453 41400
238 551 27514
133 212 15264
53 651 55317
264 456 26401
513 691 28284
415 616 56719
298 466 14000
214 229 12806
150 362 23601
30 244 30083
263 347 27803
314 574 34132
518 712 12207
87 552 25179
86 339 34015
62 593 42638
178 649 80498
585 606 39205
282 653 24413
142 224 44598
126 353 18028
202 688 46098
376 749 35847
506 667 18601
58 558 34785
226 419 33242
229 689 25942
48 62 43463
126 623 18439
415 454 42942
130 703 43932
62 211 29411
41 287 37443
53 283 13000
283 331 31401
305 375 28443
69 267 45706
466 651 25495
239 722 41400
201 272 47127
203 663 40200
280 617 40497
251 254 47707
304 546 44294
276 396 32202
382 644 46615
322 573 22627
247 484 59548
334 531 35440
147 258 48010
93 638 12042
100 192 38601
36 319 13416
494 679 61400
108 418 42638
499 581 37216
288 745 40608
42 63 34670
67 157 23087
440 531 34132
647 688 28653
253 400 44000
7 110 20248
16 592 59942
138 329 19416
427 613 31145
690 713 28443
10 525 39925
27 209 15811
244 370 64070
405 452 71449
588 667 13928
256 600 12166
453 566 20248
115 456 33136
261 356 44822
183 383 19000
211 741 27459
81 287 31145
169 190 41231
284 365 17000
36 271 33015
221 419 61741
168 332 27857
259 608 26173
213 273 44385
121 411 55326
62 235 66272
10 277 36770
265 425 29155
254 431 45122
565 672 19105
163 612 46239
80 510 64281
250 621 40249
19 139 22672
52 73 47927
198 274 27313
107 188 10440
121 733 43105
43 546 37802
316 520 121672
17 570 22000
376 607 26077
208 345 33015
50 556 50220
662 705 33121
73 487 53085
75 215 56798
188 697 39623
460 723 16125
551 710 22361
303 633 29000
458 469 36892
93 330 71400
59 596 24331
35 122 33061
406 754 50774
292 537 32985
117 442 35693
71 544 39051
9 170 39446
300 458 32249
178 526 32202
527 652 14000
127 387 24413
239 683 66753
560 575 39925
506 588 26000
366 666 70880
326 662 26907
647 729 46271
215 293 15556
193 335 72250
203 737 74169
1 342 42544
46 730 25239
160 569 29000
571 584 12806
450 692 22847
561 689 31623
541 625 25080
20 73 29120
176 630 24352
325 427 58189
424 576 46390
227 693 36056
84 750 34713
372 635 74626
49 590 78160
320 661 17000
205 356 59135
214 401 31064
48 246 52479
334 597 22804
616 756 16125
394 558 56223
206 419 34482
397 610 28443
115 149 51088
119 393 17205
219 444 17464
190 241 24021
396 488 33956
747 757 33242
184 510 34059
209 229 40804
18 353 21190
443 497 52202
230 292 66098
135 656 51400
269 353 26627
9 694 19698
90 721 75007
88 373 26571
114 360 53226
582 587 16125
338 397 53712
522 622 57385
207 435 27166
467 537 25807
349 649 32450
207 219 11662
84 535 36715
393 627 48600
417 721 75505
521 568 57559
416 629 32894
503 651 77801
532 644 18682
323 393 26627
247 660 23409
269 745 16763
459 600 18385
37 409 22472
15 140 20125
322 466 39115
72 443 80777
458 676 68622
200 222 33971
295 480 39357
122 426 31780
555 646 36235
539 668 30265
178 244 73824
135 145 40792
172 201 33121
118 588 31385
23 55 23022
337 469 35609
13 300 39925
58 296 32140
359 701 55082
279 564 72560
468 742 19235
42 172 17117
22 304 12369
324 606 34655
190 746 103856
191 452 49679
93 416 64031
363 586 13892
266 366 10817
347 351 22825
367 415 29000
225 565 33615
524 586 40000
20 487 51478
455 572 23259
262 546 32558
54 510 53263
243 439 54342
295 719 23537
296 448 50488
578 724 27659
162 309 16031
135 555 17493
6 516 33242
430 675 18868
257 327 26571
509 711 28284
592 637 51245
127 220 28636
514 658 41231
32 193 58694
120 189 20125
370 741 44204
615 706 57628
388 444 37656
317 728 43012
455 738 27203
475 655 22361
559 607 15811
171 467 45011
397 632 55362
277 311 14866
728 748 43417
322 591 30364
618 673 25554
2 505 20809
90 422 49930
278 714 41012
265 688 38210
141 738 44272
27 457 14318
39 556 10296
355 683 35805
131 609 11705
143 629 49679
709 741 41037
1 47 34205
152 390 34366
123 467 37947
355 530 28018
169 218 60811
606 619 30414
602 659 48083
252 585 50220
311 713 37000
416 722 72691
217 447 19925
175 178 13342
85 542 41110
109 196 62626
281 588 22023
110 371 23345
195 557 22023
310 596 36674
51 327 22204
340 601 19416
452 563 13038
129 486 15133
313 332 25612
389 650 77253
173 291 49204
391 557 22136
162 350 34015
63 186 28320
75 616 41146
449 690 15811
341 389 29155
139 474 25000
376 732 30067
1 102 23707
105 604 30806
276 579 37656
470 576 23000
73 604 59135
386 533 17029
121 413 13038
479 481 20396
239 638 59405
301 432 26249
430 589 15033
149 473 34059
437 645 37000
239 576 44294
221 734 56400
454 756 10440
227 436 13928
20 558 41183
493 627 31401
378 409 20248
89 614 26306
282 369 55227
78 627 36014
425 480 40497
402 568 44385
131 570 25000
98 588 16971
683 694 33377
88 658 41437
359 650 41304
361 709 42544
69 436 29155
112 251 24515
359 391 39408
295 703 43186
172 186 23259
152 550 43382
470 722 23770
502 541 22847
124 652 27459
213 372 33242
477 628 29017
134 462 48508
20 478 12042
306 581 29155
51 608 16553
328 662 29155
697 717 65307
394 698 23087
651 751 14422
564 575 31906
512 708 38288
471 590 57385
354 544 13342
216 359 35000
53 331 36892
45 101 60671
176 712 25020
27 229 43417
304 646 33287
272 752 29698
430 632 30067
65 566 18439
170 346 110680
146 457 24698
346 556 15620
17 567 46755
202 703 39357
327 423 31145
59 554 25495
343 689 39395
56 117 35609
117 420 36401
373 658 44553
213 360 29682
161 376 41400
157 370 30480
56 230 46690
153 180 23087
146 492 51865
160 554 19235
174 489 26401
165 658 22023
563 655 29206
366 720 65803
307 432 12806
490 641 35777
288 572 34000
209 551 21260
488 562 57983
84 729 36892
389 500 41049
655 684 18439
366 687 19235
426 549 18000
35 664 38013
187 488 28425
471 533 35468
270 705 45277
330 730 41183
359 557 39051
245 629 39661
72 483 36235
566 611 41773
124 743 30887
222 526 76485
83 465 11045
438 528 59908
606 671 46615
619 671 32985
239 424 16553
119 687 16553
128 535 17720
729 750 57079
146 419 43046
113 697 37577
612 697 59540
275 531 36620
19 474 35057
173 191 84119
455 708 48042
119 323 26249
271 516 12369
353 712 18974
382 744 44011
107 697 39812
669 749 12649
499 586 32140
107 718 27857
397 677 39661
130 438 55317
354 666 42048
279 468 71561
212 558 19235
184 270 34928
476 493 45188
85 529 11662
116 544 29411
91 439 36359
201 752 42438
197 703 14765
268 709 30083
296 471 41231
144 232 50249
308 458 19647
147 611 57697
562 575 18439
139 215 32985
304 555 51971
321 545 16279
429 470 40311
349 713 38275
449 508 73007
351 374 49204
273 360 36674
32 335 81688
157 244 48332
533 540 12530
105 333 10630
288 509 24187
673 681 31623
346 355 37121
155 626 39812
156 344 36674
163 277 39115
344 407 48332
653 753 50922
538 741 17464
176 353 25495
474 734 17205
496 654 35228
87 505 36235
448 718 29530
5 484 18868
55 367 18601
250 513 44407
229 289 23022
125 573 45618
350 718 23345
369 511 60208
301 307 26926
676 678 31401
441 504 38833
326 328 12728
4 365 31906
77 271 21213
286 293 67231
534 545 42012
101 680 21471
216 557 25495
418 726 25080
163 358 32311
130 158 49649
341 566 30676
20 496 48010
33 121 40719
6 271 35805
23 756 25179
629 736 34015
396 641 25495
33 601 50596
433 526 54083
43 194 39623
159 182 27857
140 462 49041
139 293 28320
475 697 40162
399 724 23409
685 744 39699
184 605 29833
226 492 21633
270 510 52802
591 650 78000
312 487 34205
94 532 12369
346 477 183657
508 723 51894
124 723 65803
83 274 43681
28 113 13928
205 257 50695
247 740 62801
71 123 46065
196 592 71028
101 626 50606
301 338 39623
287 427 41037
92 339 40050
75 204 65734
79 729 42190
305 674 33242
308 469 36014
654 698 64125
170 477 73348
427 714 37121
117 230 56143
331 391 21633
290 727 17088
266 687 10440
116 230 64008
91 182 34234
37 683 24042
284 479 43290
403 511 68411
174 747 45044
638 699 13892
31 419 29206
105 472 55317
227 588 35384
42 752 23345
18 126 21954
722 736 69029
34 620 25807
212 394 62682
184 319 31623
176 236 39395
684 718 31401
616 622 79555
335 553 60083
248 372 33615
255 405 29155
235 574 43566
185 734 18028
307 351 27659
203 499 38275
163 717 53814
9 346 72567
430 657 47434
234 507 13153
459 594 25318
144 752 45695
427 595 52802
522 616 45277
154 628 24042
405 717 48374
105 726 43324
234 727 47854
461 646 27893
157 730 21541
431 623 21932
222 747 46400
227 735 19849
625 645 22472
129 669 30414
471 634 36401
217 437 49366
384 574 37855
106 168 54120
489 494 65437
134 721 18111
350 695 30083
214 404 37000
46 515 27586
653 723 15811
387 493 63530
290 333 36892
23 75 23087
127 152 44011
392 744 62968
35 549 27074
322 341 47539
696 741 19849
69 693 44407
175 741 22472
86 92 61294
53 426 43186
78 166 36401
232 658 43139
381 707 12369
38 77 32280
180 450 15000
182 417 31953
177 604 43324
309 350 36249
160 310 13601
178 433 52555
34 102 58549
340 557 24739
329 438 29069
524 663 80411
546 735 33734
97 136 58181
248 685 30232
109 592 25942
103 397 38419
244 441 19313
60 186 136561
625 660 25807
184 639 22136
455 630 41869
1 459 42107
85 252 30000
45 472 21213
469 735 40817
48 235 34713
358 717 28636
259 280 23409
348 748 34928
367 454 17000
461 598 41773
216 701 53600
163 311 35735
69 676 39623
14 653 50000
385 503 31623
219 737 73878
41 615 60008
277 629 47011
318 425 34000
132 671 30017
76 552 19209
48 593 12207
519 674 36235
178 652 65069
305 519 27459
247 682 66098
531 621 31765
28 491 29206
426 503 38419
262 337 41231
512 702 33838
94 445 19105
90 725 72450
250 617 28160
209 214 38013
6 36 40050
133 654 41437
440 681 39000
418 456 62241
79 128 27659
209 286 22361
620 714 25495
76 577 32985
103 722 57079
300 308 30887
303 434 24207
355 694 16492
371 613 26306
19 215 30232
130 706 25632
284 700 39962
23 423 23409
127 493 65299
117 661 33121
228 468 25807
576 628 33734
125 322 57140
363 499 20396
440 621 13416
144 658 57271
306 507 40224
33 171 48918
49 386 60828
345 465 35468
238 710 19416
330 515 15811
272 393 23431
268 361 15264
587 711 27857
267 343 10296
289 492 14422
290 547 10440
439 466 81345
397 429 50990
95 579 55803
682 740 67624
315 497 47424
113 347 50448
613 618 47265
132 340 15620
498 549 30887
560 583 62201
150 568 42720
124 460 55946
145 656 23022
270 605 15556
68 372 48260
197 284 35805
267 413 37855
29 109 46573
539 659 40460
179 611 49649
121 678 31016
242 246 31048
43 506 35511
103 470 57245
17 293 60008
346 716 53009
57 360 22561
127 228 26401
21 757 48166
121 267 41677
372 731 53814
71 398 51865
183 278 20125
59 310 16279
191 563 41593
70 685 38118
141 345 46011
249 602 19105
51 513 49820
63 232 46239
89 589 26077
504 629 54231
290 581 42953
527 649 17029
463 484 24413
183 381 18974
554 599 19925
105 177 55606
274 489 38013
137 150 41049
163 400 38328
58 478 48010
122 446 51000
477 610 97801
369 508 64195
189 642 11000
3 37 14560
369 573 40311
519 743 12649
324 619 19647
259 624 12042
422 466 64078
31 749 41183
153 450 15556
335 521 46098
115 473 35355
99 540 29547
348 375 18682
82 514 21471
6 428 26926
191 410 23022
231 356 51788
451 704 25632
19 204 122299
244 649 71344
520 746 55785
401 710 13038
97 430 60877
14 573 64288
41 149 65605
33 733 20881
436 735 29120
1 577 37202
104 378 31145
80 698 51971
18 269 22091
243 385 39962
1 636 42012
131 238 26173
264 463 17088
30 730 32016
512 532 49366
16 104 21840
449 713 25080
394 654 68680
479 706 22023
54 487 38079
264 418 59135
179 191 78848
256 620 36125
255 717 49578
12 754 34176
251 431 34986
65 611 33601
218 361 18788
343 411 33526
334 535 26476
26 109 39661
389 566 41146
253 263 23707
50 592 60440
343 693 48010
95 276 40792
289 686 13153
193 553 19849
289 689 25318
207 737 63008
21 198 19647
155 634 14318
70 141 35735
489 679 35440
404 411 43012
512 644 45607
413 678 28071
75 756 34713
485 650 53712
165 514 42720
416 504 65000
297 754 88814
121 252 48083
501 643 18358
15 336 18974
252 529 20881
189 190 37054
295 611 42720
502 645 25495
300 323 14142
315 483 41110
358 697 65000
188 695 30083
257 423 48083
31 161 19313
479 700 18358
44 285 42953
618 700 73498
12 450 20125
41 81 54000
185 286 44721
226 281 34482
44 578 19698
156 404 43139
61 427 23537
421 431 29530
79 672 21587
98 693 14142
400 629 26926
224 657 109142
324 701 52953
499 541 24413
11 248 29614
341 523 23195
285 303 39051
66 728 38013
148 656 20248
210 684 19235
124 527 23022
589 675 15811
358 612 31780
285 633 49820
170 424 37947
222 299 37108
344 404 14142
100 552 28320
92 137 52469
228 564 62642
57 198 29428
147 719 54406
30 441 24166
312 724 49518
443 483 52038
242 408 12207
526 696 10296
82 220 28425
15 465 24042
24 299 21095
243 446 12806
14 298 60208
2 250 59405
686 689 24698
269 630 20000
462 721 55902
416 736 12369
224 534 41677
65 389 40608
112 431 35511
421 623 10050
315 443 38288
35 230 70612
275 597 34828
124 674 30414
580 692 34785
120 642 11402
173 453 36401
473 626 24207
250 691 23409
368 702 28460
163 629 46819
13 308 47413
65 500 48042
239 603 27074
587 643 16279
34 110 30017
235 384 47127
224 545 42544
276 368 28443
76 87 18028
126 431 27074
375 674 33015
362 483 14560
9 683 43012
374 395 25807
535 729 38013
30 330 37000
594 707 21024
18 745 24759
4 618 24042
432 536 31241
313 463 20125
68 274 25298
52 604 56569
380 493 32016
78 720 29614
409 637 17889
321 534 32311
530 683 22023
268 596 16279
222 728 30594
370 709 63071
60 598 16492
100 539 55362
671 733 36056
198 670 15811
57 670 26000
140 288 24187
251 420 45255
376 559 22672
251 742 67365
333 724 44553
420 442 17000
282 723 15033
325 383 31145
187 396 20518
35 426 33601
331 498 36249
174 317 51614
488 490 42059
79 701 48600
22 646 25710
286 457 13892
603 638 42544
344 401 28844
731 744 42048
59 599 39560
371 673 56009
379 574 40311
234 434 23087
423 567 19647
528 615 39051
510 654 57628
217 524 30083
508 690 69857
26 190 41146
93 504 92655
356 668 41231
8 44 22825
176 702 29069
203 581 25495
7 440 31385
296 634 51624
385 446 37643
399 578 14866
64 101 49366
147 329 18974
31 206 12806
86 584 21095
302 339 24739
111 352 29833
256 278 20518
2 231 29682
211 538 13454
236 276 14422
52 680 15264
366 543 50537
245 722 73682
448 540 26000
343 404 35128
320 640 41146
29 716 19105
314 316 42720
103 429 48703
660 740 53852
346 530 43829
132 601 12042
260 631 18682
82 464 24187
598 646 21378
260 677 74632
13 135 34785
287 618 69570
136 698 68659
83 233 23087
97 632 45541
105 547 33121
122 503 11045
418 472 26833
571 602 40497
11 372 40311
181 406 22804
410 563 22804
590 626 22091
81 595 38079
550 575 58600
70 208 27019
381 383 22204
142 534 13416
681 750 31145
412 738 28653
472 726 29069
4 729 63159
473 482 29155
169 241 31064
80 654 35511
174 494 58592
115 313 46669
251 357 10050
383 665 47413
165 583 73539
8 38 18358
281 561 11662
64 155 67417
61 714 15620
363 663 36674
196 218 11045
270 662 17117
208 465 46174
708 738 40000
25 297 44272
168 325 46174
164 406 81302
102 620 43566
571 622 63348
167 542 20616
242 520 43463
85 585 41012
58 755 14213
502 625 19105
245 400 40200
525 649 36359
181 521 13416
32 665 17692
233 679 40497
236 368 26249
325 714 64405
54 312 57271
348 414 51865
95 187 13038
378 637 28460
564 579 56321
580 660 48836
5 168 42202
89 477 113071
118 667 34655
240 489 12369
307 374 45100
132 557 34525
373 464 18028
625 726 78294
210 540 24413
650 751 64885
130 479 27857
365 647 36497
414 725 14036
81 149 53852
130 258 55009
60 461 51624
96 97 53310
291 511 25710
459 707 14318
394 755 69231
356 539 30067
357 640 11180
98 281 14866
158 258 24597
361 596 25179
246 408 25000
403 405 18028
19 486 115953
104 592 47518
223 394 11662
77 451 35057
192 377 32140
197 479 29530
255 511 73082
249 668 30232
36 77 24083
359 485 28160
11 685 11705
128 597 34132
400 548 43081
76 505 42048
30 504 42000
43 667 41195
351 631 23087
480 611 41012
435 444 20616
114 314 22847
645 660 23000
134 748 61400
318 701 28071
55 756 20000
6 639 21401
203 517 45343
256 459 19647
91 501 20248
125 291 53367
50 530 15652
512 641 39812
96 326 37483
93 699 20100
217 450 39446
100 356 52887
336 412 17889
669 732 25000
167 280 27731
433 519 10198
111 331 20616
304 559 26926
336 738 34482
237 752 33287
558 755 32558
224 428 107336
252 671 55803
38 388 35468
389 485 54231
112 742 69318
593 599 22361
255 403 43278
414 721 22627
468 564 75060
148 186 34015
382 445 65788
84 334 23770
89 610 65192
640 664 54589
233 240 20224
608 609 21932
252 733 32280
17 551 29411
695 718 13416
421 582 28000
38 578 38079
412 572 28636
216 324 23770
176 279 39205
87 100 16492
168 595 22847
422 439 56613
284 618 54489
44 434 42190
37 637 30083
569 642 38210
220 390 33734
482 626 44000
382 392 52953
71 678 33242
379 757 27459
54 654 12083
280 691 29069
61 613 11314
437 586 57567
95 562 42942
192 577 28018
47 102 32558
240 679 31064
550 583 39357
230 661 47170
295 425 40012
567 570 33615
33 678 49477
223 536 25318
390 550 24515
131 608 25612
275 495 23022
278 600 16279
167 407 26870
32 164 25495
39 50 50160
24 384 18439
349 690 34438
49 138 39623
3 683 21213
211 648 26173
320 664 31064
417 711 25080
283 650 19000
13 201 25554
51 257 12369
138 410 70767
366 398 26627
3 638 38013
5 463 31623
614 657 16125
74 416 62626
348 674 43046
101 155 42755
166 627 22136
701 739 55109
495 585 41437
389 591 28636
349 525 15264
156 411 55145
387 742 26926
68 208 35805
265 318 21954
336 345 33287
342 402 47413
120 746 72180
133 496 11662
151 542 35440
49 471 68000
106 665 11180
417 587 31765
424 683 64078
119 266 20809
639 715 27514
565 585 34015
644 708 25495
111 195 33106
298 322 33734
360 670 31385
617 691 40706
174 274 24042
24 200 34176
477 614 139000
488 560 63561
29 39 27731
40 258 22561
220 493 57723
302 571 47854
647 739 43081
197 202 28443
68 670 28844
102 256 26019
516 704 57385
419 492 47127
94 641 48754
598 732 68411
193 381 12207
123 544 18358
109 241 37696
181 335 51039
431 501 51225
392 708 14866
154 477 32558
234 290 49254
163 255 77058
321 328 17088
321 715 28460
25 362 40162
206 486 33615
581 727 30017
56 78 17692
17 286 39962
485 701 46573
118 735 10440
169 189 24515
52 64 36401
117 387 38210
283 751 58249
827 366
719 313
304 879
660 407
808 538
756 882
711 353
789 800
320 941
370 707
37 479
972 572
368 93
336 509
133 465
284 821
674 130
187 377
692 39
694 725
119 545
464 51
732 138
126 620
958 410
186 870
631 116
565 737
220 882
315 761
558 54
843 501
496 254
748 385
356 332
758 842
290 883
773 809
232 907
578 497
674 501
315 81
511 72
800 780
778 655
269 781
800 345
124 700
596 582
278 887
698 203
741 673
412 384
700 803
745 157
307 231
95 569
647 712
152 768
439 8
738 427
164 683
286 62
712 695
503 486
235 572
240 750
101 521
504 188
79 465
452 215
987 391
722 717
357 862
734 115
773 328
782 840
319 218
566 360
670 838
728 501
213 169
137 487
633 362
577 251
867 246
763 313
219 151
533 989
280 453
274 407
896 300
346 853
51 346
105 276
638 928
589 907
532 138
572 622
767 297
718 646
806 377
463 882
278 842
811 706
826 498
554 709
856 613
208 837
722 370
435 345
219 321
552 742
50 622
747 592
405 264
285 259
491 138
361 153
133 824
513 217
354 365
431 256
302 627
418 533
198 358
237 219
584 339
564 11
638 520
667 176
488 311
683 767
207 502
401 82
640 879
903 352
557 575
677 56
151 456
68 431
648 935
369 750
269 122
361 74
619 79
555 558
341 44
714 553
926 386
626 272
193 218
943 570
396 971
676 638
623 219
263 752
594 497
296 431
132 768
540 61
596 717
423 738
860 520
191 109
297 189
632 225
774 513
175 820
354 961
464 291
317 64
460 546
148 536
229 694
161 340
767 672
242 697
507 550
945 593
935 491
270 441
809 427
736 878
632 65
307 43
98 287
557 719
151 815
149 852
486 626
804 308
834 443
540 99
465 331
229 778
622 480
100 540
236 707
158 632
346 80
627 452
911 701
798 100
757 187
566 44
865 812
80 492
636 131
564 663
181 707
675 754
57 549
605 153
709 64
505 356
988 601
218 777
859 822
231 191
602 21
183 609
613 795
681 965
604 309
572 110
494 150
216 235
597 143
341 263
744 297
243 79
159 480
845 742
98 677
125 324
293 132
641 173
373 910
162 500
173 851
87 757
293 373
307 732
429 815
79 727
857 599
66 485
804 231
671 278
243 326
547 251
477 775
269 366
426 661
805 403
710 206
583 519
665 215
514 812
718 218
456 108
498 764
804 584
554 416
378 165
549 196
188 761
165 379
702 886
785 861
332 125
40 590
125 529
640 299
113 316
384 741
791 418
192 316
657 237
542 127
356 573
424 389
643 451
839 798
640 109
705 480
163 435
578 130
850 693
430 585
406 275
698 75
560 879
566 483
644 680
972 452
381 469
147 618
383 130
548 832
904 236
841 759
467 63
248 615
881 711
558 807
410 115
612 716
140 779
389 727
752 779
780 559
41 643
928 341
18 607
178 578
535 427
746 848
301 305
690 917
414 476
369 128
527 347
788 469
665 902
701 181
674 911
573 564
303 796
443 364
764 539
819 713
627 339
906 449
127 447
418 92
519 859
898 260
476 321
460 488
866 383
558 191
607 186
99 465
249 926
520 781
258 569
341 679
597 683
531 801
442 316
180 357
409 237
286 929
753 246
253 325
453 726
484 384
73 574
201 769
945 372
944 669
897 363
643 434
387 171
760 168
108 344
393 532
243 729
726 393
53 516
244 142
561 762
253 587
507 36
836 311
309 845
110 620
288 145
827 433
16 394
809 446
112 632
327 394
606 642
257 233
806 822
471 461
198 184
461 352
68 404
347 143
623 789
582 777
84 302
493 906
409 186
796 767
433 775
631 170
908 405
459 633
593 188
453 650
941 513
651 206
94 747
298 862
509 627
568 223
135 431
512 204
241 520
780 189
396 813
240 430
823 640
576 77
275 294
211 382
322 480
724 160
366 925
565 443
383 352
733 450
770 905
447 928
548 952
225 356
568 815
261 648
822 744
838 809
489 163
939 607
602 562
305 426
695 326
325 739
292 294
957 316
843 829
38 332
303 365
982 582
594 673
387 669
954 581
817 842
524 658
482 517
760 151
126 395
780 595
628 102
415 134
824 408
325 576
412 52
200 454
798 568
234 157
126 488
381 455
419 292
231 256
446 114
412 908
628 642
799 652
712 587
657 41
531 688
246 158
420 993
695 713
648 494
531 465
628 490
737 602
959 368
818 554
492 411
579 13
719 770
76 269
159 512
63 309
583 760
590 122
287 177
200 563
617 298
693 773
908 298
410 349
924 665
505 438
257 396
913 630
353 376
357 761
731 330
530 102
858 744
388 596
187 432
734 844
405 591
103 364
707 252
203 150
288 801
788 873
881 735
196 332
263 638
70 717
941 479
810 110
457 511
980 630
333 692
216 678
301 650
660 547
567 245
285 901
661 329
54 358
595 655
660 929
601 344
588 791
398 307
191 698
783 244
584 649
904 651
616 238
342 194
422 240
702 928
488 102
840 690
449 815
383 334
174 179
650 147
788 316
849 430
135 749
416 73
237 916
482 345
658 745
492 53
102 211
548 137
125 238
523 645
156 253
575 326
489 498
705 165
949 422
112 789
674 152
861 215
147 405
398 492
75 640
139 226
412 931
805 336
782 772
150 309
912 571
892 684
211 410
139 161
869 225
576 292
956 662
225 402
520 126
547 967
671 604
443 467
231 849
131 710
849 412
765 492
176 772
613 321
443 24
141 730
807 415
480 302
823 229
375 883
781 713
713 897
552 323
505 62
683 196
663 187
498 934
530 506
466 755
730 419
559 993
698 556
771 133
643 275
683 414
522 328
769 400
689 314
848 153
210 372
666 227
894 628
693 602
318 182
419 964
407 782
153 363
509 794
546 922
870 759
663 632
13 579
826 324
282 854
338 862
743 899
264 323
95 325
140 815
241 405
59 376
902 607
439 45
607 428
184 681
314 661
443 389
400 438
287 650
336 559
689 808
541 668
360 51
575 991
213 110
809 275
879 607
301 288
685 884
951 705
318 331
831 488
367 239
515 113
779 214
534 6
85 545
514 296
561 339
670 392
280 606
532 962
465 181
471 873
484 206
193 502
728 665
680 362
845 534
307 900
555 680
41 468
565 132
368 168
582 442
574 155
372 664
679 256
945 560
530 152
302 933
586 711
221 687
518 726
625 812
326 855
664 485
537 399
135 353
609 487
841 851
669 855
662 511
830 421
78 393
180 732
630 157
215 428
186 339
377 692
750 417
717 908
206 895
459 698
580 699
571 506
348 224
225 504
406 885
341 574
788 745
255 521
825 665
866 699
213 603
602 382
283 760
13 480
509 6
516 260
647 55
481 135
408 816
916 775
110 417
591 388
907 561
208 702
250 259
275 642
15 438
170 395
84 771
146 581
224 561
538 18
659 385
412 446
311 104
288 542
984 540
636 721
757 141
115 593
