826 1402 22 121
130 166 15033
388 775 34015
38 416 63063
133 557 12042
100 304 32249
192 516 17029
104 401 58694
421 619 47676
308 797 70228
151 635 19925
165 501 12166
77 364 47802
606 631 42154
273 729 19723
358 626 31113
434 734 62650
33 674 25080
336 346 29428
39 767 21213
416 605 20224
376 474 28000
649 810 22847
391 441 10198
541 709 23259
457 603 43012
204 665 31016
424 669 95771
83 307 59942
63 537 27203
194 253 60108
49 263 52953
177 333 27000
661 796 12530
196 249 33422
362 762 30414
237 242 28302
46 396 37014
226 361 38328
140 461 125603
360 463 39850
409 664 52697
29 198 27731
431 659 59034
101 238 56045
102 283 45188
456 589 26926
316 402 48795
17 194 33121
177 639 32249
533 576 10630
523 762 61984
189 307 69642
226 274 29547
412 500 45222
87 397 20248
342 635 61074
81 431 26926
14 532 38275
239 315 110653
166 226 29732
225 256 74000
560 719 49396
59 823 38184
241 517 25495
79 472 42521
10 811 40460
35 392 19849
467 625 41000
9 308 26926
336 629 41037
157 562 24083
208 777 39217
675 715 11662
45 296 30529
338 414 52811
181 417 27731
165 435 13601
236 824 30083
162 564 31385
67 253 49244
49 244 41183
761 816 12649
111 339 28178
312 701 14422
202 678 22361
218 281 11045
181 307 62801
73 258 32650
509 558 32650
414 736 47676
384 726 34205
21 141 32388
551 695 76059
104 463 18385
157 774 27857
25 31 13000
50 407 22804
598 810 51010
340 553 31575
352 450 11402
264 555 46861
248 318 43267
134 281 15811
55 612 32573
469 487 44643
166 282 15811
70 291 41110
69 103 42048
169 483 27000
321 515 43417
337 392 17263
452 802 20248
365 622 57385
3 460 82855
503 594 39408
350 709 27893
357 794 20248
113 293 33956
676 758 18358
253 730 27295
218 480 79404
560 653 28018
300 764 19849
575 720 18000
201 724 53852
309 653 10440
327 487 54083
604 650 41976
184 793 40262
147 573 27893
270 462 29069
88 483 46390
11 820 11180
226 327 61057
16 392 13000
383 753 12369
49 569 62177
429 649 29000
419 573 53907
170 502 60075
450 541 18358
187 490 31385
483 493 25298
448 554 36069
300 532 39319
389 793 29000
89 167 18028
131 693 21932
229 577 42426
135 565 31016
160 577 19416
217 768 22204
525 542 17464
599 659 57009
89 284 10440
419 482 16125
120 718 29698
10 567 14866
271 682 22091
733 766 46098
295 629 25710
195 705 28071
265 536 51856
60 174 33941
101 782 11180
13 486 40000
555 626 34482
660 723 19105
479 626 53740
585 680 15232
278 759 46861
214 320 22023
725 821 17692
729 757 12530
453 535 28071
456 643 15297
310 502 35228
126 645 38013
136 714 25000
244 313 40249
102 344 29155
519 565 19849
413 523 60216
118 618 51000
105 383 22091
566 603 36139
458 752 89454
95 573 10630
440 626 60000
189 296 58822
375 704 28071
343 816 11314
394 614 16279
19 422 24083
169 549 14142
354 636 32249
88 686 17000
61 209 14422
202 638 26926
290 655 18111
203 433 45277
31 548 22825
647 677 44102
283 568 21000
140 411 14318
41 171 58009
724 761 50448
494 667 31241
58 98 25080
489 791 35128
10 480 48765
308 443 25000
241 674 33838
229 563 23409
75 155 53009
333 639 30083
40 515 21095
157 797 27203
408 653 15811
351 764 46615
168 427 25495
348 747 29206
47 75 28284
17 708 35511
163 437 53367
96 710 32016
231 261 33541
589 636 18028
208 215 37590
222 759 21095
82 314 37054
211 528 16031
15 443 24331
113 451 41437
123 144 14036
135 156 39962
391 396 10630
70 811 56080
169 174 36056
119 305 22023
345 438 12166
435 448 44688
92 251 12649
340 399 28320
577 673 28178
239 491 17720
288 672 52154
67 477 30414
252 597 33838
93 118 44272
260 391 22023
28 37 54406
107 492 16155
6 306 32650
130 434 54571
258 807 59540
299 311 66910
439 458 46872
97 188 34828
246 249 48260
100 329 45222
17 477 53009
325 628 34828
623 667 46271
52 398 11402
175 602 31016
570 820 36674
323 725 15620
431 683 18028
366 576 28284
93 748 23345
358 400 21541
427 689 23022
75 419 27313
399 600 27203
298 462 18028
41 605 13454
200 678 25060
27 647 38210
292 436 39623
422 532 38275
234 639 38328
401 699 71701
334 572 44147
274 327 64195
114 797 60828
372 566 55973
178 655 21840
158 471 19925
788 823 27893
391 747 26926
609 710 18028
420 690 24759
615 646 32016
391 817 20100
56 86 49244
483 549 28653
7 60 22472
6 825 42048
246 659 24739
424 469 43829
576 769 29155
427 742 14036
419 710 52393
1 572 46615
8 195 31385
275 369 29017
92 747 20224
112 459 34366
268 796 42202
38 604 41000
262 800 26173
330 385 27459
362 691 54918
614 737 17117
659 757 55471
18 369 23537
74 316 48021
740 753 73110
273 757 11045
462 778 24187
18 591 27514
33 517 17088
238 292 24207
62 546 10050
376 505 36000
334 512 31890
158 652 33242
543 712 25632
139 250 22472
123 437 22091
250 690 29530
377 380 56436
318 475 44181
622 770 12530
93 449 26077
116 496 34655
663 699 14036
61 486 34438
56 414 25632
147 688 23087
18 63 38079
440 622 50010
90 254 14000
670 756 85475
189 640 22672
69 787 41761
377 756 34928
731 798 16279
421 672 13601
366 769 15033
473 575 38833
615 753 13892
444 654 25298
86 499 40706
232 297 35228
779 804 14422
78 760 17000
44 105 40311
11 671 33838
12 229 32650
373 633 27586
439 803 49649
189 642 64846
353 471 33302
700 745 12806
224 495 41677
437 749 22847
194 708 29833
704 806 25710
469 567 22472
349 670 18028
340 641 14142
685 754 43932
371 738 48094
68 307 30463
270 543 18868
518 580 57035
437 475 51614
502 738 30463
167 291 17464
24 570 28601
213 735 23707
23 165 31113
633 731 21954
6 31 20125
26 449 31401
286 714 31575
408 479 31016
125 578 10198
153 192 14866
556 730 42450
601 728 30480
367 783 16000
203 711 10817
112 823 35468
280 503 43909
163 390 22136
144 248 43600
522 706 62290
347 537 35057
381 584 39115
54 664 53600
334 680 30610
403 504 27295
100 339 32062
148 393 18974
713 786 16279
84 556 45398
224 324 49406
9 201 77897
214 718 26077
375 496 31241
393 593 33615
140 143 68007
282 685 15524
7 549 28160
283 617 44654
455 785 33242
148 511 28071
94 688 28160
106 815 31906
727 784 23087
225 821 24839
193 208 18974
804 826 20616
524 813 40162
177 234 27659
751 800 10440
628 713 24331
211 442 30067
214 781 22847
204 496 68029
330 601 14318
696 721 51614
367 539 17720
466 510 25179
99 690 18788
116 660 52612
206 257 71176
187 444 26476
58 94 22091
102 562 50160
145 800 21954
42 437 15620
481 553 32016
386 399 32757
264 806 14000
45 435 70661
395 746 14560
292 771 55000
152 777 17889
28 97 53235
652 823 60745
665 824 22561
650 814 29547
81 194 46690
76 749 45880
191 632 13038
75 482 17263
433 711 44102
147 699 39812
174 506 53235
61 765 19698
10 637 53600
186 328 18788
124 507 26571
721 787 26077
175 781 39623
174 617 15000
115 128 29967
553 786 29155
406 513 77987
380 670 55326
325 659 53075
360 809 29069
283 580 50961
418 626 35355
20 741 29069
291 406 24021
646 740 70774
27 287 31385
236 596 21587
22 593 37537
542 570 14866
591 785 39051
383 536 14318
241 744 13892
236 263 24083
419 488 60374
84 650 43139
529 803 36056
356 466 18385
357 486 40162
180 544 28018
159 464 77473
538 784 46098
10 702 18974
348 396 21932
219 560 54120
135 331 29614
33 232 30150
309 408 18682
13 413 17205
2 401 44777
210 460 89805
354 718 32757
619 763 17088
265 495 32016
89 291 21260
12 716 15297
132 594 29017
290 504 41012
26 780 45277
192 651 15033
173 401 21633
134 487 15620
57 68 21954
198 554 34366
585 704 16031
561 768 42720
36 824 37577
265 324 27659
439 463 45011
34 221 29120
219 607 44283
511 661 29428
221 284 35777
36 263 14036
336 577 29017
82 207 96462
594 710 45804
137 502 38013
141 717 56400
444 543 14318
30 220 51624
173 360 36892
4 248 31064
272 360 18974
440 585 28018
575 634 23601
58 87 31623
618 671 33422
280 594 18028
252 801 39699
436 814 35511
349 766 31623
99 468 19799
246 341 25495
204 806 70036
630 740 27000
51 410 49578
186 530 54203
96 747 21024
381 394 43324
545 655 47707
154 264 28302
214 682 30463
335 657 27074
790 815 34828
464 625 21095
768 791 18385
340 557 26571
222 423 83487
75 374 32558
8 355 53367
3 778 67186
220 807 22847
22 802 11662
251 777 38949
164 341 40497
8 578 13038
594 609 38588
631 716 30887
146 692 25962
402 592 67535
136 673 32894
139 750 12042
51 279 24083
488 700 16031
236 581 44598
375 572 38013
451 587 34670
20 687 40249
583 739 34015
222 530 35228
181 796 19849
333 418 10817
274 281 14560
386 759 15033
40 122 21471
1 285 23345
42 749 23707
80 630 18788
2 314 47927
185 546 15811
191 616 24187
441 817 19698
289 665 20248
404 568 46043
42 195 45706
413 606 41183
249 659 36674
152 594 12042
103 787 48415
582 643 40706
485 539 37643
459 483 60539
395 804 33971
245 545 53852
222 583 57140
30 79 46519
266 453 23431
44 536 27785
173 272 25080
252 579 45222
2 207 13601
432 706 29206
205 415 37202
611 620 29120
494 623 33302
349 696 15264
64 312 12369
86 195 19647
440 680 26627
160 346 17692
53 97 46065
70 789 21190
223 383 69051
178 793 25318
454 765 33615
126 131 18028
180 510 45607
363 739 50448
439 644 22804
63 689 46519
32 482 41110
250 750 30000
717 794 48384
121 206 82492
29 554 54918
142 466 26019
323 429 27295
468 547 36014
319 737 36688
514 532 29428
5 569 25807
135 607 24187
344 627 28160
19 378 54231
234 548 26077
456 636 11402
255 319 39013
35 600 43829
269 555 25495
127 309 67446
301 650 69584
454 669 47011
268 417 17263
425 771 15264
109 350 30806
376 445 23259
104 803 14866
130 361 11180
200 638 34366
32 815 21587
365 770 55946
483 617 52402
332 385 22561
289 824 24597
21 669 17889
324 612 57428
443 797 67357
491 645 11180
490 539 51662
252 671 42638
337 600 56294
260 297 10050
208 674 14213
240 507 23537
366 412 30463
359 661 35609
299 695 67469
231 243 19026
41 643 86683
20 732 36878
149 719 19235
374 710 10050
588 698 17029
432 449 32985
197 296 45177
62 331 19698
171 648 31113
598 821 11180
545 676 17029
38 605 76694
262 370 22361
161 228 19416
320 718 15000
77 651 50636
162 394 29682
213 667 21378
145 262 30017
121 523 93648
230 629 19235
100 146 18868
447 743 17205
444 581 50090
175 214 38471
71 327 35355
280 415 36139
224 792 10440
544 818 51624
270 712 15652
227 332 39051
179 654 12166
616 767 39205
91 570 53235
631 762 29411
707 731 14036
417 694 28425
201 810 46840
23 501 26000
125 705 49649
197 501 26249
387 549 13928
233 352 34132
30 498 48052
506 580 55227
744 766 44944
105 474 53141
47 155 39115
65 294 37121
60 506 34670
428 660 41761
147 211 33242
681 743 30463
426 798 31048
235 701 52498
403 814 31257
150 328 17804
620 781 14866
54 345 47518
43 327 13892
256 473 78230
285 801 22204
35 65 13038
344 686 36346
277 321 45310
287 370 46530
610 695 36056
325 481 21932
190 640 63008
205 275 42953
170 818 56515
363 583 46690
581 715 29069
64 754 32650
141 623 30232
617 703 20000
537 689 41183
423 816 29206
362 631 23022
7 387 30414
509 641 31385
201 598 78816
28 53 46390
379 554 67624
333 668 16279
5 531 25080
245 804 30414
124 322 38833
668 773 22472
520 628 39395
12 302 34785
404 580 33136
78 342 15297
298 444 27731
217 561 33015
98 351 55009
558 786 22361
66 468 35903
564 592 37736
209 765 22361
222 641 42000
462 675 20591
395 558 25000
563 577 24413
447 772 34059
512 579 12083
150 614 14036
256 531 48847
206 227 16125
164 599 16000
367 485 34713
426 714 17804
51 446 15264
300 422 18248
66 427 37855
88 617 41593
387 493 22204
550 742 23259
142 533 38288
540 744 16279
381 684 54745
243 453 26000
353 516 12207
452 526 31401
185 822 23087
426 731 36125
127 420 25807
302 357 46174
527 568 13416
242 751 39000
617 686 39661
352 406 42544
138 619 28071
68 642 25710
158 795 46615
538 727 48332
365 552 56321
461 595 26907
82 663 32450
63 151 45122
233 434 21587
291 789 22825
13 606 42802
439 769 26476
500 533 25495
276 700 20616
732 741 53038
269 799 39699
209 637 185607
3 388 29069
186 278 42379
525 570 24166
190 215 40706
343 649 21190
637 811 82280
152 193 41785
327 754 54009
6 154 41485
208 241 37855
341 657 49336
120 320 21840
664 804 29069
460 596 41304
457 497 46519
187 712 18028
540 766 41773
305 584 63127
469 702 32249
592 684 35468
276 745 27074
117 279 26926
178 484 24083
470 524 41012
240 621 21024
286 798 29732
706 780 28160
107 657 25554
218 406 74095
433 776 49193
63 155 51624
25 234 12166
511 792 27803
525 552 42059
44 359 44777
584 608 24759
602 681 27074
116 321 36674
184 683 43012
267 822 31623
410 608 47676
15 687 21932
59 80 41231
110 197 27459
2 182 32388
64 235 47760
34 447 38484
409 485 49041
613 722 42048
137 578 24021
233 406 66068
407 642 35693
70 183 143377
323 656 15811
24 91 48374
134 480 70831
194 196 27785
153 353 20000
230 731 25710
223 445 20125
308 370 16553
172 234 41110
133 481 24597
459 559 32527
201 287 81154
330 534 17464
579 671 24839
405 529 44418
527 774 56080
183 789 122483
551 595 57140
14 441 23409
586 639 46872
182 207 21213
755 819 33242
452 813 55462
573 688 37162
298 675 20616
358 668 14765
142 356 24839
1 476 17889
561 673 16279
39 519 53151
407 640 54009
299 559 40817
596 723 48374
195 749 44688
36 236 25942
317 608 58000
66 689 47508
109 447 38210
227 534 55073
779 826 17464
131 376 28792
190 193 19235
388 545 59682
326 328 17263
90 303 21213
314 663 34670
50 382 29833
621 781 33838
218 513 12649
470 498 12649
154 799 24352
405 760 18974
72 329 41869
530 759 37121
212 524 19416
508 741 23409
213 780 16763
117 317 19849
5 519 20000
199 672 60208
611 772 28284
458 644 36235
37 129 15556
319 739 47127
125 633 37363
156 807 62586
83 613 32985
403 805 13342
45 379 34986
271 571 41049
497 521 35128
136 230 28284
283 703 48021
72 430 25495
184 662 16279
77 797 23022
297 514 36235
486 794 31890
140 279 41617
185 767 16279
275 785 39319
199 460 80006
116 476 46957
432 780 27857
455 698 25612
121 257 14318
746 758 43681
240 350 29069
555 799 37656
146 339 17889
531 569 13601
52 574 29275
72 692 40497
290 775 35341
489 714 29069
57 694 25239
383 615 21024
184 389 36359
348 745 59304
26 748 25710
621 763 46228
47 106 15620
117 535 37336
258 293 44283
38 301 48918
451 616 55660
361 513 38471
351 397 23770
710 747 45354
22 268 32016
278 294 47854
21 454 39825
57 307 39623
603 697 15652
472 658 12042
143 535 47011
12 563 17029
37 527 57035
237 465 42450
292 372 24166
120 682 15811
401 528 46174
546 822 17804
34 284 41761
108 313 28018
40 679 57271
316 410 50289
577 735 38000
132 415 46271
624 709 21932
295 310 60671
430 692 39115
188 266 16125
582 718 44045
269 773 17720
355 818 37802
369 785 46648
347 635 52000
398 532 55227
507 619 34132
112 795 29155
98 764 101553
170 510 25179
72 724 44283
144 318 14866
67 202 38275
522 768 55660
425 521 12207
91 820 41485
285 334 32757
556 638 32311
44 110 60075
247 368 22361
208 251 39812
341 666 46011
72 201 42012
35 386 58138
394 564 43932
590 728 37202
212 220 33956
778 783 23409
730 805 24042
59 630 44598
691 738 49244
277 672 47508
416 604 32650
465 587 20396
122 515 11314
526 694 24021
258 267 26833
602 772 24759
433 528 37577
102 651 52555
103 379 24597
428 723 37483
364 516 30414
247 520 10630
484 504 25080
4 499 29000
108 179 36346
616 677 49649
43 726 58138
3 210 24698
424 812 52402
25 177 23770
393 612 31890
16 65 33242
85 624 16763
214 571 37643
555 704 51196
256 720 75153
87 488 25000
15 114 30414
505 645 23259
380 517 20616
239 448 52202
589 602 35468
3 715 76322
646 652 26249
771 819 57940
550 808 18028
239 554 58241
457 566 22804
520 683 28601
112 627 43600
288 571 24352
491 505 16000
259 334 22561
570 671 40311
225 647 45310
271 697 12207
350 620 41049
493 551 32650
335 492 39051
123 318 12649
366 644 13601
16 492 31906
155 374 56303
119 317 49041
412 458 23409
9 430 72918
257 330 19799
303 547 14213
180 439 41000
259 512 16125
310 707 21401
48 371 32202
52 745 37736
76 791 38833
416 782 39115
43 384 39825
324 495 20248
119 584 67231
32 106 13416
514 817 25239
148 593 39825
338 468 30067
382 407 37014
150 326 12530
125 137 24597
371 385 26571
121 752 66761
69 733 41231
73 807 49649
696 733 55462
81 196 48662
565 607 24352
14 46 20809
182 809 22361
78 736 43966
384 812 32280
127 472 28862
356 533 45880
167 284 22847
597 734 27803
188 317 20616
112 788 16000
255 304 27019
261 518 27514
335 666 16125
128 161 27295
74 410 12207
96 348 14036
736 808 24759
55 687 46065
564 684 59076
210 521 33541
245 826 13342
705 798 29833
90 547 24331
179 444 29732
752 809 157544
428 672 59135
294 326 37483
223 753 69289
389 662 35511
664 779 23259
467 770 13601
232 378 33615
588 785 19416
53 111 37121
571 603 37162
824 825 31623
467 622 20248
23 474 31828
153 471 22561
243 266 44777
755 775 38639
27 677 59405
438 509 14318
400 555 22472
542 552 36222
122 138 31064
628 659 61660
313 429 43681
553 557 38013
343 409 75186
176 569 18248
634 720 14036
303 475 41773
494 717 34525
199 210 64031
324 353 48703
238 782 61741
405 433 46098
203 815 30529
106 151 47927
322 624 34928
11 618 18601
355 478 38328
215 540 26077
455 524 36125
632 751 38949
602 743 33541
129 774 17889
118 748 39051
172 306 31016
71 701 28284
159 163 22472
429 656 20125
191 451 50488
237 451 46690
476 679 59228
616 632 18788
445 474 12207
337 599 46957
133 729 26926
71 312 34176
160 716 41725
222 345 62610
559 610 35468
562 774 31305
295 707 53712
350 611 44598
114 364 64382
95 147 34015
73 212 26000
110 722 39598
711 815 32016
190 503 31145
452 508 37947
244 634 23537
348 391 28071
429 490 48374
438 558 32016
108 654 38013
261 535 33601
519 586 25000
147 442 40460
279 446 24515
205 588 35355
231 404 18028
171 582 24207
693 740 13038
529 544 37054
56 478 45222
259 440 47927
48 738 37014
272 463 26907
378 514 31401
176 586 17088
221 447 44643
84 301 55866
228 774 26926
111 115 15652
567 702 11705
656 725 27459
113 587 34482
400 626 14142
109 541 24083
113 813 34000
216 648 33734
132 609 19416
306 825 21401
276 574 11402
200 477 46690
92 777 34482
477 678 23324
80 311 40522
168 808 36125
252 734 11402
788 795 15556
225 473 19698
245 758 47676
346 631 36249
99 420 35440
347 550 19105
175 354 33242
217 735 25000
112 483 57079
260 747 25298
7 595 33061
4 254 17029
39 62 22847
504 819 36125
226 685 16401
776 815 35355
216 238 36346
74 402 12207
255 305 29967
648 697 34713
40 138 27019
104 529 44011
254 318 28018
368 676 10770
451 465 24698
125 373 19723
212 470 48466
20 237 27785
267 331 34176
464 750 38601
29 315 34928
358 773 14866
128 228 13342
452 784 45000
54 423 54589
329 583 43829
139 303 19925
143 261 27586
69 721 27857
479 560 20025
612 792 12806
728 752 64140
382 538 47170
338 499 49497
48 691 20616
101 436 41000
91 522 58549
288 763 21401
450 709 13416
613 796 45310
115 129 29206
351 574 28844
67 708 20396
5 176 18248
293 616 59211
502 590 57000
107 164 34886
20 145 40162
198 315 21932
216 372 32202
498 591 25554
290 484 39459
411 446 25179
174 703 21378
368 713 46098
342 760 20518
311 693 26907
726 812 12649
483 610 58694
67 194 23195
204 289 45695
95 790 13416
159 625 77466
273 481 17117
545 662 18000
679 801 49820
302 717 12530
168 742 25632
24 522 35777
442 776 10630
304 363 18385
290 755 45277
162 294 15524
156 658 55902
366 500 34015
50 190 40608
316 411 27893
213 235 22361
76 390 33601
713 746 33377
85 124 46228
226 282 17720
584 737 42438
55 732 24042
83 181 71589
306 548 22804
485 783 35171
698 727 39115
126 376 23324
159 390 32202
286 489 15811
98 397 43417
597 618 45453
145 242 41231
417 526 17117
461 518 55109
94 663 36797
79 127 35228
121 601 17029
482 790 46098
478 760 36235
219 719 27803
793 805 50329
85 322 37054
149 418 36346
508 802 25495
425 497 26926
332 534 37363
157 161 29017
359 495 48508
183 681 33000
247 713 32016
135 658 59414
657 666 24839
172 569 42297
483 627 49041
373 502 29614
19 756 46690
277 421 46325
201 761 56648
46 398 44944
533 590 55758
377 670 50774
149 560 51788
661 722 40497
493 258
982 589
272 316
709 453
464 503
468 400
229 892
781 410
353 657
603 41
589 227
792 216
864 173
846 757
420 682
46 518
55 330
688 575
879 824
471 680
741 100
549 711
526 920
615 275
477 431
657 198
392 583
233 742
659 936
650 550
477 418
821 617
764 809
424 39
71 528
392 406
285 726
151 152
473 555
433 204
220 94
707 390
638 93
481 853
622 874
858 740
797 633
874 319
388 459
674 749
108 724
903 745
227 696
240 468
456 739
777 462
608 742
931 681
388 937
210 880
809 126
494 564
721 594
657 180
70 541
665 521
81 291
627 753
704 913
521 7
648 136
262 631
567 581
65 694
801 661
705 325
353 760
803 531
608 530
404 975
118 346
961 670
587 834
153 224
471 136
757 417
905 699
287 840
474 48
698 454
639 233
786 757
616 209
909 679
860 629
798 718
186 717
956 683
659 500
249 642
206 173
312 791
662 915
920 513
486 893
809 623
44 485
360 476
417 81
541 856
264 699
338 883
566 618
406 709
278 692
456 292
149 732
602 167
202 688
309 136
956 317
414 214
695 400
442 172
794 393
492 991
604 495
305 705
296 715
544 158
477 981
742 691
118 471
576 87
508 517
759 293
816 404
416 183
664 445
100 776
736 132
912 429
155 816
709 401
433 667
259 658
894 630
496 767
538 452
100 615
765 604
740 732
387 821
457 360
758 630
529 551
330 721
403 845
664 334
777 248
329 692
71 593
685 326
60 454
548 898
559 159
473 30
707 504
254 886
836 430
267 128
438 446
955 549
234 856
346 91
461 485
500 425
205 305
355 440
897 461
553 771
987 557
380 33
170 340
482 565
128 609
330 444
159 739
652 840
706 774
477 639
376 811
725 771
84 314
752 398
70 338
556 879
647 961
343 277
86 243
295 605
94 255
852 580
412 319
674 666
914 246
990 578
743 777
821 118
281 293
898 597
591 591
712 216
352 129
725 810
296 183
703 252
552 97
564 491
599 558
432 67
165 531
476 959
473 788
388 570
579 137
906 260
318 708
767 195
779 313
207 790
794 806
486 124
479 443
702 196
380 383
495 666
260 188
557 982
422 140
735 814
471 651
208 771
368 495
252 365
51 391
159 378
735 436
91 364
656 466
782 769
524 211
126 271
698 440
190 639
458 546
943 311
538 566
531 281
797 761
174 796
403 666
378 407
481 345
427 844
167 753
514 578
548 743
506 398
305 431
322 163
957 524
112 447
567 110
692 627
898 723
407 273
114 569
124 742
731 705
563 96
574 154
271 810
464 51
516 254
729 331
376 610
355 188
430 361
228 293
490 34
245 207
533 610
67 578
813 290
596 858
798 771
310 406
377 975
898 788
114 184
781 183
683 439
217 638
203 666
439 415
615 781
376 671
622 430
804 350
443 986
660 168
332 477
963 633
667 970
90 735
164 719
699 412
151 638
330 130
449 256
434 134
344 532
433 817
114 433
94 604
631 105
111 601
235 599
929 325
502 546
897 298
527 425
509 286
4 461
760 266
55 496
703 488
251 674
155 479
46 416
806 546
279 532
315 820
193 475
789 261
739 537
812 719
757 889
424 111
931 732
468 95
387 801
313 87
793 462
893 413
827 179
528 407
499 812
975 518
542 147
823 269
204 625
399 773
637 292
948 436
281 419
179 368
693 598
383 656
893 345
267 197
804 376
777 683
504 297
504 971
815 872
825 819
640 904
766 844
101 659
645 742
464 891
669 68
902 320
129 532
251 913
259 342
201 321
678 305
814 747
58 513
490 749
87 618
207 411
821 739
922 710
900 756
136 500
536 387
943 567
55 701
175 251
225 791
838 537
489 58
668 771
617 412
261 459
75 687
97 762
976 448
874 187
753 471
696 696
207 123
565 746
533 416
826 672
625 510
396 228
895 806
248 522
665 38
297 253
749 311
702 529
364 288
320 519
287 626
128 371
670 231
883 547
491 145
559 906
206 214
697 378
191 463
938 461
550 325
824 749
868 599
396 686
335 418
494 950
100 737
389 55
588 940
638 223
457 92
527 632
558 698
182 771
772 125
622 634
308 62
342 221
984 470
333 917
344 357
176 876
292 405
937 506
633 405
536 655
886 430
606 354
673 486
629 63
636 609
409 826
576 502
380 552
504 943
655 408
477 250
54 277
803 499
588 423
560 18
129 449
818 658
281 886
189 287
247 412
840 141
586 75
880 699
716 322
314 471
540 987
29 491
273 910
736 171
452 824
480 317
322 263
640 597
738 453
962 405
536 896
833 370
709 743
199 264
540 971
181 861
417 163
522 686
177 460
861 433
498 795
533 265
548 109
830 788
422 222
377 794
758 825
165 822
484 503
152 370
287 260
647 291
909 236
595 610
570 268
563 729
283 783
899 581
876 514
161 566
439 501
859 793
937 400
933 308
154 769
467 877
737 572
649 695
276 436
711 832
441 83
587 272
321 421
874 477
200 351
495 574
674 450
457 429
256 900
737 518
244 925
583 308
161 448
613 966
517 375
108 218
130 470
192 431
356 940
589 443
736 251
332 745
775 217
44 609
497 488
320 215
608 55
271 789
443 488
592 258
363 165
466 296
867 637
907 716
372 514
944 408
761 237
792 403
538 254
222 824
338 368
286 113
196 579
140 662
522 324
477 479
556 651
649 641
318 37
890 370
662 584
24 641
521 736
741 720
196 894
385 362
543 183
359 559
76 454
110 508
943 328
345 60
329 180
192 152
210 103
838 207
520 496
122 679
761 687
323 927
391 81
466 770
555 826
99 629
445 882
474 615
246 847
578 212
388 181
383 109
401 139
599 335
711 149
466 120
615 394
550 385
312 848
136 406
788 296
421 967
822 246
466 632
784 357
391 500
759 585
317 55
656 33
120 248
516 453
669 825
165 489
633 778
305 77
956 447
530 992
420 902
430 587
289 150
299 539
183 193
361 810
412 877
612 427
343 442
226 311
329 537
31 463
567 510
75 397
404 300
527 790
182 351
934 652
232 415
413 350
12 447
716 195
515 414
749 84
772 899
557 238
383 232
748 262
754 786
302 387
189 364
427 631
74 265
489 192
528 310
347 33
324 141
129 353
47 668
589 150
279 825
435 698
901 652
701 552
642 492
869 299
284 665
461 966
587 728
311 961
744 897
315 173
638 654
933 638
879 715
668 156
597 59
230 835
506 325
750 370
693 249
787 337
61 295
451 104
778 693
846 571
312 445
160 410
735 300
312 381
807 219
770 177
330 115
547 469
390 514
714 939
513 828
391 314
243 591
356 542
696 89
605 675
920 348
95 457
139 247
773 338
463 716
694 873
521 200
723 237
761 518
116 627
845 342
165 593
448 967
500 678
716 528
375 45
723 821
871 725
193 415
789 737
632 192
718 369
656 436
432 651
975 381
452 894
632 159
267 270
847 858
101 446
205 373
144 533
820 531
275 552
850 255
372 175
913 775
801 108
739 863
470 576
700 274
933 435
610 341
289 240
363 77
523 393
304 731
260 308
861 591
756 740
289 381
242 394
696 221
373 120
204 162
281 403
603 698
653 622
172 421
692 953
354 883
501 14
848 623
713 287
476 778
180 301
816 162
365 872
538 784
352 737
757 341
480 368
422 648
498 241
539 705
910 502
230 386
162 254
481 331
590 537
743 501
997 537
308 560
577 10
700 77
582 648
171 220
826 596
271 540
816 767
823 485
235 261
599 222
369 554
484 588
361 910
408 372
426 398
249 378
