957 1748 24 111
101 631 41761
690 764 22136
52 860 29206
670 939 10817
644 790 28160
144 652 32062
160 436 48549
819 865 19849
57 456 30017
659 785 34234
115 503 20000
45 864 24331
8 400 22804
96 488 13416
14 412 43463
294 306 19105
466 690 32016
279 541 24698
575 800 47539
7 260 54332
160 207 13000
322 374 55946
511 697 28160
674 684 37643
124 360 11180
146 660 48010
58 898 12000
567 742 31145
661 956 48166
178 435 44598
482 732 41677
96 317 30000
501 606 86145
8 177 12649
410 733 19105
289 464 27295
172 612 40224
442 547 37802
389 613 62801
519 748 11402
283 418 37336
473 787 54231
71 429 38288
30 866 80156
227 271 32388
387 792 41304
31 141 40792
84 92 25554
433 658 12369
205 868 22472
119 163 38471
330 477 22847
535 786 37108
612 713 48104
400 941 30594
506 701 29069
388 720 12649
531 544 34132
236 903 43566
416 673 50289
256 778 52240
159 682 24698
295 599 21954
236 509 46690
326 770 10630
456 614 28862
242 630 20224
16 272 30232
224 492 26926
64 68 24187
109 298 33615
601 865 66068
613 743 31385
96 197 27459
222 886 25000
197 488 23707
665 774 45486
196 797 13153
85 461 33302
58 837 23022
24 379 23854
511 823 28862
431 936 41725
552 924 24597
737 917 45607
87 905 39294
585 827 44822
472 889 32016
574 763 14422
75 361 34655
440 693 78645
17 689 18682
674 738 40112
645 792 22561
231 330 13000
475 835 20616
103 940 30364
314 543 32062
387 490 28792
252 722 14866
414 423 41869
862 901 31906
512 687 24083
463 625 35609
95 618 43863
382 619 68411
78 256 31064
2 506 17029
214 527 57983
384 680 25020
491 708 29155
115 556 21260
141 187 33000
48 124 45222
186 752 39825
60 330 24352
27 36 31048
550 576 32985
543 706 45541
354 445 33136
311 462 16279
778 925 36359
196 717 57585
762 946 11180
203 889 45607
219 659 23324
142 796 27659
587 851 25000
2 498 31000
261 270 24021
378 861 31575
80 391 36797
760 846 39115
63 437 49406
495 584 11045
469 501 44553
243 956 24083
145 181 14318
453 657 50000
316 633 36000
106 524 31113
520 570 12369
145 456 57245
502 842 28425
258 805 30887
547 691 21633
247 682 36359
575 931 49649
123 934 63561
215 871 40311
463 896 19925
283 733 21932
624 894 12166
131 396 49010
899 953 29000
662 677 16279
211 755 13038
357 564 59666
579 948 21095
949 952 58600
187 894 38053
265 765 57315
154 766 28862
557 672 48662
765 930 42048
372 499 33302
580 707 40804
354 734 23770
452 648 13454
164 631 62370
69 288 32894
393 855 23345
487 649 15652
166 674 39812
217 361 32202
114 370 49477
133 515 30067
644 671 40311
199 819 17205
147 777 22847
797 915 18000
404 516 26926
804 856 32202
367 530 38328
184 683 21260
9 222 14318
388 582 45310
247 430 21213
759 955 59135
231 477 26401
623 756 31385
469 606 41593
289 716 52924
922 936 37216
485 666 31401
549 891 43324
10 411 14318
36 531 17029
264 895 193892
22 536 33541
263 529 39051
289 782 21260
293 880 18028
174 908 61911
338 869 60729
71 269 12207
45 489 27459
114 427 50090
370 723 32558
62 870 16971
335 615 51108
527 876 39962
116 740 47011
255 547 58941
694 700 11705
355 511 18385
53 567 13038
186 704 30594
226 272 20881
166 790 42720
393 450 44418
196 864 26476
86 480 27203
63 906 17029
202 702 42720
43 744 32894
487 717 17263
104 379 35847
589 766 44181
227 286 19026
15 602 49769
568 606 43186
402 631 20881
397 605 34482
275 862 39623
224 732 30232
5 698 22136
275 317 55973
300 863 49244
104 155 19105
453 816 59540
602 715 42720
716 935 30414
274 817 18111
694 788 29206
8 586 29069
667 906 57009
5 841 47634
66 316 13342
81 750 20025
424 889 37947
114 589 49659
424 472 51313
389 847 53759
350 851 40706
66 328 45607
472 864 23345
67 923 23770
43 836 20125
162 465 11314
103 925 27295
38 853 18028
141 911 54148
19 138 27203
312 418 26077
87 587 14213
17 293 17464
167 436 24187
95 398 57428
266 632 23770
44 366 23324
82 469 11180
146 842 48260
484 765 28071
211 710 14036
543 894 52086
555 930 47381
194 768 53759
18 439 50090
109 529 37202
366 565 23022
600 860 13038
342 722 31113
106 806 14866
275 901 26833
371 878 54626
152 232 14560
240 817 56080
245 266 40497
163 519 18601
273 613 62177
121 586 17117
172 650 46011
647 689 29275
838 847 22361
70 285 14765
533 609 17000
560 802 21213
339 943 51010
483 764 35228
869 928 33838
453 471 65299
269 681 15133
26 881 27203
648 848 33941
174 822 32016
114 723 60828
28 860 41340
416 880 51352
33 937 33302
482 676 18028
118 596 26173
382 861 25020
170 386 10198
506 592 53600
638 874 11180
143 148 22361
34 635 16492
339 408 26476
496 894 30594
117 443 23087
423 478 30364
232 550 41195
226 915 24331
287 634 19416
358 696 36249
443 570 25000
701 721 21095
27 46 40262
37 355 51971
20 334 17088
107 166 27074
11 413 49193
84 327 61685
388 698 17205
88 179 37054
47 96 20100
344 849 18788
39 275 21213
164 191 44011
101 745 15811
132 258 36359
575 916 52326
513 895 29967
62 620 30806
43 449 23324
64 175 15620
298 527 33000
84 623 53254
193 396 61612
641 762 19698
461 702 29206
98 268 26249
371 571 44045
603 830 24597
238 294 17804
501 669 42638
302 731 17804
235 259 19416
283 390 28231
413 914 28601
309 648 32527
79 440 34655
111 896 22825
498 820 71007
229 683 28636
345 383 25080
497 513 26019
72 683 29206
585 832 52154
74 834 14036
369 700 46043
135 732 44102
714 873 10440
170 438 80430
72 944 12649
738 790 43600
38 718 18111
117 815 42544
94 946 21024
169 798 37590
536 772 34540
913 914 28320
104 697 41976
308 645 18358
117 628 33526
486 609 33106
80 927 43417
456 640 16031
331 940 25000
185 875 27893
653 759 28284
288 507 33838
335 444 54918
308 871 11180
392 406 32311
350 587 36497
44 540 13153
372 560 23022
707 719 12530
628 776 11402
75 630 24187
108 696 18358
160 167 44045
256 834 52202
799 909 23601
365 633 16643
233 921 45011
165 401 11662
474 832 54489
172 713 88091
102 909 30364
142 939 17029
398 918 16279
447 807 40311
719 750 37855
694 931 13000
304 376 124000
442 691 18682
513 751 27459
164 351 34015
217 848 48918
282 381 49739
634 735 31016
176 571 21587
422 594 19313
757 850 14318
254 603 41012
486 584 19209
181 295 36401
482 738 31385
238 349 25710
422 526 38949
396 473 61074
360 814 13416
177 795 37014
290 936 30414
73 584 20809
739 748 16125
135 703 30594
757 894 27586
21 214 34482
576 686 31257
382 924 30083
50 632 26683
28 600 35171
197 748 17117
31 911 58412
350 892 27019
395 462 24759
313 720 29411
583 792 32802
404 801 40112
111 320 12042
477 688 46011
23 517 11000
85 385 54083
306 740 24839
479 567 20125
379 881 22204
241 922 41304
327 574 17000
14 677 28284
794 903 116760
843 947 25612
143 571 24021
301 883 28653
9 886 17029
756 857 65253
49 573 16553
411 877 48301
104 248 52773
424 837 38626
99 259 22023
129 786 31064
139 913 12042
426 761 39925
886 934 43841
158 884 35847
130 360 25000
472 670 45044
209 902 16279
403 470 37000
657 859 30463
151 713 45607
608 848 106330
175 809 41593
292 550 56080
272 278 19698
125 873 35384
321 366 36222
637 816 67007
94 735 21471
244 852 39408
79 566 29069
204 845 29833
313 582 42048
72 592 34409
246 467 25179
83 458 54562
423 872 20125
102 126 45453
29 132 40311
600 819 24083
604 938 53712
567 927 30806
26 878 34059
25 307 40311
635 698 14866
96 657 10198
140 234 56569
184 229 17205
70 781 24698
214 781 38639
194 305 21024
74 870 36892
391 929 38897
291 725 15000
171 873 28160
150 339 18358
742 927 18358
360 594 32558
183 589 14036
74 504 21378
371 881 50636
212 343 30000
9 934 45695
530 807 51546
320 463 32696
284 617 25807
740 943 31401
211 746 16125
176 785 17000
116 452 21190
731 868 18028
69 953 42297
325 752 50636
87 950 33956
173 664 47381
359 360 35735
511 688 27514
433 539 24331
38 92 21260
107 790 45541
377 517 17692
13 551 15556
387 695 22136
249 906 34015
296 539 55579
673 867 53535
95 681 52345
99 763 14142
179 375 31016
125 801 15811
78 627 51039
377 905 42154
36 847 35903
374 388 27731
293 689 31113
453 882 23707
550 745 55803
436 581 48703
392 470 75240
305 768 55317
100 808 14866
510 542 49204
309 848 47011
316 454 46519
133 336 31623
574 756 24759
403 811 36069
702 760 37336
639 830 20616
328 680 15000
478 821 15811
369 684 40262
241 868 33242
348 699 16155
448 843 27803
614 640 30364
778 888 50695
485 643 34713
51 120 20000
534 733 18358
324 891 40719
251 611 38471
295 631 14866
343 741 32757
214 897 26077
28 165 30083
459 735 45706
139 432 38601
423 429 20881
567 900 33106
284 362 30806
210 633 26249
63 896 45618
484 837 44147
420 780 39357
221 461 32802
759 885 56321
540 779 61620
52 754 23770
336 690 23022
319 656 18028
281 601 58181
619 695 36235
122 950 13038
301 847 41195
73 486 29155
660 704 35440
16 278 25962
226 882 53488
344 466 13928
633 826 31780
318 561 45177
551 758 38949
44 910 16031
575 709 32140
113 770 19105
160 627 52811
129 762 49010
474 621 50220
73 540 52010
174 808 14036
616 642 35000
53 538 30480
419 818 43012
198 798 12042
454 826 65620
618 804 32650
110 276 22804
294 740 40497
733 853 27857
209 907 43909
62 445 27019
136 222 16155
132 230 34059
210 564 29614
381 619 44721
463 772 16492
135 916 16279
710 711 41617
359 951 10198
315 640 21190
106 138 29833
361 848 23195
148 841 22136
119 203 50220
656 890 23345
165 281 41012
82 813 17464
362 454 21932
100 855 22361
118 267 21213
535 918 20518
125 404 29547
850 852 30083
448 858 16000
791 952 45177
412 759 27019
136 863 19647
943 945 21024
339 415 16553
321 777 52154
127 260 26420
189 765 55714
107 675 30806
115 216 75954
124 814 11180
434 839 18111
147 912 55444
296 299 39000
46 718 30610
61 678 27313
50 846 15620
496 706 18248
128 422 39000
5 708 22361
786 956 27586
685 688 40804
369 865 28071
195 802 37363
3 612 16125
168 920 22023
527 679 43012
63 908 58822
766 892 45967
140 656 36674
457 497 65299
333 541 22561
289 952 18358
218 615 24698
76 108 41773
619 924 66491
376 457 18111
683 944 27659
616 629 27514
11 829 42521
253 495 28071
445 834 22672
42 825 30806
699 905 61400
84 410 26926
251 351 18028
269 666 29275
220 240 12369
735 946 30676
240 265 54083
348 704 61400
652 845 26907
444 481 31305
514 746 15524
529 651 16401
55 619 68264
429 434 27731
166 793 38639
906 908 57009
511 831 31385
403 475 19416
559 800 28178
119 941 55362
564 680 68007
294 349 20248
222 784 22204
18 233 33061
525 949 37202
1 597 16125
781 897 40706
525 952 52326
21 285 21587
828 954 13342
161 922 36000
205 597 37643
784 876 18028
384 438 31145
796 939 12207
836 909 26833
68 620 31385
453 859 61612
241 290 33287
432 439 30017
465 474 53009
599 631 29000
604 718 46098
116 294 57009
778 940 48549
351 598 35384
654 682 17720
95 454 63640
4 195 24166
162 839 34713
287 735 39357
326 714 23324
121 767 156678
325 471 49092
85 288 34176
164 745 71694
488 657 14560
338 775 17692
115 248 28636
734 812 28160
554 812 22804
692 749 40608
253 500 34928
39 196 21000
32 455 37162
565 737 46043
81 756 32650
4 324 26907
357 680 26173
357 384 19313
21 527 39051
190 528 41231
603 639 16125
122 225 29732
44 54 19209
876 879 20518
82 262 14866
162 621 28071
60 418 34409
133 277 22204
202 291 20000
255 654 51662
339 588 41183
197 767 11662
710 854 20616
661 762 20000
314 934 51088
71 872 30414
59 702 34482
137 261 21024
110 359 18028
170 590 22561
243 334 37696
236 347 25298
242 640 13601
88 726 23854
450 798 29155
671 728 43046
141 280 14318
67 737 49820
205 731 11045
573 586 21840
544 799 11402
239 829 56303
55 844 16000
469 705 34482
416 617 26173
460 795 31780
176 219 30017
110 130 17000
139 914 29547
109 261 28018
773 830 25080
188 521 56824
90 255 27659
473 934 58873
124 212 57201
93 414 13601
132 237 51225
144 480 49092
380 678 58052
551 650 43267
203 425 27514
667 825 47381
500 558 35384
200 870 37577
93 420 18028
342 682 45277
714 770 22472
76 481 18439
118 341 49010
134 168 34886
528 871 41593
355 823 23259
404 919 25962
484 868 24698
182 715 32016
336 346 28443
758 768 34713
369 788 48166
403 406 25060
774 897 24187
496 876 55009
68 885 30871
210 365 26683
184 216 30414
721 820 120037
712 740 20518
257 298 14318
35 145 19235
542 904 48270
416 867 35511
150 663 27659
59 133 24839
316 824 33971
334 673 33838
75 803 27659
108 578 39560
61 603 23087
4 841 17205
581 811 30806
396 787 68884
136 926 42048
152 611 60008
512 863 55471
563 570 17493
235 636 39205
188 478 38053
319 890 31113
58 868 33000
281 401 31401
467 933 33422
740 945 26077
412 514 14866
557 827 12649
412 746 22361
33 416 20881
510 904 10630
736 861 33541
597 765 60877
592 701 48104
142 185 35777
668 932 12207
408 663 31257
478 521 31385
535 569 10630
523 529 22091
51 820 168244
174 522 14318
925 940 22561
131 877 38013
442 724 37802
341 753 32757
266 494 17000
34 299 27459
454 824 48847
418 538 43863
131 273 48466
126 821 31828
68 653 22023
132 381 65146
105 832 31828
17 880 27203
20 937 11180
616 928 67186
77 387 21213
333 828 20396
300 668 15232
296 883 22204
280 911 50922
60 231 17029
268 331 23537
157 342 35000
282 572 20000
424 425 23431
506 715 27166
290 552 17464
35 57 41617
774 911 50210
113 325 65856
164 238 53009
12 23 18358
361 803 43105
492 931 39217
171 227 33838
677 854 29069
108 593 13038
160 470 44385
201 848 82037
757 852 31145
65 282 26870
80 929 40804
37 582 56080
350 766 32388
353 629 42426
647 937 21541
89 334 23537
34 708 19723
132 323 42638
56 418 22804
138 806 19416
10 193 17117
155 216 14036
371 771 27459
410 623 67119
223 417 37577
285 781 27203
170 548 41677
441 464 19925
660 842 27203
751 829 63135
27 847 16763
299 902 10630
395 702 34482
642 647 42720
77 490 31953
487 699 19313
181 212 23345
705 791 24166
127 707 40112
800 922 26173
245 543 30480
86 626 33541
177 400 14142
583 645 31064
365 826 33601
588 740 34234
509 949 19235
138 781 21024
247 814 36056
491 549 37656
672 789 22136
736 868 43966
49 451 32311
146 783 42720
374 938 19000
717 887 26833
249 908 44011
235 577 17464
421 503 11402
323 871 33287
624 725 35847
78 778 46755
394 825 51624
833 936 49497
49 220 36125
659 841 41183
662 711 25318
29 230 51039
170 869 51856
441 935 18439
620 625 31401
218 336 33242
522 855 29275
408 562 44102
545 816 21213
133 332 51884
471 816 22023
292 942 17493
258 792 51000
12 154 36878
230 730 49336
152 164 63789
442 480 33242
390 477 39013
139 948 116181
53 479 11180
266 818 17889
279 954 27514
486 912 36222
46 636 26401
392 835 33015
250 343 42953
520 563 12369
550 610 48836
675 753 10440
164 510 47096
208 941 23707
73 495 29206
704 783 10198
274 310 21378
452 803 38588
398 532 53666
380 569 16492
322 838 11662
43 877 24331
317 862 49041
25 230 52697
395 461 13416
65 769 40706
155 248 50990
664 856 49041
441 522 13153
507 578 30463
746 755 21213
85 499 22627
255 442 46615
503 556 26000
376 451 82225
385 658 40804
54 495 43174
200 504 13038
10 417 38949
91 815 50010
851 892 35903
282 769 41629
468 556 17117
45 889 19235
341 537 40361
256 553 42059
119 275 35468
110 951 21932
356 619 64351
297 605 27295
186 783 28284
142 864 56223
130 156 18028
399 888 41304
208 329 38210
811 844 16125
83 559 46011
345 928 11000
163 275 46325
306 588 29206
441 716 29069
358 578 17720
329 941 36797
568 903 58215
209 299 18439
225 256 34015
7 127 36359
182 602 17889
305 929 27659
405 414 27000
749 813 47539
154 350 12649
128 315 49739
265 310 39812
54 540 17029
157 252 33377
444 593 35171
317 519 17804
281 352 65008
580 780 57035
214 911 55082
277 595 14765
198 393 21213
305 750 24042
547 845 57428
509 903 17493
221 385 63530
258 387 52811
347 724 20224
14 759 38949
183 200 11180
24 313 21378
549 841 26019
63 111 37443
433 907 49659
133 726 17263
393 798 21932
178 610 22361
695 805 43417
112 180 27857
263 523 24352
135 279 36056
363 626 37216
340 684 15811
568 952 64008
41 729 32558
315 422 40608
228 693 45618
180 367 21260
23 842 18111
69 407 14866
676 728 52345
213 739 21587
3 56 10198
57 75 23770
188 621 95047
458 559 41231
686 852 38328
55 381 58822
706 934 39395
123 512 12530
727 730 61131
493 678 19105
246 505 19849
302 597 28844
103 957 24698
273 449 30463
180 206 58189
89 937 22204
61 830 31016
364 802 15033
215 727 33734
12 377 14318
405 574 65376
92 534 11402
91 520 21633
647 866 44045
158 686 50990
564 672 12649
150 508 24698
284 867 17029
262 749 45343
20 446 28160
81 719 47202
250 741 34928
431 833 30480
140 751 37121
195 358 38053
119 460 53000
8 795 43012
168 409 16492
784 879 14560
86 363 25020
843 858 22023
65 475 24698
837 898 14765
201 217 33302
76 444 32249
309 712 14036
331 957 22825
241 302 35903
493 773 24083
542 598 31016
373 399 21401
688 853 48549
624 850 23324
191 631 35228
840 924 28160
428 698 18682
117 776 31401
250 631 39319
428 635 10770
185 796 11180
391 900 17720
321 663 22472
271 752 29682
507 560 20591
670 796 13038
349 904 19849
142 887 17720
437 808 43417
604 847 48600
189 425 42544
554 834 35355
526 951 32140
524 772 15133
119 489 24042
386 869 43139
539 883 65299
199 754 49679
279 732 26019
41 345 27514
538 874 46271
321 508 25962
329 555 21190
137 527 41400
224 703 12530
126 561 22023
356 382 22472
643 678 45343
29 730 13601
42 610 50804
669 858 40522
93 639 23537
123 687 20125
320 893 35171
99 577 27074
303 919 57801
159 430 28320
714 919 14142
196 901 23431
282 307 24207
295 402 18358
157 741 34713
41 383 21260
146 186 28160
352 476 25632
237 381 36056
833 924 30150
710 947 45486
11 239 15297
149 226 35384
194 260 48836
412 854 33526
327 623 38949
465 832 10817
431 922 48042
60 390 28862
492 788 25495
618 839 27295
77 333 16401
18 118 35171
376 607 92049
22 106 50804
667 893 34000
187 757 24759
603 643 34482
297 542 22672
263 863 58034
193 411 15556
250 402 36249
464 782 23854
189 208 21954
532 681 39115
498 518 42059
108 407 30806
891 902 12042
378 436 52555
310 476 33526
137 257 20100
593 615 51624
477 831 41049
798 809 42059
19 106 24042
70 103 22204
52 199 44011
528 827 10198
63 174 66189
48 422 26173
158 179 29411
236 949 44385
212 295 33015
232 884 23601
204 908 42059
342 430 39319
312 623 75133
700 865 56604
646 843 62650
518 602 47634
157 761 32650
265 274 32249
389 539 58052
528 728 33941
105 162 24698
337 875 70456
259 799 32757
722 825 31765
88 244 18111
518 715 18439
769 835 33615
428 883 49477
145 212 19235
132 933 32311
301 838 25239
641 747 39623
800 916 35805
90 236 37736
78 392 66098
460 941 35384
306 368 20248
335 397 31401
834 870 30594
516 711 37443
479 650 36674
255 724 15297
48 594 26000
509 525 27166
87 851 19416
220 930 49366
337 670 57280
425 837 51157
538 638 46819
398 867 18385
384 675 18788
238 510 28284
30 956 44911
234 497 47508
364 560 25060
84 718 32016
222 926 49729
268 373 16971
105 173 11000
159 342 30000
361 648 27019
940 957 24413
420 857 32000
250 942 11180
417 570 30529
7 459 52326
502 699 42202
332 515 30529
462 899 19799
145 614 58034
40 394 14142
93 405 26420
56 874 20616
407 899 32388
324 560 31906
329 573 21401
349 368 15524
566 932 20809
566 668 24083
41 338 27586
64 620 28636
47 657 19698
112 807 17029
290 840 12207
641 735 31145
311 615 38079
311 593 47297
192 620 24698
608 923 22804
226 637 57219
67 917 39217
239 413 41593
32 526 12806
188 563 33242
29 933 16031
97 364 12806
622 905 24597
601 709 31953
523 926 19000
6 476 15811
547 652 47434
406 835 13342
536 812 19235
340 369 30150
229 944 12042
148 878 19925
829 890 31016
622 699 61847
536 734 30806
392 399 16155
271 920 21471
240 457 73682
254 666 17029
542 588 50695
268 679 34540
97 802 25495
91 693 23345
433 743 15524
267 596 15133
622 887 44721
320 896 21954
116 648 29155
611 690 62514
543 846 47518
97 195 41400
257 527 29967
191 599 20000
565 917 14142
482 671 27203
747 773 39623
62 885 19000
47 317 37736
254 423 36688
59 244 21954
153 260 14866
288 372 27514
32 276 27019
494 658 18439
434 618 36401
203 424 25298
144 822 31000
149 717 24597
1 458 26683
543 725 53814
262 813 15620
207 622 26926
260 459 61400
113 286 40608
485 532 25495
112 791 39294
393 530 50990
304 573 23087
292 426 19647
383 729 28425
113 171 32802
658 743 24083
437 625 58249
373 888 35609
335 481 55172
304 607 32140
335 605 37696
389 883 54203
377 699 48301
332 615 38588
442 626 36878
228 474 58189
261 651 34409
31 852 31145
3 330 37216
188 417 30414
544 836 29614
378 382 37216
233 537 37483
291 846 34366
100 809 20125
107 564 53824
102 744 22561
603 666 45695
822 935 24187
183 955 41773
380 918 27203
303 646 94372
426 942 14560
413 596 23087
218 515 28862
215 528 27659
146 427 14213
218 483 20248
297 483 50537
202 760 17464
375 595 22825
804 826 29017
427 920 23854
114 677 60415
346 375 13601
66 633 41110
325 545 20616
190 676 30463
264 413 33106
156 654 30000
62 354 40000
77 541 14422
276 455 35114
151 421 21471
557 728 33106
286 752 32802
537 921 63600
674 793 47854
546 644 21213
44 565 13342
122 627 19105
583 732 20616
474 727 11180
101 164 72180
736 898 52802
629 928 41195
703 931 27019
126 478 38275
288 953 40460
12 587 14560
408 923 37643
207 436 48083
536 554 23022
580 773 47885
236 794 75664
13 758 37802
218 332 35114
728 789 27019
40 774 14318
35 181 11705
320 524 36715
669 692 24413
204 825 25962
192 625 10198
318 763 37162
156 455 39205
687 787 33971
201 630 20591
190 308 16279
147 500 18248
1 161 26173
685 853 18385
32 794 23431
319 401 10440
546 564 35014
182 785 28231
697 831 47011
206 367 53907
213 767 52469
340 793 56613
337 472 39319
33 89 38210
307 572 19647
368 588 16031
486 779 31016
415 542 26077
679 957 22136
234 352 31000
16 47 25710
644 789 15033
277 726 21378
862 915 38601
393 782 13601
170 591 41773
65 381 62290
240 451 12728
120 608 13153
405 561 50695
216 771 22847
385 499 48795
39 901 15297
517 699 45343
431 828 13601
318 909 15297
252 342 35114
325 859 102343
435 911 17205
627 950 21095
447 782 33061
169 450 15524
40 178 10050
169 653 26571
151 229 128035
421 477 22804
14 723 15811
504 553 16000
236 363 40706
447 952 27166
371 683 16279
334 937 18682
538 900 22023
275 489 30265
362 617 10440
225 851 18111
466 611 45310
71 681 25060
215 505 10770
30 459 130115
370 955 39115
109 137 25318
26 720 14142
545 752 59034
98 679 16553
550 884 35468
514 692 30000
558 910 16553
249 667 55543
418 638 18439
51 848 117444
139 264 50804
480 691 43909
666 872 27731
637 882 25000
179 595 23770
415 508 18028
448 755 19313
775 921 28601
580 747 13601
467 505 18868
446 866 26420
251 598 25710
220 451 12369
128 242 79246
628 815 31401
661 946 18028
137 270 23431
129 569 52010
90 347 24331
562 608 32062
149 649 13928
149 797 34986
537 775 69635
283 685 12207
128 640 67268
169 175 28636
533 912 58694
251 344 16279
299 491 21840
223 744 14318
167 581 43738
143 219 21954
206 412 23770
312 733 26019
438 591 55731
113 303 100603
582 823 34366
449 544 24000
252 825 30232
293 353 22361
10 570 42107
8 121 34438
328 591 32450
268 270 27203
220 555 30887
729 810 24698
46 577 42012
574 857 57801
582 938 13601
516 947 24759
25 566 30871
153 194 41593
19 774 43681
243 446 52000
810 921 24166
277 346 12083
153 707 43174
303 947 16643
438 680 41037
875 898 71309
225 553 25495
642 866 26249
253 558 32985
439 579 38079
468 503 32757
341 754 51078
282 651 33422
129 678 54378
683 771 23345
534 853 31064
222 879 28231
314 419 11180
322 847 18868
598 849 36401
161 458 39408
147 696 41725
94 634 15000
548 590 31016
320 665 36620
213 795 28160
531 636 18385
253 910 39623
590 824 38013
546 790 27295
494 818 24352
719 780 43046
461 655 39000
237 805 24739
423 521 26249
308 323 36235
348 649 18028
2 721 18439
175 625 41304
197 739 27731
120 737 51225
482 492 32249
292 761 42190
6 817 33121
356 844 28653
648 712 25632
52 267 15033
98 331 12369
536 778 33615
673 786 24597
125 409 19416
245 419 20248
548 880 40311
779 820 19235
246 933 24021
336 764 14422
173 856 11045
134 677 52839
251 849 28284
166 753 24021
47 278 37216
13 742 27785
451 607 20000
409 801 14318
237 619 22361
300 512 42048
606 705 18788
435 576 48374
394 610 26627
385 907 21213
432 948 77795
6 457 55145
85 221 48260
65 835 36674
353 386 12369
198 855 13601
788 931 34986
366 917 17029
192 354 19105
50 266 15524
79 932 14560
632 655 33015
25 572 49204
126 423 47760
537 753 34059
235 799 44407
579 810 15811
134 662 50249
486 533 45398
725 850 31953
230 440 48847
287 459 80623
632 658 31401
562 945 42638
248 468 23259
380 532 30083
490 792 20518
321 397 16031
76 777 13454
443 776 27295
609 820 42426
431 954 18358
280 876 43012
15 147 82201
40 665 39825
19 806 12369
501 646 35468
655 702 31145
502 660 16125
186 637 43417
42 550 36715
37 688 53460
585 664 41773
113 326 12083
829 895 113991
83 709 29530
228 440 79762
888 940 39812
493 762 34525
22 925 17000
15 659 20248
24 104 32894
552 840 15232
413 913 36056
893 906 38079
223 821 53151
424 135
474 991
192 852
445 858
394 838
396 83
74 630
569 24
541 539
362 611
202 123
720 268
98 759
850 339
486 895
707 125
71 408
157 217
707 504
46 464
647 494
705 431
729 252
349 873
486 448
383 857
312 736
243 130
391 421
10 524
614 618
946 690
79 437
408 799
814 769
320 706
283 793
256 788
629 143
708 552
65 304
744 614
322 663
632 924
607 145
273 746
701 100
886 738
512 17
497 669
735 937
203 188
146 811
617 936
530 339
190 842
848 793
519 179
577 700
216 848
146 562
796 389
793 521
840 426
544 379
187 394
692 904
843 402
518 800
655 466
221 512
390 968
593 969
753 357
854 816
578 863
421 291
678 373
447 489
117 732
172 708
983 408
362 170
229 750
499 757
927 560
705 291
606 679
75 475
951 629
368 539
242 772
199 588
45 589
193 472
699 80
500 843
640 446
245 686
855 488
758 686
289 637
677 463
338 904
263 480
714 481
221 317
547 835
558 467
897 683
762 500
946 423
866 176
801 282
260 925
806 811
381 561
191 208
609 95
723 921
538 9
690 335
461 567
860 701
847 234
260 602
93 661
940 734
75 544
882 675
380 650
420 393
596 716
828 265
386 234
532 520
583 463
685 488
136 178
322 81
606 578
608 225
428 911
860 579
823 752
787 223
567 881
424 889
660 196
686 874
249 921
694 677
91 674
756 276
336 923
892 660
784 647
671 690
836 644
626 305
421 161
286 471
643 77
709 739
272 122
223 290
582 303
812 234
856 426
107 376
846 202
145 837
252 480
859 516
830 438
448 930
573 36
707 562
643 681
936 397
810 758
489 933
779 341
356 959
576 241
779 196
606 611
311 564
517 76
348 335
750 755
791 423
379 613
128 693
467 868
629 164
684 57
873 471
244 172
768 343
884 805
559 676
560 106
787 582
467 167
881 378
631 293
536 87
449 780
246 390
892 322
814 735
638 40
657 527
343 385
335 937
859 827
605 774
447 900
485 41
504 709
547 526
317 619
345 246
718 325
684 170
835 170
344 475
366 973
442 419
229 859
708 673
159 250
378 89
263 706
971 597
452 353
740 782
187 126
473 38
462 202
886 792
38 515
588 681
496 635
366 404
838 662
286 913
783 568
775 687
677 771
779 614
577 918
209 568
924 623
704 356
581 483
401 362
267 687
80 684
574 444
969 403
511 467
166 137
455 89
482 673
188 187
620 429
214 522
598 445
830 202
690 150
362 695
423 85
632 122
919 689
614 703
682 132
388 270
612 565
313 121
525 398
233 815
146 461
642 473
834 151
17 573
487 789
919 492
480 230
543 664
755 668
75 391
751 796
781 736
416 748
667 808
575 496
431 784
465 514
369 737
454 167
927 256
526 10
129 714
749 815
506 413
364 338
780 863
419 106
559 776
198 794
353 852
484 614
897 759
190 407
669 80
265 669
285 106
754 491
640 868
338 757
387 366
463 838
822 127
871 187
211 691
175 350
532 49
224 871
643 434
572 762
431 278
52 480
636 821
614 742
541 178
85 285
695 858
270 235
192 257
812 626
814 705
666 759
39 313
619 714
947 605
690 207
734 807
752 288
695 770
378 120
85 371
772 421
309 838
516 298
206 323
505 866
896 701
862 690
830 841
128 436
952 561
492 833
240 416
644 904
922 413
730 822
273 205
813 330
383 933
461 798
632 417
365 806
632 710
402 10
706 265
536 260
369 886
132 516
482 373
504 279
49 290
188 316
448 739
97 374
418 312
377 831
367 704
244 841
144 757
613 385
894 468
718 562
530 747
429 649
641 852
136 479
619 400
563 46
282 116
790 720
571 351
874 246
212 611
583 373
529 810
690 884
828 230
222 776
368 624
890 356
180 167
212 584
680 851
99 443
333 585
196 820
479 624
184 598
239 902
904 719
244 557
552 130
534 115
774 663
798 232
382 799
250 537
817 665
423 245
113 209
448 697
262 512
674 592
585 279
822 481
157 313
112 239
423 464
886 515
897 585
379 584
582 831
769 388
18 467
938 474
921 308
334 683
871 430
482 29
813 831
723 130
148 427
931 656
874 778
400 28
398 129
27 653
581 50
524 735
548 764
767 461
892 496
294 463
653 754
369 379
276 892
988 418
583 316
781 100
580 173
468 602
325 420
567 370
387 96
245 880
273 566
144 822
901 552
596 859
326 292
622 785
495 156
185 532
564 972
666 215
705 68
602 118
391 302
425 805
322 260
108 587
474 688
575 946
562 579
342 58
505 991
483 773
585 884
981 374
725 232
248 909
757 336
353 389
461 980
498 821
665 861
979 551
712 786
302 855
467 556
316 59
904 351
598 746
900 253
718 252
468 971
658 66
356 557
261 537
873 513
534 459
736 459
982 524
938 700
608 496
322 367
536 437
884 418
307 717
160 527
519 978
233 779
109 504
738 425
165 287
166 788
424 693
634 937
409 283
682 825
516 612
310 683
803 119
251 326
867 608
128 412
432 842
712 632
87 770
487 246
741 336
737 402
512 56
274 909
312 373
609 910
408 169
480 811
261 624
734 887
344 560
252 361
645 927
473 476
135 804
999 502
116 512
359 569
427 935
525 418
519 32
219 676
351 176
680 640
247 713
510 849
77 254
109 631
539 295
335 814
357 291
576 957
289 405
540 26
716 282
731 838
780 327
129 381
148 368
418 948
548 822
886 712
621 690
173 189
438 143
671 796
770 755
234 164
337 174
505 941
168 569
299 780
671 835
995 459
494 13
736 919
534 986
703 584
695 737
178 860
417 666
881 750
592 795
34 391
125 446
233 490
462 333
814 414
314 469
645 270
185 720
570 621
789 433
933 593
676 322
413 571
43 365
866 795
770 726
491 695
226 407
36 577
392 803
294 730
741 175
182 832
176 583
890 779
66 611
13 419
151 539
272 329
355 322
968 341
49 442
803 840
673 201
111 806
546 424
828 581
865 401
874 636
524 696
286 88
709 82
460 700
467 888
739 224
58 581
865 299
659 880
258 433
733 521
210 551
729 555
471 500
948 347
582 218
300 300
264 365
84 491
259 273
196 299
336 307
854 311
121 573
633 461
187 341
199 524
857 631
372 945
283 244
243 822
649 644
443 558
276 846
53 413
633 729
879 590
928 333
364 516
323 218
439 305
538 851
329 863
387 817
684 222
319 207
435 993
547 717
356 240
749 190
978 451
559 597
133 664
398 816
348 144
893 308
869 274
779 849
213 893
883 207
464 953
899 541
649 218
254 770
144 670
381 843
456 995
790 604
845 324
927 608
552 652
593 699
336 418
298 343
71 272
395 434
468 178
362 271
224 795
763 443
35 608
499 221
683 953
299 276
659 45
765 834
807 673
112 783
444 682
311 632
745 677
900 336
105 618
667 59
935 373
152 707
289 64
814 177
199 289
212 210
903 315
201 693
588 628
68 736
869 373
542 680
759 626
74 593
231 684
626 750
497 128
784 283
690 47
75 702
563 415
864 195
356 928
751 457
132 589
695 546
97 272
406 580
588 872
709 408
593 983
166 633
664 489
905 476
751 200
569 529
463 922
73 513
418 581
305 241
271 344
264 302
956 461
377 317
216 252
961 672
610 37
581 231
642 166
874 459
299 680
395 194
834 243
477 832
833 798
212 465
428 347
704 492
933 434
860 502
837 479
92 259
546 325
755 416
979 391
850 696
418 540
782 122
425 67
466 665
258 162
576 992
282 579
860 548
330 848
167 382
762 589
213 436
324 377
427 258
234 95
157 591
286 882
285 457
446 265
754 371
580 386
304 654
538 166
348 751
260 494
473 240
431 868
747 250
938 286
530 323
810 601
509 659
328 741
827 864
649 767
582 641
716 307
611 649
250 805
880 324
877 484
241 479
184 630
937 308
737 70
221 165
505 254
671 129
513 525
603 169
271 177
5 444
129 462
486 179
67 343
784 377
359 348
235 539
873 210
171 834
549 248
587 530
346 667
405 883
573 515
93 392
391 883
734 151
394 751
689 659
815 389
554 550
625 230
660 395
588 142
263 84
446 801
751 315
745 525
568 609
329 32
773 480
683 525
531 179
534 778
149 774
644 146
438 792
994 560
719 794
667 281
782 534
427 742
827 569
280 666
616 925
660 582
560 936
144 169
163 190
660 166
374 223
655 917
124 490
881 221
811 212
114 249
421 197
714 913
476 268
690 439
534 478
128 774
39 324
156 720
479 90
335 223
461 493
390 405
523 581
872 527
453 216
57 462
346 806
591 224
668 434
557 76
770 677
746 859
378 972
767 860
64 598
918 270
59 265
960 554
697 324
906 703
935 501
513 758
414 261
810 369
54 533
654 454
