730 1256 5 288
73 88 26401
563 728 20616
92 519 30150
112 568 26833
342 493 30232
206 316 41593
528 698 61074
365 368 41773
469 543 55866
401 644 46011
640 646 44283
58 340 47854
476 728 56080
248 678 38910
152 546 31241
317 705 41881
126 177 61814
460 651 40025
53 652 45880
147 153 36878
121 261 49980
134 569 18028
26 396 54708
48 468 30017
86 389 34713
539 562 33941
321 466 35903
61 400 38079
323 493 14422
191 333 22091
286 401 20809
3 471 39115
417 678 15000
54 145 31048
262 651 19235
11 701 40311
42 211 31401
513 579 10440
22 531 50774
130 715 28443
156 628 50210
92 389 35228
527 698 41485
440 662 22627
18 241 23345
159 654 14866
347 462 53160
650 658 19235
291 445 42544
358 680 19416
141 490 53009
272 318 33838
166 590 12369
8 173 68250
186 470 41049
254 283 42953
488 582 31623
434 460 22023
258 448 54708
338 722 20000
150 604 19235
216 362 35014
336 377 55172
349 351 28160
84 112 15232
294 630 52202
245 485 23345
22 589 48508
180 319 62266
349 722 15000
245 686 24352
502 568 19925
219 222 38471
23 442 29275
19 632 47927
373 497 23707
155 591 25239
573 701 51245
506 522 33971
47 605 46872
298 333 11314
101 237 55444
393 414 28844
461 724 50220
310 442 39294
214 727 22361
552 557 43932
372 676 60033
1 471 24413
17 188 15000
347 607 18385
429 465 87281
368 543 28284
146 454 49244
459 465 80056
114 188 29732
360 486 49204
575 718 30083
56 674 21213
155 643 12530
112 354 68007
196 694 15264
437 709 36346
202 255 35847
234 304 22023
37 52 11402
62 681 28018
55 94 47885
99 230 39812
38 412 43382
99 540 44147
481 542 13153
445 618 31401
13 525 56569
19 692 18682
51 481 50000
212 607 27313
594 614 56613
44 237 41485
47 572 47927
295 686 53759
152 647 17889
129 647 20616
500 616 37336
182 397 42202
190 453 23087
157 206 71568
19 308 80654
41 230 54231
37 85 33242
294 344 72450
662 691 37443
63 402 15133
199 537 36056
340 350 48104
401 635 20100
104 499 18028
377 709 23087
215 672 103966
138 303 29698
200 306 72471
147 631 30414
236 330 36878
19 565 30463
185 218 37336
206 650 59008
327 713 25942
293 307 32016
318 384 40608
697 705 16553
179 351 14765
209 570 31241
307 376 26173
228 683 38275
8 175 49649
272 522 46098
179 590 44777
52 80 51624
58 350 17205
11 687 39395
6 643 25060
208 492 13601
235 605 36401
181 256 56080
398 557 102005
659 699 22804
182 335 16125
12 269 57140
488 631 62032
545 718 19000
675 704 20000
273 450 29155
157 261 24187
222 574 12042
407 708 14318
338 349 25000
35 575 17205
135 328 11402
303 699 26401
272 466 56859
252 729 44944
24 31 39699
73 244 42953
40 714 29275
270 495 41761
404 553 30414
86 520 57585
578 609 48466
100 567 20518
363 695 36620
196 210 23409
66 211 10198
164 206 52010
137 285 22804
305 348 50010
360 420 27459
172 467 33615
284 309 14866
668 684 13038
210 625 52393
135 448 18601
429 694 62936
191 649 38118
278 664 46573
52 602 61188
533 612 19698
68 173 61612
644 671 118186
20 333 24352
166 265 30000
164 312 12369
537 560 26077
54 426 32311
12 226 18248
533 616 10440
15 415 26019
287 708 11402
157 513 75644
54 124 18682
15 664 13601
114 332 23345
193 231 36674
127 140 20591
81 187 47074
148 319 64761
77 721 28636
6 292 31828
193 559 35903
267 707 34482
606 712 29967
327 364 39598
104 714 18028
131 517 50010
83 429 49518
444 665 17464
94 280 96302
9 367 35355
102 556 38275
106 147 56824
416 662 36674
371 394 52355
50 408 46690
382 594 44553
396 400 35355
617 624 24083
425 496 59076
79 606 15620
40 104 15620
94 337 37162
286 334 10770
251 463 43012
107 619 35805
150 660 30414
80 599 125877
385 600 71868
50 307 34132
138 699 46098
33 468 43046
610 626 19647
136 316 69871
88 225 12207
143 170 14000
402 723 22627
492 696 39319
160 566 28231
14 399 30414
268 538 51039
40 171 38601
265 672 22804
379 573 29017
194 715 23324
123 316 25495
16 272 16401
478 586 16125
524 652 22204
21 500 18111
328 673 43909
129 144 16000
629 683 63569
102 177 23707
304 367 41869
30 300 52498
329 630 17464
168 337 20616
63 201 13928
154 657 26249
536 562 28460
120 635 89627
644 682 34234
45 594 18868
238 400 64195
258 700 48918
524 592 14036
218 616 39459
135 203 39699
213 625 46819
708 718 26077
191 353 49041
113 142 58034
366 495 40460
463 596 40608
139 331 30414
115 560 48508
52 542 47854
139 142 37121
95 272 37855
144 146 12000
126 246 70264
148 228 15811
473 609 46228
303 659 12207
58 204 22000
380 653 67779
76 462 41617
68 370 31953
315 551 25962
199 560 47202
545 673 24352
569 729 35014
121 410 32757
276 648 15264
431 687 14560
564 626 40050
106 279 42000
429 710 67602
355 532 36139
468 491 83187
64 89 19849
451 701 18601
378 456 10296
207 639 60208
149 576 20616
480 630 27659
111 547 12083
121 433 65803
4 505 10050
397 443 21378
173 345 69871
70 137 22361
106 108 22472
271 646 35114
224 376 18111
473 705 33106
311 456 26173
320 577 41000
22 199 28071
75 191 32016
187 680 28302
87 305 59169
344 467 78873
169 203 30414
381 421 60959
122 130 36069
105 185 15264
270 369 38588
119 431 24207
177 556 47676
169 709 12530
82 601 19105
202 250 29732
239 687 36674
200 457 41761
5 664 15620
332 398 24839
339 450 37121
205 527 17000
51 542 41869
214 541 50606
84 568 18111
604 628 12530
679 710 51865
208 696 34886
454 481 34713
295 346 31385
5 627 40497
53 524 28320
332 381 30806
580 700 24083
247 277 14422
510 566 48600
302 508 47011
227 257 14866
300 622 53740
395 442 31016
334 644 32650
141 721 24083
158 610 31016
226 523 13416
254 515 36620
231 412 17029
610 698 25710
573 596 24166
128 156 36249
27 240 65368
474 609 41012
485 660 55803
407 673 38897
409 472 45255
110 412 35777
36 647 13000
112 570 49820
280 671 10770
252 274 55317
479 676 13601
634 711 45122
123 457 16279
88 244 23195
167 693 76007
166 351 35805
327 422 40311
61 545 41629
628 728 63325
358 391 32757
296 675 28302
313 489 16971
227 552 57706
128 628 51039
63 611 12083
77 229 14213
178 479 47927
171 687 37483
588 634 40497
313 447 24515
187 301 30150
220 550 27295
150 251 46690
172 212 20125
190 496 48826
34 62 23854
383 432 79404
108 130 23601
50 677 41761
67 321 36056
20 21 38275
98 302 48662
31 495 70456
17 381 31828
341 513 46400
364 441 66008
73 508 41049
534 584 17464
388 582 40050
240 598 42521
111 475 43863
619 642 35903
51 454 63127
195 612 46390
396 580 31145
113 290 53666
95 466 41231
53 598 38079
371 511 57775
323 521 33526
605 649 44643
87 243 71568
416 484 21095
435 621 25612
243 727 10770
505 534 31780
162 213 32558
81 425 55758
528 564 29275
239 670 33242
502 656 43658
153 438 32450
1 3 30232
439 597 28425
141 713 54781
595 598 18111
10 521 15297
131 430 12083
183 266 17720
222 523 29967
157 422 23324
67 309 25179
44 614 48332
165 251 16553
173 175 27659
205 486 18028
457 690 38471
388 488 35609
304 455 19105
297 474 28231
51 535 40311
265 324 16763
382 446 44598
267 676 31401
197 503 18358
64 631 56400
467 469 53814
350 482 43105
403 497 33615
374 646 51039
75 649 13038
483 716 40249
418 546 60539
215 282 63411
198 719 55785
49 628 44418
76 399 37443
632 692 39013
69 659 17000
141 261 47854
118 535 38910
310 456 18439
512 686 32388
287 515 30083
39 556 35128
226 593 11662
96 685 45607
350 477 30017
254 411 36878
594 725 31401
32 350 21190
216 689 24759
352 614 61074
86 651 43012
279 296 103078
80 238 74169
268 677 18682
432 503 26926
14 720 13153
61 575 40361
17 403 40447
276 622 19849
109 609 24083
352 469 28160
345 621 18439
74 728 33615
436 639 30017
279 717 25495
230 541 45618
427 443 28071
286 644 31016
60 84 14560
9 253 13153
375 620 80100
67 480 19698
173 202 48754
381 398 14213
174 178 56613
148 180 18358
45 125 15811
409 559 39446
176 447 38588
14 558 20100
138 176 23707
174 543 86833
187 358 28284
277 343 18385
25 615 34482
154 380 36770
82 515 38288
536 539 33136
145 211 20000
449 650 16031
171 461 47043
75 633 30265
161 391 15652
235 510 65437
461 499 25298
90 317 24021
283 411 20518
288 435 77389
249 264 43012
8 370 73164
534 670 37590
321 636 41976
163 190 25000
69 528 113159
314 441 19105
269 359 44598
36 152 16763
517 686 65215
294 607 47927
587 665 31765
24 669 108784
449 668 43966
440 484 28071
558 720 21095
134 215 21024
32 204 13892
54 342 14318
222 374 31064
108 717 44553
70 200 76158
185 500 39459
1 392 16553
307 504 37537
507 630 38639
133 146 46174
296 704 28160
684 726 44272
117 575 37162
477 495 68250
29 418 63530
271 491 88363
422 513 65192
362 689 26173
142 290 27857
141 666 44721
197 544 13153
269 468 29411
327 490 32000
161 680 26926
253 367 25942
33 452 40361
538 567 35057
168 577 41049
641 712 43012
341 674 29069
483 548 66030
531 626 36069
308 569 13416
61 91 38833
345 383 25239
505 516 29017
529 657 31048
355 485 61131
228 518 35384
210 694 35000
59 516 63514
179 669 62936
192 463 41000
126 189 16553
369 495 32757
438 693 34059
473 567 18868
220 289 58078
181 201 51788
45 646 43417
279 518 57706
189 541 18439
130 717 59228
393 554 12166
119 655 18788
291 618 17088
514 549 45354
15 510 27203
156 162 29530
250 255 24515
64 423 26401
98 297 35341
336 437 57219
187 405 37696
434 663 69642
9 644 161012
197 213 76276
263 598 32985
224 582 60828
175 435 73110
30 387 43417
543 623 82765
550 584 23707
320 342 49578
343 530 39825
37 266 25942
264 553 11180
68 486 44643
188 381 36770
26 258 39925
284 378 22204
205 688 30150
160 209 182781
359 593 10817
158 464 38079
22 537 48415
184 657 16971
294 329 53009
153 326 32311
93 354 22136
147 423 57140
35 91 29614
432 544 26173
431 648 31906
413 682 16643
290 394 44102
141 509 53600
39 508 13601
189 546 29155
25 640 41012
428 626 33106
429 587 47170
591 663 73246
10 455 27514
334 337 26627
33 269 26870
464 688 27203
204 258 25554
43 424 34366
292 597 17029
68 360 18439
314 327 36878
38 110 55946
79 641 25612
262 519 29547
441 579 18682
145 342 33541
153 661 18028
430 532 39051
249 553 42720
158 688 29155
236 351 48374
434 519 40447
366 581 25298
392 439 14560
151 156 16031
472 559 52038
56 724 31016
638 645 49031
161 414 27074
451 665 53460
280 413 92049
153 416 38328
387 622 36674
410 433 75743
62 702 15232
373 552 66242
273 335 34713
556 727 46141
331 540 30265
379 451 65803
643 666 20248
190 425 36359
7 669 27659
2 711 58523
121 684 54489
500 612 29614
424 516 61855
29 385 31953
22 518 50249
41 99 60729
232 277 15000
433 663 18028
74 213 71028
289 637 42953
74 151 29732
324 672 12530
151 162 27074
71 619 23601
476 716 117047
52 599 74967
275 633 24166
235 275 21213
126 620 93606
13 219 32140
181 342 43382
46 242 42059
517 716 17088
171 239 10770
219 574 37483
325 472 13038
115 404 97949
343 582 23022
494 679 95901
338 586 45343
30 501 55902
250 420 25632
429 459 34713
494 589 64195
282 634 44418
203 448 45188
372 635 35693
538 697 16155
198 621 10296
463 562 37656
186 443 15232
49 548 52326
70 218 44944
89 582 25000
248 713 24083
133 385 27586
122 498 28160
174 402 26401
455 667 62514
21 653 30232
257 357 19925
390 576 50931
208 561 44294
460 693 41110
124 322 54818
90 221 47011
100 109 42426
216 452 78772
83 587 42059
499 579 32388
132 270 41400
158 589 46861
603 634 19105
247 489 26683
395 571 37108
252 692 75166
301 639 27586
285 391 21471
47 235 61741
159 236 28636
137 218 32249
123 690 46011
336 375 25962
140 318 18385
419 533 46325
160 415 66528
120 178 16279
261 410 56045
248 327 24187
198 435 31016
613 623 26249
71 408 34409
334 682 24698
72 634 17464
147 661 34713
503 719 35735
447 565 38601
312 650 28320
39 73 34205
223 371 39560
2 681 21024
427 617 26401
377 578 29530
18 192 29206
260 377 41869
114 574 15133
132 221 14318
344 583 37483
113 243 28443
528 626 45000
451 714 20809
302 561 28425
100 111 36401
164 726 25080
355 430 44598
78 95 20000
242 678 42000
4 43 17029
368 406 13038
217 589 56080
93 96 37577
172 623 18788
413 644 26926
251 660 46530
253 278 64008
306 419 63514
229 439 15000
250 527 97046
311 390 28018
110 193 49041
608 710 39825
149 163 26476
329 344 30017
122 194 14000
354 470 46872
97 416 42202
232 489 30806
87 348 53852
105 154 26833
191 298 15232
311 571 20591
229 417 50537
103 399 18682
622 648 26926
291 363 50040
66 521 30083
348 696 33242
491 638 40311
468 535 14866
338 478 51108
169 482 52393
93 685 44045
44 352 27459
79 388 30887
202 420 19416
376 530 41617
31 477 19849
293 603 25495
101 257 30083
245 430 27659
358 436 20616
295 592 62514
212 613 12207
248 509 26077
357 372 117644
285 554 16155
42 730 56223
138 565 67742
502 572 36359
13 557 143220
22 217 45188
78 113 51420
34 681 10770
379 444 48260
300 501 27731
445 695 50249
240 263 40200
328 580 45100
293 681 40522
271 374 49820
136 207 35805
194 326 20248
427 624 18248
161 405 24187
520 712 36000
118 602 40497
297 561 54083
138 629 39395
20 191 39051
229 471 24187
303 319 46690
132 482 47424
380 703 41012
69 698 174026
288 608 35805
174 256 50329
595 652 66400
284 310 29069
645 706 29833
57 371 60075
193 240 47434
163 453 35468
403 695 37202
322 720 27000
218 554 33838
241 251 72560
653 730 54424
143 633 55660
48 118 46043
12 593 12042
444 451 51430
458 661 21024
259 668 39294
115 494 21932
373 421 36346
65 690 39850
8 288 51662
7 495 44147
428 531 13000
41 541 41976
6 440 36674
125 725 26683
315 581 18358
119 239 32757
530 702 25080
43 724 29732
72 603 10770
306 424 68015
124 380 48166
101 365 63151
109 474 45277
386 529 31890
103 558 26870
588 711 33526
81 301 52924
2 252 24083
386 414 25495
408 504 41231
155 666 11000
261 490 22361
42 66 29428
133 183 48374
195 353 24413
234 280 30150
315 585 24413
1 498 17692
507 583 24042
5 667 40804
221 585 39357
256 577 45651
196 213 24021
105 393 51108
330 642 17720
186 617 22472
363 446 12369
346 598 31241
209 652 112792
520 693 80062
452 468 31780
71 504 42942
89 675 43046
282 299 34176
28 51 48765
396 700 41304
78 466 28636
435 608 67801
65 285 22804
432 476 142801
167 458 60407
655 670 21095
7 722 15620
255 383 73763
411 601 20881
105 529 42202
86 92 27459
152 418 59203
249 465 12806
475 547 37014
27 289 45967
116 618 29833
359 362 34015
192 596 27459
83 233 18358
82 708 30083
289 450 46271
174 611 40719
389 475 34000
289 412 42059
11 171 22023
36 144 22627
381 497 35735
328 600 49092
219 525 37855
28 129 58669
385 407 46174
48 602 40000
370 464 36878
244 336 31385
224 487 11705
207 316 51264
91 575 20616
195 298 52355
46 417 20248
27 339 60465
176 629 30887
141 292 27731
234 367 29732
168 334 41593
18 387 29155
225 609 47508
53 595 37121
59 96 84172
278 367 69656
356 534 26926
519 663 64514
113 214 40311
77 509 52697
111 268 49679
299 324 37216
4 670 15033
207 506 69656
470 570 25962
148 683 49649
184 558 38910
278 667 11662
145 426 20000
259 384 35847
29 146 40224
551 586 25710
247 530 17088
438 458 18974
87 127 38013
274 565 65123
108 715 21024
101 227 40050
241 559 40224
583 614 50488
90 551 16643
216 525 22023
53 592 21190
46 465 12000
273 339 35609
187 436 30480
526 702 24331
219 523 41400
263 346 14422
120 479 58600
223 331 38626
276 514 12207
407 600 54708
34 307 23431
107 538 42202
464 589 45541
233 536 19647
107 408 35000
308 729 42450
128 151 32016
459 679 29411
260 705 30017
281 656 40224
434 591 20616
56 461 42048
274 313 24166
97 691 31780
3 264 39357
369 482 33971
97 662 19698
645 646 48166
24 26 15811
347 613 35000
310 571 30017
305 696 35468
96 419 79076
206 312 42942
299 642 34928
173 435 70838
165 463 32802
11 549 39205
246 375 65734
35 117 37643
478 654 33601
182 427 19235
357 365 41881
25 706 19416
117 708 15297
242 429 74813
127 361 31401
51 118 33061
183 385 49649
60 209 108600
211 323 17464
507 615 44102
432 563 85088
252 526 26249
275 627 60638
364 714 58898
460 643 28425
287 407 13601
397 427 30610
547 677 45486
495 581 39051
367 671 31890
235 627 52697
274 526 34366
103 576 27019
256 555 18358
388 641 43290
96 220 101651
307 681 20616
231 289 41195
453 506 33422
60 112 29732
101 116 35228
551 654 41976
368 707 45343
325 485 53907
59 550 44553
116 552 20125
96 637 71281
38 501 29411
165 625 60017
404 679 42190
134 590 162788
149 395 32202
328 620 33242
159 330 16125
55 320 22023
579 674 42953
259 492 38626
49 604 34176
102 246 19698
210 233 35903
338 351 31906
395 522 50210
317 697 36056
426 703 19209
32 58 12207
213 719 72801
280 644 110941
480 511 18248
45 382 54745
487 677 39962
115 217 24597
174 555 50990
158 626 32802
167 606 41437
516 584 43829
340 448 29428
637 685 31257
227 557 63906
597 721 12369
281 353 43417
294 378 33377
101 406 56080
85 266 34205
321 394 57271
335 624 33838
240 512 34234
544 563 65795
201 611 10198
24 238 130246
278 415 54083
392 498 19105
225 474 38328
430 483 25554
421 557 39051
18 514 26077
487 641 33422
566 572 21471
491 540 30463
314 579 24413
484 662 21633
460 691 21000
653 703 63812
532 548 50695
232 704 30083
42 170 59228
462 723 53824
76 390 37643
409 512 16155
48 599 33526
356 655 38275
139 223 29411
69 180 74626
80 85 12649
262 434 14318
356 501 26420
170 730 17117
549 687 20224
10 304 13928
428 564 15620
359 689 34176
140 361 13928
174 723 40311
168 555 47707
539 596 40853
47 656 53935
548 628 76295
72 711 48508
23 636 19313
215 588 45277
638 706 38288
676 707 28653
283 601 10817
190 207 72691
125 640 10198
446 695 30000
131 716 46487
184 322 36878
386 558 55471
267 543 38275
90 585 22472
308 632 33377
326 416 18788
615 725 28443
57 511 21190
384 658 15524
57 394 60216
309 630 48918
81 496 35114
206 341 32140
16 361 15620
143 191 57871
96 281 18439
16 87 33422
98 474 44385
136 658 12000
423 675 42544
405 680 22361
377 437 46239
260 578 18028
366 722 39623
28 491 41231
23 67 33302
65 200 60828
449 726 38639
237 406 40706
522 636 20809
251 325 45967
55 493 46228
452 720
711 856
435 745
299 459
205 149
499 640
907 730
323 835
267 58
332 120
307 539
826 227
839 138
445 262
185 150
583 423
770 147
198 556
663 961
284 257
297 293
413 887
591 337
981 617
737 304
966 612
121 460
843 352
875 426
192 507
955 647
930 626
893 239
692 833
976 502
814 419
968 376
206 449
662 510
331 548
737 409
298 169
316 460
643 167
733 238
367 670
158 233
921 281
85 647
713 784
886 329
965 365
22 474
371 198
393 130
373 481
642 321
920 619
246 385
100 235
932 539
679 853
477 169
594 786
371 390
327 164
613 312
320 914
564 989
323 384
773 770
760 825
683 537
137 744
223 274
488 252
440 673
623 409
662 737
984 413
439 336
960 464
248 675
96 249
972 409
621 660
609 444
699 558
609 799
810 703
970 531
626 633
151 311
416 88
607 421
185 327
526 700
668 559
795 391
724 667
661 72
695 488
462 301
341 560
347 297
472 793
766 722
460 774
718 625
183 500
711 701
90 263
673 397
807 149
405 824
681 101
947 478
919 327
272 500
504 96
502 573
467 735
417 459
389 203
738 253
767 477
578 466
125 721
814 403
441 760
58 585
824 650
886 417
767 921
867 558
511 465
343 374
584 943
748 366
568 448
464 637
731 399
272 227
830 403
341 190
842 403
522 766
492 933
505 313
120 640
157 722
809 435
530 730
371 285
515 617
158 706
458 566
395 930
820 767
135 169
391 344
184 720
500 339
490 527
181 639
875 808
611 741
439 73
819 609
286 227
308 517
552 197
270 878
503 147
276 851
595 922
706 467
520 93
909 772
501 949
413 165
67 391
928 393
408 265
334 305
50 332
429 382
779 159
760 462
500 364
254 282
216 579
134 502
481 735
243 334
232 741
145 785
174 866
415 859
361 450
464 174
291 922
841 588
942 619
350 958
449 495
490 436
581 534
35 322
240 719
329 174
543 215
208 742
702 425
776 902
893 195
394 846
339 342
842 170
212 425
811 656
804 176
739 338
693 782
689 565
829 209
663 32
487 918
429 682
787 430
150 469
627 841
232 684
320 93
214 207
848 773
654 127
989 487
304 507
89 517
175 560
330 650
678 425
722 555
69 569
703 506
651 840
389 615
375 692
263 932
166 632
709 880
269 71
961 418
258 908
456 129
653 43
929 597
559 487
764 637
455 590
569 642
49 521
400 727
845 808
945 388
547 84
743 739
874 258
857 675
809 232
570 413
93 398
655 868
229 222
217 544
639 832
238 127
472 835
323 63
181 309
815 852
970 460
574 314
365 368
450 22
923 468
273 822
154 428
721 373
668 146
476 662
741 826
576 259
10 529
572 860
653 591
268 288
803 820
242 491
459 385
620 551
563 964
319 115
639 495
305 404
710 818
740 937
588 309
552 295
540 286
487 515
633 878
393 558
849 705
442 454
786 702
551 441
555 918
407 147
625 346
432 237
345 167
840 824
133 600
500 742
401 594
870 547
629 260
812 781
775 352
823 132
276 280
446 32
59 405
751 567
431 54
879 752
71 426
877 598
417 498
374 184
632 815
644 234
201 867
37 513
515 233
589 494
904 752
910 633
896 779
616 172
223 320
130 318
96 626
253 479
634 37
401 386
844 225
302 918
573 435
858 194
670 196
373 622
599 60
866 713
292 83
607 101
890 655
350 903
702 324
522 1
748 115
778 193
758 542
691 800
791 605
571 292
260 613
385 251
793 125
724 184
187 888
526 473
905 437
412 328
171 545
635 752
655 653
524 263
384 358
445 705
373 341
677 370
531 332
938 565
77 350
804 116
467 283
969 548
467 10
492 171
730 153
360 737
415 347
618 108
919 481
745 750
108 557
509 605
985 446
167 468
411 36
389 317
184 124
492 725
384 659
845 482
252 369
287 941
753 79
438 578
570 797
350 455
469 383
341 210
58 374
445 942
284 709
63 596
257 519
140 824
565 554
556 636
203 855
409 405
808 562
548 703
441 691
492 676
374 556
562 333
56 346
300 640
705 125
682 199
628 902
882 569
507 512
108 423
323 594
920 269
523 366
890 392
306 129
566 283
401 462
554 721
307 735
539 650
355 519
464 218
207 619
358 939
367 682
617 381
583 184
891 282
619 144
84 309
432 706
140 589
749 637
679 602
671 683
54 710
940 634
835 726
539 49
631 304
916 369
867 630
50 618
490 704
92 565
332 957
704 778
607 774
645 866
433 594
817 320
573 523
357 159
385 833
897 687
472 324
759 136
464 707
347 543
295 311
230 466
133 245
154 801
735 790
298 449
544 392
663 284
649 514
411 629
163 166
649 301
93 551
389 535
224 554
931 439
299 420
8 584
463 892
596 630
641 714
335 135
567 367
817 203
3 453
879 178
689 863
350 975
451 983
388 307
667 834
440 930
61 635
297 358
267 456
902 292
227 665
451 857
741 688
224 632
805 348
746 450
918 356
579 105
143 798
915 501
789 459
700 706
48 684
268 543
239 429
824 712
690 83
390 732
371 353
465 113
659 475
723 54
443 282
142 537
453 831
602 573
200 656
98 750
455 954
651 933
124 195
739 653
114 251
752 931
59 302
522 296
114 214
261 584
805 164
962 512
489 300
416 107
765 619
379 538
915 544
858 689
633 792
670 261
260 440
829 691
849 718
288 662
799 863
365 894
887 811
536 631
2 467
835 219
717 228
59 471
239 594
463 673
57 489
953 291
867 498
979 466
953 305
764 815
117 659
204 242
650 727
532 240
244 801
720 601
396 961
466 164
289 340
536 205
663 211
707 287
300 348
42 353
674 130
787 751
838 538
183 871
204 529
544 180
40 377
192 698
415 956
243 163
123 670
568 907
625 277
549 752
707 942
219 244
777 829
487 8
584 355
145 386
782 340
439 404
736 263
678 757
795 786
521 628
421 11
772 292
776 244
801 419
230 536
216 285
508 496
578 659
6 431
322 276
815 753
289 492
148 286
396 277
511 477
556 974
125 610
545 740
508 692
575 569
193 139
316 647
504 617
244 137
549 525
928 712
300 474
313 59
851 830
892 509
388 496
587 836
552 53
725 744
372 650
324 759
405 367
702 837
425 45
508 886
542 536
149 355
61 546
271 523
380 955
876 213
383 428
539 671
668 943
570 677
240 754
700 175
612 518
756 682
390 986
574 988
897 560
312 579
665 859
356 222
599 852
763 667
753 315
577 67
932 475
813 598
275 776
767 873
677 714
413 617
335 577
469 755
14 600
453 818
934 501
188 812
432 264
466 661
895 740
508 187
344 470
712 259
500 550
682 435
106 731
751 896
303 225
