820 2276 22 170
568 742 26926
97 552 20000
544 604 39319
9 545 38833
318 762 24698
57 623 65192
664 775 58034
163 307 38013
111 128 27313
60 665 51478
61 228 21541
351 463 51039
392 626 17000
13 515 19849
5 802 65000
171 494 64514
9 76 59034
157 671 27019
21 404 34928
516 815 132575
100 450 20518
353 413 52802
45 423 28653
300 723 25632
507 583 52154
59 369 16971
150 471 48270
43 744 39217
82 299 24187
391 632 41000
294 451 13416
401 466 66888
124 158 10770
173 804 32802
418 552 39319
544 661 32558
175 241 29682
110 421 17205
99 735 23854
397 629 20518
537 730 60902
673 716 16279
420 711 34409
288 747 45618
170 302 10296
160 183 26420
656 694 56143
409 770 25060
409 632 25495
658 704 19647
543 759 27803
54 395 21024
672 717 20616
355 517 38949
28 729 23324
340 437 35693
318 607 36359
223 455 48836
222 470 21633
279 280 47202
475 726 35341
438 529 22204
319 654 52086
132 661 19647
65 594 26926
1 412 26019
474 684 37336
328 803 26077
253 423 31765
420 675 71176
267 587 20224
575 711 74733
124 662 44777
613 710 34928
391 465 28601
520 726 12207
757 771 42953
243 700 23345
27 157 34525
250 588 34015
51 575 59808
680 709 50804
15 772 37643
520 524 41976
80 595 26077
484 722 42544
24 793 41000
19 654 31385
85 400 40608
94 659 45891
114 650 26077
358 800 68411
401 465 43012
183 537 33121
323 683 44777
32 640 41485
225 599 32280
250 419 15652
393 427 27295
38 646 18000
648 763 55471
351 753 35057
220 416 43863
230 240 26683
54 200 24759
330 522 33377
53 151 52345
424 509 51923
159 820 30594
262 496 50220
32 101 45277
11 313 20248
162 289 10440
271 817 91285
60 493 25020
237 774 24759
91 558 45793
389 568 14213
142 203 22561
47 342 53038
172 788 46239
215 783 44385
298 812 13928
637 732 22361
580 625 40249
189 720 35609
357 599 19647
197 261 40050
51 622 32985
120 551 11402
25 396 37121
789 816 29411
278 391 32558
153 244 34015
125 684 52631
436 508 35468
36 813 47043
187 343 30067
567 674 79006
365 381 40050
510 709 47434
31 353 38328
20 380 28284
290 318 24352
140 439 151344
118 240 36056
258 423 42107
602 805 37014
122 344 29069
237 440 24515
151 346 14000
13 628 21024
146 587 24166
353 580 43863
549 686 20125
71 801 40522
297 417 17088
425 549 45706
309 698 33615
15 721 33000
265 333 30414
531 618 32527
83 446 75928
553 712 11705
117 570 46065
173 724 66910
83 514 15652
190 564 41881
547 709 29967
485 738 32016
580 626 41976
585 685 42953
190 706 21840
1 595 31048
424 603 59540
604 810 65924
38 800 70235
189 314 22825
47 556 36878
502 553 23324
332 367 46000
377 575 23345
244 289 27000
57 309 39459
385 608 52202
545 732 32202
65 811 11705
251 577 31064
606 666 41231
130 403 24083
133 432 34986
28 209 58523
251 303 28443
223 809 24739
348 496 50010
266 494 55027
312 351 41304
254 268 39850
419 588 30887
64 333 45343
133 505 34670
7 397 10817
377 566 36401
49 577 31575
313 764 35440
555 673 56009
283 728 75326
82 412 26627
163 637 47170
258 712 38833
279 644 39294
190 191 21587
265 736 32985
232 484 29155
564 812 16763
341 503 49820
193 220 23259
418 611 46174
49 635 25000
399 554 16401
127 354 15620
396 782 47508
58 524 41195
181 561 53600
22 752 60407
222 255 38588
291 433 34132
275 748 39115
370 531 58669
35 125 31401
50 699 61855
197 662 28460
407 799 31401
344 409 42190
697 752 30067
662 748 58138
51 377 40200
57 698 25080
202 640 43566
68 293 42953
56 664 26077
212 603 65803
651 715 103160
240 447 34670
94 543 15033
321 641 43046
231 419 43932
734 807 36401
623 696 71505
372 404 41049
174 691 10770
268 513 61400
415 503 47802
505 765 27019
161 359 23022
209 439 171479
89 90 46690
339 364 48600
212 673 35735
259 588 19235
151 530 28000
568 743 33015
122 173 20881
308 375 31113
95 151 36235
50 531 77827
502 578 14318
262 340 28018
179 705 18028
135 707 34132
458 683 12042
74 493 11705
219 324 45607
230 708 47854
300 619 25060
674 750 79605
244 792 23770
81 154 16155
173 361 57140
89 439 19000
245 734 31305
339 394 37014
126 655 42755
312 375 35805
19 454 15620
185 248 36069
15 688 31145
280 448 57706
56 808 13153
561 748 34132
142 655 53413
239 361 26926
388 639 12042
27 488 40817
179 748 60033
638 772 28844
181 213 39623
304 402 25456
130 597 21401
178 800 18111
524 657 49396
574 817 83006
118 810 33106
178 548 19849
243 682 13416
184 492 34482
93 211 22023
209 241 19849
222 286 29614
205 581 36139
127 327 41437
448 725 27803
86 301 54083
132 447 45607
220 296 57385
290 526 32558
256 639 34409
478 806 54781
31 584 21213
508 781 57009
555 648 42942
41 787 10440
77 506 31953
75 333 25000
43 177 24352
223 657 32802
590 807 36688
124 740 34540
39 710 44011
597 778 36069
212 615 52326
128 236 70937
138 787 21587
782 803 40522
3 136 23707
509 546 53488
414 657 33136
309 521 25554
406 480 49649
513 523 22204
334 386 14142
682 700 22561
101 136 77801
665 810 36125
148 690 15556
83 306 48332
475 515 32558
480 758 72533
392 815 114390
542 759 32202
775 786 21024
430 793 13038
292 334 17000
311 486 35805
231 730 44944
11 770 72180
385 503 44922
76 527 79812
269 365 37336
194 504 25020
645 701 27785
542 595 39357
21 116 31623
104 563 20616
116 277 19235
219 814 54037
261 574 57567
403 652 24083
20 142 57271
363 795 38419
168 714 17464
210 591 14866
442 754 23022
34 656 40249
165 631 36222
276 504 33971
182 803 37577
475 749 50249
91 460 60008
442 733 24739
607 643 28844
488 667 27019
261 490 31401
130 331 10630
192 380 31906
269 448 19235
200 284 52038
60 469 36497
326 487 31016
534 689 56009
14 491 57009
494 714 17720
30 566 11000
78 565 53600
30 523 15232
290 762 34015
426 511 25179
428 469 17029
8 468 21260
462 567 38471
256 550 17117
451 499 14318
72 505 40025
98 401 49820
302 581 27659
9 527 37216
46 182 41012
341 463 27659
492 650 48508
276 488 10050
48 398 18439
478 643 27659
618 743 19235
23 136 70725
5 192 60877
67 94 50249
749 811 14318
366 712 36401
44 331 26476
15 612 37577
533 673 65863
188 692 40804
457 794 13000
70 358 36878
515 628 15232
125 766 25495
733 775 28284
147 431 43863
125 474 46390
543 659 46390
538 778 40000
443 655 53666
398 774 36069
242 511 28636
493 497 38053
69 686 33838
246 454 87801
171 186 21095
764 789 59816
214 352 16279
400 497 24739
205 560 22472
258 366 48877
477 625 23537
554 568 43000
430 600 35440
62 388 58241
531 743 42379
350 374 44385
351 374 41593
628 686 43658
451 487 21932
423 557 23345
310 405 40112
356 740 33838
37 371 19925
34 104 17804
278 770 29275
33 137 18868
171 402 51546
352 525 29155
498 669 24698
55 221 34482
3 537 33242
359 428 24187
462 777 61612
116 218 31906
54 818 37014
358 687 35341
359 793 20809
441 532 56303
16 797 16000
247 485 18028
163 636 24042
113 695 29833
327 343 39395
702 779 29833
38 85 42426
161 471 42942
115 429 34713
148 679 31048
110 270 42450
295 589 42107
16 610 26401
507 543 38275
588 730 20881
127 410 50606
22 355 53235
219 307 82765
383 479 45486
199 609 45044
85 548 36069
375 463 48549
418 446 42544
17 585 25020
93 382 28018
47 590 40608
245 328 34785
679 733 29732
611 663 62032
350 415 18788
384 476 25632
673 677 25962
546 715 28460
92 266 38328
45 363 22825
74 257 23087
68 812 36235
217 370 24042
451 513 33541
406 617 48332
395 818 42942
154 724 30594
677 716 14866
286 766 67201
217 291 40460
19 691 16279
503 550 19416
456 770 68600
343 354 33541
1 759 60415
668 696 23345
279 614 44598
274 731 53759
323 748 36069
236 489 54203
104 713 31048
469 665 52173
379 426 36125
128 624 48374
436 790 27803
43 329 25554
449 659 33015
443 461 36674
182 249 13454
574 606 41000
184 393 33287
261 662 42450
125 663 28862
413 626 41304
143 516 60877
311 431 16643
113 460 60465
437 791 29411
195 237 33015
252 484 30480
143 815 77987
111 531 33242
499 513 36056
36 739 37656
259 629 22091
86 330 46400
176 232 31765
343 541 34205
257 400 50636
634 650 41146
35 339 13342
461 519 65391
259 365 22804
227 402 31780
29 630 78600
150 469 49769
145 724 32016
652 701 32558
156 284 49497
64 819 42059
479 725 44777
785 811 28792
42 81 20616
190 658 33015
264 424 34540
180 253 31048
172 282 29732
4 89 36056
18 554 46755
543 799 65803
72 438 49092
279 326 47413
54 678 23022
620 729 14560
397 419 23431
309 348 35511
399 658 24352
196 511 21095
291 719 26077
41 456 13928
132 230 23022
301 539 20591
76 615 67007
53 553 18385
8 61 51624
391 401 43681
187 641 60017
63 797 16125
556 590 26401
515 686 47011
329 795 17029
324 637 23409
150 359 26000
95 258 31016
12 819 22561
21 372 45967
225 297 52924
399 704 13601
306 779 57009
120 174 83439
23 183 27019
699 752 30529
600 751 17493
213 808 28018
599 694 14000
447 604 58412
112 325 32000
185 275 21932
327 780 34059
586 726 38053
265 815 40361
310 653 42942
532 664 39812
424 533 81006
51 411 24021
157 735 60440
483 717 37483
33 413 55946
55 145 33526
224 604 32016
73 91 29682
402 417 34000
99 724 37202
119 194 13601
143 368 17692
196 242 14866
464 584 11402
500 751 33526
452 491 73539
675 731 26907
274 757 46819
432 646 44911
131 692 66843
598 746 12649
383 599 29833
333 815 48662
110 331 28231
210 496 60605
766 804 13601
216 367 14560
305 430 41773
160 738 27857
533 555 32016
272 416 27731
104 656 36401
210 791 31257
593 613 28636
353 626 27019
407 659 18439
29 288 30265
643 762 34176
320 696 45541
108 285 10296
512 658 25495
273 817 54626
179 818 13892
286 684 18439
42 154 17205
124 490 31064
112 779 59908
66 772 28460
390 780 51313
15 453 27893
450 538 55902
326 499 25962
293 355 21024
308 312 43566
18 526 40361
278 422 19026
554 589 44822
170 786 18974
326 381 41110
203 360 28460
142 443 67683
6 487 27857
208 570 51078
352 634 14036
11 501 70000
180 366 30480
68 355 52431
532 670 15264
226 273 21378
225 633 12806
107 205 29428
109 344 28160
273 763 28425
89 790 50359
55 361 37216
406 531 41437
37 587 12166
266 799 40262
472 751 29428
10 138 25962
532 656 59034
269 280 66212
25 782 21378
455 520 32696
313 635 32558
159 585 48877
59 238 17088
102 798 51108
396 672 57271
221 579 29069
408 797 55073
546 817 207617
172 263 26833
234 645 43932
490 738 22472
105 808 11314
71 416 38949
9 163 21213
20 192 37656
205 784 31401
88 400 48795
45 489 50000
105 148 29682
200 763 53852
198 602 23409
263 788 34670
562 685 30871
170 807 41037
86 522 23345
364 582 49000
438 639 18385
374 376 31575
654 765 59775
244 435 26627
339 582 30676
246 641 88459
115 285 50774
202 294 29275
58 586 24413
49 364 19925
591 668 48918
7 32 45967
95 177 14866
255 758 27295
207 305 65000
734 803 50695
402 494 38897
32 316 34482
229 674 30871
81 103 28443
294 316 33242
322 678 41485
215 428 28443
159 199 43046
200 285 28425
490 740 19849
561 676 46239
498 510 36235
2 346 19209
159 292 37162
310 623 17117
197 705 12042
52 396 40460
163 545 40719
336 703 14866
335 431 46174
474 758 40112
647 783 10050
118 665 12530
527 569 47434
171 799 41725
169 813 25239
541 780 32894
170 754 22804
49 339 46098
487 499 26077
250 397 11045
215 623 57489
303 635 45453
38 93 37216
21 224 35847
87 168 40050
178 739 56939
452 719 21541
454 641 47539
481 807 52326
13 312 37656
322 606 36401
88 539 19000
36 687 33956
374 753 10817
444 644 32000
123 185 42202
515 749 51624
315 628 16643
111 618 13601
163 362 31145
208 675 56080
368 372 28636
341 376 13454
504 700 40497
286 578 33121
108 395 33121
379 727 25080
666 705 10296
497 522 23537
47 685 19026
156 434 26926
103 627 85376
102 435 51624
97 125 22825
60 783 26627
159 342 28160
527 719 44045
323 395 31906
421 453 30806
394 467 21471
18 233 10296
686 749 26173
404 544 20591
120 210 42953
108 200 26420
166 463 45177
140 450 77337
537 722 56613
93 646 43046
19 319 43267
455 657 36401
214 427 32894
195 651 27295
136 231 16125
176 674 52202
688 792 27019
87 417 46325
159 386 28071
120 246 11402
39 52 34059
547 631 36401
129 350 42202
240 471 47854
132 240 30232
106 708 23022
103 220 46390
549 776 37108
20 655 58694
498 782 16031
108 683 22136
58 308 22561
367 526 47381
360 443 62129
165 709 51157
102 612 45880
68 77 50090
175 757 52631
303 816 14318
56 532 27803
219 699 15297
29 572 28460
439 790 51662
102 781 25495
63 371 64031
100 140 97745
344 361 65970
62 639 52773
3 183 49980
211 608 52402
139 282 27731
67 659 47297
375 410 61741
62 535 38419
168 417 27019
98 700 39598
445 672 55471
197 666 10630
462 670 67268
42 103 36249
131 146 34785
399 526 50220
284 763 50120
564 658 37363
105 664 22472
222 366 25080
260 292 22472
158 356 10296
505 623 45453
661 756 10198
337 814 22361
428 430 36056
282 390 33061
291 452 11662
186 799 29120
467 766 25080
39 558 35355
750 777 13454
250 629 16279
84 224 47707
213 248 28636
418 474 35114
302 441 38328
118 447 14213
40 448 21471
422 465 22091
156 763 31401
258 553 42107
188 806 29206
383 670 59464
257 310 47885
316 640 47011
256 382 38484
24 161 38288
79 156 29000
271 485 39812
131 267 35057
385 415 26173
107 656 17464
264 637 50537
140 778 23195
192 246 48836
64 368 37483
66 638 34785
464 649 17205
258 363 13601
596 720 15264
272 689 46487
62 321 27857
364 501 57723
92 184 24021
191 743 29000
446 491 85615
311 681 52393
688 809 41037
141 594 18974
425 445 38601
635 764 35609
136 411 151327
279 444 43909
473 496 133660
431 687 54332
254 644 36222
341 415 19313
139 737 32249
88 522 47802
364 635 13928
478 607 45044
126 519 47885
456 465 71197
254 499 24042
6 381 27785
504 682 24839
495 749 29833
451 523 33734
148 664 44181
491 556 19647
373 702 40112
126 380 26019
547 681 16155
296 349 65788
437 496 50488
376 463 18439
196 426 33242
120 454 84220
65 749 10198
554 742 44407
43 149 41400
232 693 52010
578 712 24166
403 772 43012
237 317 35609
235 444 17804
319 765 21587
69 549 29732
183 356 41110
64 218 27203
233 290 17464
115 458 51971
44 130 34059
121 674 18788
48 774 39560
172 701 48466
328 498 26476
638 809 40112
317 440 23087
217 719 28443
660 776 31016
228 773 32757
480 624 34015
278 456 63285
70 93 27313
271 738 31305
690 808 30871
147 681 45122
427 525 28653
561 750 56436
65 785 31145
185 540 55154
406 433 49204
502 689 25962
95 744 31623
4 102 21932
293 506 54818
678 773 33422
97 474 31064
477 580 31401
144 148 38079
189 282 46098
39 91 59237
148 808 29411
119 477 40050
83 373 39962
234 638 47539
192 802 30806
580 815 60083
521 751 24166
372 516 42438
441 664 39812
272 534 18439
97 663 21401
225 805 35171
212 429 16492
204 411 246110
76 545 31575
26 170 34366
731 771 42297
638 688 32573
45 795 47927
332 526 36401
69 73 25000
184 525 25612
112 510 36797
468 574 44045
236 253 15620
633 694 21213
371 797 70029
129 741 22023
307 362 10050
31 649 15232
446 482 55000
709 789 46098
6 294 28018
569 719 40719
435 792 14765
252 537 44272
577 745 49092
252 674 44418
418 758 16553
288 630 69123
663 745 21378
58 642 23345
362 636 14000
90 781 13000
289 427 36000
456 787 16763
431 486 44643
449 747 19235
56 670 26571
2 149 14142
44 721 18601
491 514 31401
342 442 20248
33 718 43186
407 492 38471
678 818 43267
164 240 16401
295 767 22361
14 719 43382
228 678 11402
71 530 37216
123 540 45618
190 568 37162
139 300 53852
603 732 47011
659 747 44944
387 611 41617
208 274 52086
117 369 71063
652 720 22136
216 755 71421
549 703 40608
338 720 23770
355 697 50090
56 105 11180
388 573 66038
47 442 48466
10 813 40311
54 108 30414
170 581 31385
465 539 27857
62 641 47170
309 340 31064
110 721 20000
233 318 28844
215 405 51039
219 337 53852
227 304 12083
41 739 13000
760 800 38013
265 625 13454
50 752 36139
445 558 70328
82 279 39962
230 661 25456
251 347 25060
334 796 18601
58 788 47127
280 614 26926
631 681 40050
25 710 36139
153 427 28071
50 706 15652
220 371 29017
615 746 35057
152 380 23087
313 364 37656
262 309 29155
178 539 36497
382 438 37054
440 774 22804
244 572 26907
141 749 17117
215 751 44011
571 771 25632
239 409 28160
248 690 26000
486 631 21095
67 757 36688
146 267 13153
122 394 16031
610 692 29120
253 255 38897
455 726 32527
46 734 17088
234 524 27295
188 610 32388
202 316 16125
216 506 86093
353 477 37336
62 127 38626
40 567 46957
245 669 38639
596 597 26249
781 798 42544
143 333 60017
115 284 48765
135 737 16553
168 776 32249
504 667 34015
308 410 58822
664 679 49518
492 525 29069
469 647 20881
144 820 47802
130 270 49193
524 788 18439
270 439 95131
236 589 43966
243 671 19799
286 804 76059
676 748 52355
8 817 33734
139 461 25710
227 417 13928
249 672 35777
297 728 27785
305 473 68476
98 768 37014
198 672 45880
273 648 59942
264 398 36346
223 414 18385
392 413 34482
288 634 22825
14 569 36056
235 583 28071
142 802 86954
181 750 15297
21 604 26420
283 479 41785
686 811 13342
51 576 37443
127 535 11662
468 773 29120
181 777 14318
283 599 42953
312 315 49649
481 669 55082
280 326 71805
119 276 17804
509 533 57009
200 226 44147
13 315 19209
155 798 33615
507 759 14560
672 803 42579
424 732 48836
445 703 75007
224 565 23087
546 651 131605
498 680 47854
588 722 26870
71 587 38601
208 711 29275
480 617 13000
327 354 31575
351 460 22136
75 625 25000
390 461 38588
129 608 43382
28 439 113031
146 801 17088
340 698 15000
243 579 36401
80 402 34015
195 476 16125
380 655 54818
616 803 32650
379 762 20248
502 712 18358
114 449 19723
660 785 24839
426 727 32802
78 768 51088
350 385 26907
147 311 31257
384 814 32650
325 498 26926
425 776 19235
73 460 51108
90 102 14866
283 412 56303
398 440 20224
295 554 40497
468 606 11705
144 796 48754
7 101 10817
483 602 42720
87 297 52631
151 801 30017
182 560 10440
236 624 52345
91 113 57245
200 228 17804
722 730 13038
79 434 13928
308 642 13416
526 769 38053
662 676 20616
252 676 50010
571 675 51010
369 570 34986
61 226 15811
77 216 55000
129 335 11045
263 536 35000
268 507 55471
343 780 39294
472 473 19849
222 758 48332
79 673 58523
106 516 23537
357 670 48332
292 598 23537
152 246 44944
257 653 26627
237 651 40311
73 315 17804
7 419 28460
680 710 21541
426 643 35341
317 337 44147
754 786 20000
373 779 29000
173 344 45967
456 739 22204
189 723 15000
679 820 10630
321 343 39357
569 609 32650
249 803 36069
168 494 23259
483 713 30150
328 782 27313
128 480 50249
346 744 14866
625 736 27803
684 766 54626
448 693 22204
89 421 44777
593 695 34828
61 273 31321
359 469 36401
256 385 31048
225 563 24042
332 564 64900
111 406 20591
367 769 32388
17 609 48384
162 572 12806
166 535 20025
393 475 51662
27 584 44553
39 396 48260
211 358 42202
180 423 23087
221 459 20616
475 495 49244
229 232 32450
291 446 70214
282 314 38910
260 559 39459
31 349 67602
25 498 28284
511 643 19313
166 410 37363
518 608 41000
562 585 32894
242 478 26420
29 508 61188
654 696 33015
87 445 12166
504 768 52326
43 318 31623
109 770 20224
37 63 56080
29 798 37947
291 491 77201
429 677 36892
390 536 24166
47 585 40012
247 738 26077
305 471 39825
155 508 43566
353 649 31257
43 607 49497
523 566 22023
39 593 57489
487 528 12649
256 518 38601
80 304 34540
466 579 26000
382 518 19209
212 424 64195
510 680 37802
561 674 45541
664 786 53310
220 587 31828
297 805 32650
441 656 18028
479 614 27803
464 488 18682
274 570 17720
168 425 31145
355 752 61587
564 706 32202
345 459 15000
31 627 37336
42 735 35057
175 592 44721
2 607 43174
241 369 35057
129 431 43105
446 758 54918
31 621 67007
135 360 55227
446 611 31401
226 763 18248
40 176 18868
91 703 26926
209 281 32558
37 692 43658
73 628 28071
301 465 36878
59 241 25080
92 495 22472
356 537 47043
431 608 16492
454 573 31401
179 662 39395
33 392 85000
325 510 27893
250 259 30806
473 500 34176
135 300 48021
670 777 34482
285 458 18788
412 595 34132
286 470 21095
196 755 49041
138 169 24739
48 509 17029
621 718 38210
368 516 47043
269 693 10050
46 205 47265
44 403 44407
89 270 84220
519 780 31145
332 658 44000
436 620 17029
395 683 22561
53 416 57723
50 191 31048
203 443 61400
153 809 24083
253 624 43081
65 660 39051
396 558 40460
66 645 13416
295 329 29069
3 23 48415
77 332 58694
187 794 32757
84 768 17263
435 612 24042
86 88 55317
72 93 45277
343 641 60083
8 773 25060
462 725 45967
645 652 21541
74 400 50289
486 681 46098
147 687 18439
493 522 39115
524 586 23259
527 609 69051
365 693 38328
193 587 12166
22 699 41437
599 633 27019
584 649 21024
383 462 41049
335 593 31780
232 674 48083
238 274 27019
589 742 12042
303 347 31385
88 178 38275
6 528 22091
10 36 25060
436 439 67602
494 660 21840
58 312 40853
30 377 31016
402 595 49406
17 569 53824
416 689 51225
386 820 46690
573 641 25962
84 277 12042
608 687 62032
15 421 41049
87 805 56143
627 735 60745
83 491 39051
342 733 13928
379 769 31064
261 738 40162
316 622 23770
27 735 54708
106 404 50478
177 258 29069
164 230 17464
165 710 19647
28 436 46239
607 762 29120
233 295 26077
121 252 50000
468 817 52326
72 646 22023
577 702 31113
381 487 18439
325 669 16279
36 287 25495
257 405 26077
144 248 20000
377 513 49041
629 640 15033
134 486 18028
157 579 32450
106 756 23324
792 809 27166
190 512 25612
246 794 59076
229 252 25495
14 17 42297
362 370 49659
481 779 63561
514 590 36401
306 514 40361
202 365 42942
116 224 49649
579 700 34986
12 277 52498
330 810 28653
18 295 22136
567 725 39459
508 630 59076
654 691 24000
11 138 23770
567 750 35903
113 741 41110
255 624 44643
349 627 51884
362 531 34000
249 560 12000
271 574 19416
545 603 22204
359 430 18028
282 605 32757
299 614 29411
152 192 25710
281 630 36674
412 728 47202
458 540 17263
42 99 28425
134 631 20248
11 109 74330
430 500 33615
83 779 55009
335 695 15524
35 766 38833
307 531 26249
96 696 32558
389 618 40817
53 71 48260
491 562 50289
283 614 36235
446 480 69462
169 313 18788
68 506 34928
270 331 47634
339 577 55154
520 657 35014
227 297 11402
306 807 47707
75 119 33838
55 157 44418
434 648 16553
37 193 17205
444 507 41049
27 671 26420
344 394 27166
337 637 22804
231 537 56045
16 188 56321
320 698 14422
163 324 46872
303 764 51478
307 699 88408
188 242 84404
24 471 10296
2 131 17029
380 457 32802
405 623 44272
727 769 11314
298 564 21095
451 528 15264
154 534 30414
293 517 55758
602 713 33734
26 807 23345
100 707 24739
165 547 44418
650 747 26627
178 465 56036
239 345 31953
88 497 42202
80 728 30017
396 616 42297
324 337 27203
128 601 22804
132 544 19235
630 747 52773
483 784 26926
489 767 15620
454 691 13601
267 692 50488
206 216 47202
426 755 24042
501 582 15652
145 173 61351
115 559 22091
686 785 30150
210 551 35000
76 603 12728
700 768 51010
83 482 34000
692 806 43174
131 607 53085
103 296 44102
44 772 25962
659 799 45541
123 260 23854
305 793 34132
201 378 24515
281 729 46487
177 795 19235
8 273 58052
366 423 22000
249 717 42438
478 511 25179
78 401 29155
167 440 11180
61 773 36125
21 64 55660
264 317 31385
207 471 26249
55 735 44721
66 234 40817
204 485 20809
96 437 40804
352 492 33121
17 199 56604
606 773 32140
238 369 18439
376 415 27166
115 540 48508
237 384 32202
249 483 31780
12 75 29275
204 247 17088
345 632 44721
126 457 21000
705 818 22091
64 116 36139
22 517 36125
661 708 30364
559 746 38079
390 605 15811
624 758 57271
554 704 14000
546 648 104480
71 146 42638
326 644 12649
559 598 37656
173 534 69570
130 778 44643
162 352 19235
480 601 51624
572 798 30887
200 678 18682
552 611 46325
124 356 19849
35 467 39812
298 706 27313
213 690 12000
496 791 37121
651 774 59228
136 204 94795
50 298 21095
167 264 37162
29 155 25495
410 535 47634
405 783 15264
286 534 86839
111 601 13038
144 690 32802
175 209 30676
64 143 31401
140 270 56223
198 805 49659
616 672 22023
338 538 38601
313 501 67067
312 460 50596
47 754 44283
157 221 40792
379 526 46228
182 734 37336
102 453 14036
215 600 37696
59 592 14560
206 367 33941
195 384 10630
300 707 28862
533 546 44688
507 675 59481
107 581 15232
527 636 38949
472 521 33015
171 542 37483
43 95 23022
112 251 48270
163 732 46615
178 456 68884
563 713 18788
77 564 66731
414 809 20248
506 755 156400
357 383 24331
531 699 93408
284 429 45793
135 443 29155
397 640 16031
18 399 46530
108 458 12042
96 340 17117
218 277 24083
571 731 38079
278 632 20616
238 757 40224
22 219 43417
264 337 45804
312 726 39560
296 627 89286
13 726 37802
350 741 41761
154 416 30364
542 799 56143
114 492 44688
245 803 38079
4 453 11662
461 780 63198
119 464 20616
115 615 27586
193 371 12042
322 705 23431
358 760 45880
85 432 21095
435 572 35228
469 783 26401
72 765 43863
235 279 40804
135 139 40522
181 808 43417
67 747 35903
198 717 32650
357 532 41773
253 557 19647
630 757 48166
171 595 45891
215 469 34828
503 535 39000
727 755 33136
27 31 49649
144 386 61131
403 720 25495
94 571 30150
578 689 36892
86 810 51088
127 321 26000
37 267 23770
134 593 12806
280 381 71512
476 517 45398
470 758 49679
335 486 43186
201 681 20518
481 734 38275
306 481 27019
492 799 41110
86 401 62650
48 715 28160
11 456 49477
60 810 43417
443 519 67742
366 578 25942
191 531 61294
410 463 33541
101 419 36125
641 794 57315
152 457 28160
413 621 18358
459 466 17263
296 371 44911
92 141 23324
62 573 45177
264 509 41146
491 685 34409
263 605 35511
57 215 48010
12 194 21190
78 224 48083
129 695 21932
39 113 48166
117 411 170496
280 479 31016
260 796 22091
69 628 25554
349 621 26907
124 261 10630
282 461 33615
145 361 38897
18 290 21095
387 577 59034
447 810 32650
536 642 45354
303 789 30265
53 689 35384
187 457 33377
60 330 30232
1 583 18385
290 379 42107
505 696 79076
442 775 10770
429 716 26683
76 609 77369
254 326 35777
4 90 30067
62 550 43012
176 761 13038
410 642 58310
667 682 21213
470 684 15000
449 650 12369
73 336 36014
610 797 24515
99 145 30017
184 799 52924
242 806 64070
125 745 27785
565 604 38419
1 542 55073
459 579 22136
289 572 19313
360 802 136894
570 711 51788
1 82 14560
227 728 21401
179 323 44822
10 787 12649
30 513 32757
345 391 47424
419 730 33377
428 600 42379
25 680 39623
112 816 36222
411 576 30150
5 246 50090
126 187 36674
319 573 57775
670 808 34828
67 571 37656
256 438 42544
406 601 11045
275 323 25554
58 263 36674
158 252 25239
492 634 42426
239 632 39661
117 711 15620
5 210 67676
209 369 51196
131 806 62000
234 414 52010
96 668 40311
221 239 35735
88 548 49041
392 580 54562
199 585 47265
443 737 17205
277 768 21932
63 692 23431
519 541 14000
212 716 31113
201 709 29120
236 742 51245
11 169 15133
294 523 27459
389 742 21932
361 409 46519
371 408 62968
508 790 40311
268 420 77466
298 752 36125
174 591 58310
131 478 66068
386 796 30232
232 761 29069
137 797 68731
160 490 16643
151 744 10440
476 651 22204
38 358 51157
186 494 63000
254 444 45607
544 756 38833
552 663 37121
764 813 41304
52 710 16155
269 381 52402
206 755 25554
61 200 34132
22 476 34986
349 718 25612
138 813 28792
126 541 42953
286 689 51245
133 653 38118
314 652 39408
314 720 39051
304 728 12166
107 784 35384
322 818 13601
662 705 33422
157 243 31780
777 808 44721
225 728 56223
79 555 18000
350 608 53712
261 666 47381
94 675 61294
62 503 39459
32 411 36674
292 746 31906
388 438 17000
16 137 68264
275 540 51624
26 47 36878
203 802 108674
90 790 43863
310 505 38897
260 334 14765
288 650 26077
229 484 15133
398 509 23022
400 432 40497
515 726 41629
45 236 21401
403 597 18601
141 495 15000
287 687 32757
12 218 39395
482 611 39051
378 709 39408
277 504 57385
270 778 38275
429 615 43566
510 789 37483
316 576 30480
38 70 19209
221 345 29833
519 655 38949
619 723 21095
302 786 13342
72 529 49769
165 680 13038
338 723 27313
483 560 29017
318 329 31257
211 518 39459
346 801 26019
67 771 32757
63 610 16401
153 223 14422
151 553 55009
167 398 10198
404 756 45651
29 634 30610
715 774 44385
187 541 26571
191 568 39459
92 393 29614
393 525 39850
93 438 44407
563 805 30414
433 617 11180
15 110 38588
776 785 19209
99 154 36878
86 565 28071
679 775 44944
576 622 29017
328 669 18682
36 147 47170
447 544 41593
183 740 12042
23 204 24413
248 275 41976
559 615 21095
162 634 21095
167 317 21633
33 621 57315
158 676 46755
39 613 52202
781 790 40311
139 189 40497
296 718 56639
517 651 55570
538 619 32450
306 590 37336
536 605 16553
119 625 43012
100 135 38897
329 767 15000
27 667 34525
252 356 16763
96 698 12083
485 817 130384
432 653 22472
251 702 21932
513 575 63008
713 784 34409
233 329 21190
158 662 44643
137 718 38588
292 386 14318
151 258 54708
166 503 37336
602 717 17029
351 375 20000
520 586 33242
40 761 15297
149 744 12649
144 185 26476
74 405 37537
140 538 22847
435 798 13601
276 464 19647
199 746 39319
348 472 72111
137 408 42059
467 804 13416
348 473 83726
78 98 29732
120 591 53009
656 784 32573
152 794 34205
336 549 28636
174 668 40460
166 341 34525
363 423 36770
186 266 21095
208 420 33242
172 314 46325
46 581 48415
176 567 48918
287 358 19849
34 633 18385
25 52 29614
114 659 17117
387 482 22561
566 622 12207
49 347 25807
199 292 25060
333 819 18028
320 623 63789
112 481 70264
185 796 39319
322 666 23770
48 546 47634
3 231 35468
332 399 42720
81 416 23770
321 354 23324
319 529 26926
214 289 12083
207 230 34482
279 299 35468
594 660 39623
546 555 72498
243 667 21213
201 547 21024
173 467 29530
374 463 37000
189 338 34015
76 746 76922
172 605 21095
532 694 53488
373 387 14560
342 585 39115
6 365 36770
540 683 13601
154 272 23345
420 575 45177
114 407 16763
565 810 57983
455 475 12042
613 631 16553
387 663 65513
214 525 22023
248 561 62298
279 583 35228
353 621 53451
128 742 51088
534 724 11000
14 562 36346
149 346 14036
160 740 22023
327 536 60008
420 513 73600
374 741 37014
370 636 45541
287 760 31064
556 685 26571
446 617 68949
754 775 21954
138 456 33422
177 363 29155
232 722 37947
616 782 40249
160 247 12000
123 559 36770
26 754 30480
36 760 37483
121 676 21932
235 507 34000
149 607 46648
474 552 18028
91 336 31241
402 714 26249
4 421 24187
45 557 10198
417 714 26249
85 646 43681
466 700 46519
57 320 15133
9 636 23409
159 733 25080
344 501 16553
305 500 48010
112 789 24187
695 741 17088
40 725 27166
87 425 31401
263 642 35777
22 384 46957
437 668 29833
75 819 30000
299 412 37363
701 788 37537
7 640 23409
667 671 13038
134 613 18111
422 456 65307
549 785 29698
75 265 14142
94 507 46400
131 801 38184
268 675 17804
10 41 16155
218 819 25239
148 820 38013
567 777 44045
60 647 20000
164 207 26683
133 310 44777
327 410 47074
184 266 43382
64 372 52924
300 538 39205
15 44 21095
460 753 33838
681 813 59008
339 745 24083
98 466 50000
198 445 13928
489 795 25239
201 813 46487
708 756 21954
71 220 17804
632 770 21401
747 757 49244
339 467 39205
312 586 42438
477 649 35847
434 763 49041
572 634 28160
53 502 33015
88 301 20125
28 620 30529
34 694 24413
75 194 32558
53 530 37363
104 784 12166
254 513 35805
225 283 64815
536 780 59908
109 501 39357
17 562 11662
92 594 15232
66 403 42802
338 619 13601
736 815 22561
14 452 31016
121 561 34713
175 630 29833
530 801 15133
147 813 65192
205 483 29000
251 816 18601
262 437 39962
140 360 133660
391 422 21587
20 802 37216
283 299 42450
122 467 20881
72 133 29732
133 646 30414
596 778 45891
153 289 44045
500 600 25495
222 578 37336
24 305 29732
156 677 43681
113 753 57385
217 406 39560
505 654 73410
378 813 28284
316 523 39000
548 800 13928
117 209 121264
472 500 33015
164 471 38949
612 792 17088
49 303 42297
709 764 47043
283 383 26926
630 729 55154
236 557 16553
178 760 49406
550 639 24597
739 760 22825
408 718 40200
5 551 43417
470 474 35057
400 548 36249
241 592 30610
713 805 24166
276 667 28231
174 454 22023
697 812 23259
160 204 24083
365 629 28844
174 654 22361
101 411 74813
508 620 28636
78 84 57585
234 788 31828
182 205 30000
74 783 37947
516 708 30000
28 281 32388
512 568 34015
393 495 16125
275 683 51108
46 807 26173
298 697 26173
347 577 13454
591 791 24413
314 701 29000
270 421 51088
16 33 84095
284 677 20248
153 393 48549
19 573 31780
101 231 64351
103 416 44045
266 660 46098
338 778 47011
300 450 37014
150 240 48703
592 757 25179
489 589 37162
238 592 21541
117 575 87596
260 598 13153
245 481 26627
156 673 50931
194 276 22000
211 382 34205
609 746 64661
1 507 58941
256 503 24698
648 817 103175
57 521 30529
315 460 51856
414 638 32202
208 731 39000
654 668 37643
508 729 25298
128 618 33000
396 445 67978
378 764 25807
266 594 37216
191 706 21932
234 657 38013
223 584
881 623
189 859
102 292
426 6
143 709
130 780
365 942
620 797
605 357
621 404
863 300
313 359
575 697
139 291
985 538
533 702
831 709
492 138
344 54
802 221
726 901
219 897
744 81
454 471
483 635
850 387
21 400
125 392
86 687
897 371
98 747
989 454
356 607
663 502
583 345
905 555
569 254
422 420
244 737
620 351
831 474
842 658
150 273
772 650
460 594
507 663
609 954
615 479
755 809
61 716
448 442
816 573
399 871
793 419
372 693
604 86
305 284
27 494
676 172
413 923
442 191
961 552
855 238
275 428
202 271
101 498
809 853
327 402
557 269
856 546
555 219
342 382
666 193
892 296
567 823
854 831
757 285
495 961
257 556
836 494
227 598
563 606
811 265
611 248
721 234
344 500
685 276
66 290
100 322
367 398
236 432
532 258
138 532
829 639
570 81
671 547
779 305
813 452
216 108
121 786
111 312
864 489
370 596
382 698
836 159
408 618
429 866
695 411
119 258
698 742
531 501
418 372
145 470
481 844
820 247
12 577
732 153
881 328
440 53
302 803
705 465
453 796
280 864
682 527
363 100
406 205
709 717
453 334
152 239
894 612
787 150
583 209
469 384
244 135
168 848
979 470
612 382
255 174
143 173
256 420
288 66
874 213
407 760
783 451
883 579
536 349
398 723
867 625
716 117
852 611
387 72
204 362
821 488
108 373
475 940
816 381
276 854
466 728
249 899
715 106
160 393
635 812
772 120
482 431
411 235
631 938
304 498
606 406
449 640
222 509
277 227
725 471
499 112
33 446
254 753
819 650
649 289
355 858
735 623
336 727
431 565
236 876
212 431
412 786
220 488
379 133
979 594
221 196
768 774
747 779
381 47
891 545
870 320
692 929
954 690
328 869
361 511
503 750
416 889
541 407
131 715
266 71
233 917
413 589
915 749
778 94
53 583
4 456
482 44
531 280
523 871
375 734
175 401
643 114
887 787
642 721
847 264
705 863
870 535
776 389
735 593
212 350
771 239
331 590
426 932
300 538
405 903
257 808
788 127
166 832
239 781
836 700
237 292
182 599
755 663
665 948
33 510
742 400
762 133
17 471
959 676
823 350
170 363
480 550
429 56
249 911
387 760
421 556
150 775
578 512
262 833
743 653
132 638
715 626
469 243
643 191
800 628
175 757
473 783
288 871
571 36
289 251
616 904
906 294
231 470
896 577
120 600
206 730
108 217
289 937
805 505
422 953
50 531
396 801
870 342
823 266
696 362
206 632
234 670
26 432
267 199
280 630
468 891
438 871
741 564
578 320
129 422
170 390
852 707
616 690
481 762
800 895
127 686
810 702
908 492
311 541
773 820
239 619
203 160
703 285
440 645
573 484
289 543
722 61
519 586
666 790
327 279
598 47
601 168
505 345
320 322
614 423
232 216
328 371
115 717
643 920
860 684
516 174
589 88
416 181
358 883
383 823
661 851
499 501
164 654
365 199
469 517
829 680
693 197
145 247
845 773
885 272
466 770
452 345
343 418
653 877
187 195
660 489
572 64
417 269
469 700
381 163
692 439
753 370
866 611
600 500
579 17
930 430
443 293
361 317
163 412
934 361
396 193
779 896
267 849
327 640
565 305
692 107
239 80
756 423
656 789
792 639
621 460
169 735
758 603
891 773
861 201
15 506
635 744
899 536
835 189
584 572
402 310
349 301
408 279
57 676
565 412
894 710
364 74
167 695
504 259
303 644
684 922
461 273
468 756
598 568
498 207
744 729
300 201
718 338
976 370
230 403
689 466
400 850
417 468
139 774
621 940
809 750
651 241
730 296
271 525
176 237
794 187
641 165
680 732
161 475
942 490
714 403
375 245
62 740
249 583
966 403
205 333
435 276
830 517
305 525
676 606
157 789
44 615
105 268
697 343
758 625
584 891
325 475
930 713
206 390
671 119
507 867
691 89
496 331
613 227
650 693
482 966
148 348
38 357
537 57
506 222
47 290
641 943
402 640
462 681
273 132
168 610
356 498
637 623
743 162
225 727
128 460
202 123
133 674
606 696
112 298
482 126
260 359
633 356
384 100
430 854
768 370
368 338
280 168
280 678
390 275
889 347
695 321
765 353
699 485
349 928
670 136
723 575
753 86
647 41
662 28
688 573
268 368
708 931
921 326
936 663
265 669
672 683
502 565
593 590
392 569
242 810
250 929
484 374
153 683
871 352
802 690
263 890
554 644
179 441
677 197
283 488
244 411
530 7
675 235
474 491
139 661
674 60
677 446
783 574
448 230
845 319
564 180
843 861
166 569
65 380
598 941
506 474
933 688
784 754
103 659
549 613
300 374
859 154
753 925
492 274
340 142
273 329
620 60
698 230
100 681
264 288
192 415
858 739
616 760
141 687
509 200
852 583
686 773
355 671
545 962
791 493
412 215
310 223
220 847
164 164
685 295
433 837
354 142
196 536
153 533
784 169
598 829
579 991
520 408
636 274
317 430
467 226
447 44
671 567
803 586
796 740
513 961
535 639
762 648
391 437
479 822
421 568
328 780
539 692
354 583
791 809
749 232
86 698
286 716
753 740
577 733
33 536
108 535
152 383
463 151
305 926
40 660
92 737
609 510
770 580
789 363
952 321
422 624
670 460
210 597
882 356
508 703
285 298
893 557
184 774
768 705
514 623
493 54
41 490
459 376
250 438
231 554
185 205
165 222
486 785
322 621
657 79
691 731
369 533
576 832
779 208
295 216
345 917
891 665
492 315
548 748
974 562
632 592
155 325
471 402
248 647
500 824
422 510
660 688
709 750
191 182
37 374
950 412
93 708
599 151
703 669
916 303
961 362
884 406
314 380
153 759
62 439
486 395
709 378
339 600
149 411
608 455
642 789
639 859
191 304
489 215
138 758
438 144
321 267
915 681
168 642
208 259
569 236
664 156
475 981
903 357
131 448
705 953
200 239
621 206
519 122
321 108
392 625
238 330
801 773
147 487
277 467
806 145
319 842
654 534
394 679
721 147
335 877
844 353
530 86
487 512
347 684
837 364
405 524
512 905
285 795
109 586
311 823
487 898
398 894
428 715
483 444
526 393
829 338
422 845
723 560
526 664
299 421
550 337
160 314
790 549
387 734
495 122
946 570
207 740
336 621
437 349
546 103
776 846
581 76
720 860
807 333
232 245
587 532
357 423
796 754
340 868
762 795
210 132
835 136
533 435
463 436
24 587
792 590
362 566
288 505
606 982
501 893
386 532
946 450
614 716
193 218
139 258
203 793
212 184
791 482
247 710
283 336
904 733
287 555
41 388
190 794
89 568
617 855
456 705
466 578
833 439
938 286
259 142
275 909
620 338
248 877
431 333
760 714
726 759
855 621
658 513
498 789
109 463
357 798
273 418
321 724
642 70
746 844
396 319
463 658
937 736
816 147
66 487
691 613
170 555
609 318
241 752
883 693
444 935
580 433
537 179
701 510
814 680
808 282
896 741
692 391
84 526
175 280
377 920
647 965
452 677
308 466
330 714
140 196
564 551
343 173
100 335
458 492
654 157
382 594
296 451
443 658
617 361
260 270
543 480
60 340
513 40
161 341
704 90
396 105
816 669
451 781
969 538
137 356
192 480
631 287
867 585
363 22
447 531
705 497
340 556
956 612
479 612
374 706
188 344
718 183
286 424
786 825
585 392
663 897
933 264
567 497
372 975
362 870
868 278
436 722
