560 1198 13 178
162 470 39850
213 536 98494
270 365 108908
350 377 14318
57 394 45651
256 442 47854
321 398 44911
95 283 18601
127 176 56613
290 400 53226
209 515 61717
94 212 12083
88 269 75180
107 489 16125
62 344 29069
431 484 27203
135 216 77104
306 457 53009
335 460 18248
215 513 34059
154 264 59540
407 457 49477
23 384 40361
329 449 67357
124 341 87664
225 265 19026
522 548 45804
110 228 51010
295 483 21260
234 530 56436
222 504 15811
508 512 31623
120 182 80231
49 146 43863
5 327 56356
139 433 21954
325 507 17029
37 201 21587
210 452 59203
31 241 22023
321 393 37643
179 424 36346
65 549 34886
125 477 67052
59 96 54918
132 167 46755
93 180 53254
28 134 32650
62 77 40249
71 83 34482
192 316 56604
429 493 57775
13 340 33734
260 518 43966
261 425 40361
430 486 45222
77 121 17804
174 500 12369
203 349 25298
310 480 10050
399 428 35805
236 394 49244
44 499 63285
105 410 55444
396 401 48826
206 364 43966
28 47 25298
224 383 19647
29 499 48000
149 443 28160
148 310 76368
347 392 47424
176 249 37336
30 65 64351
19 359 65460
162 212 25942
113 174 42154
216 439 33615
95 556 55027
46 481 49031
191 470 14422
241 481 49244
84 432 15033
11 555 48104
482 484 30017
478 518 70178
177 258 20518
129 159 23259
21 141 52887
465 553 48918
77 560 42638
259 459 45804
132 452 71847
145 333 89006
130 379 33956
114 484 57280
60 151 42059
101 208 61855
79 217 53759
148 189 74726
264 382 36878
373 539 30000
220 526 44385
46 494 21024
126 383 205665
174 448 32558
10 416 33287
276 379 44944
95 452 59933
83 366 42579
263 534 28792
338 453 72732
34 414 69570
245 366 70456
63 518 41773
272 500 30017
110 396 55902
129 545 34670
383 554 10770
12 322 17029
224 506 39825
63 300 43382
192 359 55082
102 449 29069
189 334 32802
108 409 32573
99 180 23601
43 189 42297
44 190 41049
139 181 42755
289 523 19723
28 30 42720
205 529 25710
347 375 47011
488 519 40262
86 220 45177
450 469 53038
270 418 49739
74 355 99609
336 463 31016
313 538 25554
84 527 14000
78 293 38079
314 361 17263
13 360 68264
321 524 29069
160 226 66030
185 251 25495
21 47 18788
208 229 24739
288 386 32650
38 340 17889
13 37 42953
348 440 55660
49 63 49396
277 397 56436
308 355 58728
251 403 40361
365 542 58138
80 189 46098
190 536 136209
107 226 32249
378 543 39051
131 338 50567
93 369 18385
299 515 56303
95 188 66287
334 420 13153
53 134 32140
400 453 34540
382 457 57489
49 166 160131
433 454 41231
339 471 86371
337 550 32388
249 346 45453
345 423 38897
40 466 69318
83 96 25080
347 358 43863
209 461 38639
310 547 78772
42 188 166508
278 495 46141
302 425 72560
422 481 55109
263 278 31780
137 544 33526
55 469 63812
55 557 69116
31 84 32202
17 449 60017
220 525 50695
485 497 22204
41 414 14765
6 351 18788
39 362 57245
191 521 62394
207 496 18868
124 206 48010
49 405 45122
456 525 45044
99 302 33136
298 434 21932
88 270 78243
293 514 35468
143 261 41485
76 287 56365
186 552 35468
384 467 54406
41 371 46861
108 273 34540
25 335 45000
78 467 54120
307 544 33106
216 453 32311
349 398 36056
116 495 21471
128 363 31048
133 157 91935
457 517 46098
201 385 19105
316 359 33734
261 519 44922
225 475 74243
39 128 70406
228 288 23537
140 195 26683
45 525 37202
250 282 28601
175 452 45880
82 351 58694
130 401 38897
510 541 46519
27 113 29698
131 198 49092
55 450 36014
296 524 48332
305 477 62129
329 342 51971
54 99 67357
85 91 38419
214 370 32249
3 311 59481
276 313 49092
70 252 45044
179 411 34482
35 294 65031
35 158 39925
91 436 39395
305 380 53141
192 424 21471
158 316 20518
31 505 64630
92 176 26833
106 533 55000
55 414 39812
148 547 16279
384 444 57009
306 407 12083
114 136 31257
201 266 25080
10 87 29120
108 531 40804
66 521 15297
308 479 42521
247 461 49649
81 518 61074
354 405 36497
117 217 39294
171 278 50567
65 277 34655
183 233 21213
175 283 59034
88 447 76026
97 481 55462
166 183 22672
304 339 101607
76 161 24083
106 168 54918
329 467 43463
29 430 35355
373 384 49010
217 311 23770
40 172 26173
20 515 58898
80 390 25000
53 417 20396
116 263 21954
210 556 49649
286 361 14318
188 556 13928
133 198 62426
261 558 42107
413 433 35341
89 440 36222
26 365 48010
517 558 65490
175 434 45880
311 464 38949
40 209 82280
188 368 32696
298 444 13892
144 461 20616
235 392 146322
182 204 46861
181 413 68680
34 504 22361
339 367 27295
244 417 10050
116 534 22472
142 395 32140
147 252 23022
56 448 58310
367 449 57315
321 548 68264
58 532 35341
91 528 48374
58 118 45706
354 416 52086
91 435 20518
236 403 59405
44 242 17029
349 415 44181
59 248 68066
122 129 24000
98 482 26833
68 73 58830
6 147 26401
329 384 35114
253 427 27459
456 520 57035
202 328 53263
90 414 75007
157 355 116778
328 430 54918
160 391 67801
444 467 15811
431 456 40853
41 460 46819
51 186 58078
134 324 45277
71 96 38079
393 443 17029
44 213 21190
271 558 65000
307 441 38639
87 416 50160
274 470 45967
380 409 46043
379 487 44407
414 460 47011
304 449 32249
167 537 47676
200 351 15652
106 231 54120
93 193 29069
20 215 35057
15 341 26173
181 257 21190
24 155 33302
110 530 61717
271 540 61522
193 212 65803
168 253 38288
198 355 62129
478 541 36688
219 411 26571
126 246 43463
340 417 35228
104 196 18358
120 546 68250
32 93 67119
291 490 20248
315 513 93520
329 438 52173
39 154 31780
196 525 13000
114 397 93263
241 494 61522
256 258 24042
110 129 33615
388 427 40522
90 278 24187
32 356 38328
30 48 17464
80 447 13892
221 267 45177
161 382 35057
149 522 16553
69 299 29833
165 451 75060
123 382 25000
63 303 36715
16 366 44553
50 398 40719
26 542 46098
187 465 46239
219 359 60208
57 294 36249
229 341 71309
43 433 35468
476 483 54589
199 472 15264
419 497 32757
118 302 69642
86 163 44102
436 458 34015
42 232 79057
342 490 24000
340 491 52773
56 371 48703
160 297 11705
115 152 13928
51 253 31241
122 288 15811
128 391 62129
9 173 63071
100 550 33000
416 518 34525
434 444 23195
246 492 39395
67 150 21932
291 502 21587
40 127 13601
176 466 22204
76 337 50040
178 285 53235
319 504 57280
92 249 27313
33 338 46390
120 239 74330
410 468 32280
2 422 59008
226 248 47434
223 535 24083
2 61 55570
372 428 28018
200 252 28018
337 442 44283
163 526 10198
299 323 51614
407 511 37483
273 409 23022
102 367 47202
345 369 12166
199 539 36069
100 128 17117
12 111 58822
248 297 29206
221 506 33287
332 434 40361
138 553 49649
215 364 18248
269 447 75472
393 468 40025
257 454 34015
106 194 51865
11 18 43012
155 532 60729
195 338 12000
430 499 43841
69 140 27295
110 284 38210
29 295 30017
123 161 44204
6 133 43046
284 545 44721
112 448 49244
82 500 44283
108 419 42450
81 546 56321
47 48 43863
54 58 14422
332 537 76551
169 330 20591
469 557 40853
263 353 62801
25 135 15297
342 438 61327
52 516 29411
69 479 54452
195 333 45607
279 435 26000
385 440 18385
4 367 53535
45 172 18000
30 233 24021
2 475 21401
159 288 23431
42 119 24698
163 220 46065
126 492 33242
350 379 28178
43 310 15264
414 557 70328
243 559 17889
350 351 50220
48 183 35014
3 326 35057
91 309 48166
237 445 50120
168 328 31113
101 229 46325
10 47 36235
107 528 51971
148 559 45695
23 434 28160
363 508 16155
312 495 20025
175 232 57009
130 389 20396
35 359 44102
404 462 39661
243 278 37108
381 403 28018
300 405 56515
98 484 14318
150 352 41869
259 437 34176
334 378 20396
15 117 26077
453 523 67742
42 472 80281
443 468 32802
245 540 22023
29 483 12042
378 451 49041
342 467 43290
9 259 68659
96 344 38601
168 202 59135
151 505 56294
420 433 37363
374 529 19647
231 415 169003
249 466 39051
422 505 64498
9 509 72801
62 560 51788
260 541 46043
3 312 51039
1 519 17029
166 516 22023
256 337 56436
267 383 52202
312 326 59076
72 347 47202
77 492 34176
162 191 50160
93 356 56886
211 465 38910
52 197 17205
122 228 29732
242 331 29000
125 313 90604
279 347 49204
155 206 53141
81 239 42720
107 458 23195
66 556 39812
76 280 54708
300 354 54129
59 297 49659
87 134 42953
305 501 38639
9 499 46325
124 229 50695
432 527 19849
116 275 54083
83 344 33061
203 462 66242
117 275 61000
31 481 44045
167 332 72173
430 476 44283
84 151 28443
138 442 23195
438 449 40608
266 348 71218
262 474 60075
103 290 16643
140 338 31623
486 499 57315
303 478 51478
234 421 38275
322 376 13000
227 462 68884
4 22 27166
174 272 23195
166 354 79057
247 306 53235
144 262 51400
19 343 19647
313 389 11705
173 530 30480
25 282 55036
71 391 25179
22 281 32894
205 374 23854
265 305 33838
188 232 91788
104 306 19209
117 311 48508
114 177 32558
21 197 40804
19 224 17205
17 472 32894
136 258 13928
182 322 30265
1 425 31064
148 230 31145
125 401 73600
356 488 58052
320 531 14318
179 236 48260
288 409 55660
141 317 24042
273 437 31016
96 160 55543
292 322 16763
207 396 62241
320 446 38000
86 525 61911
343 423 65620
20 145 35355
249 308 37202
136 551 49244
398 415 49679
402 421 43863
112 371 25318
115 365 45222
18 167 46573
481 529 43382
103 289 43046
160 363 100663
7 157 56080
234 328 45277
87 546 63640
281 490 14036
65 406 62426
158 359 19313
12 292 19209
95 232 35341
101 400 82006
439 534 21840
99 132 49041
111 182 70214
267 554 41437
64 193 44011
157 477 59908
145 299 81345
109 551 42802
402 496 26306
395 551 13601
42 373 28231
47 134 29017
343 506 38210
388 496 80505
75 115 91395
377 412 64622
153 282 44922
120 491 25962
238 467 54489
74 308 63063
16 39 31623
56 282 24021
205 485 10770
24 555 19723
97 422 49204
230 559 46065
218 256 59682
506 554 37363
6 200 24739
305 446 46011
283 452 59414
2 419 63151
131 314 10770
22 181 76844
89 520 16031
112 503 47634
32 488 58592
409 531 34670
254 336 22804
189 543 54562
240 440 32450
321 522 59414
332 452 43186
194 552 24187
330 521 29833
358 435 26401
50 410 24166
75 152 91679
189 378 24739
40 461 73546
129 284 22847
133 147 33015
8 14 25554
380 446 20616
285 553 64195
240 456 50210
28 324 54332
43 480 12166
53 244 19925
203 398 44407
250 286 52953
512 550 20616
135 338 68942
143 474 60671
65 336 41725
136 214 62817
207 401 32650
410 462 53235
441 463 52345
65 392 57723
375 441 33615
276 538 31385
137 397 38419
240 385 40311
148 390 48847
317 516 39812
39 391 51662
20 101 48332
207 487 34176
61 475 51400
521 556 45967
316 394 11662
32 302 56303
61 239 75710
177 544 61984
472 539 42048
291 293 35114
304 367 76243
169 521 33015
469 542 49739
89 327 28425
379 538 28231
4 438 21024
177 397 74847
320 419 54129
98 114 61074
433 480 39825
11 537 36878
2 510 52479
386 477 78102
79 514 13454
105 429 30871
57 301 28636
244 340 31623
148 243 36770
201 348 61033
146 478 50220
182 376 29682
319 418 20518
135 286 28018
296 399 70491
67 346 49497
354 516 57140
92 346 46174
198 408 46861
161 280 52697
268 289 26833
97 497 26000
442 512 38949
43 420 23195
68 186 16000
105 493 64815
90 559 32249
41 55 32388
199 384 48260
131 361 22136
42 164 214618
154 540 32280
208 289 48662
313 401 28284
109 161 37336
394 424 56080
132 330 49244
344 560 40311
455 475 41037
22 490 39051
152 399 55227
151 237 59034
421 530 51865
236 424 32249
151 527 33838
141 197 28636
111 501 46755
397 544 40792
40 220 25000
507 535 14422
187 211 31623
227 377 47011
113 498 36235
226 285 38013
27 149 31828
253 328 47518
330 452 71589
412 487 46573
336 549 14142
42 368 197874
5 150 58009
133 252 40497
239 546 35228
318 439 26833
121 366 31113
204 455 24083
247 262 28844
384 539 38601
451 471 20000
193 345 11000
212 274 28425
127 526 36797
222 414 62370
338 400 51624
36 222 38013
259 273 38079
5 111 47096
533 552 39925
186 404 20616
113 503 19416
170 307 10198
245 251 47413
418 542 42579
264 540 55036
271 457 70406
45 196 36401
72 435 21095
3 116 55973
166 405 115352
269 387 63032
170 177 53759
36 269 23087
300 518 12042
341 514 37736
100 512 25612
169 255 51884
241 536 58856
331 499 56356
177 256 37855
7 477 52326
154 366 49729
187 358 24698
252 272 69462
122 159 10440
323 515 50220
264 362 19698
52 166 18111
49 445 70880
182 348 49254
294 316 60216
119 373 20224
234 253 30529
223 457 30871
1 261 44181
387 418 29411
380 473 28443
35 343 23537
124 215 18788
11 167 30480
231 349 125036
153 361 53151
473 531 30083
163 352 19416
348 491 72339
66 452 70576
270 387 37162
284 509 18974
456 482 12000
156 246 29275
137 277 39408
5 182 74243
164 267 78243
212 221 21954
49 303 31305
109 142 32280
144 315 31828
18 54 46098
370 482 17000
184 242 75690
153 250 20396
280 362 69065
104 407 20025
443 498 23087
75 522 42720
37 385 30610
364 513 26249
109 507 36892
237 478 27459
294 345 42521
477 501 69203
312 547 14765
117 426 12083
225 455 71694
61 510 27019
23 175 55444
190 295 39051
236 381 56798
94 470 39459
356 369 49497
263 439 37443
216 318 41593
18 99 59093
442 465 55444
304 471 186269
26 115 54037
108 459 38328
358 375 20248
105 227 30083
60 237 52402
118 143 66910
285 458 30017
194 231 32140
256 287 48042
413 464 53226
192 219 15524
5 352 43841
254 549 21541
63 478 51088
323 479 32016
39 100 73824
286 314 17804
305 386 65115
142 370 37054
139 413 43186
178 309 26907
230 390 22091
6 350 50448
490 502 19799
298 467 27803
121 236 57271
493 498 43012
507 511 19849
127 466 64203
109 287 54452
19 126 172290
187 375 18868
38 244 22804
17 329 63789
333 400 66098
325 370 39825
275 523 54644
372 399 45044
33 140 23324
298 332 47539
173 486 16279
15 426 16553
46 374 35440
223 511 14213
138 465 41761
275 311 60000
110 402 43417
328 486 54708
30 406 10296
263 495 31321
257 339 39051
327 440 25456
372 548 17464
295 499 42012
59 156 43012
478 505 27019
203 231 101597
193 221 71610
169 180 36674
33 131 57697
6 379 51624
176 526 52697
429 468 33242
20 315 98351
17 384 53141
204 225 65115
173 234 54589
126 411 51884
64 162 27019
368 470 29614
101 124 49679
268 453 59464
205 497 26926
14 525 26077
296 365 160181
340 360 49739
451 543 68264
532 555 65391
419 485 15232
189 310 38471
474 517 79649
51 404 55660
197 516 28792
110 421 57035
14 325 33106
315 532 93915
13 397 86093
31 422 78492
106 202 74706
184 536 29069
262 517 42202
7 74 29120
144 515 95525
185 245 38079
519 558 49406
38 546 29000
73 194 31016
311 413 56462
161 362 36069
17 304 46239
109 395 41049
15 217 39395
95 210 10440
388 404 26870
81 416 53235
259 331 80920
309 436 16000
379 412 60208
86 520 16155
375 463 49497
165 447 53712
377 379 38897
278 353 57428
21 48 40853
233 392 116362
85 235 24187
25 250 43417
194 533 31385
241 432 30463
123 457 41593
393 522 30806
185 558 66068
236 245 65513
53 546 46840
466 479 61911
307 357 26000
221 423 68308
127 220 24083
73 462 64444
211 441 12083
321 415 48508
171 335 23345
339 454 61984
413 480 46530
389 538 26077
82 105 51624
260 478 67956
360 417 23345
170 256 45044
193 369 15000
240 431 20100
79 341 43417
9 486 60308
76 109 17263
324 397 48270
254 357 28443
16 154 25495
159 545 19105
178 465 48104
146 445 37363
254 463 18385
57 381 19416
211 218 16000
301 345 35355
73 186 52202
142 214 36620
171 353 17804
320 473 31145
68 404 29000
218 307 27295
326 413 50249
285 489 19105
45 104 44407
301 369 40719
191 556 38288
93 99 50606
107 248 79612
59 160 52010
187 441 27459
392 406 99161
187 435 30806
24 206 47170
189 447 53759
53 324 34015
70 408 38601
363 391 77666
451 454 41593
94 274 27893
423 506 53759
100 508 27857
102 438 21633
184 213 84095
74 346 16279
164 472 294869
216 338 81302
352 526 27514
85 279 39560
78 238 14422
31 151 22847
137 254 25710
437 509 35805
70 272 64560
311 326 61685
292 376 27019
124 364 29530
371 450 48166
8 370 20809
59 344 40224
61 120 82759
125 228 37202
235 528 36125
243 547 39560
458 489 22672
41 56 47074
34 222 35355
11 58 63348
234 427 31145
79 464 56939
156 560 32202
267 274 37855
209 466 61847
149 393 20518
277 549 40447
497 529 20248
72 279 13601
239 260 50220
374 494 51865
64 255 23431
207 402 25612
293 341 56303
149 498 32802
160 285 76059
251 488 19105
314 338 51196
8 482 25179
323 466 54000
75 450 80281
301 356 26833
25 318 52431
33 198 60008
184 494 28178
143 425 69642
123 535 18358
317 354 21633
119 539 21378
88 165 108688
224 343 12728
150 176 44643
111 346 82873
152 365 48010
113 149 43046
137 357 37202
152 428 63561
208 290 24331
103 268 21471
415 524 32650
54 302 62169
336 347 61984
308 346 60415
60 445 17493
285 363 76026
269 390 60828
24 532 56080
27 503 32388
403 488 29120
198 252 65031
328 476 59641
175 332 17029
141 416 50329
50 462 34438
238 502 26401
448 503 50636
243 495 50695
84 241 27166
133 276 43566
195 400 44102
93 302 47676
281 291 19313
374 459 31401
206 555 50636
270 296 269082
125 157 92114
180 255 42059
268 290 28284
57 356 38626
411 424 31401
266 491 56436
23 373 32202
296 415 69007
289 426 10296
36 319 56089
110 207 50488
272 351 56824
357 463 24187
67 176 31145
265 446 23022
97 419 45967
108 259 32016
104 172 45607
53 87 61612
157 313 104173
131 408 35468
27 522 30083
446 780
795 384
196 400
93 547
626 495
481 253
566 412
591 640
768 194
910 552
266 686
679 430
750 571
569 653
224 495
586 865
43 634
291 721
357 969
355 558
910 576
120 544
120 682
300 631
342 318
236 148
380 135
885 608
779 101
921 631
909 329
401 791
419 402
214 214
375 945
181 250
711 589
799 556
596 835
534 571
293 229
83 727
108 387
833 182
549 597
855 283
893 584
925 614
996 441
510 71
627 91
959 602
832 580
336 711
288 197
339 239
410 865
328 699
631 959
967 358
823 432
579 914
950 459
294 847
875 676
215 803
548 485
553 88
412 438
396 280
606 870
819 795
584 38
538 420
365 142
618 737
543 932
193 611
179 532
106 299
875 529
473 187
596 903
935 310
816 844
603 574
882 544
92 216
634 567
225 287
786 820
537 482
340 819
274 882
180 787
621 905
815 355
640 649
315 775
663 804
335 514
76 556
279 469
543 641
481 136
662 32
766 913
752 293
615 720
644 230
623 448
348 197
401 156
701 652
278 114
233 358
226 469
373 707
74 704
766 492
532 918
673 271
567 728
303 552
623 311
527 997
542 560
665 821
673 247
551 225
394 350
277 744
479 296
864 583
345 333
697 683
818 675
711 781
84 439
399 414
961 562
606 689
439 696
449 602
360 523
966 409
460 269
175 325
403 113
568 494
930 338
283 101
383 276
567 848
325 609
596 984
545 360
412 930
683 268
672 927
602 755
273 864
579 537
214 897
45 314
977 600
246 709
672 86
263 805
762 713
283 287
531 597
711 167
417 195
163 717
525 506
725 674
734 838
520 921
296 789
76 481
692 461
960 615
889 251
495 805
569 88
794 776
193 852
103 345
835 141
223 868
474 945
338 848
613 49
373 408
559 632
949 588
443 347
45 657
457 259
706 568
728 67
509 28
728 431
801 306
275 591
594 223
284 479
455 548
190 790
768 758
285 887
853 175
636 668
320 560
292 389
188 479
768 742
478 960
558 578
296 906
219 249
558 696
343 959
716 367
738 929
509 147
645 281
290 503
152 304
610 17
148 772
945 630
663 141
828 865
480 894
932 397
185 599
839 506
652 590
908 307
834 199
201 299
813 574
514 838
567 980
506 609
699 956
512 471
363 280
472 816
441 282
647 115
824 700
309 829
717 711
69 461
710 688
753 261
880 477
450 736
490 633
244 339
559 789
697 368
731 566
275 946
260 459
158 252
141 155
544 778
414 218
720 280
267 909
215 409
502 259
850 652
237 308
827 806
646 784
151 555
340 263
165 776
682 226
739 891
373 332
669 713
668 286
236 471
288 455
169 562
691 415
202 574
377 880
805 116
372 17
676 938
162 658
419 467
931 498
384 853
348 772
968 427
26 591
665 379
531 656
772 715
482 449
754 856
121 379
179 457
194 349
551 256
384 346
427 625
426 915
968 539
299 348
170 195
734 345
429 63
696 431
449 509
831 614
583 683
161 398
652 545
694 108
105 619
253 787
805 199
174 704
401 444
83 371
306 291
846 706
668 739
373 396
44 491
783 564
221 521
150 593
352 950
598 936
349 848
541 436
857 767
687 510
485 20
493 204
464 245
595 526
294 301
980 521
439 409
396 829
796 705
817 785
419 948
808 607
387 329
577 781
695 829
317 578
235 100
554 896
48 518
206 882
347 836
608 652
323 193
357 52
94 701
821 293
810 766
708 436
490 190
79 351
518 217
683 329
429 869
567 753
324 964
93 652
687 570
653 315
156 189
593 127
555 245
130 306
631 873
889 732
418 99
432 905
638 686
619 280
794 645
473 54
312 54
336 432
579 252
610 203
445 846
574 108
986 485
926 640
542 661
407 317
721 303
488 81
503 951
550 166
127 435
280 236
441 16
928 524
812 584
184 180
783 322
85 384
642 173
854 385
361 885
484 926
420 763
231 480
632 138
341 75
453 123
748 118
654 610
936 295
95 420
147 674
801 806
770 856
721 249
94 568
275 360
670 563
779 753
708 758
431 110
150 651
976 373
696 345
94 292
393 217
54 575
287 161
48 389
206 733
304 419
55 430
752 429
616 625
530 709
769 890
790 288
309 273
462 586
541 86
817 717
150 483
751 793
503 509
145 636
457 90
234 163
235 876
36 405
32 665
711 324
430 636
782 401
743 74
603 375
917 420
450 477
120 389
865 331
616 637
791 100
646 636
797 316
722 155
562 211
453 818
752 905
150 569
759 517
531 964
430 176
864 264
214 348
584 207
815 329
429 133
779 149
429 192
658 417
164 583
385 167
210 236
918 393
324 924
584 700
689 814
700 220
840 411
569 687
679 784
342 586
189 541
400 520
976 578
500 674
922 490
463 779
618 568
230 806
388 106
246 454
416 37
571 627
569 535
949 310
792 868
826 312
691 190
740 332
343 667
629 76
254 366
576 712
918 249
238 662
529 243
70 683
536 839
882 431
191 138
54 321
786 685
702 266
819 535
187 336
361 69
844 692
663 771
649 694
592 61
719 830
314 960
283 641
198 839
219 201
492 739
193 283
570 965
