957 2531 17 188
587 775 53712
68 757 25080
139 660 43046
449 477 38210
3 738 29017
260 647 37336
769 953 47518
349 768 27857
168 540 22361
350 390 47854
142 768 38626
2 150 26019
209 810 52240
217 397 49396
30 514 51225
582 805 43417
594 722 43174
164 267 40311
559 884 21213
14 805 29000
596 861 22847
438 600 33136
181 817 12207
381 832 35903
613 826 22627
67 700 32802
306 310 40608
712 725 43738
321 619 34525
154 358 26173
220 914 55973
301 549 23409
409 570 13000
135 350 68154
199 905 43681
76 182 17692
284 709 28284
444 900 29069
27 205 30414
394 545 51010
301 689 53367
448 505 34366
115 841 66468
210 798 34059
287 833 45607
379 444 44045
306 839 62936
119 814 11045
375 786 25942
238 795 24042
127 786 53151
11 706 19235
44 780 29206
876 926 29614
190 564 15000
682 910 43278
73 446 13038
301 450 64661
268 597 41231
412 613 25554
314 362 15524
343 640 10440
260 460 24739
442 676 11402
95 398 28284
163 389 20248
167 729 48600
145 652 26019
364 396 22023
650 853 27295
313 730 49244
884 934 14866
68 687 37483
32 71 15264
168 945 40012
28 734 88391
539 667 23195
583 640 20809
441 484 25000
498 929 14866
57 673 12166
595 622 29120
472 719 16125
161 778 45277
365 432 32249
204 729 45880
404 679 30414
303 630 29411
119 174 48600
337 758 26249
496 668 21932
591 746 50990
151 694 42720
267 672 29833
99 475 45541
905 929 31241
494 572 21213
268 747 30610
710 863 23000
213 435 18682
79 241 42953
356 492 23324
121 953 25080
403 484 25456
89 214 18111
49 686 59439
718 734 32650
332 581 35847
859 897 36401
103 917 48508
436 655 20248
177 724 30414
45 63 18868
172 554 20616
483 491 67186
474 608 30265
427 844 60166
5 440 45354
626 722 21954
103 330 67067
243 797 30083
570 837 31241
231 574 23324
240 649 48374
510 865 29732
166 241 42638
318 497 44721
304 723 27459
266 940 21095
360 769 44688
791 927 34132
865 916 69635
575 643 24839
92 727 32985
676 949 18248
577 804 32650
136 653 19235
318 385 27893
70 645 21378
315 804 26173
936 946 23195
82 586 24083
551 811 50448
102 679 39661
30 343 40224
604 828 44385
760 829 39115
76 302 13153
23 136 47170
108 342 12042
243 463 44385
92 594 33061
360 696 18868
184 927 34205
56 660 52631
76 500 32000
159 615 41049
179 749 11402
191 376 42638
393 762 48508
602 950 21932
513 850 43186
391 930 27659
498 905 34015
537 873 27295
306 572 55082
58 756 17720
75 268 38419
652 853 18974
455 781 10198
642 798 20224
120 955 31016
55 235 54203
306 463 46174
795 874 27019
151 446 28792
26 176 49396
636 924 18028
56 846 46325
95 476 19026
417 566 28636
387 759 27459
109 937 17029
595 815 42202
28 199 61270
433 939 16279
188 444 11314
548 699 26173
109 196 39000
511 552 11662
405 538 21587
744 890 46011
193 354 10050
272 539 45011
203 887 32140
271 493 52355
150 358 27731
195 356 37696
742 788 32016
274 597 48052
107 453 37656
22 392 18111
536 610 37363
43 879 91285
31 727 17720
241 669 25060
283 558 42048
323 886 17205
460 927 42426
599 678 27203
343 553 39051
414 454 24166
106 407 16401
223 227 12806
71 691 12728
105 450 10817
326 463 34059
28 816 38013
236 607 58241
44 310 29698
431 432 24042
201 759 19000
130 367 36620
296 777 58215
87 298 29682
498 910 27295
458 835 12083
666 872 32311
530 567 31016
538 856 15556
125 840 36674
705 811 29017
466 560 25962
199 946 43932
337 365 40200
266 530 33838
261 714 40706
357 916 21471
706 707 18868
377 507 12000
716 886 30017
28 729 73376
129 253 30610
829 840 31780
698 834 36770
624 870 18439
682 740 12649
59 646 53852
39 868 46390
689 841 104924
378 554 23000
188 716 26926
734 915 31241
541 909 17000
489 685 20000
425 748 22091
261 796 31048
177 236 57035
845 887 20591
364 372 23537
194 707 29206
771 941 22561
338 778 23431
134 366 47854
157 460 68731
418 683 13038
855 905 49930
195 931 31145
84 150 32016
654 924 24000
62 401 33242
594 727 50804
573 826 18248
363 868 26627
783 882 26833
426 769 30610
544 815 22472
662 680 53339
755 849 37736
386 841 10817
532 827 46098
121 312 52924
320 868 34015
293 932 28160
659 701 47170
251 523 30529
561 900 27514
349 352 39205
583 698 24597
29 732 24515
692 788 33541
619 745 34540
280 340 36892
285 622 21213
695 732 33541
276 898 39962
599 739 17493
355 916 41195
68 122 27203
85 686 57385
826 928 41725
63 508 55009
517 907 13038
488 535 31953
163 600 30017
201 387 30414
221 670 49193
34 458 106626
455 598 17692
210 646 34928
623 629 40000
157 768 29530
331 830 14318
659 894 30414
799 899 31906
27 113 28018
515 759 25495
337 587 56321
86 736 17889
681 714 44944
632 832 26571
38 121 37656
62 508 17029
440 566 30676
425 939 18028
35 283 53759
222 513 38013
136 661 23324
276 644 26000
140 490 31953
206 315 47202
146 380 12207
408 721 23770
484 599 21471
174 387 76531
142 359 21095
297 670 10440
202 225 12166
659 735 58523
409 445 26926
135 522 38013
560 835 17464
27 508 21095
761 924 42048
669 816 15620
436 494 22847
240 546 57689
402 891 25000
361 467 92849
410 757 21932
125 787 13416
351 788 20591
395 481 75928
462 679 45343
87 240 29155
390 736 22825
148 391 23601
61 587 46872
235 764 27659
489 648 53151
247 747 49649
35 134 41110
237 744 54231
460 662 33136
15 48 34525
439 561 30806
306 464 15811
278 769 37855
326 620 16155
478 829 18028
54 751 24839
263 650 38013
511 847 12649
613 849 15524
787 840 39205
99 226 39446
6 401 21401
403 441 19313
80 434 38013
202 348 28018
904 947 27459
49 316 39357
275 521 36797
87 456 19416
574 953 18385
207 894 10770
200 561 18385
55 714 16125
353 582 19105
210 925 19416
461 821 51108
717 767 30083
522 820 44643
17 811 50329
115 467 69527
81 633 44181
78 941 56080
324 603 48166
406 472 31113
350 480 52498
236 934 38910
68 325 24083
26 131 39205
197 303 50488
214 435 10630
257 906 27659
313 420 45607
327 411 36014
432 472 55145
134 283 42190
287 335 24739
204 241 31401
175 564 17088
359 399 14213
143 331 23022
626 898 55227
315 585 22561
544 622 25456
226 874 48826
452 482 16000
182 420 45277
459 901 30610
606 802 18439
228 491 79120
647 866 21401
271 712 57315
167 671 32388
568 643 44011
94 785 31828
216 372 17493
846 944 24331
328 347 37483
444 491 28844
417 668 42012
351 396 29682
123 893 23537
493 765 14142
9 708 26019
282 307 25495
490 590 19799
694 867 28792
702 923 50220
557 761 33615
233 316 18439
286 383 57585
669 936 11180
510 600 31623
262 933 27019
604 910 12083
61 141 53254
10 371 84906
263 313 45100
423 894 23537
479 803 20881
373 561 19698
281 846 21401
213 743 55036
439 900 17889
141 197 13342
650 913 33971
286 841 36770
400 819 36878
292 514 19849
94 170 34205
169 770 27586
279 627 37483
733 809 29411
142 349 47707
707 920 27019
490 520 38897
169 728 33838
249 641 47381
264 942 61847
10 218 59237
543 709 26000
200 886 44000
111 374 21954
223 275 27166
830 937 40447
70 478 71281
57 345 17029
64 753 94921
856 909 41881
487 557 26926
872 888 15133
711 854 12728
276 584 14213
534 932 39115
322 678 28320
264 483 22023
379 693 20616
915 925 16155
99 307 44643
646 798 31048
397 505 41976
175 252 15297
519 897 50961
128 309 10198
425 535 24698
402 850 40460
564 767 61270
55 274 50990
296 942 76922
191 384 25000
311 391 26683
777 942 30529
158 733 33526
67 361 20616
771 806 28018
333 870 27514
35 558 37336
425 527 27659
350 806 42154
10 469 35128
774 889 48166
318 869 67357
690 825 24739
67 654 24698
65 254 32757
171 598 37162
204 554 31623
565 940 29155
460 647 42450
230 633 26420
325 666 42953
632 687 25080
140 563 27295
598 803 14213
304 553 39560
657 728 59506
450 689 46615
179 342 23601
387 550 32696
44 839 34000
476 866 11662
558 638 29000
690 750 43681
140 520 39115
252 564 28320
113 418 40000
505 954 32280
699 954 29411
124 363 34132
534 909 46872
109 720 26173
192 414 44688
240 737 66030
65 157 23409
172 522 35228
453 814 21190
436 499 27731
217 505 35014
36 206 42426
533 782 52086
668 912 42059
1 501 44385
410 641 36401
319 384 40262
677 830 23770
324 881 60745
519 539 19105
557 697 40200
232 353 17000
753 820 32696
178 493 28443
490 751 41110
146 717 13601
74 77 20809
72 174 25020
76 899 21587
260 662 12728
113 401 29206
290 411 11402
161 186 14036
137 633 50010
382 482 51039
37 938 21095
256 812 53339
20 883 43046
527 750 35014
181 630 50448
338 773 37014
283 366 25020
63 126 125252
662 927 27166
137 484 29017
177 934 29069
428 823 33541
608 938 29682
398 474 33242
89 427 25080
86 729 32558
531 821 11402
397 611 27785
455 937 12166
212 222 23601
464 499 55973
255 324 35128
325 780 31401
565 709 16643
268 796 36688
491 831 14142
269 513 17029
181 579 22361
619 650 18682
639 927 14036
308 559 37108
92 626 29275
170 196 82079
26 422 29428
81 891 28302
677 871 43966
485 783 21190
467 761 27785
78 413 22804
79 204 24352
11 287 38601
185 410 19799
500 513 32757
275 312 64031
12 752 64133
249 435 57940
853 916 26926
41 734 44598
807 851 51000
45 517 43290
416 423 31385
615 776 39319
142 512 25000
119 299 18028
492 529 32016
676 695 29275
21 607 43909
228 483 84060
84 358 31241
620 947 23345
611 778 16763
462 709 42720
586 799 14422
748 750 30806
423 793 27514
148 930 18385
94 105 39661
203 583 28636
409 580 43417
334 627 13342
20 262 28792
156 893 46872
9 94 35777
190 427 60877
787 889 47434
245 796 26833
47 537 24698
298 665 17029
164 322 10198
212 311 16643
167 308 35355
127 221 25942
54 665 38471
231 434 43863
141 587 21095
143 781 25554
598 949 37577
36 436 44407
239 321 32527
688 886 18868
464 797 26401
324 929 36235
412 532 45277
559 671 35805
754 779 43417
606 673 24352
374 921 22672
16 30 31385
101 289 45000
691 786 66573
196 937 35057
379 895 46065
910 929 27785
141 395 19105
230 624 19235
302 930 36878
228 578 80623
76 739 50804
343 583 26077
12 372 26401
263 608 54781
8 616 12166
415 555 23431
162 519 23537
530 663 17464
228 340 39812
383 689 10817
461 532 20616
222 311 28000
393 766 19925
427 767 37483
533 551 51157
110 411 31064
586 760 22204
471 825 53488
206 464 26000
458 755 83199
32 501 53085
723 834 38639
430 465 16553
56 579 56009
70 321 42379
617 846 21213
3 694 20616
522 664 32985
157 267 54083
628 770 45255
102 530 28653
615 622 29530
106 273 39000
94 763 17889
291 440 21095
865 875 29000
831 832 57280
94 614 21095
413 802 15000
751 809 29698
219 239 31321
160 602 18028
477 799 20616
55 407 60075
705 892 45967
883 923 14213
301 677 53852
249 370 32202
249 743 37483
356 516 34713
53 152 34015
459 794 33136
592 849 26401
350 378 59506
58 431 20809
724 941 27019
629 750 24166
218 372 24021
371 742 29155
325 757 26476
116 462 13038
81 403 16763
604 682 48010
128 441 26870
400 810 29120
411 917 38013
399 649 48847
298 399 31257
101 571 34655
127 691 47760
149 226 59816
845 912 31906
447 550 21260
164 672 35000
133 895 20125
389 489 28071
50 813 53460
617 944 14213
20 287 76896
395 656 75286
128 500 20616
130 838 35355
60 320 29155
468 800 46573
557 902 33615
406 843 32757
305 782 37696
26 220 49244
414 416 30067
126 612 20248
580 722 31385
512 550 30676
38 574 25080
348 395 67231
592 792 11662
667 939 26077
5 327 11402
237 561 21541
265 529 23022
333 891 22627
85 108 29155
36 61 45398
770 855 38897
179 597 35000
33 453 51788
289 438 48508
161 345 29732
145 619 30806
43 864 36069
489 600 20616
42 505 13928
298 456 13416
576 922 13928
343 376 56223
307 772 31016
404 940 32450
86 167 35693
114 808 18385
296 880 25612
100 941 49092
749 919 14318
350 736 54009
208 441 32757
451 835 44045
553 698 46755
290 836 25179
62 144 40460
547 597 38210
54 609 32558
120 642 40447
124 813 17029
15 598 35355
454 880 18248
509 828 22472
355 357 38601
117 840 12083
603 910 24515
368 957 29411
288 420 28862
273 597 54129
729 736 21260
385 422 33422
311 703 34540
601 953 19235
272 684 39205
49 99 48010
548 673 14036
580 893 11180
452 687 34713
643 886 35511
723 782 233317
251 956 36688
340 942 105646
380 405 25060
193 506 25554
36 804 38013
15 506 29530
371 883 73756
6 627 26420
328 897 64031
293 825 27659
353 805 31048
98 827 41049
216 218 13454
151 867 51614
211 653 43966
152 501 30529
687 852 35847
812 878 14318
39 103 67119
246 858 61587
189 860 12042
789 841 22672
697 924 21213
29 245 38275
1 32 58000
618 923 15000
155 566 16492
640 698 23537
16 343 21840
115 338 25495
552 847 10198
82 840 27295
688 731 25612
825 932 16553
496 951 33136
75 374 30529
325 452 21213
659 933 34540
495 541 62129
247 429 27459
697 761 40224
185 264 28636
388 579 52010
602 675 11705
198 278 18439
282 314 34000
651 858 44777
399 456 37855
397 954 51225
616 914 28302
438 510 35468
169 289 43012
218 742 45607
199 628 60017
357 853 20881
269 302 29120
303 903 33377
381 831 32558
14 821 57315
284 679 14318
648 916 34366
75 547 30265
202 494 33242
446 810 36249
394 526 16279
555 709 31623
746 860 28636
196 681 19647
47 873 26173
154 604 45310
284 462 40311
926 957 24352
281 617 28071
327 368 42012
68 452 13342
415 813 21190
546 577 23431
284 565 26173
96 195 34132
285 501 25080
81 137 14866
219 645 35805
6 279 29411
134 542 44147
426 601 27731
792 849 34366
104 533 65788
612 889 30017
442 695 20224
632 852 29120
31 168 16279
818 955 17088
166 779 17493
566 926 52202
167 244 11402
534 904 14142
173 879 35341
85 366 29000
3 512 31385
118 859 26683
112 125 17692
503 793 20025
256 627 21932
257 614 23345
180 567 31765
328 581 49769
114 540 31321
124 415 21471
618 883 12530
465 808 30414
772 843 25298
694 738 19105
213 735 34438
764 801 34482
47 703 20100
269 500 21840
67 480 50922
454 777 24413
600 685 22472
267 860 17493
706 920 24042
180 530 53339
741 957 13153
488 947 18439
283 711 47170
359 710 19026
98 627 34540
126 873 32016
221 368 45804
344 417 104809
23 653 49649
392 632 26000
13 521 112259
97 701 18788
480 654 40361
351 564 22825
35 638 31064
94 708 34482
758 903 52202
170 714 81025
98 726 31623
49 475 28302
317 644 12042
192 735 11402
104 551 28231
105 720 36715
4 208 13416
362 686 18439
23 211 36056
132 192 37590
25 418 14000
695 795 39357
116 709 42012
405 896 20591
394 582 53339
17 377 15297
693 900 35014
174 421 68593
130 680 31257
515 768 25239
123 580 21840
579 721 31623
250 458 36346
169 855 47518
786 890 57315
810 819 16000
7 53 17889
460 672 57940
222 508 50804
60 705 38833
478 645 87693
7 815 22472
260 474 49769
498 657 12806
361 700 25710
24 730 27785
588 867 33061
83 938 28284
198 300 20591
206 797 28302
150 828 12207
230 897 35847
367 674 30364
661 879 146687
138 790 26249
832 852 25495
183 343 42012
844 943 34015
8 635 59203
400 797 33061
314 854 38288
243 800 38079
395 630 44283
122 410 25179
350 766 30083
264 502 20591
170 720 47885
102 234 79612
235 801 36139
160 914 25554
231 428 30594
308 390 40311
571 770 44283
801 954 28302
70 829 62290
163 438 45967
394 805 33136
524 825 53151
516 877 22361
767 896 44011
636 697 25000
13 434 27785
301 871 28792
365 431 43382
96 516 13153
554 664 18385
246 578 35511
889 930 47424
248 517 16125
215 878 32650
741 926 14142
153 735 38949
280 869 22672
479 598 29428
453 746 35440
581 623 51624
64 779 38626
169 341 52402
74 920 38013
449 918 31765
56 270 22472
32 297 11314
698 887 18111
299 519 47802
65 201 10770
332 897 49031
490 809 38471
737 775 38897
24 449 36674
315 588 24698
132 213 33121
755 907 95005
425 750 40311
211 492 32696
766 806 26000
451 461 41677
9 906 22023
108 247 34886
486 844 27893
516 765 47434
344 845 22472
185 942 41725
558 609 15297
244 718 51740
158 210 14318
373 817 41110
497 869 47508
335 503 32650
474 476 42154
96 356 32558
358 521 52469
217 614 24597
108 919 23000
7 408 23431
451 928 19235
214 735 41110
173 553 39205
184 818 39925
414 880 13601
449 650 37216
383 708 36401
665 710 12207
201 453 37590
355 865 69080
541 717 15000
226 772 48094
105 457 34059
686 854 19105
97 659 41110
63 537 103121
138 953 40311
191 583 16155
74 296 30017
569 574 30364
658 868 36878
200 568 36497
158 542 34540
98 256 47096
120 818 23537
562 897 71610
354 598 41761
412 592 18028
48 415 16971
40 837 32558
527 690 14765
14 394 20809
685 875 11314
374 796 15811
263 913 27295
49 247 37108
533 857 26173
536 599 31064
336 755 73246
477 586 24021
195 246 30871
743 777 23022
693 847 39446
285 615 12083
198 769 42202
340 497 21587
238 676 22804
1 103 10817
781 830 37736
68 410 19235
472 843 18028
455 715 21401
38 312 29547
317 626 38601
244 734 67417
19 424 25495
455 803 21095
357 913 13454
563 639 17889
93 823 31828
665 863 18868
834 887 36222
457 830 16643
165 751 25298
282 431 12649
4 891 51108
89 370 57489
9 785 12207
170 448 24839
623 882 14765
153 844 10770
196 803 20000
211 529 33377
554 729 35847
434 823 36674
405 767 31064
532 878 39598
692 943 27019
159 776 51624
78 548 12042
83 95 17493
162 667 17692
777 880 39560
376 528 22472
553 640 37947
294 903 43046
106 329 36056
336 849 43324
339 502 27203
634 760 43382
639 791 38910
523 553 10770
18 668 22804
252 896 18682
459 888 32016
147 593 10770
451 805 52240
90 531 23770
541 856 35511
88 134 31575
217 257 15033
329 801 12649
88 542 42544
225 780 44822
349 520 50220
236 884 36125
366 686 53460
605 956 15133
367 680 25020
752 896 29530
324 946 21932
64 424 29732
34 808 28160
40 825 44553
221 319 19313
147 457 23409
209 243 50249
102 404 17263
190 351 21541
11 833 17029
49 245 47170
12 364 11180
457 677 16125
336 907 22561
63 851 76026
675 914 15000
109 170 61205
482 687 41049
526 545 41485
569 601 20248
616 635 59135
546 737 38471
59 140 30871
106 941 44822
165 520 16279
130 865 11045
41 955 26420
326 437 31890
680 927 49000
96 246 43174
440 507 26476
99 316 22136
74 280 56089
180 295 28160
231 823 28302
98 812 52924
193 949 25942
412 827 53151
33 633 41629
344 782 142411
88 236 50329
41 642 48374
461 928 29411
60 363 34059
161 948 30150
670 691 20248
37 83 34482
118 939 25318
254 860 15620
170 763 35355
386 631 27659
481 552 19105
66 895 19698
501 615 34366
701 933 44045
83 313 44045
113 683 34785
145 187 43324
429 919 11314
443 628 12000
379 900 27803
534 901 24698
59 642 44283
359 863 29069
762 934 34176
130 510 29017
635 833 31890
154 682 81744
923 933 27459
566 876 46174
342 919 17493
439 886 43829
135 480 65368
33 814 45354
59 590 25179
376 583 49930
198 360 20248
283 609 46840
390 393 39623
33 591 21587
517 792 30083
175 351 26476
432 903 41231
19 255 32062
347 862 31890
104 679 69656
123 722 19698
82 760 29000
7 544 16000
638 751 25179
160 675 24166
187 652 43681
679 811 47854
242 857 23324
272 800 35355
165 842 17000
226 732 41110
183 251 32558
77 416 38275
771 802 34655
692 933 50220
271 864 14866
187 239 22091
39 813 55009
443 734 50329
344 887 39051
87 713 19209
596 606 33121
221 957 28018
115 778 16401
143 266 22023
318 651 29428
461 531 43658
341 438 20616
555 705 37590
115 487 43966
79 779 24187
57 861 53254
73 421 25495
424 779 15232
630 817 50990
397 773 50160
149 330 66189
606 861 38328
724 771 31828
617 776 27074
433 468 27166
346 822 16125
186 548 32558
375 376 24698
808 898 12369
15 171 10050
45 907 45695
242 440 22023
156 409 30480
255 946 31064
636 861 14000
293 947 13601
133 392 20100
252 396 30232
93 434 11662
634 829 40447
255 911 21471
862 922 38897
177 273 48836
202 572 31385
603 682 28284
101 955 23324
53 408 23087
258 893 47381
210 733 34713
526 821 49649
71 152 19925
237 388 32062
39 658 40497
467 557 16553
832 895 34713
607 915 26401
304 834 16279
40 893 45044
17 551 46755
445 580 48166
503 701 28071
658 917 39115
380 538 19235
573 755 17088
282 406 23770
740 881 37121
197 395 16031
444 831 22091
480 596 35014
707 950 55009
365 903 49193
151 588 40112
590 646 50220
60 892 11000
648 652 15232
321 634 49396
89 767 52498
379 831 51884
520 842 19698
702 933 56321
546 867 14866
170 681 86839
155 417 26000
614 763 11180
329 699 29155
354 949 32558
43 725 56321
368 670 61400
221 691 51088
573 928 34785
299 562 26907
474 662 55902
4 402 44011
492 931 13000
272 468 33838
16 376 52498
333 402 18358
240 854 69584
349 359 43046
373 388 26683
69 183 16125
270 944 24352
211 265 16125
103 658 56824
250 704 28601
442 795 32062
227 521 17889
738 867 27785
66 133 17000
598 715 25318
481 656 34886
223 790 39699
96 731 25080
500 739 41049
657 910 34366
24 899 36139
274 407 28653
756 854 46573
290 892 23854
70 219 33000
164 860 40162
748 939 28018
271 765 50210
34 114 18028
135 378 55227
589 661 98717
160 229 48094
235 448 41593
445 722 43829
112 473 145726
480 636 23324
14 526 23537
129 256 57079
253 621 37336
165 490 32894
86 390 19416
108 134 63063
246 323 36069
273 941 13038
281 719 24166
418 726 49518
45 508 48104
42 448 30083
64 754 28302
74 942 89140
549 689 76655
219 321 15652
211 422 38471
450 677 48094
166 669 40522
307 475 27000
368 926 24413
41 571 29206
657 905 39205
417 782 40000
230 333 33422
356 765 34366
445 752 24698
328 332 61057
579 595 37121
37 263 45222
76 420 49769
268 429 16553
380 856 20881
145 745 18439
426 569 36346
403 891 36359
215 812 29547
4 403 46840
259 419 11180
257 785 26401
417 912 80449
460 791 27295
401 850 41785
61 804 33971
180 234 119507
334 850 15620
440 876 37162
396 788 26926
370 757 48104
73 209 71561
137 591 25495
753 881 188223
686 711 28862
312 521 97046
77 706 43012
96 575 28792
571 628 29547
495 901 45804
902 948 18868
470 733 14318
413 606 12042
342 749 13000
721 885 19235
480 935 69065
84 521 44553
78 100 26019
78 802 34132
80 312 19000
234 549 151331
151 585 19647
104 234 14866
217 773 44944
159 270 12207
310 839 51245
575 688 12000
462 705 22361
368 876 21932
23 492 12530
110 917 24000
378 736 26000
92 430 30017
95 164 24083
817 847 51662
148 212 17088
20 618 30529
549 871 18682
209 277 21213
398 938 17493
209 421 69405
61 775 17029
399 710 14142
55 111 39962
323 688 26306
419 493 34132
487 902 23770
310 888 40608
240 713 15524
6 113 31575
234 533 79202
18 496 23087
614 785 20100
90 215 31623
602 869 22361
205 683 22091
726 827 13601
46 173 32573
122 264 28601
535 939 20616
608 913 42638
609 711 59641
189 746 36125
576 862 46141
27 45 43186
754 820 42544
89 435 13454
161 699 36797
36 464 46519
70 634 40050
55 547 44553
718 915 12728
52 171 29275
26 589 41110
142 649 54452
224 762 53226
581 629 60208
144 401 14000
592 613 28284
647 672 34540
501 544 13153
312 790 59414
174 277 13928
192 207 45607
674 680 32249
207 414 26627
36 499 39560
140 639 27586
62 113 17029
643 688 19416
584 626 37537
29 261 29614
112 645 104350
118 748 12166
344 912 25710
392 656 25020
478 840 35228
15 354 17720
59 184 22825
186 345 22472
673 861 49396
197 903 51971
369 892 43046
387 447 14036
439 716 37336
488 690 29833
538 837 14765
286 689 68154
18 926 33015
398 608 16031
51 251 35355
822 947 25020
350 596 39013
473 645 42012
391 889 29428
249 757 27514
21 718 24515
649 867 32388
40 524 29698
327 369 22472
100 329 19416
356 712 37000
80 231 19105
54 87 47043
89 495 61057
667 859 29275
340 483 79228
1 110 59481
339 381 20518
57 548 19416
169 657 63514
365 758 23854
203 384 10770
101 818 18439
300 728 40000
251 259 28320
193 813 35014
448 764 22825
473 823 37121
69 251 25298
522 754 29275
176 661 57559
384 951 15000
461 613 47202
434 473 23345
3 142 47011
428 569 25495
296 414 33121
666 757 50931
164 189 37014
183 523 25612
447 759 27514
348 656 34928
152 691 28160
276 317 23087
247 268 34000
628 855 59135
2 360 30594
289 571 32650
30 183 12207
188 578 26077
197 294 24083
20 335 66068
546 588 26420
289 341 34234
288 525 21024
52 266 23601
393 806 31321
675 950 12083
377 705 53600
652 916 33838
509 728 29411
74 340 77621
495 666 20224
258 882 29614
495 888 35355
584 898 37802
258 471 32558
22 482 50695
354 506 21213
340 869 46098
468 539 26249
17 857 16125
259 493 41110
72 684 17088
128 739 29155
785 906 18601
398 476 30887
192 894 48042
824 833 21378
155 291 31401
98 418 44407
18 957 34655
364 788 22847
329 954 28160
641 743 27166
29 695 46325
21 244 35440
610 746 39013
246 731 34540
248 412 45695
433 667 19105
660 846 58034
376 786 37696
346 794 16763
821 862 37336
208 513 39357
218 371 28601
373 900 32450
377 811 44102
44 872 32280
4 513 41725
87 609 33302
524 893 33242
502 687 40311
389 769 33377
121 138 27893
427 564 61294
596 806 44418
586 774 17029
28 244 65299
441 599 24207
585 819 19105
545 882 16000
138 769 25080
224 724 10630
248 792 26476
91 677 26306
700 820 33015
173 304 21401
132 454 27313
278 341 41340
55 261 29000
310 459 45541
8 950 19235
56 139 31064
559 607 59540
319 528 28862
155 782 22000
87 649 49578
317 584 16643
37 608 43566
140 590 16279
171 715 31623
139 303 11402
476 647 27893
191 319 48083
433 535 19235
496 912 24083
331 677 28284
191 203 20224
560 805 26077
174 550 74095
153 933 52202
706 833 20396
470 809 18439
51 419 36014
192 213 34234
358 828 24207
479 681 29155
351 486 22091
634 918 18028
384 912 46487
723 879 39661
836 892 11180
140 791 40311
311 807 22672
46 523 11402
853 913 29275
211 385 39812
609 713 37656
6 850 26077
568 886 52345
412 418 58856
624 633 14560
88 607 35171
295 567 12000
28 628 73348
796 921 22000
630 908 31906
519 562 56719
697 861 28653
504 825 17720
603 929 19000
255 881 61612
168 465 25179
381 491 36056
94 720 51971
314 756 26249
668 926 45277
51 514 51546
219 823 47634
362 475 29017
187 823 34059
268 374 40200
300 696 27019
133 656 29833
504 909 34713
258 485 32650
259 271 35847
572 839 31321
253 256 46615
328 862 51245
257 773 38079
338 611 13038
317 637 41195
258 629 27295
692 702 27459
413 673 22361
19 166 18439
278 300 14000
646 733 17000
323 716 23854
320 658 23770
596 802 41049
17 507 17493
18 951 32202
689 708 41012
272 277 24187
468 535 22804
700 935 39812
105 677 43681
493 877 42544
36 315 34234
154 828 34015
510 875 10050
309 500 16155
159 944 30067
202 839 21024
42 954 22804
576 623 39459
149 719 15556
437 535 23537
355 608 12530
46 956 41761
91 266 37802
607 925 19235
210 607 23259
337 737 29833
39 874 33106
338 397 36797
16 514 52086
102 567 29411
388 518 49729
303 395 49820
42 764 21633
54 298 38601
437 468 19647
194 920 23770
504 932 14142
529 651 23770
205 248 27459
245 747 11705
30 51 29411
275 790 23195
391 873 29120
294 587 14318
72 119 38210
622 815 26173
802 806 25179
951 957 44045
359 842 35114
236 342 62610
242 291 20248
153 659 40719
290 917 40162
177 597 47170
245 316 36139
112 478 18028
707 833 22361
163 341 48104
511 908 25000
238 813 46325
17 242 18439
522 779 34928
437 800 40608
151 819 10817
676 681 46573
369 507 27000
508 807 49244
240 756 88640
366 711 50567
291 566 29155
702 742 21024
184 674 44011
345 697 50329
439 444 27659
556 776 27785
23 712 18439
11 793 46615
803 937 26926
481 895 17088
3 446 27514
778 948 36674
218 788 47424
302 625 24515
178 419 42450
121 790 16401
575 731 20396
207 416 28302
3 73 21932
482 780 12166
355 913 39661
509 657 45100
467 487 40112
180 871 31906
115 789 43863
575 877 27459
64 911 59808
380 767 16643
117 829 34059
306 794 56754
29 233 32573
157 672 64382
465 626 47011
487 948 17464
109 147 28231
246 651 52173
101 674 14866
518 744 24331
238 949 22472
836 917 42720
760 918 33302
93 473 12530
526 922 29155
184 563 12369
48 52 45277
604 657 42154
515 550 23770
635 824 17263
587 758 41437
506 813 17692
505 763 45607
644 783 19105
100 106 34015
842 863 13038
633 870 28425
466 805 29833
338 789 25962
470 542 17889
352 460 27803
13 80 19105
525 599 11180
56 944 32650
125 126 62968
276 394 50329
194 950 36235
255 936 20224
108 236 68007
325 482 24698
34 945 96255
296 416 30414
122 185 20248
837 856 18111
37 313 17117
48 709 31385
573 704 21932
345 861 54203
259 864 28000
463 800 31623
665 751 37162
294 758 33015
661 725 13416
146 767 24083
695 874 52086
451 821 65765
484 536 27019
79 166 19209
161 954 50010
308 762 15556
238 442 21213
438 838 25495
375 514 58898
320 363 29833
1 776 36620
223 360 50606
735 844 39051
381 483 44654
159 617 40025
256 402 26000
186 699 27295
477 760 34205
22 225 31385
643 877 31257
10 216 46840
39 124 50636
458 560 13000
225 348 35000
712 765 37202
820 935 18248
207 423 27459
406 772 29411
79 172 21401
798 925 30150
556 617 25554
702 883 48415
28 443 79322
142 738 54918
904 932 31780
474 647 33838
613 928 47127
649 738 12042
348 655 18111
107 254 21401
339 852 11045
164 866 36359
48 543 12369
266 663 21213
826 849 20025
59 120 25000
114 465 35171
90 461 35903
337 775 50804
49 362 50606
16 375 41593
288 322 23259
51 292 47508
47 851 11662
107 746 17263
415 543 15000
881 911 59908
325 872 49204
25 248 21260
132 777 25495
551 857 36249
494 499 18358
612 787 31953
485 637 16553
335 701 54129
110 297 21213
75 111 27893
314 475 36674
344 723 90973
230 253 27659
187 648 44407
383 906 51662
226 843 48260
631 773 29833
183 553 24739
163 278 29206
576 882 29069
137 403 21954
847 895 25942
156 570 29120
26 229 17029
734 798 39395
485 882 32016
220 616 58464
363 705 36056
525 739 14866
379 832 64195
203 698 37162
612 873 36125
625 899 23537
163 769 29530
124 555 34928
64 881 93606
280 602 39217
46 251 23537
812 827 23409
257 631 17889
119 387 53038
413 548 25080
23 356 31575
243 400 10770
273 274 45793
129 328 23087
132 743 31623
182 899 12042
77 296 28460
189 610 31765
32 152 33015
574 601 23324
91 530 41976
141 655 50567
518 721 29698
259 605 19209
334 402 40706
13 312 15232
32 110 17029
23 725 48052
40 856 41617
335 793 26019
100 699 31385
361 761 65765
178 784 16553
53 952 32280
14 451 41231
277 684 28000
157 352 60208
149 556 34828
352 520 46098
226 695 49244
293 904 30017
111 547 11402
400 585 40853
28 204 57940
451 704 25239
196 479 23409
43 271 23707
139 630 32016
795 813 47413
38 80 14422
320 917 42012
191 528 41437
220 589 23345
188 439 23601
368 411 55444
815 885 14318
620 822 18788
459 534 33242
370 435 58600
346 459 33838
214 427 26249
429 597 43841
471 629 10630
323 731 13416
46 879 44944
570 896 30463
159 622 21932
336 792 20248
52 143 36000
585 588 38484
10 372 54037
747 796 20616
326 800 32249
58 282 16763
176 422 33615
39 50 32249
160 318 66603
255 669 25962
40 156 28636
195 651 33242
319 951 33015
95 938 21954
773 841 20248
827 878 16643
173 723 20591
596 636 31145
581 862 24515
570 752 19799
90 347 29155
28 241 34713
187 745 37483
781 937 16125
421 512 31401
5 369 19209
292 643 23022
172 664 12369
537 851 29017
53 501 30414
247 919 31780
82 117 19105
51 784 36401
450 708 17117
504 856 50448
59 563 17029
493 516 47011
182 313 46840
199 816 55109
162 897 32202
35 809 30806
774 799 21024
233 732 29530
703 851 30265
571 955 36346
143 715 19105
457 593 16971
232 458 56462
79 522 40311
159 595 15264
409 752 19105
479 676 29206
97 503 12530
309 513 38833
54 558 27893
234 782 127577
423 503 29155
385 651 38833
213 249 62626
390 766 35903
154 521 71021
138 223 47802
417 926 57489
203 845 30414
166 424 24698
65 267 38949
477 918 43046
241 816 26833
625 799 22804
847 908 33838
177 179 41231
519 667 19723
74 194 51478
764 954 32558
185 641 33601
483 942 74673
253 328 44385
91 331 24739
389 600 29206
200 237 15811
286 631 26077
685 916 63906
21 671 16031
401 513 44822
179 919 23345
88 158 26401
226 316 49092
51 69 17029
184 680 38897
487 778 37014
144 222 15297
697 902 38184
178 877 24597
642 734 48836
265 385 38013
317 485 38949
107 201 11705
279 418 41110
189 536 26249
458 466 35511
250 755 47127
933 943 50160
66 392 25000
305 533 20248
288 678 11180
229 422 32311
145 853 27586
448 763 41437
446 694 28178
638 809 24331
562 814 30083
149 281 23707
34 232 50289
780 839 40804
113 279 13038
509 604 46228
353 466 13038
623 862 48703
488 620 21095
137 610 31623
379 847 37590
7 885 18974
432 660 33242
538 570 29155
160 869 26926
78 699 29732
396 752 57140
24 477 11180
139 579 62769
372 469 65863
603 740 28844
347 531 20616
72 299 26926
18 741 25495
126 537 22136
251 605 33242
195 529 14142
545 783 24331
471 750 22023
56 595 29206
84 223 30806
77 920 30529
299 684 29069
101 367 39051
92 465 33000
382 392 20616
388 817 45453
222 807 21401
674 818 15652
83 420 48703
12 594 70937
124 868 14560
864 879 59228
234 679 73355
4 441 38328
250 835 26926
483 502 24021
119 562 30150
273 724 28636
579 630 59540
369 440 41231
715 781 15297
141 436 53038
320 836 25807
126 787 49649
135 664 30017
641 942 10198
361 753 34409
229 385 16643
465 540 32650
879 956 28071
581 848 48374
197 587 21095
39 330 25710
212 930 29833
63 907 58549
136 725 14000
116 705 11402
24 799 27203
164 476 32650
591 610 22136
2 728 15556
367 838 16401
518 952 37121
463 797 27731
262 701 27893
48 565 38053
180 549 32016
339 832 20881
156 837 12649
370 495 19209
250 573 39051
337 756 62201
254 267 19235
696 728 25495
176 653 29206
198 696 12728
11 77 55027
123 317 38833
502 852 20248
129 215 24083
168 430 14142
228 858 14142
242 507 21024
123 637 12369
404 663 27785
332 848 17000
637 893 21190
142 399 21190
108 366 48260
786 952 19799
373 693 20616
122 502 37336
91 871 40162
333 621 12083
912 951 44204
685 865 37855
224 934 37108
484 610 36359
49 747 48826
250 451 39051
184 639 23854
704 928 18682
206 585 36674
465 898 38471
467 841 135882
285 544 21213
2 696 21260
263 730 23000
371 702 27857
412 726 49193
743 942 25962
407 801 27659
1 615 18358
292 784 26306
327 892 34000
157 349 37947
582 898 42438
220 635 116349
529 931 25962
406 431 26173
225 656 35228
324 740 62097
293 690 12369
254 746 16000
239 823 28000
217 763 27019
83 164 19849
330 556 49193
243 810 36715
128 208 17692
331 781 35511
258 524 38419
44 325 48010
408 518 12042
73 810 44721
235 714 48104
744 952 29833
233 245 23537
10 883 158218
156 580 43658
261 921 11314
578 716 12369
10 945 28320
446 819 33015
117 760 23022
365 756 42202
251 419 26401
367 438 35903
497 858 28160
155 305 35903
489 916 61221
240 711 62642
415 506 21541
775 804 23409
345 902 21932
666 888 28160
629 848 59203
274 547 16643
118 667 37802
25 205 14213
212 513 31241
120 184 24413
310 872 31623
382 632 12530
78 771 53460
147 720 11314
486 943 21378
1 917 53085
97 423 30414
390 762 42953
445 594 16155
263 449 36359
65 759 18028
232 466 22204
161 611 44553
391 703 29069
562 633 53038
321 745 19105
643 890 44688
176 589 41785
499 572 13000
164 536 37643
2 84 41110
112 840 35805
256 621 22023
253 897 51478
351 943 29206
27 683 13000
131 220 52555
711 713 56080
165 863 26019
131 229 40162
300 341 35903
404 565 39051
48 506 21541
227 275 20248
262 618 19416
177 224 31305
682 881 49497
719 846 23537
7 501 19105
840 889 47508
625 930 34886
187 569 31000
12 727 76059
54 638 14318
420 739 12083
748 848 21401
239 745 25318
258 637 42379
82 774 17029
289 770 30480
169 300 43186
336 517 22472
105 593 26077
102 295 37643
306 797 32202
491 578 38471
361 654 41773
269 930 45607
788 943 38275
134 236 63891
237 568 27459
101 438 57428
293 488 26926
703 807 31765
57 186 23259
693 817 36674
432 719 58249
135 935 30806
607 718 33061
593 720 18439
370 666 19698
326 794 34713
127 528 13153
53 518 27785
355 474 28302
181 388 46098
71 297 16763
302 899 26173
717 856 26683
215 328 25710
58 365 45000
817 908 43382
77 793 61327
389 426 16643
31 469 15232
545 644 39051
223 521 24083
654 761 38471
190 844 33615
2 509 26249
76 269 33422
773 789 22091
146 856 16401
750 825 50912
287 824 48836
703 873 21095
888 901 44407
642 646 35114
356 931 13892
307 314 34785
378 729 17205
30 69 19313
200 439 26249
564 896 41437
103 776 34205
246 716 38471
218 364 36401
24 182 44011
352 791 13928
34 898 34438
286 386 32016
38 953 31385
387 814 46872
348 494 21260
317 722 39699
61 436 33242
453 591 57271
86 308 33526
314 686 28792
212 269 35693
127 376 30232
209 272 27659
19 911 17692
310 794 54589
469 727 21954
577 775 37656
116 555 34655
347 821 24839
82 889 40719
50 874 10198
332 859 23854
234 295 92071
437 488 27731
421 550 18028
805 835 37590
382 687 27019
147 830 25554
372 727 69426
259 609
587 85
573 461
823 390
130 642
874 405
283 666
514 967
80 312
873 829
605 948
798 811
751 76
917 611
150 475
233 791
76 618
125 730
404 73
708 944
420 236
505 690
352 906
806 265
951 435
435 947
933 410
440 144
261 418
245 820
882 780
217 649
731 446
939 724
468 342
541 572
745 294
725 97
225 539
758 678
515 211
169 289
288 937
574 668
976 406
221 857
942 316
144 509
341 422
229 507
269 837
111 478
275 682
500 372
235 368
347 601
212 217
389 487
549 278
155 594
496 566
918 400
986 390
361 40
658 394
467 707
245 99
557 732
252 838
822 160
225 662
682 506
589 476
570 884
296 340
820 321
587 896
232 241
378 100
737 89
773 419
864 259
728 324
618 58
377 382
364 198
498 419
433 308
669 762
887 535
74 429
857 743
781 100
112 328
713 315
352 843
674 916
893 441
313 461
231 267
558 212
51 495
253 600
19 572
90 361
245 298
673 400
366 355
140 398
206 636
269 347
898 206
905 411
924 734
125 193
116 563
866 240
758 568
686 468
549 253
688 90
535 748
826 685
175 531
910 219
944 272
200 716
804 366
843 501
627 235
474 943
626 806
467 690
427 339
319 115
356 953
759 414
661 97
378 603
562 306
452 596
574 414
111 442
887 374
751 190
721 722
114 387
882 324
316 528
586 59
572 514
244 668
704 840
580 15
60 686
764 706
636 386
457 297
316 616
484 933
177 226
748 526
637 146
715 339
543 348
390 85
399 205
893 768
557 124
145 337
140 474
361 113
190 867
657 507
762 795
393 973
329 292
297 842
339 332
19 443
366 667
807 309
238 830
569 267
546 765
191 227
737 149
402 772
714 376
737 813
184 768
659 824
177 479
549 931
381 861
176 413
439 593
610 110
495 117
358 750
662 404
523 651
164 771
386 123
960 424
583 566
647 868
817 378
649 515
463 284
388 908
876 340
655 790
667 780
861 517
828 842
121 285
818 851
789 160
455 992
177 704
890 359
648 51
315 264
521 663
279 481
658 43
456 856
436 930
792 476
735 108
954 676
292 428
8 562
202 325
386 290
345 741
201 475
759 151
487 446
417 118
72 636
615 552
410 202
297 405
394 833
350 386
965 451
606 751
981 588
244 862
765 780
819 482
690 387
436 71
846 444
106 284
809 633
263 883
632 294
255 389
718 917
759 251
518 771
396 894
97 459
687 368
320 370
841 347
326 609
277 916
667 536
281 283
257 322
675 54
887 675
670 512
614 128
898 422
515 895
305 549
373 492
431 381
87 525
280 629
64 274
636 971
746 347
558 167
168 625
65 655
300 801
709 625
437 569
22 471
596 869
209 657
523 403
696 483
600 128
26 389
833 319
389 600
177 850
52 651
588 607
356 473
374 230
814 368
595 647
890 331
737 70
762 296
389 462
545 538
306 440
864 677
434 889
170 722
180 579
782 174
725 337
368 808
471 68
575 716
666 595
139 635
836 523
215 278
250 533
98 423
784 555
813 450
858 415
642 947
989 470
456 519
120 218
478 745
495 864
592 163
358 346
212 797
122 801
199 206
659 626
862 550
500 635
600 374
302 181
757 821
604 335
946 661
167 480
702 260
346 875
725 229
598 34
563 396
617 91
240 79
385 447
157 560
796 822
416 523
406 382
597 214
140 677
118 627
625 725
801 874
819 827
373 715
280 366
240 750
217 741
91 615
356 156
408 720
728 732
464 760
503 705
44 328
160 761
427 916
84 249
648 431
347 709
656 153
345 202
896 305
487 692
316 229
905 628
438 609
782 805
147 243
709 287
554 407
605 548
887 388
822 434
778 403
68 498
750 744
351 501
232 308
298 684
784 729
560 751
175 634
947 493
246 223
625 853
156 521
623 883
70 710
937 435
268 873
774 340
608 459
406 942
652 895
381 62
734 582
670 144
692 772
729 138
335 363
883 758
377 504
384 527
722 552
775 90
660 772
505 598
690 574
605 179
383 758
86 653
785 385
216 460
506 188
410 764
809 739
582 487
634 430
161 318
790 232
81 355
943 579
554 719
680 437
615 831
143 427
517 415
92 395
976 624
640 654
626 318
922 543
103 562
632 593
583 592
890 743
957 654
170 140
695 555
876 794
486 321
777 627
329 523
792 106
678 275
356 446
694 314
816 260
881 200
184 435
262 147
455 683
554 703
501 785
760 385
830 658
735 823
167 180
702 599
658 181
532 317
434 780
358 895
302 870
514 619
637 710
118 752
474 869
514 61
530 610
820 353
270 652
500 761
663 922
722 663
156 284
164 501
91 627
931 389
567 68
628 206
430 675
589 434
852 360
285 788
624 421
339 841
981 449
299 696
725 521
559 345
650 27
341 84
218 846
779 657
765 356
894 616
728 609
198 729
383 875
65 470
881 558
914 524
41 634
673 650
713 569
739 368
951 293
745 723
712 535
915 764
699 706
470 329
141 521
283 650
854 627
519 494
266 336
223 233
18 411
618 444
45 583
436 685
214 836
356 133
141 539
294 555
177 155
473 379
383 266
964 629
365 733
716 465
566 279
746 801
106 507
76 682
34 471
322 756
706 149
772 734
533 188
535 622
979 549
715 120
342 816
864 614
504 512
400 798
346 657
805 691
817 569
932 674
190 783
878 686
567 533
840 261
450 575
532 517
432 988
546 303
736 425
964 487
104 383
824 745
329 624
263 182
304 332
155 440
770 366
638 176
695 132
502 932
503 32
538 32
248 895
247 211
442 274
708 271
476 394
729 404
133 219
927 261
960 515
110 307
275 618
512 979
307 577
734 928
776 208
681 601
824 445
301 632
825 620
783 459
838 295
853 714
861 428
506 176
785 620
398 628
90 276
497 716
769 463
824 200
571 983
242 159
823 673
494 359
582 287
202 800
573 785
509 259
323 800
863 665
818 139
497 292
667 307
711 185
535 452
758 213
405 884
725 191
375 950
232 120
498 617
486 667
522 71
203 573
687 877
380 560
336 965
623 285
82 474
349 116
534 390
617 707
735 538
103 736
429 96
199 660
404 237
680 339
224 219
568 223
506 943
207 453
78 403
744 358
73 528
596 239
195 408
499 4
938 422
698 512
646 197
399 435
520 726
342 804
38 337
721 622
216 671
760 861
392 707
557 474
236 457
601 101
217 159
179 805
204 251
265 73
691 924
775 884
922 318
964 565
123 572
588 939
572 949
79 338
115 521
544 397
427 428
334 910
483 431
219 370
130 444
388 795
708 718
444 241
327 539
122 379
320 675
834 703
172 877
307 271
342 953
903 471
865 775
576 96
370 166
782 251
362 820
266 442
489 307
473 226
670 821
356 182
485 512
544 460
779 351
487 8
136 707
774 863
600 788
295 720
763 176
690 403
301 394
756 580
346 341
763 610
519 356
786 748
268 59
337 55
995 543
406 482
580 742
436 536
643 404
843 239
194 126
363 241
120 312
181 307
312 880
310 210
719 746
610 400
651 120
538 144
285 248
327 484
97 247
853 272
497 549
280 579
601 811
138 203
375 76
556 691
133 429
38 686
850 651
304 827
90 305
252 727
916 231
775 831
95 225
678 77
599 322
970 477
643 921
643 621
218 492
285 381
607 581
489 262
832 273
650 567
211 290
261 223
164 429
519 541
938 631
286 220
907 346
911 721
498 335
597 520
94 571
873 490
176 514
687 457
304 658
441 106
376 674
554 230
581 520
298 72
878 569
673 618
759 123
588 980
727 646
976 531
895 482
579 49
864 206
101 409
432 766
472 725
592 959
165 839
971 613
165 600
752 710
610 204
544 652
877 235
78 240
551 363
319 508
708 830
143 793
322 562
426 687
769 563
975 511
848 403
952 322
489 744
731 209
418 437
510 117
734 712
60 616
446 866
764 542
702 377
242 173
841 574
544 374
263 911
638 234
684 320
530 484
179 545
498 910
787 441
36 416
605 677
924 297
239 509
638 205
120 668
319 831
886 496
205 899
612 849
450 11
838 627
745 922
362 263
301 672
358 794
161 803
620 679
901 276
294 766
797 434
155 605
803 680
657 872
449 699
760 762
774 507
908 709
815 300
391 742
664 673
190 186
394 567
683 640
483 75
79 290
994 448
415 655
699 689
527 37
417 61
116 776
735 238
497 955
453 250
706 219
206 612
818 217
343 355
571 922
263 381
869 601
734 913
232 144
459 265
126 697
596 288
946 560
503 51
869 311
358 882
712 653
719 890
351 273
301 90
439 91
141 415
724 296
733 564
95 480
280 270
575 795
739 844
318 586
892 808
462 88
698 617
174 196
189 456
517 948
151 749
266 713
698 113
187 275
538 224
233 897
149 705
