973 1811 6 568
149 404 33242
776 826 43932
171 499 43417
62 77 28792
725 939 43012
424 501 41773
352 371 14765
96 403 11180
80 366 46615
32 331 18439
188 564 29833
65 316 32894
192 195 55660
542 702 20224
347 637 25020
150 485 12530
184 938 28071
343 919 34886
482 711 43012
379 827 11662
435 453 28302
391 618 24698
427 704 50636
216 788 51478
562 855 12207
65 117 47518
136 183 13928
186 859 54424
396 611 29069
181 708 23770
772 799 37443
89 954 39408
185 890 38079
202 332 48260
764 832 31241
184 654 36401
29 271 23022
73 494 45618
215 722 35171
111 611 27731
576 628 60208
837 904 20616
368 910 34928
867 878 25060
97 502 38949
773 959 15652
7 729 18385
368 587 33601
25 943 19235
689 906 30887
521 915 36878
88 508 26420
565 967 18028
873 967 16125
191 552 14866
49 406 17263
137 454 37054
176 672 29833
802 908 17029
581 863 43966
539 846 42450
254 556 42048
786 904 27019
253 287 43081
102 573 10817
401 593 29069
94 174 17464
478 698 54406
45 489 13928
410 928 30000
215 843 23854
218 275 15264
141 747 25495
71 602 31765
122 866 10050
563 877 38079
279 922 43566
372 486 37736
579 727 21000
460 775 21954
852 936 32894
762 856 33000
459 503 46400
149 682 41976
497 533 45277
530 583 13342
516 568 27586
50 854 29428
337 468 40249
139 944 20000
229 903 34670
332 528 13416
655 762 62650
285 588 35000
103 497 37121
218 701 30017
62 471 45651
596 626 18028
530 813 49163
352 678 25554
679 741 21024
180 792 36000
326 666 41773
285 778 32650
6 207 47634
366 504 17088
434 860 42942
606 871 28178
139 822 29017
869 899 37162
125 876 19235
430 486 45000
105 245 27659
298 841 24739
121 445 21633
134 405 13038
129 693 11662
65 149 43012
513 696 22136
117 930 17464
210 450 45000
208 568 22361
633 724 44598
670 865 43012
102 222 29206
13 38 29120
123 501 40112
87 210 172708
608 882 48754
734 836 26926
217 667 17000
624 875 22136
83 709 29017
541 746 27295
68 250 33601
673 749 47424
363 747 48270
279 627 60208
757 819 22847
787 894 27074
116 331 10630
358 582 44553
40 240 41773
47 252 60083
57 926 39459
287 711 43738
68 891 30414
333 770 65000
96 603 34234
91 816 35468
114 333 48765
112 399 11662
549 706 15811
571 942 41000
37 768 31401
45 665 37736
43 383 60811
233 280 41593
758 934 21190
345 901 20000
121 324 46872
378 972 16492
398 482 25710
546 911 24352
48 903 23409
58 322 22672
244 459 29120
647 784 28160
12 250 29206
744 887 12000
66 941 43566
501 928 22361
546 874 14866
26 919 40792
184 830 26476
313 895 29833
32 116 16279
187 922 30463
294 617 18601
756 847 33601
98 538 12806
81 94 19925
106 822 18248
144 177 42190
547 672 43681
382 629 33242
522 529 32527
219 948 39560
683 904 24083
732 862 20248
170 255 43600
188 758 35014
506 920 45177
895 962 31890
241 657 42720
10 521 12166
10 438 27074
93 479 17464
161 307 59682
771 966 14765
229 292 47424
209 303 24331
124 931 45177
621 862 19313
385 393 18439
472 788 27514
632 664 24021
940 968 16763
430 648 51039
98 963 27295
508 679 10817
257 765 40447
91 197 26000
464 682 35014
433 527 48021
484 952 45651
227 571 131107
829 919 18358
622 676 24083
574 726 26926
300 731 34015
572 814 44598
34 775 10770
82 170 29530
302 342 30676
294 887 29614
130 535 60539
435 739 29428
101 279 22023
164 233 17263
912 942 20000
433 668 34132
82 153 19925
178 592 48332
534 679 40112
415 779 37855
348 628 31064
151 469 30265
47 822 76322
114 801 22847
2 400 34482
160 172 30067
422 920 38484
51 839 33615
478 923 22023
222 425 18028
292 480 38275
9 951 32802
238 849 42426
69 286 21471
110 686 28018
48 455 20396
611 657 30414
607 770 59076
562 712 25942
265 872 20248
645 913 28862
188 589 39217
310 908 22361
590 845 23345
288 898 45651
20 763 21633
551 613 42059
673 864 18028
24 432 18788
413 888 32558
2 78 37855
70 716 45607
670 902 44045
549 873 27893
119 329 13038
318 489 13000
31 577 33287
218 314 32311
439 474 15620
886 966 11180
194 198 25942
377 555 53038
334 745 43012
560 933 16031
215 618 55444
316 519 38210
463 473 21541
654 938 31575
882 916 21932
40 130 52631
263 357 25060
492 758 20591
294 763 31953
147 709 31257
204 686 15000
165 651 40000
824 926 18028
199 796 37855
127 386 36674
552 806 55902
412 698 63891
449 810 33015
131 135 13928
164 280 49518
142 806 39115
116 246 39699
257 600 62434
746 919 26907
152 674 22804
143 688 24413
241 396 20616
605 719 17464
261 825 40792
86 163 38328
682 884 30871
507 960 45222
27 301 13601
435 528 31241
66 471 35777
334 420 40025
516 815 10817
4 942 38471
338 688 27074
702 788 11314
42 376 19416
715 952 62434
515 524 29732
92 683 33971
64 455 11180
282 931 21840
293 789 10296
355 494 46065
296 869 23707
79 264 33541
278 299 33971
270 288 31113
189 715 58009
300 798 26173
34 440 23854
299 459 46390
22 892 42154
123 709 34132
25 594 99745
214 731 35355
323 518 23601
254 499 18439
488 946 46065
18 27 52010
747 935 51478
346 513 56515
12 390 21095
761 889 15811
132 968 18358
111 659 12042
213 724 17692
438 964 20616
172 718 46648
172 520 11402
152 653 37696
11 348 19416
1 880 36797
238 779 33838
228 856 39812
484 626 34482
243 747 22136
181 483 26683
196 510 32650
5 808 25632
22 563 34525
406 577 26249
307 517 47434
347 971 33422
483 547 20881
404 789 29275
449 483 27803
408 721 26173
139 689 28071
217 336 37736
92 520 30067
604 908 27731
137 458 27659
420 921 20224
395 821 41437
580 853 16000
372 579 46400
504 948 20616
189 952 23601
773 963 27514
615 703 15264
182 387 25239
73 612 13892
257 729 37656
782 802 33000
211 647 10198
352 655 39205
50 859 27295
380 928 15620
244 503 29000
167 758 30232
182 936 47096
214 828 36770
23 162 27785
292 452 46325
535 642 50931
238 730 62936
278 503 35735
206 676 71449
468 871 23022
269 489 29732
232 901 14866
338 759 42190
281 785 54231
447 619 24187
508 554 55471
30 955 13454
708 831 41304
147 902 38013
147 713 21095
574 659 20518
118 630 27659
354 877 37014
898 920 18868
344 898 25962
564 746 51010
367 824 50329
467 961 46098
235 967 30414
488 689 19000
171 207 33734
568 730 45277
560 584 59363
423 726 29967
561 578 15652
141 935 50000
65 682 52498
418 671 33242
33 763 11705
305 699 35903
187 615 42059
365 472 39051
582 824 43829
315 845 20616
222 250 28071
12 336 17804
201 587 12166
678 767 43267
256 947 38471
27 131 38601
5 114 30083
60 357 25000
141 243 35777
582 926 45453
418 646 23000
535 844 44283
161 395 72180
812 915 64405
86 816 74108
394 839 51039
268 595 17804
718 846 46325
605 740 36770
100 203 26077
266 787 60208
219 593 21095
186 205 52010
494 505 17029
376 614 17464
120 447 15133
297 858 11045
404 842 22136
693 931 22472
145 914 37947
14 858 18682
318 665 32388
699 895 38328
182 530 28018
161 821 67742
474 700 59203
186 624 24759
936 953 31241
178 528 41012
32 246 44598
636 958 47011
362 585 33838
248 658 20125
68 572 21587
700 777 31064
190 518 13000
69 421 32202
286 973 23431
249 356 60208
403 796 42953
304 339 52393
159 512 22847
692 927 43829
434 833 58138
39 951 30017
104 627 79228
144 306 44944
158 869 10817
29 466 26926
377 427 37216
99 446 60407
785 932 41785
396 659 39051
188 934 35000
380 531 23345
142 280 38275
790 880 53075
333 808 45277
425 559 22023
8 671 34059
94 691 28862
728 885 13601
56 387 23195
38 878 47927
668 866 35355
185 613 25495
57 335 37483
191 227 53038
308 757 31401
661 717 18601
476 815 44598
610 971 26019
186 462 33106
52 725 31385
358 657 45651
196 446 25495
39 146 39623
69 256 32202
30 358 22091
469 892 17205
234 916 19849
4 108 34059
108 796 47413
491 836 73055
669 723 26401
18 87 38013
864 879 34409
662 924 41110
610 613 47539
641 734 43658
423 574 43829
223 296 32696
95 622 47424
46 276 30017
128 805 16763
421 858 45398
571 912 37537
393 401 36139
32 889 18385
325 777 24166
683 837 21095
159 370 61685
193 816 21840
509 617 20616
304 798 28302
232 903 27074
720 847 33121
365 558 43186
465 529 30480
722 726 16492
178 332 37336
575 621 55866
655 767 54037
234 906 25807
173 770 31064
117 315 29275
588 686 17029
857 929 22204
146 218 66910
319 971 33838
745 949 38833
78 205 26000
620 827 16643
369 748 18385
242 400 39661
726 843 11662
113 561 25632
139 906 28178
65 315 48301
426 598 31575
175 473 31385
367 823 39925
77 879 20809
286 426 17493
8 943 42379
22 669 22825
682 930 10440
13 926 22847
187 360 14866
151 677 24187
116 965 36401
120 675 12530
825 917 22023
691 793 48549
1 555 30414
339 623 36359
280 552 29155
711 937 53413
156 736 15620
344 467 20591
294 724 26077
307 709 10198
110 924 104005
27 135 28844
390 891 14142
393 652 65123
138 363 39925
247 475 21541
92 364 32016
540 857 43139
913 942 40112
49 703 32558
311 668 37336
214 300 12530
118 770 38419
332 592 34438
41 940 14000
513 563 54129
512 737 27203
404 846 64382
335 737 31780
400 412 47381
767 937 53141
41 753 32016
115 140 23707
281 932 25000
67 554 22204
23 132 26476
373 759 10630
573 970 38949
635 862 40447
401 748 65734
553 723 11000
126 157 25612
842 884 12728
348 545 18439
490 556 39560
282 666 36620
148 411 22672
444 965 31623
306 918 31953
539 699 42720
215 391 36056
461 944 26870
666 786 16125
570 893 16155
197 374 38118
60 263 25554
290 815 27313
226 629 21587
123 804 40804
175 452 37014
278 349 28231
92 134 48010
569 704 35228
177 553 36401
702 755 29411
31 37 27514
731 798 36056
73 914 49244
472 878 73110
287 398 37656
100 289 15000
328 730 37483
151 317 41049
204 811 29069
82 176 35171
498 661 36878
636 791 42154
40 964 48042
162 616 37577
416 429 43174
491 851 27659
123 850 45343
79 772 35609
99 730 38601
130 642 22472
595 690 16125
3 756 23601
201 536 32388
105 731 42802
90 844 34205
364 484 35903
83 557 13342
853 952 29069
631 948 34132
11 273 33242
15 638 34234
234 825 43932
575 794 24597
369 659 22136
66 684 18974
48 64 23087
339 675 63514
340 544 21024
680 937 47508
108 907 19925
103 199 12649
575 635 55027
412 833 54571
760 910 27203
266 756 36770
222 243 27019
475 574 51000
706 873 26907
321 346 24698
244 956 16279
174 497 18248
523 890 16125
186 695 43046
192 782 42426
766 895 27893
256 881 36878
712 863 40112
319 551 29069
314 446 20881
159 333 62008
169 448 24739
452 480 53151
735 881 20000
601 893 29206
155 851 46174
597 616 33541
613 716 39825
675 738 27803
104 922 16125
231 761 31780
379 620 20025
519 932 34132
370 945 31780
140 705 72835
228 762 17263
541 564 44418
681 721 38949
436 681 32650
72 210 30000
453 781 29155
28 222 29275
252 822 59540
437 738 34482
226 382 15000
193 388 48052
153 598 33242
376 788 38328
375 857 26926
608 740 27295
460 594 27203
307 821 44011
392 951 18601
14 109 36878
224 793 38626
734 782 51245
602 878 38053
133 628 49396
386 634 40497
331 889 17720
676 897 21541
283 352 50448
19 351 15133
388 487 29275
203 546 25710
548 942 36674
36 836 14422
661 933 18000
20 294 42579
7 935 27586
877 892 37000
252 274 31828
831 973 27857
48 232 30610
150 637 36620
91 969 11705
778 780 31064
141 742 22361
97 367 36139
270 579 11180
203 271 26249
19 89 29411
228 474 46819
320 500 24698
295 416 19313
375 460 27166
507 595 23195
269 544 18601
233 548 27659
757 818 20616
327 525 10050
359 743 32450
300 812 38910
397 872 29833
381 749 13038
360 922 34713
580 597 17804
166 649 11045
448 774 33061
286 708 51546
781 911 21095
287 291 25632
638 963 68066
113 475 21587
515 601 50990
206 698 25239
201 350 24000
799 953 16279
311 379 13928
768 911 19925
127 176 40361
663 796 25080
762 792 39408
691 872 39294
818 838 21932
209 616 28160
136 236 33526
26 114 16279
316 834 32311
303 441 24021
428 783 12806
92 172 38601
55 110 130300
959 963 40224
196 399 43139
213 633 41037
242 412 12000
25 394 46840
63 375 23087
424 457 15264
525 668 24021
401 652 64008
766 962 31575
392 399 12207
245 731 45880
549 698 43966
96 267 34828
308 322 31575
6 355 23324
90 556 30414
474 585 36125
30 960 27659
216 331 33601
496 690 34986
541 685 16401
519 609 22804
485 551 35847
542 755 38288
617 744 20125
135 137 21840
86 105 55227
551 610 38013
503 799 17464
736 772 30806
149 813 53824
293 404 24515
319 637 29017
462 480 23022
721 804 21954
341 849 16643
150 262 35384
311 620 20518
1 215 59397
812 828 61717
132 808 33302
239 839 54644
752 835 34482
417 464 38013
33 392 18385
334 865 53235
505 535 34409
467 576 56080
467 920 45277
312 699 30017
202 592 19723
537 583 15133
517 639 36235
415 492 15811
463 859 33015
336 778 50249
356 856 16763
214 236 41869
396 475 13153
384 538 19849
907 958 18439
44 125 34713
260 539 20224
698 741 10198
93 934 17720
464 749 42544
92 405 42720
395 740 20224
336 419 49649
864 966 28018
385 751 10817
16 402 52202
559 921 22136
53 210 125670
118 607 39623
324 937 26077
646 943 43932
28 970 27459
436 606 15297
24 444 22847
63 540 15133
40 914 65000
74 262 13038
640 792 24042
681 810 47760
313 560 34132
334 921 37643
728 824 21260
494 535 27166
83 517 50000
193 487 47011
751 883 28460
339 738 60539
453 466 32757
364 644 13454
224 691 40311
646 671 23022
677 892 19925
296 576 37736
587 621 20616
466 506 20809
302 966 34828
578 791 46755
194 240 25060
598 735 21095
39 125 13038
60 834 18974
250 420 30871
307 670 48166
156 848 22361
638 959 57628
599 867 12207
10 964 12806
252 946 28844
468 606 27857
547 708 26173
343 541 10198
89 720 51010
861 968 38079
614 788 51108
337 871 23022
253 666 40000
99 710 55172
13 57 33541
833 923 27586
277 426 14142
457 584 34205
504 753 32527
32 761 34059
167 359 48052
472 702 24759
440 775 24187
190 323 19026
54 636 31000
237 953 36620
570 650 56089
85 98 21932
523 651 17029
600 765 29967
687 702 15232
70 797 45607
447 817 23707
523 567 36056
35 827 10630
272 528 36497
109 754 44721
107 730 22804
11 628 22136
522 605 35468
470 509 64514
70 875 28284
338 373 35735
295 587 19235
415 758 23537
115 403 40719
79 182 47802
162 597 22023
20 33 14036
794 835 34540
382 507 17263
92 644 22091
229 658 37014
251 434 27586
491 641 49497
158 920 41110
517 821 11180
267 571 46840
186 797 25080
734 870 16553
510 710 30871
597 952 49254
537 852 30000
517 694 12207
176 924 34928
283 844 25080
26 829 29411
79 962 37108
183 915 42379
139 461 31145
71 208 20809
120 619 28636
115 230 26476
401 753 36688
403 663 32249
803 882 30265
75 86 60216
24 476 18868
666 904 38079
5 597 35468
581 712 47434
207 499 33242
622 783 38013
30 268 37216
259 535 48508
156 221 24839
51 284 16125
80 520 12649
50 78 19647
554 787 40853
269 368 47634
9 392 37336
132 940 14000
328 568 29069
630 746 50249
471 890 43417
480 797 30083
254 355 17263
264 410 27166
275 446 23000
28 573 21095
861 883 22472
325 422 41304
283 655 56569
58 680 32249
179 237 23022
150 220 36235
205 543 20224
360 868 20100
47 61 37483
472 591 35228
103 663 47434
86 817 24083
97 652 31016
278 848 37216
220 697 24083
287 407 27459
168 545 36497
102 865 41110
673 771 10296
336 390 29155
847 954 12166
209 366 35511
27 212 34540
43 623 35057
280 414 51662
48 225 27019
479 758 21587
395 608 33941
59 829 14142
552 638 50990
53 725 80722
389 657 48847
729 775 43139
508 632 142144
179 813 34540
803 838 15620
397 793 20616
439 841 42000
180 298 20125
41 883 28284
854 959 30000
261 929 47381
491 509 103325
756 894 38000
808 968 34525
736 848 34525
645 809 29833
833 860 34176
279 868 23854
312 846 44000
429 685 26926
128 194 11705
354 714 38275
200 619 35114
696 714 58694
4 603 30594
121 356 56586
809 913 13000
503 956 21633
588 667 63285
531 584 38639
452 909 43932
457 643 13153
168 725 65856
557 643 23259
462 909 18682
216 231 23770
119 400 47802
405 904 27074
397 629 56569
350 442 11402
164 414 25239
71 599 15556
604 802 14036
707 801 27659
554 679 44654
344 372 29120
496 872 23087
507 690 35355
152 636 47707
142 248 16971
146 167 60108
37 586 65069
285 780 16279
866 961 20616
63 353 19416
615 868 35355
129 596 30083
361 662 81394
305 560 24187
223 656 36069
567 941 18028
282 326 17029
62 625 12083
219 631 41881
437 619 25080
171 189 40792
98 664 26401
200 807 32573
570 849 34482
170 735 43000
431 591 21541
77 471 50249
52 656 24042
409 579 17804
175 909 34928
258 857 46174
138 529 17029
388 752 34828
733 847 53935
737 893 21260
83 307 29155
387 962 10630
436 581 21633
537 936 37336
216 550 37537
327 866 23409
209 441 37537
225 658 34670
221 408 12083
21 395 34000
494 612 48662
697 875 32062
165 795 31890
107 604 34234
54 796 25020
18 301 48847
519 785 34482
833 950 30529
34 460 23022
212 518 69462
442 589 26833
160 718 24166
109 495 72691
393 751 13454
339 383 64257
325 927 17263
186 220 16763
94 265 16279
253 498 23022
418 460 51865
203 820 18868
669 957 25632
20 354 39812
750 849 14142
811 855 42426
141 765 26926
86 918 30414
14 19 23770
35 130 48332
354 665 29155
442 685 20881
754 833 16125
42 331 19313
650 849 50090
171 596 31064
689 916 21024
75 136 15652
474 640 38013
158 506 53600
778 949 11402
291 338 47634
89 351 17493
284 703 12369
497 791 34015
15 463 36715
22 346 28284
246 764 28160
259 642 27731
126 429 38079
257 572 93231
402 839 55000
259 841 35440
249 655 62626
532 692 26926
769 771 36235
106 929 23324
209 644 39925
284 566 17692
551 716 32388
88 897 105475
580 801 40522
84 231 23345
412 923 45967
93 607 44102
406 500 30594
431 960 18248
31 905 26926
421 947 26077
37 272 41000
750 779 21190
377 880 60745
54 533 13601
501 804 27893
317 318 14866
342 618 39395
339 649 16279
298 535 36674
75 183 12042
716 875 43081
145 826 39408
264 380 17263
635 760 26926
355 612 29833
44 951 38471
242 251 10630
276 803 17029
160 417 51624
569 795 29547
55 217 26249
316 813 26926
32 832 52479
704 972 18439
507 542 29206
223 576 33061
320 394 48104
107 195 25807
145 157 20616
428 622 37483
539 661 41231
44 876 26926
438 915 42297
497 691 41869
498 560 54672
733 967 33838
542 550 34986
385 753 35609
61 252 32016
589 743 34205
85 854 18111
482 931 58249
224 705 22204
534 554 28160
29 925 27166
323 454 48010
398 931 45277
38 524 19416
173 341 14765
21 529 20224
222 814 19235
825 906 41037
65 930 49244
70 480 47000
345 526 23259
260 666 14036
707 853 33000
139 946 43966
235 565 37947
694 821 21587
423 722 23195
619 807 22091
173 737 13892
303 366 14866
281 860 35355
165 972 14866
728 823 16763
847 967 47413
417 718 50804
663 705 61814
438 812 47170
803 818 26173
603 912 17889
2 95 16763
190 437 27857
502 611 36892
294 744 29614
268 960 27203
367 660 35000
323 807 20616
11 939 32802
45 340 14213
181 449 18358
634 712 42379
606 721 37643
389 784 22847
665 877 44045
719 825 13342
67 733 22023
487 915 43932
322 819 41773
419 780 20616
635 910 15000
481 582 44102
43 545 48374
509 851 75690
24 764 17088
229 452 60407
13 511 17117
776 952 28160
401 840 31241
261 461 14000
97 660 43600
716 890 25962
421 708 58694
154 830 27731
458 896 35355
566 839 26401
341 750 19416
40 805 46872
270 372 42638
753 840 14213
32 36 128141
13 524 22472
230 443 13928
650 730 44385
696 887 13454
36 870 26926
515 650 50040
125 146 33106
138 522 37947
707 826 21471
456 582 42059
59 429 31145
119 622 34409
235 954 18028
112 724 31953
719 917 11705
76 845 30000
477 712 48270
500 839 18358
250 921 31780
432 734 30000
358 514 20616
133 327 22136
126 416 57706
590 879 40608
328 516 24166
89 947 38079
424 584 20616
594 943 80529
495 932 12207
707 776 30610
799 936 35903
130 194 27074
171 484 50961
854 859 33302
108 645 36056
477 581 38833
625 774 29698
407 711 51662
247 784 27659
60 316 21633
493 692 20000
228 640 14318
55 891 25554
605 825 16643
200 817 26571
221 848 20224
35 648 35228
255 662 24739
654 819 48010
369 574 23087
185 716 40447
91 177 29833
306 896 33541
66 569 52202
582 657 29275
91 317 37014
181 299 39623
453 739 32202
465 740 12207
526 674 11045
225 411 22804
176 255 39825
149 293 28636
99 275 57079
250 814 15556
885 945 32016
277 598 33956
104 493 11705
204 588 13601
476 602 37802
45 269 26571
335 885 32650
324 680 47127
23 808 17029
413 794 35228
310 432 41629
185 845 32140
197 816 43566
102 425 19647
326 837 36056
152 345 19925
410 501 28284
291 584 81939
557 759 37483
485 697 21213
362 777 12083
832 870 54781
365 514 23431
754 950 17205
134 718 14318
274 279 27857
546 703 39294
373 688 39395
144 969 32140
784 791 24839
166 527 42942
155 470 50249
92 718 52631
648 827 30463
122 961 15297
371 678 21932
389 955 42012
123 557 30480
129 931 17804
163 245 23022
106 261 43600
542 687 10817
621 732 28231
18 723 31623
431 514 16155
237 244 58549
85 959 20881
330 806 10198
3 361 38471
456 481 10770
337 477 15033
198 812 11314
198 311 29547
46 654 42450
51 566 10440
128 812 30529
333 968 39115
593 840 27514
72 437 38897
355 499 31016
384 854 17692
26 826 46530
302 886 38833
170 662 33838
804 850 10440
811 949 37216
206 329 26401
52 939 33121
17 417 32016
745 855 68768
101 627 47539
143 694 37483
769 886 45453
574 748 21932
682 842 29069
157 914 36235
235 950 33377
133 525 27803
745 902 71120
104 445 61612
305 313 26683
261 857 46819
144 896 30414
280 548 19105
45 318 25000
479 779 33422
439 585 25000
698 706 51000
266 894 41617
18 321 45804
297 495 79202
268 690 28160
304 433 45343
598 881 34015
81 174 25060
407 688 53600
790 901 24083
471 567 22023
320 839 12369
58 711 41110
370 393 73756
586 905 25612
278 451 11180
553 957 22825
303 504 27295
8 900 39560
395 465 18385
72 450 27659
498 933 44407
90 494 26476
15 330 13601
772 936 13601
143 639 23431
636 907 38079
154 184 33106
816 969 37054
269 536 17464
336 420 24021
634 672 42379
572 600 31145
365 481 29967
188 743 12806
456 558 20616
799 848 57140
62 684 41231
227 963 65000
49 911 12042
455 907 32388
309 932 27459
751 861 18028
260 786 20809
273 939 43046
342 448 17029
130 240 25000
819 938 52802
601 650 65605
478 706 16031
78 854 41617
739 768 28018
565 706 28018
404 884 20000
87 301 21190
216 687 49010
153 973 24597
639 759 21024
169 555 27295
171 490 53009
591 755 33838
560 717 22472
16 25 28018
470 633 28320
122 486 21378
513 714 52924
40 888 46098
586 800 20616
349 451 22627
155 491 40162
6 715 20248
241 784 31257
201 589 18601
40 505 23000
583 852 22204
888 914 53852
953 956 16125
213 509 15620
208 599 28018
89 235 42755
850 902 31064
150 695 44598
76 185 22472
9 446 29120
146 314 57245
237 309 44643
211 784 30806
322 680 35468
109 351 20000
110 667 88238
603 942 24331
191 571 78447
136 915 45011
536 587 38013
371 931 74465
810 863 41761
89 256 51865
59 145 48052
277 286 13928
417 682 34540
276 838 21024
155 192 11705
288 727 32558
113 791 40249
21 161 68949
244 297 27803
139 488 35000
7 363 41485
101 274 29547
651 941 29069
781 874 15133
102 559 24759
750 770 15811
538 664 14318
637 971 20025
202 899 30150
112 510 53488
323 437 26571
273 348 28284
309 609 13454
121 493 55543
163 675 21378
5 580 30610
123 713 24839
174 647 21541
23 441 31113
602 867 18868
87 212 40311
533 636 21541
195 710 59933
320 577 35057
521 752 32311
84 226 32016
419 778 21213
295 621 10440
345 790 16125
3 256 28160
42 116 25020
444 476 19647
56 182 11180
80 172 21213
661 699 31064
413 835 20000
443 571 55036
127 924 35228
117 381 22361
519 813 30610
99 107 30364
341 570 24331
176 634 42544
626 683 50249
653 674 21378
614 878 45277
258 917 24515
290 310 24515
383 450 40608
308 819 17205
247 396 18682
53 168 16763
271 820 10050
357 785 42379
325 700 42154
755 960 26000
368 374 27166
828 915 29411
313 766 12649
316 785 40311
154 322 48094
64 232 17263
578 653 11402
713 902 41881
289 532 45607
138 970 23770
329 676 48021
270 727 18868
501 643 40262
475 659 39925
56 789 14213
343 429 17205
152 958 27893
263 834 19416
739 781 22204
900 943 25080
655 792 43863
394 800 46011
17 769 16553
236 828 19313
456 511 16125
333 630 27459
817 918 16279
267 403 38833
469 677 12042
527 628 30676
417 846 55036
272 435 28636
258 261 20100
624 697 33971
587 732 26000
45 544 22361
230 403 42953
473 859 19026
175 330 29732
362 422 26683
177 957 47074
61 239 15133
602 965 43600
715 826 75293
629 793 75000
349 681 32016
7 353 24597
381 879 22136
239 402 17692
95 783 52038
572 742 35000
131 177 40804
82 831 18439
174 211 22091
153 170 21190
19 109 30414
169 684 15264
166 623 21378
88 698 15000
129 171 38601
422 925 54424
76 357 25000
367 582 34205
749 879 22804
286 421 39319
467 898 36688
219 391 17029
774 864 30887
124 253 20518
451 681 28302
326 693 13342
54 199 41629
660 823 15133
720 756 14213
408 848 26249
340 876 16155
574 843 26249
701 730 73824
18 22 34928
374 760 27019
822 944 17029
490 931 60539
511 558 14318
699 717 23854
337 902 48384
179 609 41400
403 443 43046
48 148 25060
532 927 50040
445 830 22361
492 701 13601
81 955 24083
655 937 52612
148 809 17720
124 287 40460
177 896 41773
454 458 29833
531 560 43417
157 794 34205
280 571 50249
800 905 29275
641 782 22361
290 908 20518
409 430 21190
159 393 30150
100 615 34000
17 464 11402
262 695 18358
123 902 51157
36 832 75802
378 704 16125
210 725 206022
510 633 38949
296 899 23770
310 476 39395
16 394 20809
328 815 16031
74 251 63695
78 384 47297
656 725 24597
37 739 37802
378 795 26571
471 590 64537
98 773 22091
543 695 14036
618 631 40522
350 589 19849
462 797 13000
386 562 39051
265 496 19209
67 534 14142
111 502 43290
321 887 108227
31 768 30414
40 73 44721
526 561 22804
600 742 26926
257 440 55606
164 411 25495
289 925 55660
427 903 20591
46 819 12207
356 692 28862
304 649 55570
140 793 110923
359 536 10770
508 897 130832
266 361 42953
625 864 36497
438 805 17720
512 945 23259
508 741 13000
147 307 35847
248 414 22804
180 841 19209
249 937 43012
16 900 23324
428 632 27731
74 347 46487
84 550 14866
353 540 13038
312 895 31145
9 196 37121
186 543 45607
372 409 50000
820 874 19647
741 515
820 253
645 59
916 497
523 608
397 586
156 196
82 328
549 880
351 685
120 723
285 91
729 744
621 174
917 352
32 359
589 424
369 960
630 152
513 923
264 208
401 974
546 600
750 875
33 331
519 648
328 928
261 171
82 546
833 683
11 474
835 862
527 924
103 210
250 660
729 934
2 500
721 772
530 876
345 627
586 581
824 826
132 802
491 900
472 859
280 330
83 362
866 477
61 481
862 280
80 431
65 687
107 776
891 564
291 53
548 317
699 729
312 366
488 674
664 327
109 389
684 457
151 229
859 499
635 346
740 467
754 104
247 87
611 105
781 379
735 814
209 879
385 607
786 267
344 777
689 352
674 430
857 261
508 277
560 501
860 657
544 52
371 263
890 794
909 283
309 826
331 961
826 140
654 135
349 561
396 855
526 491
568 750
879 651
825 237
950 537
737 626
924 267
634 852
114 481
144 391
288 160
912 614
182 452
280 779
145 304
663 843
894 523
657 166
414 10
751 617
557 937
808 585
531 637
992 564
823 851
628 393
573 686
832 185
257 831
244 434
187 645
404 237
408 420
517 877
448 696
483 13
303 671
423 479
294 640
365 917
572 595
159 670
525 443
352 912
330 770
331 918
233 192
177 323
981 585
216 147
932 406
320 310
353 862
441 664
503 847
374 203
888 465
592 345
771 298
435 895
834 524
563 58
247 384
635 928
496 250
428 680
98 609
640 649
561 450
329 185
532 576
272 816
928 461
801 401
171 783
545 804
102 760
709 481
570 38
434 516
563 480
634 708
872 635
881 353
510 43
389 884
58 575
591 288
275 550
537 134
546 306
343 765
217 370
697 373
815 326
138 438
535 788
442 556
236 893
975 393
631 917
377 801
292 667
648 864
582 897
420 845
269 679
908 602
302 869
483 786
28 636
100 503
404 50
847 285
832 154
427 549
718 802
543 550
179 879
850 637
296 941
558 980
271 728
699 557
851 817
316 45
569 836
652 534
799 321
480 231
265 142
68 669
947 649
883 456
891 762
973 340
246 508
873 450
997 538
874 811
842 496
945 464
211 313
696 127
298 760
590 265
612 777
94 387
314 655
794 623
770 201
248 163
582 207
259 797
793 877
807 598
920 418
256 443
267 114
762 208
140 381
422 405
382 549
535 12
637 86
150 146
182 258
270 596
453 415
180 278
797 274
677 349
475 271
890 663
678 39
977 515
865 702
481 834
203 588
83 523
11 540
96 746
117 403
577 849
254 315
587 82
519 196
143 413
964 427
680 233
433 459
297 538
82 447
375 67
592 95
382 389
181 566
126 490
699 851
391 365
841 415
566 333
520 965
468 765
81 639
604 190
284 568
544 173
260 722
324 941
643 496
567 554
210 734
480 337
315 886
360 236
301 350
633 253
704 875
242 691
514 357
474 311
557 866
657 389
646 315
433 854
447 859
740 306
37 421
406 987
295 381
255 892
283 408
155 521
446 470
180 677
694 827
843 178
909 363
831 844
23 588
578 650
334 110
672 703
296 77
423 140
361 328
198 785
483 868
627 721
672 486
495 719
148 613
815 518
429 978
742 252
124 742
493 207
483 762
645 150
336 506
167 218
477 906
385 566
205 475
689 327
811 681
498 814
143 424
639 21
166 536
196 207
518 522
791 719
578 544
746 661
444 804
729 612
699 667
343 493
176 621
350 294
417 807
129 236
820 807
789 483
802 431
237 678
458 274
650 397
879 753
175 845
903 272
639 601
467 46
525 320
387 754
816 640
267 80
665 545
544 917
643 619
20 376
280 238
789 603
920 701
389 426
551 927
803 223
652 584
82 374
955 547
561 357
514 450
64 464
377 362
475 220
224 607
472 244
905 450
770 189
387 678
914 440
593 782
475 747
569 399
85 282
343 61
295 101
597 134
160 562
756 551
416 271
283 141
601 80
826 479
887 231
485 705
244 614
821 707
742 892
176 704
743 228
37 552
464 151
246 867
324 683
218 562
116 190
568 578
486 751
992 525
759 854
232 416
577 872
272 833
685 475
528 150
215 852
509 191
880 390
61 537
294 920
870 497
754 728
403 263
313 897
590 179
102 233
180 292
829 356
885 334
600 421
267 225
68 569
130 623
441 176
431 925
609 971
724 435
821 744
865 326
230 552
787 590
740 859
438 141
759 156
575 766
828 379
764 732
364 432
511 128
483 530
760 304
208 641
358 758
205 344
459 854
381 517
648 966
588 797
193 456
344 587
667 238
875 675
875 617
421 382
396 537
58 434
444 240
756 660
553 207
594 550
345 604
85 557
876 736
813 117
548 992
607 918
746 742
649 670
484 991
806 701
690 778
716 817
321 263
236 906
642 277
556 489
353 697
221 228
744 400
710 756
181 687
805 539
151 745
17 576
244 205
574 305
462 297
154 454
880 572
764 114
317 584
488 818
562 294
916 257
473 412
166 231
505 721
858 759
827 282
492 849
138 754
75 497
517 108
966 446
769 127
876 789
742 335
961 398
379 919
767 86
736 485
344 531
384 260
759 748
305 142
456 340
799 561
437 71
435 968
528 759
732 139
70 434
746 436
696 798
789 449
651 725
990 470
226 92
282 169
736 590
418 729
101 671
39 456
813 568
213 593
499 589
476 133
767 688
577 292
424 290
194 555
5 435
471 784
396 39
498 775
682 386
801 715
38 619
654 555
76 241
879 713
451 490
510 575
595 49
746 803
203 113
680 728
763 829
946 503
659 877
234 261
467 166
544 713
256 262
624 263
720 304
776 629
392 595
702 348
804 814
98 451
516 542
535 976
656 522
269 857
257 677
458 768
860 205
167 804
798 344
673 452
466 500
188 373
141 716
912 757
555 665
617 511
912 219
588 952
489 80
400 781
860 564
741 277
951 348
338 295
252 521
683 931
282 621
405 250
528 513
882 489
85 305
852 627
215 656
182 782
640 780
761 401
708 615
820 559
239 341
305 482
42 694
771 659
902 427
750 605
711 661
457 374
559 6
939 575
913 243
452 891
454 429
333 45
205 686
390 954
364 188
108 306
529 66
619 447
816 538
251 820
884 203
423 916
323 484
804 111
328 394
485 176
601 386
503 466
722 473
492 731
413 38
852 768
334 330
205 325
893 705
907 644
177 468
433 473
314 273
813 283
505 984
775 319
811 140
488 372
194 505
584 810
838 762
85 459
818 429
929 636
760 140
483 622
543 111
370 234
594 890
339 397
449 94
385 221
464 942
408 603
737 367
468 359
539 440
217 257
655 84
456 202
733 548
379 930
546 967
53 716
729 564
213 572
714 692
143 183
657 821
246 753
447 794
737 90
724 916
613 38
506 262
641 696
229 837
32 523
260 235
813 130
226 127
525 796
526 994
375 123
529 708
227 170
716 599
639 404
608 725
633 610
365 727
617 573
701 174
829 734
664 73
296 319
570 787
357 286
390 806
861 840
243 491
531 935
766 869
190 140
486 307
347 448
33 495
582 439
603 710
614 456
536 255
922 289
652 473
113 214
464 598
177 531
346 82
601 745
363 56
50 510
673 911
877 239
825 619
675 287
470 427
729 71
830 770
557 328
807 504
844 603
275 514
933 685
407 707
777 422
916 565
817 351
234 719
557 224
21 422
510 628
673 878
265 302
437 213
319 666
911 373
271 879
547 617
905 470
501 131
385 72
277 687
623 301
256 125
710 826
383 822
293 844
291 299
287 340
84 513
319 252
148 322
709 676
728 708
220 270
473 641
243 668
305 742
502 672
222 396
548 70
790 889
717 176
658 345
375 694
717 942
482 468
275 314
49 418
628 564
260 562
582 364
719 570
322 540
665 370
514 401
684 100
500 228
618 735
434 203
621 972
580 270
483 589
891 285
427 78
210 491
136 262
603 179
866 307
705 208
618 620
440 775
489 91
637 446
329 163
188 655
753 813
123 426
92 618
739 909
442 153
897 682
742 120
65 508
777 351
498 874
454 935
765 791
657 418
768 540
629 50
235 306
606 601
573 373
701 688
611 474
514 994
355 672
848 849
730 392
269 66
417 935
657 710
702 73
493 334
348 892
904 211
141 588
58 633
44 339
831 506
408 186
844 469
487 448
25 451
190 298
875 529
684 865
847 361
412 790
52 489
962 495
910 482
405 652
329 725
226 326
206 253
304 856
511 688
125 578
298 121
166 450
737 157
518 9
109 543
738 723
152 504
448 262
133 284
611 389
412 465
660 248
457 356
563 767
176 177
549 259
297 430
245 372
94 703
586 595
763 430
950 479
42 314
161 311
670 680
164 365
619 120
614 545
353 91
691 160
529 906
461 570
569 235
686 112
842 673
571 219
399 930
861 517
915 303
839 710
172 642
517 313
948 280
343 675
789 864
621 469
726 122
581 611
385 859
256 198
721 278
806 415
574 80
