883 1855 19 117
4 238 31575
337 556 11180
339 619 26077
469 775 38275
107 550 32016
105 249 52802
207 240 26249
30 709 14765
326 703 52154
441 621 57140
139 386 61270
541 624 26249
109 829 35805
199 603 26249
230 454 35693
370 632 23431
126 542 32062
225 313 23087
143 517 15264
222 546 10817
389 781 35057
481 526 27785
38 759 33000
263 778 29614
72 642 49396
372 537 25000
240 718 21024
102 553 51856
69 878 12083
480 532 31048
156 697 64031
476 860 28018
131 783 15297
635 742 19313
245 810 19647
12 202 39560
268 689 29000
46 438 20224
863 872 45804
695 775 22361
82 500 46530
642 872 15133
133 531 15652
64 211 19723
407 425 17263
6 725 49980
600 716 37947
270 337 38210
644 837 36249
514 628 36674
14 97 22825
771 789 49930
231 559 62610
26 686 29120
663 858 25495
363 559 13153
270 325 68768
294 375 20809
306 620 41485
701 855 39661
112 592 32650
170 561 44407
288 345 24207
14 658 24597
706 827 12083
41 712 38275
4 395 31113
121 124 19416
4 524 32202
193 633 24021
9 787 42544
295 742 53310
77 698 30806
174 635 31623
627 744 36892
547 785 32249
111 275 51264
7 741 76662
221 282 48010
270 704 73171
757 783 119821
264 301 26926
239 458 28178
52 350 13000
700 865 21633
558 844 28601
47 353 25554
117 531 29275
469 827 39825
156 384 54203
607 699 14142
337 763 56000
193 599 10296
278 580 31000
272 508 36401
366 673 13928
313 831 29155
300 712 29069
261 436 31765
335 430 37336
765 789 29069
76 746 18028
254 857 16000
262 461 37802
300 358 20224
162 304 42521
122 251 18682
365 425 72719
669 852 24698
361 849 17889
259 298 35511
335 360 10630
256 741 32140
386 451 57035
38 538 69814
138 554 23022
291 351 17029
723 856 78102
430 695 46400
395 826 21378
322 742 14318
305 819 22204
610 782 26077
70 83 19416
381 781 41485
237 447 38288
621 633 19313
74 596 129692
60 804 20616
676 774 45343
388 482 29275
32 137 20248
780 826 41881
180 429 15556
836 838 23000
513 549 24597
420 726 23537
342 491 33541
481 497 35057
549 570 30150
282 760 30017
653 882 18868
275 612 47011
88 705 28425
242 407 62201
399 857 23345
93 495 22023
334 732 24515
218 415 35511
501 532 38328
65 450 30017
80 725 66098
158 492 14866
177 780 37014
466 500 42802
277 781 40853
137 348 53712
608 776 47011
72 461 40706
142 341 21260
68 396 54332
85 797 38118
227 628 44283
110 190 40025
277 326 65192
575 769 52431
510 847 21401
544 795 20248
97 505 27514
534 795 18385
370 398 40050
312 754 20809
591 837 45880
317 688 19026
308 711 26077
548 782 25495
210 563 41146
17 301 14866
448 656 27166
644 799 31385
728 817 26420
18 266 21024
29 769 45122
226 242 44102
604 692 104690
92 877 33422
615 691 10770
456 778 24166
73 458 49820
412 867 11045
193 525 37108
753 877 51624
45 98 43417
314 655 54009
52 111 47074
88 189 39115
344 755 35355
602 649 47265
72 845 50010
662 683 48374
16 481 35171
384 870 52086
312 341 30414
570 736 22204
441 854 41785
490 545 17088
163 549 28160
474 881 20616
381 486 24839
147 832 32016
303 407 22804
478 716 49010
373 393 42544
450 579 25962
467 828 16279
364 597 33615
577 772 26077
202 219 22672
119 617 29069
411 879 46861
841 867 29530
75 877 23431
139 691 40719
105 630 47265
567 750 10817
34 753 34205
522 787 66483
589 638 31257
613 814 17029
30 431 42202
103 879 25080
134 849 57000
259 646 35468
22 476 23854
654 834 79429
113 175 36125
344 768 22204
242 861 32249
516 577 16000
99 493 19105
503 649 41000
236 361 17000
611 682 10630
693 775 18248
457 662 77414
397 635 46519
296 862 20881
547 796 22804
126 569 22023
427 810 17205
453 679 39560
199 494 31064
228 326 43417
404 817 47011
557 560 57035
111 687 45486
66 713 30529
205 822 55866
144 240 19105
356 561 18248
44 832 20100
22 776 127472
16 60 39661
390 549 29698
276 467 41869
252 705 48083
512 544 43863
522 552 56045
57 405 12806
356 636 50220
283 843 24000
544 812 32573
147 450 50990
469 719 43012
447 754 12207
488 493 49010
530 548 40804
318 709 25318
629 838 32558
500 848 118106
161 247 26926
299 544 25239
60 722 17692
506 567 41773
496 689 19105
284 735 62032
23 212 26077
125 688 58138
147 472 18028
219 702 31016
237 856 33838
12 219 22204
369 848 62514
574 776 29967
113 453 44283
81 109 26019
780 869 43012
2 624 22361
12 585 29682
386 774 35228
255 803 28636
119 140 25080
241 439 39013
375 760 34176
383 675 26476
464 735 58138
76 844 13416
83 173 41195
326 342 50537
132 725 76577
351 635 33422
421 473 15232
261 412 32650
92 330 15811
221 273 36125
561 636 52469
229 337 43046
551 631 36688
173 445 47381
152 589 24187
358 747 24083
94 519 29833
589 732 20616
37 468 25612
143 726 27893
273 462 27295
627 790 30610
582 720 36878
334 668 30364
229 270 31765
659 775 45343
71 743 24515
176 365 62177
263 509 45177
133 760 19105
400 784 24739
69 373 43566
257 590 21095
82 434 17117
464 497 25612
27 482 39319
485 813 69376
29 606 35693
255 586 10198
113 393 25710
10 758 10630
367 820 23601
612 717 42048
794 851 15000
181 617 17000
84 387 43324
592 811 43600
630 835 23345
178 426 43012
169 523 39051
39 610 41773
158 396 19313
443 461 21932
244 262 26476
250 575 53824
379 749 15000
51 601 34015
357 713 25942
650 697 38275
484 688 53759
185 626 46325
658 857 12530
120 292 15264
31 212 27295
192 811 12649
51 466 39051
344 511 50000
428 616 44598
170 462 37483
380 409 22136
342 600 35228
132 861 45222
268 660 27000
623 772 27459
87 137 37216
221 356 40497
434 654 24207
352 441 10630
180 437 19416
572 813 62650
317 498 18358
503 602 51662
512 648 14318
332 730 50804
267 850 10440
333 853 18111
164 197 19313
573 618 34986
308 468 14560
90 417 15811
42 450 37443
95 761 17029
371 875 32016
89 363 38079
159 210 41593
81 287 22023
340 418 24000
26 52 59034
408 841 39812
210 376 43841
65 431 16492
211 326 55606
361 761 15811
11 215 31385
791 870 35355
340 446 45354
241 446 31401
175 679 27659
109 650 21213
134 465 10770
128 863 52697
43 281 52154
186 830 35228
42 147 50220
309 352 31241
575 606 27659
42 286 61685
277 820 35355
491 557 33526
547 622 31623
368 587 24413
666 822 49254
7 92 22361
490 602 55082
101 290 29017
154 273 15133
61 135 48042
211 716 43046
533 800 29275
291 635 40262
355 674 14866
117 639 35440
328 349 53488
313 756 27857
140 727 31305
145 195 14036
808 876 28000
798 799 41037
154 170 25000
438 599 21095
432 720 35171
767 864 65795
525 633 39925
122 467 31906
61 415 50961
150 302 40000
348 550 80281
297 411 53235
212 221 46098
157 806 43278
94 349 39205
172 338 43186
331 766 20881
247 389 22825
61 583 51078
185 739 11402
295 403 21378
167 462 32062
603 712 62008
148 811 20881
75 594 21190
261 867 30265
391 479 34205
138 391 38897
564 735 27785
67 802 22000
218 537 25000
330 842 36674
642 845 56859
258 445 34928
55 653 13000
274 804 16125
573 767 25632
24 836 48600
451 683 38601
387 604 55227
398 459 38897
564 585 37121
13 790 62097
263 456 33838
542 799 38833
182 237 27803
429 665 14318
618 678 44922
295 582 36056
174 742 36235
492 831 14560
212 792 24187
33 727 22804
243 583 143210
726 868 14422
83 111 41881
316 533 16553
179 767 56648
494 545 20248
153 458 36620
59 152 27857
687 801 27019
103 411 34366
13 195 15133
24 837 25554
59 435 47802
200 364 33000
377 680 23259
579 729 34525
203 874 12166
328 864 46519
271 822 64846
438 632 14318
384 578 40311
178 665 41000
116 517 23770
253 282 42485
394 498 39205
260 577 27019
840 863 48508
702 726 30414
352 862 33242
222 475 17029
159 535 26019
34 363 40311
178 714 57940
285 506 28284
168 551 40012
475 640 41231
146 790 56321
454 542 31048
260 772 15811
182 836 39661
625 648 30017
192 852 26000
197 547 39825
106 428 52154
165 679 24083
518 791 51740
331 503 44598
675 794 12806
39 480 28792
40 94 52469
536 875 38288
440 484 29732
360 580 17804
86 452 36249
79 715 15297
233 482 40817
278 366 13454
36 695 26926
43 581 55731
173 681 48083
442 582 42012
338 449 29069
293 709 24331
253 529 38210
41 718 21633
96 327 58694
684 831 29069
201 409 22204
499 759 20248
272 546 34785
404 704 33302
366 695 21471
454 851 23087
118 137 48166
174 442 30265
190 373 61847
223 708 21378
288 346 18974
232 473 28178
299 301 38053
47 109 32757
81 650 31828
331 649 26000
382 679 41617
315 476 44777
408 492 20616
283 820 23345
312 737 22361
62 148 27893
223 555 41485
204 339 12806
431 472 29428
33 515 11705
139 332 39850
522 626 53075
479 616 27019
458 856 41773
309 315 24739
323 762 20025
508 546 41485
48 205 46098
599 633 20616
555 801 33615
201 671 28460
78 768 43738
531 538 27295
402 866 51157
749 782 43463
103 413 29069
295 442 53151
569 799 15652
224 454 28284
776 805 53235
412 436 19105
161 781 35228
304 807 36346
332 657 22204
43 284 53367
329 419 28160
457 683 47424
157 634 21932
125 525 59808
67 526 49649
271 470 45222
160 427 18248
398 473 64070
251 828 23707
179 665 11662
127 241 33121
297 461 16492
5 88 19313
572 792 30017
149 202 24515
540 613 30232
90 575 10050
210 668 52393
26 223 37802
396 769 32140
702 830 33971
238 826 34176
552 763 37483
560 716 13454
93 371 56294
248 271 14560
141 848 39319
419 653 11045
75 213 36359
380 381 37483
671 761 38000
106 506 46043
211 703 43863
106 567 11180
155 553 45453
42 167 61033
532 749 52393
576 780 62032
144 754 30017
445 494 46957
251 729 40249
106 880 55785
424 869 40447
200 572 37108
159 562 34205
161 381 44721
839 863 26173
367 843 12166
424 752 27074
141 784 30265
27 409 54589
214 799 47539
480 559 30676
240 312 17692
130 656 15556
419 821 27295
62 734 14036
317 484 50040
405 490 20000
114 359 11045
347 526 20616
39 733 13416
226 343 37947
112 692 41304
114 869 34015
49 596 49396
297 521 29120
268 763 39408
286 520 46043
359 869 35114
294 378 20881
316 781 19416
23 37 49396
385 418 14560
436 720 25060
113 121 53907
231 480 46011
624 878 34713
17 866 13038
70 612 29069
470 822 53666
169 422 25000
107 566 25495
658 774 30265
484 842 42802
597 825 22361
33 181 28160
534 736 31765
287 745 26000
75 741 49366
245 362 25942
661 811 46239
373 493 79511
165 230 32558
84 773 33422
260 756 33838
90 512 26000
441 862 28636
439 446 32802
165 827 34234
657 774 36056
457 485 36770
406 483 22472
145 560 50220
15 112 64125
138 511 13342
16 464 21587
124 816 22204
6 131 20616
789 820 34132
755 858 39850
768 880 58181
307 816 15297
222 272 29411
18 588 20025
321 481 29206
110 488 44011
134 340 39812
399 686 28844
23 38 57428
400 848 31016
147 431 27586
149 219 21190
239 323 25000
343 347 21840
53 387 25807
209 671 54708
168 450 17889
663 755 27459
539 848 48104
296 574 12083
137 741 47424
710 713 23345
111 555 55036
236 849 16031
496 685 12369
326 729 62434
294 641 55579
333 667 35228
210 335 34366
15 604 51478
71 845 36125
108 696 21260
193 584 37483
182 693 73164
646 798 58421
514 822 61717
208 726 48270
566 656 42012
526 802 57454
721 742 10770
226 407 47518
662 672 21932
591 646 13601
112 819 26571
560 873 55362
530 643 32450
278 360 24413
30 276 23022
709 713 40249
829 875 53740
246 547 31257
571 588 22023
126 799 24000
672 876 28636
218 302 15033
206 473 15133
96 565 20591
117 294 37736
345 627 99905
61 752 37802
272 473 40460
295 322 46530
337 421 28792
485 728 18682
524 743 50289
349 590 11705
29 570 15033
9 835 30364
205 654 67912
277 779 29698
638 676 33106
95 236 34015
199 664 50990
518 814 48918
180 881 17464
49 74 82000
524 628 54918
611 851 19313
142 312 23601
441 632 51662
171 663 27295
793 831 34234
125 504 29698
70 258 29069
52 686 42202
444 619 18439
120 759 32202
254 658 24597
477 681 13000
566 744 43417
101 533 33000
288 550 35609
197 293 26571
234 501 24042
187 326 49649
20 266 21541
299 866 55471
373 878 38210
128 872 18788
512 866 57009
823 837 44000
226 483 24166
285 567 32140
505 824 14765
443 609 20881
475 546 17464
166 678 42953
504 608 48094
136 476 42579
562 856 74216
165 454 48600
54 532 30150
638 824 25000
513 640 44922
166 859 25060
765 771 61205
114 238 45793
690 874 28018
21 102 28160
287 523 28018
51 108 28160
677 746 28601
414 596 54918
49 414 42521
102 864 41049
414 873 48000
179 881 27459
56 725 41773
498 842 26249
270 763 41037
468 672 32650
60 867 21095
265 390 38833
557 882 40522
3 422 22204
254 350 42202
87 213 34132
155 437 25612
15 84 54083
124 307 31765
262 871 19235
553 881 27019
559 877 70576
96 328 48270
8 214 30463
59 676 44944
40 349 37443
599 621 27857
75 753 37363
63 864 34525
204 500 45967
87 118 17000
77 459 20809
586 803 35609
102 241 32280
362 751 19026
51 595 32650
513 570 26870
90 606 21954
302 823 57000
176 803 114039
704 806 34015
284 432 37202
535 658 36014
16 412 37363
93 875 31241
280 467 15000
36 460 23770
528 590 26077
179 180 19105
310 803 103600
182 838 55803
1 343 27166
644 748 23601
355 712 56080
232 272 18028
831 833 26306
583 646 131400
304 814 26077
495 536 23770
622 680 28862
136 700 27203
409 671 30414
84 507 36235
156 791 21932
119 181 23707
2 124 28792
38 292 34015
672 813 44553
549 736 33015
222 232 25020
245 751 38013
237 754 42953
326 631 42579
271 514 49518
647 825 28844
500 619 38118
738 773 31305
444 601 22023
383 757 46519
143 702 14866
518 870 29275
208 279 33422
517 541 36401
108 138 30806
377 622 18385
244 840 40804
331 411 31623
112 305 43186
327 565 67119
216 630 54489
231 330 34205
292 687 35468
463 701 44721
352 805 42059
423 527 25080
252 510 22204
164 246 13038
436 833 42720
204 369 15620
548 607 53151
707 766 31953
386 657 55758
238 869 39294
172 449 45100
320 623 23854
638 846 33302
20 709 24698
474 767 36797
346 627 141227
53 773 19647
321 564 66573
206 763 35355
296 441 21541
194 687 28018
157 817 57697
487 612 13892
390 534 23854
247 820 29206
569 614 18974
401 553 46065
263 448 37054
385 565 36770
55 724 37590
580 723 13153
637 680 20809
185 607 34482
818 830 37802
456 716 52393
152 351 41012
39 643 34540
570 640 24739
7 594 26926
109 612 73498
304 613 13928
592 645 16031
290 388 28302
581 818 19105
167 529 42521
100 427 24083
48 434 42154
190 706 24083
597 672 25495
478 509 41000
155 738 18439
307 541 39459
385 518 29547
617 691 27295
364 672 34928
334 589 24207
355 871 19416
509 790 34205
94 327 27731
563 658 39205
510 778 24083
377 796 15297
119 727 31953
525 883 40311
393 878 10296
97 846 24021
642 840 18439
500 654 78638
545 717 31000
471 722 15264
259 302 69116
614 719 42485
494 717 30610
72 443 47434
309 854 43738
313 793 14213
107 189 50359
81 196 30463
345 455 32062
74 195 23537
265 299 37443
173 254 47508
171 755 13454
398 552 72670
423 785 12530
634 806 25298
418 446 45880
6 541 45453
243 752 55218
405 545 18000
595 619 14560
233 724 15811
41 207 19416
89 234 46530
4 374 35384
151 363 28460
204 848 76158
92 498 49092
250 648 48836
319 764 16279
601 784 63348
141 400 11662
515 746 33061
67 620 25962
686 857 20025
491 800 12649
231 842 16643
88 701 30414
860 865 53160
249 636 62801
27 533 39205
229 516 33971
65 276 44102
568 640 53814
705 715 43278
227 374 98843
650 829 32000
519 663 31016
705 847 48508
398 698 15652
430 668 27203
656 744 55317
710 855 19647
73 153 22472
252 847 26019
427 839 13038
328 618 28636
116 624 12207
514 666 23770
483 770 22204
14 774 26173
250 769 75313
678 784 55227
224 230 13038
184 784 36878
568 769 57009
614 629 26833
123 777 13000
363 753 41773
615 617 26926
11 401 36401
125 433 39051
113 373 43186
194 711 21213
480 733 33061
372 751 42012
327 850 63600
45 286 33526
683 808 30083
330 877 28231
241 401 30150
107 715 18248
299 812 26000
358 840 33287
311 316 21095
107 455 33242
399 774 23022
56 131 32802
46 584 28018
629 748 40608
14 846 24698
295 435 50090
277 283 21095
7 433 141230
104 538 15524
432 582 38328
366 693 15811
378 760 24021
184 539 46648
289 297 28443
383 794 16279
28 571 16401
684 720 34409
587 758 21213
58 879 12806
298 591 39294
34 89 11180
417 606 10198
347 481 22561
770 861 12806
754 856 38601
325 704 63506
57 545 27857
15 670 15033
31 200 28320
237 751 23854
666 845 54818
199 477 41593
273 529 27295
215 241 27731
697 829 40706
557 873 68600
517 868 28862
19 513 35511
298 823 55036
747 839 24000
43 279 16492
659 838 28284
396 408 33242
411 766 20100
258 612 32249
99 420 53600
208 281 39661
130 847 48826
555 876 25000
184 848 13038
746 844 17692
117 538 40224
191 463 30083
130 448 21260
382 454 25495
85 677 43081
19 459 41437
379 782 38210
576 869 38184
462 529 26000
391 434 49497
390 694 26000
440 842 24083
610 643 15033
617 746 42544
628 743 69893
220 523 36249
126 224 26833
324 858 21190
246 749 36620
410 486 42953
78 649 30414
622 749 30529
571 835 36056
668 732 28302
93 294 43267
289 521 13000
127 209 41049
84 604 43417
439 849 40361
233 852 36222
214 798 45695
552 626 25807
3 807 15000
414 653 20881
466 619 23345
325 634 37014
451 457 22825
16 722 39446
762 856 39051
306 866 28071
68 320 41617
230 469 53235
314 340 21471
98 105 23431
578 697 26476
375 771 32573
729 874 25456
438 739 41485
675 757 69635
691 730 30017
26 708 28460
33 85 39825
335 668 44922
51 696 15264
630 788 57009
230 827 45607
71 115 12207
128 780 13928
210 580 21932
435 730 20224
172 507 37736
373 706 48384
321 343 12207
148 604 150921
49 873 32249
198 617 25495
264 310 23022
340 849 53814
23 647 20396
188 532 24839
63 102 29000
339 601 34540
81 745 28792
231 877 53935
544 866 63198
149 517 13601
118 605 19416
370 459 27731
54 151 17000
220 287 34540
172 670 11662
209 215 35341
640 769 38910
457 813 82565
123 365 33615
243 359 27586
425 777 26401
206 398 68411
301 593 14036
578 650 33615
334 824 23022
263 716 56939
297 879 47011
57 745 33242
275 487 49244
64 203 34366
217 336 31828
527 796 17720
10 118 18358
398 739 40853
590 678 47011
352 854 39408
272 398 40224
402 625 26401
523 650 43829
63 565 17029
724 809 34234
631 779 40311
102 401 12042
125 652 28862
458 562 68007
426 859 58310
265 586 28636
112 645 26476
321 406 53666
142 747 13601
644 798 40012
462 520 18868
207 718 16031
433 652 32062
379 622 32757
45 832 25060
323 664 34886
88 731 57706
375 641 42942
217 731 55145
598 820 37483
23 104 35057
223 683 25632
722 804 11314
135 576 48765
727 797 17000
45 147 35511
388 724 22561
186 219 19723
490 815 30000
335 673 11402
513 700 39294
821 882 30083
542 851 41773
182 823 50000
468 597 26000
3 162 28844
50 382 11180
5 701 34234
9 796 28636
205 834 33242
12 186 23324
189 605 58412
196 745 23431
371 655 56009
176 593 25298
365 803 175866
5 705 15000
99 208 28231
474 553 20518
326 779 51108
106 750 11045
115 845 27857
469 659 55036
47 499 37656
132 564 36125
84 670 50090
662 808 26249
391 428 39051
166 539 48384
245 427 30364
476 865 51662
175 706 37162
273 561 28284
73 562 35341
100 839 17720
809 852 17029
21 446 24352
105 216 36401
398 626 68242
181 515 31145
418 518 34713
353 687 46011
67 123 32016
66 122 38013
277 311 51894
225 746 29428
162 807 33242
166 767 43081
521 674 24021
9 571 48021
78 489 32000
243 374 64133
123 306 41110
430 667 16492
674 871 17493
701 731 47508
142 358 18358
24 748 18974
203 729 17088
211 600 49041
433 498 72801
332 676 17464
32 256 14765
736 795 24597
24 629 38639
469 706 38626
394 688 12649
316 800 29069
419 882 15033
11 209 48332
56 783 29428
101 491 37121
52 555 78492
160 810 32757
238 395 29411
200 647 26926
676 846 36346
349 528 21095
594 741 57723
35 264 36892
449 671 31780
191 252 20248
74 627 78000
372 823 58694
227 243 162975
595 601 21932
235 674 52479
9 527 35805
139 657 32016
369 784 50774
117 378 38000
55 669 40706
79 189 43417
144 762 20100
262 355 35000
229 556 38833
406 770 34986
35 310 42953
350 686 32650
225 756 40804
175 373 36359
493 853 44272
305 409 37577
516 556 19849
609 879 41773
121 393 48052
254 535 18439
127 439 18028
146 478 13000
290 392 22804
557 716 48662
402 471 40311
80 132 40162
56 757 149215
25 788 40012
90 544 40792
14 376 26627
110 667 15556
19 136 39962
699 883 50448
439 761 40012
78 220 43186
143 868 21213
411 413 11314
522 689 37121
62 592 27731
403 844 12166
508 698 31145
198 691 22472
774 846 39459
329 724 44553
7 498 71007
468 876 37336
641 655 84315
476 805 61400
377 637 11402
105 636 29732
151 501 26249
8 798 54918
19 77 31016
221 561 31257
91 183 59548
13 560 48021
198 295 56036
432 543 21095
44 571 29614
152 721 48270
488 667 40361
178 429 37336
222 568 39217
48 654 42438
269 660 40804
85 704 42579
82 654 36235
210 723 14142
649 764 28844
52 223 76105
489 649 32450
438 584 37443
226 303 29833
94 663 35440
98 636 37054
530 610 22472
421 568 51865
515 677 18028
177 845 43738
260 623 21541
223 808 23022
51 129 25318
465 655 54708
91 765 62177
66 467 48260
343 483 47074
112 734 34176
787 835 32311
217 293 34176
460 469 13153
128 651 13000
727 728 39623
132 406 42438
759 875 43966
452 669 28653
3 786 14036
198 730 11402
554 858 30232
373 488 62032
194 308 17029
152 853 38601
337 473 40804
129 554 21471
319 880 14560
714 773 18439
444 595 10198
1 303 29530
751 823 42000
584 739 13454
453 757 41110
460 695 23022
516 568 31305
803 860 10440
692 734 19235
417 544 31906
118 348 12530
511 880 39925
187 729 39560
158 320 13000
201 338 15524
28 472 26571
485 817 41773
11 553 55543
160 839 19723
188 363 25942
95 486 38328
284 464 40249
338 354 26173
592 661 24759
525 699 60828
72 244 20616
273 282 36878
54 188 26077
179 429 15264
257 678 49244
247 410 26249
235 503 47854
109 196 47802
163 390 19313
357 731 43382
422 768 44045
64 456 15000
109 717 72732
131 541 37162
40 324 21633
613 850 16971
36 110 33015
213 741 30806
101 392 24207
253 760 50537
173 416 31401
582 684 44000
631 843 47265
74 145 29069
383 611 14866
558 793 13038
450 828 32802
239 477 33015
168 579 17493
641 765 64351
376 563 14318
248 628 38328
157 813 75133
135 424 53254
183 236 52086
161 410 25456
195 627 77318
343 406 49041
208 420 54037
267 613 23770
133 282 28284
137 213 50990
62 604 123179
495 639 19416
684 833 17000
630 787 48795
306 365 27203
91 236 42579
659 719 47634
651 780 24759
209 507 37216
129 324 32802
554 696 27074
7 256 106621
58 609 42953
55 809 33121
35 586 27203
167 551 55606
266 423 15524
50 682 11662
434 466 44654
394 433 36401
137 256 32000
214 542 17205
735 818 30414
28 588 27893
523 786 11045
457 615 47011
106 616 14866
685 689 17029
25 249 25000
368 753 27785
515 617 40804
187 228 10770
153 416 42942
637 796 14422
167 520 26077
89 758 34886
813 817 62626
255 694 38210
195 790 65765
327 519 35511
254 686 25000
422 786 25495
1 347 10817
37 825 24166
20 30 18868
34 587 39623
200 212 32140
194 502 19698
18 30 31906
101 388 14866
327 328 31575
623 831 40311
540 755 46325
344 880 50931
641 771 30806
23 825 41183
714 738 20591
552 689 60605
470 834 22361
777 802 11314
689 763 44385
504 633 20616
574 621 56223
269 685 26173
434 479 44045
89 217 57315
684 793 36620
733 883 26476
392 533 20518
19 315 37483
235 490 10440
532 610 50636
269 787 23087
153 239 17464
85 515 43139
362 447 32696
123 425 39115
37 292 16031
250 625 32558
281 581 13342
502 555 23259
603 815 18439
95 380 34482
616 750 16155
443 845 19723
456 690 17464
436 684 40050
482 661 50160
285 413 30676
272 698 27514
170 286 15133
656 790 49092
189 550 48877
140 728 32650
608 652 11045
213 368 17263
74 873 64777
203 326 61400
482 645 55154
167 598 41617
367 631 51865
533 781 27514
737 839 16125
174 397 33526
415 583 43932
569 644 36056
484 525 54009
150 583 43417
357 855 30000
502 711 11402
600 703 13153
505 668 21213
150 415 45880
234 336 17692
186 585 37216
80 861 38419
164 501 33838
44 45 37736
115 177 37590
677 756 45177
137 346 70880
50 679 37643
96 864 10296
57 196 15232
196 717 42720
17 593 10770
242 425 78032
124 740 44385
281 830 24083
250 408 63781
344 858 57428
598 771 67476
117 536 62626
85 260 62241
370 438 32650
322 721 22204
229 704 62394
79 705 38275
247 277 32757
424 576 24698
2 541 12369
418 791 58464
104 221 18439
163 700 15033
111 801 26401
511 554 22000
602 745 32016
31 792 16000
40 601 36770
455 550 43382
261 841 10770
437 881 30463
496 787 31765
191 510 20025
6 56 25710
682 851 25020
46 193 11402
366 775 25942
701 710 28160
436 543 38833
164 336 28601
257 784 17464
425 802 27295
235 355 51662
254 416 36346
404 728 44272
214 675 37577
317 842 28844
29 640 11402
294 639 44272
152 635 50090
267 327 60828
95 183 50990
280 450 29155
508 513 42190
448 847 48374
10 587 14866
494 815 23537
334 505 28636
124 541 32558
453 740 34438
58 666 29000
537 823 60745
430 673 42190
41 664 18358
293 713 40447
255 265 34000
174 279 30000
68 516 20224
250 396 73246
183 486 39000
480 484 42802
587 753 38471
161 486 41677
86 669 21471
76 295 14866
250 512 54148
142 737 18248
179 426 26627
171 519 24515
266 785 22136
664 712 41304
543 720 25612
667 668 31048
33 797 22204
344 540 55462
271 834 47676
177 651 26249
740 816 56436
263 478 30000
390 812 29017
319 489 10296
177 642 32280
250 841 35171
396 492 29155
112 354 37014
331 764 26000
268 270 53151
208 397 26401
840 872 22825
19 309 46615
284 436 43417
15 172 22847
270 660 61400
258 717 11662
100 447 24698
225 558 25000
225 677 30463
605 731 48042
277 389 17263
168 187 40311
275 353 26833
191 251 26173
557 821 24597
250 804 25000
289 707 16125
120 499 31321
42 168 43566
265 812 21213
53 84 26926
60 274 21095
172 354 26683
440 480 36497
59 638 38833
433 776 90022
275 687 44147
274 841 30232
146 509 40817
620 866 41629
528 601 50249
208 291 33015
22 803 20125
311 326 60108
9 637 34000
592 734 17029
314 465 16125
72 840 46690
160 863 28071
4 243 38897
72 262 17029
7 877 30017
403 582 25632
300 341 28284
391 466 50120
333 589 16031
501 749 26077
295 746 29732
64 690 16492
24 823 25554
8 675 28636
269 788 43012
319 506 49679
146 560 45100
78 169 42544
240 341 25456
166 573 29682
471 804 16763
411 707 44553
504 621 18385
65 280 12369
228 631 13038
154 561 28231
318 713 24597
848 859 98290
32 346 72402
83 487 23770
471 625 28844
229 577 24698
416 681 44385
186 702 24187
21 385 48166
329 388 37363
386 708 22023
76 403 11662
293 547 34525
79 107 19209
497 735 64405
252 463 18028
338 819 29411
19 700 30083
52 173 27659
452 596 49729
276 318 11180
530 782 22023
55 86 46000
694 865 11000
387 714 36056
585 735 45188
227 248 14142
25 216 22804
148 192 32062
68 577 27586
174 295 55471
495 875 23087
69 116 28320
265 139
502 71
715 610
949 345
252 773
455 39
30 655
693 54
281 580
131 705
690 846
413 83
311 904
578 333
619 944
310 179
159 191
307 642
139 354
290 643
677 792
50 306
501 554
742 177
388 521
568 394
513 855
335 615
203 315
280 659
451 543
85 760
401 361
144 671
103 244
605 198
543 528
558 561
126 573
851 707
751 363
382 679
419 214
351 599
371 631
109 469
639 551
932 581
384 960
608 72
884 659
621 420
696 919
149 622
441 938
449 14
715 501
897 471
505 279
288 212
906 233
542 986
704 771
349 809
325 685
265 714
203 148
273 356
510 124
665 447
910 413
825 406
666 339
304 942
75 672
398 299
150 383
789 566
216 801
345 42
697 543
950 637
646 443
670 926
366 380
441 984
123 721
234 766
154 666
207 261
584 739
34 633
580 623
799 714
577 812
733 768
589 313
365 588
482 195
790 299
474 884
704 800
887 506
499 589
380 570
888 571
201 813
892 632
671 544
586 225
611 466
555 940
551 104
942 300
900 406
491 103
536 627
140 721
449 364
572 535
516 63
296 736
183 123
512 44
35 491
669 128
644 825
870 341
859 663
259 828
475 34
358 80
514 645
607 723
858 231
105 333
104 753
862 625
500 359
447 389
902 751
796 326
460 110
745 326
323 920
307 882
341 650
515 993
455 93
844 175
166 622
515 253
685 351
443 623
715 868
645 663
388 489
297 309
624 328
824 284
503 796
739 626
130 310
211 621
602 117
826 838
443 681
359 716
752 587
418 623
785 667
610 923
642 402
435 240
578 128
125 195
882 373
763 925
766 875
747 877
428 353
725 239
539 778
896 783
155 467
425 103
387 745
127 608
195 763
595 186
317 767
483 991
100 476
558 503
309 919
709 515
218 639
455 321
720 425
472 524
585 876
450 69
344 775
925 716
951 539
227 440
747 344
456 184
646 866
631 287
359 826
475 556
94 703
681 82
661 834
370 535
211 660
827 200
435 86
746 570
485 601
211 375
545 424
645 116
370 312
280 106
992 468
397 749
301 399
634 123
70 601
212 400
487 929
176 625
751 478
591 781
742 261
918 339
702 355
764 324
673 809
283 62
961 308
809 393
777 272
218 610
496 770
978 466
412 528
261 231
314 741
298 774
467 687
611 366
85 276
72 753
855 751
684 469
808 130
309 355
305 244
814 419
312 840
134 224
115 260
298 623
746 672
290 480
305 519
286 427
974 480
194 399
458 625
270 223
629 514
281 682
468 787
647 241
435 210
322 697
423 162
486 649
457 769
367 202
890 529
403 621
714 557
142 827
820 463
503 883
475 211
559 527
243 648
556 659
409 289
45 408
848 458
778 149
146 239
802 362
148 201
812 199
251 113
711 658
551 897
170 162
484 29
541 504
96 372
121 205
446 834
777 312
347 310
633 721
102 348
467 836
40 568
271 677
830 571
297 322
299 152
455 282
726 348
839 689
331 479
403 792
774 726
780 757
443 888
49 628
827 529
512 321
540 240
554 275
626 253
188 638
258 401
581 891
917 706
643 740
782 342
426 837
292 142
799 622
157 846
124 821
271 148
151 727
830 738
621 407
486 224
72 392
617 538
584 917
786 440
451 579
226 676
805 342
941 289
633 261
599 796
754 260
139 631
472 491
154 140
638 231
459 733
97 686
915 728
121 420
635 611
797 240
547 147
973 371
544 676
600 318
240 589
536 665
206 568
560 842
523 836
618 77
639 53
692 636
681 744
555 386
711 940
479 898
485 790
137 292
899 613
489 865
526 110
27 545
927 367
279 302
445 208
161 422
572 370
896 761
703 812
223 186
388 293
384 400
725 493
323 104
233 99
303 279
567 863
521 778
853 511
320 215
861 519
416 932
857 219
647 371
194 270
667 740
435 915
490 142
231 411
737 607
283 619
902 261
216 102
788 890
806 281
860 615
758 888
591 240
321 669
389 232
5 516
948 620
459 292
333 229
731 888
106 449
634 810
80 594
65 400
405 236
864 433
907 694
676 435
654 784
767 290
275 842
607 878
351 700
498 384
474 999
570 64
641 88
189 844
340 821
478 395
715 330
133 395
627 189
844 442
445 649
288 759
331 184
617 719
923 657
313 709
527 508
629 176
960 523
263 191
326 640
225 425
759 847
222 362
63 326
701 388
312 870
920 586
116 600
276 170
508 894
302 96
90 566
444 409
539 817
640 466
545 209
821 566
741 481
441 867
308 299
496 208
718 456
581 601
283 513
311 168
31 584
602 544
957 683
183 602
566 485
794 499
56 470
580 287
862 533
642 903
165 377
272 861
316 787
849 622
207 235
169 335
940 444
397 350
276 376
468 97
693 717
780 691
429 659
820 450
236 517
713 585
963 374
91 512
252 156
260 609
848 727
471 649
166 523
507 631
146 592
474 851
157 279
625 354
575 578
812 220
503 604
872 823
749 646
490 68
671 96
371 221
167 253
725 475
205 366
249 614
205 535
158 313
170 805
399 715
221 463
744 833
849 644
556 464
263 391
409 877
363 288
126 629
352 879
454 597
651 307
613 324
355 116
715 758
206 838
893 561
248 362
686 142
188 316
322 605
436 533
810 813
34 413
217 262
881 274
292 376
687 596
344 725
647 272
410 159
379 269
886 186
137 470
388 99
87 266
117 700
308 622
539 256
834 749
768 111
530 961
149 187
55 665
905 684
426 986
501 508
467 715
95 467
397 857
885 693
756 534
745 433
664 969
159 717
196 280
165 500
8 473
858 453
154 542
625 58
652 473
724 663
692 160
459 352
893 585
436 338
792 783
919 680
210 173
69 457
223 596
317 335
498 93
239 207
200 478
232 912
973 428
704 184
333 575
410 750
103 435
76 475
368 480
465 250
402 590
247 580
543 287
570 617
212 322
564 714
851 364
139 541
722 140
529 945
781 107
497 534
213 222
803 539
674 565
865 353
7 484
436 926
967 605
634 667
248 839
525 339
589 355
684 178
317 480
512 944
515 463
809 680
742 379
772 885
917 450
575 236
583 266
460 974
620 929
594 849
506 483
633 244
796 451
665 48
529 317
382 340
835 796
584 101
230 568
688 388
618 66
521 415
335 269
286 501
596 386
586 504
39 549
269 500
333 805
463 342
560 981
653 226
113 302
628 212
876 646
661 601
168 408
151 502
131 325
248 739
446 115
399 844
359 422
252 788
593 162
822 479
541 403
267 652
245 711
555 482
783 384
249 688
709 904
219 816
361 869
694 475
763 345
654 141
355 241
468 264
276 199
645 285
474 920
408 22
467 137
419 375
426 414
350 759
462 312
207 715
559 251
114 567
543 972
369 140
185 294
799 308
719 886
146 460
555 33
69 721
458 268
915 389
212 881
724 533
399 317
807 318
736 159
197 580
899 570
755 241
929 263
111 662
760 300
794 657
337 336
597 33
138 697
591 561
512 664
594 811
725 328
258 457
827 555
529 768
833 509
786 822
781 609
247 305
305 74
534 707
294 350
691 900
559 351
650 208
7 426
195 118
318 811
447 766
883 336
483 825
180 540
478 19
872 755
277 630
714 596
298 541
348 520
507 749
251 888
654 683
451 559
356 299
655 56
174 272
255 592
404 383
723 100
693 128
445 855
587 477
203 126
59 288
268 207
32 379
360 456
706 622
532 443
470 954
796 267
495 987
136 263
462 476
725 680
741 451
499 26
413 437
391 161
564 915
473 752
431 888
912 499
755 199
567 294
521 518
906 371
598 151
325 720
642 565
421 138
322 295
349 619
318 269
982 527
310 571
703 206
755 155
680 206
807 294
833 360
295 240
56 592
457 745
386 305
874 416
565 312
299 800
907 790
607 780
736 675
643 65
483 965
538 222
104 415
226 706
723 289
595 366
832 669
838 860
62 298
315 66
39 388
826 312
738 777
113 313
172 190
309 214
475 125
908 301
689 688
805 436
853 349
368 932
332 777
604 603
532 471
60 654
521 119
889 481
834 585
743 860
420 916
119 541
