922 1661 14 205
73 491 22091
830 893 19799
310 708 26249
183 756 41773
261 834 38471
211 296 18248
117 720 36401
87 710 30480
392 712 11180
133 580 64405
542 779 46011
270 577 37014
34 162 22023
407 902 50567
50 346 46573
13 547 73824
145 426 21954
578 581 36222
39 884 39699
87 866 64413
650 866 25179
468 470 41049
530 749 23022
690 702 21190
138 816 65069
479 884 32558
388 402 29682
696 766 38949
464 883 20396
48 266 74303
582 718 44045
33 205 23345
286 777 50448
289 650 74108
408 606 26627
46 257 19416
401 716 41437
118 848 32757
16 825 41037
290 493 41340
105 389 15232
3 258 24759
310 385 53712
389 696 44911
286 675 37802
386 662 39446
70 468 20616
619 710 13416
244 283 101193
380 550 28231
83 107 33615
351 591 24083
73 605 37054
638 733 30017
386 887 49336
257 764 42059
229 608 41437
96 309 33971
357 726 37443
467 592 18385
267 593 46519
26 733 26077
434 829 37643
101 205 38328
350 623 28284
659 782 46519
24 154 15232
534 820 40497
688 838 27659
240 521 29275
425 704 23345
640 899 33377
45 680 32140
409 604 40804
452 657 17000
317 743 10770
98 308 15264
606 834 36674
593 778 40792
663 863 29206
1 28 35355
393 610 40804
75 516 16401
853 903 33422
401 790 41231
694 821 37802
60 708 23431
399 686 53935
731 898 33136
705 876 15811
256 577 34205
214 427 33971
257 341 29428
466 833 18974
162 599 37802
138 917 42190
418 730 36139
6 369 21633
79 530 26401
97 277 49930
289 364 34059
404 589 21932
395 760 15811
452 788 52154
250 698 17117
117 366 42802
9 403 31780
65 347 33061
136 673 32757
224 394 32016
173 869 37121
53 277 35341
750 813 54589
508 738 41617
309 638 23087
250 852 13601
94 369 14213
352 361 16553
361 903 30017
473 753 54231
375 455 12042
25 458 57009
12 324 32573
74 127 33422
43 164 41773
99 272 61294
68 187 23537
48 750 54083
513 537 50090
362 829 36401
123 821 15620
295 820 39962
579 795 17029
89 513 35805
131 245 62650
80 308 22804
556 710 10050
262 307 17205
724 774 35355
428 497 41761
91 352 34713
85 592 43186
694 776 68593
506 683 39623
498 897 25942
416 809 19313
239 456 41231
229 868 17088
42 545 16031
763 767 19925
148 671 36056
713 868 33287
12 66 36346
373 571 49041
39 479 36497
5 287 26249
584 587 40311
310 624 17117
43 677 21190
71 254 17088
533 873 38626
77 386 30083
86 515 18868
456 580 25298
235 596 26833
281 436 43681
133 260 54452
4 735 51196
320 422 26926
476 891 66287
844 875 36346
741 836 18248
790 796 44944
16 773 39925
194 687 15652
207 511 21401
111 690 25710
309 832 37577
761 872 30414
710 812 42720
843 856 35609
280 802 25554
465 781 42059
181 376 21541
124 608 31241
540 921 33838
19 575 15000
57 386 18028
392 633 40497
465 816 39446
19 494 68264
655 839 29155
58 495 30887
142 383 12207
288 623 25060
84 391 46098
592 721 11314
661 825 17464
156 584 50990
34 226 15232
189 621 22361
263 678 21471
406 872 39051
729 807 13892
343 568 25080
49 814 45793
372 844 23770
554 913 40000
357 754 46043
645 855 44045
22 178 22204
333 886 26077
463 576 27586
433 557 36014
106 588 16279
72 197 27459
332 775 11402
261 769 31765
149 815 37483
351 441 21024
196 522 36770
402 681 13928
872 901 21378
452 485 40497
125 322 25179
448 909 21954
358 692 14560
553 641 29967
229 713 26833
621 913 31401
380 768 27857
300 439 50210
3 609 32757
609 876 21378
23 278 24207
51 908 23409
104 783 31828
21 606 20025
474 899 43267
331 715 54589
634 664 47885
253 603 51420
120 228 13892
129 884 23324
191 251 36235
233 398 15620
56 212 32016
95 816 52326
644 800 25807
641 707 30676
41 733 34059
463 518 42059
340 463 44777
29 388 10296
81 628 20125
150 500 19235
242 504 34059
126 742 21932
121 914 45177
438 583 40460
138 357 31401
64 258 13601
323 377 23022
446 615 41110
314 897 16155
588 795 22361
437 442 11045
297 672 35847
176 834 43966
44 336 61074
200 282 40522
698 704 29069
424 723 11045
306 442 23345
359 448 26019
26 41 16971
315 913 57070
124 810 22204
624 708 18000
804 912 38275
492 545 57940
395 597 47707
91 378 16155
564 789 46390
679 862 34886
474 589 64195
305 801 24207
78 827 11180
814 825 35511
156 348 32894
244 279 38079
236 822 24698
288 468 13153
130 316 30265
648 918 27586
421 540 24166
480 506 34928
429 457 15232
563 665 15811
26 637 41183
317 468 46519
520 697 36069
438 569 18788
462 467 40249
398 568 50804
317 738 38053
172 388 39051
82 299 22472
208 511 41437
264 774 28425
91 567 22204
236 907 49649
72 600 19698
60 491 34015
298 591 44407
514 885 10050
8 339 36892
346 634 34176
119 649 14142
226 647 45804
30 188 21095
88 178 30017
335 744 74330
629 798 23345
713 828 38275
471 693 40224
71 874 52431
313 642 50478
405 641 29732
251 418 45177
800 864 24166
474 920 23601
662 755 23087
427 605 52924
345 817 18028
501 670 36359
323 731 21401
365 542 18248
204 484 60729
214 274 18248
122 824 25942
195 810 47707
669 909 30463
535 632 39825
294 331 45277
77 235 36770
636 919 26926
195 784 29069
231 251 41183
144 219 11180
356 584 54120
842 855 29833
325 411 47011
124 835 23770
516 591 27803
544 560 21024
328 339 18000
291 439 54708
327 600 15811
519 533 23431
447 588 54452
83 329 31575
573 845 18439
608 835 29069
607 615 21190
7 63 54037
428 510 15133
13 293 20591
390 679 49366
520 691 45651
198 572 25942
613 685 17000
384 781 33242
356 587 15033
59 157 36249
128 191 58249
228 800 29833
281 636 39408
78 520 49396
267 478 29732
488 824 34132
504 743 20616
204 221 19799
309 841 29732
394 452 70456
107 329 11180
46 167 15524
186 739 25495
880 890 86585
147 579 22000
444 596 17029
525 595 12649
341 896 22561
362 794 25179
309 361 30676
846 847 69721
164 881 23195
377 915 28231
535 581 25000
110 724 18868
6 94 27019
730 922 40000
147 332 31401
171 430 61465
38 907 13892
156 227 30083
200 225 56080
2 220 22361
126 722 36401
212 922 15000
49 541 41485
218 760 56613
622 709 47424
190 738 37443
179 232 33422
208 921 59034
28 270 43139
675 708 30017
592 920 20616
626 789 32202
346 664 31321
42 426 21932
539 709 42190
101 131 59228
659 905 32650
188 756 34000
81 233 46325
88 399 43278
24 322 27586
62 506 25000
68 215 16155
6 813 25495
561 618 25807
232 508 30232
278 735 13153
129 313 24352
525 653 26833
585 766 16031
22 555 17464
113 525 50488
126 139 32280
110 666 32202
536 771 85094
108 865 48332
246 443 24698
231 594 26401
82 752 37802
302 832 56321
35 769 18385
473 700 31401
103 515 27019
599 880 21932
127 793 11402
661 869 18358
427 858 38013
517 878 62008
273 535 44777
28 210 26926
159 518 19799
241 527 42638
131 566 87207
37 389 20248
234 485 26019
2 800 24187
87 205 21587
177 214 69527
93 209 36139
426 787 21541
198 597 32016
217 701 21095
53 554 23022
353 820 17692
362 652 30887
55 236 58728
288 786 10198
590 674 25632
16 894 30083
475 731 21095
67 859 127577
11 27 15033
598 898 16553
687 864 39560
184 917 21190
67 564 14213
523 815 38897
105 891 33541
159 196 28425
490 770 41437
320 505 22804
569 722 30594
562 572 15811
233 465 11402
68 159 41146
234 374 50040
118 900 47508
185 752 26571
409 734 10050
691 827 25318
48 813 44102
486 658 10817
181 881 58215
280 724 24839
281 684 43566
229 639 43658
722 854 25962
241 360 45651
130 655 15133
676 703 36892
382 603 13601
263 727 26077
76 532 14422
294 626 18439
581 883 25942
98 383 75690
570 876 26401
482 844 12042
18 34 14142
38 597 36056
496 705 38588
38 137 20518
488 496 27166
132 287 43863
639 713 30364
260 456 22472
363 820 24000
181 242 59414
92 652 41761
225 473 49010
263 589 65490
417 799 26173
302 615 34015
723 768 14765
512 732 30000
296 738 36359
40 522 39217
8 602 41195
650 871 36715
120 692 22361
359 748 47127
101 811 24698
575 920 13000
50 416 25632
372 482 13038
221 340 45044
482 906 18028
163 604 18439
321 437 38210
279 735 26907
259 769 40804
657 888 11402
237 318 43174
386 671 49477
145 529 36014
654 837 43863
521 614 32249
507 805 44777
6 827 33242
521 801 17088
368 769 53235
183 450 31385
104 537 65123
88 750 24839
144 240 20881
275 681 45891
128 418 16763
375 423 39357
809 890 37537
38 395 39294
425 458 53339
406 860 31241
794 873 20248
445 685 26907
21 664 43278
49 192 16125
163 243 33615
563 908 19026
483 674 40050
325 601 37590
390 492 90250
627 905 45222
239 580 24083
151 719 53254
398 465 22847
253 847 78409
156 356 23601
151 888 26627
371 553 35847
411 820 23259
603 658 29547
258 354 20396
665 908 27785
161 336 58249
212 231 29732
277 308 27000
271 420 59841
22 646 15232
79 633 35128
733 824 13153
122 457 11180
155 213 21190
16 661 27295
420 712 38118
736 769 40249
388 826 12083
39 112 32202
172 393 45793
640 815 14142
645 842 32650
459 578 39408
756 867 15297
388 548 46872
306 902 41976
169 572 34015
311 913 39408
166 292 29732
435 874 15811
271 894 37947
123 694 53151
542 903 31401
344 763 15297
231 703 19849
136 281 70342
758 761 53000
53 419 10770
293 547 55009
519 794 16401
660 905 53235
103 910 39459
417 793 15000
718 915 38910
186 915 25239
69 612 51264
80 277 16643
429 542 42059
698 781 26571
10 773 10296
375 560 19416
710 871 43863
620 693 19647
45 766 57428
32 506 40853
359 585 45222
253 785 28792
78 691 24413
166 672 42000
149 274 13038
113 653 49041
115 812 16643
221 542 44204
447 658 18028
526 880 38328
316 839 22204
243 655 34409
99 333 14142
745 798 12083
227 714 16279
250 704 17720
373 848 11402
55 137 25962
17 504 36249
649 759 15811
153 645 47202
532 680 31401
570 609 29732
558 897 34828
488 779 44777
90 772 20616
298 438 51430
149 523 18601
110 154 61855
247 290 28071
631 843 26926
56 144 46000
431 761 22361
142 249 20000
104 244 36674
41 680 39395
93 370 23324
771 914 100846
434 475 28160
439 510 58138
276 724 29833
493 760 28071
255 476 53413
162 668 19235
399 718 61612
109 557 41110
86 103 31016
238 391 27857
460 630 98980
114 630 48877
344 625 20125
286 336 39825
97 311 16031
514 801 28636
133 911 51245
403 632 17493
401 478 21095
256 270 24166
223 368 36235
40 576 17205
287 818 55866
130 618 32650
169 247 16125
161 469 22627
755 830 29120
179 330 23345
603 708 28636
627 868 12530
183 778 37000
106 507 31385
64 886 29017
434 456 61294
368 704 25000
217 299 30000
314 449 26249
493 562 18974
765 916 59816
35 259 26926
359 709 43382
108 557 13000
421 921 10817
45 171 42059
459 605 29155
110 111 13153
195 693 33136
396 425 15652
844 906 18974
9 459 26000
153 414 34205
721 920 19416
218 803 57489
58 347 33541
139 854 23770
164 677 36688
183 889 34482
649 715 44922
102 441 29682
27 464 27459
4 439 31113
315 471 13416
342 613 20396
316 625 35355
116 206 11045
509 543 21932
48 691 42012
446 638 35805
152 322 40817
254 391 36770
431 872 11180
129 642 40706
146 792 24042
47 112 10630
432 477 26926
437 525 15811
840 862 19313
251 594 20025
502 629 15133
79 712 31953
341 689 16155
5 887 18601
213 471 27203
673 701 11045
94 312 16125
270 494 19235
456 850 67476
643 897 47508
75 834 27731
347 919 22672
59 238 24515
11 177 65795
331 511 37014
54 768 22023
401 885 26926
389 585 44911
379 751 32202
245 866 95818
447 486 25298
290 343 22672
354 662 31145
27 578 41869
120 268 17464
393 540 61685
582 850 25000
552 806 30610
524 823 27203
108 796 31890
471 549 37336
355 674 16279
192 574 36069
201 642 74793
256 552 22825
406 767 34205
189 554 31906
7 143 49679
171 637 31145
8 328 23854
366 818 48010
812 895 38833
275 331 28018
682 730 50160
228 644 19799
20 699 30414
295 296 21541
440 875 46861
681 715 38588
317 470 23601
37 319 19849
333 415 26571
191 307 15556
62 811 23601
602 864 55946
803 861 21932
273 632 12207
662 887 33015
207 706 43829
598 915 32016
171 446 24021
56 320 54672
230 843 48094
148 787 22023
455 544 38626
483 867 27659
385 469 20616
684 919 35355
447 805 28284
577 616 39051
471 620 38210
575 746 29275
100 614 52402
90 798 81394
200 762 47202
127 612 40522
509 709 32650
307 476 37577
412 558 24042
58 334 27459
557 865 44553
28 462 18439
326 374 21932
259 425 41437
773 894 27514
485 888 35000
175 809 20881
248 507 23022
68 460 49204
119 759 19235
82 185 21095
33 101 22136
513 660 70838
499 659 16643
268 381 10770
180 687 22361
208 275 27893
1 210 41773
257 574 39408
165 521 30676
739 757 52202
58 116 47434
124 728 27203
393 878 37643
663 889 28636
507 900 42953
410 439 42202
222 694 24187
252 330 34828
438 747 31623
117 630 50090
662 893 20809
740 778 37855
369 813 37336
349 440 44598
699 736 34205
695 818 10440
220 777 43863
350 468 37162
499 784 37443
285 874 29206
503 593 33541
586 758 43417
3 77 40817
89 497 19416
646 833 44407
166 780 18358
69 670 30463
718 850 41195
382 879 10440
310 675 10296
101 683 24698
192 814 61911
588 775 20248
202 872 42720
276 802 34000
249 383 28792
96 841 35355
585 748 42450
15 300 41773
541 814 69857
247 628 24187
19 851 27785
173 420 19698
337 393 41437
252 685 17889
697 862 32311
719 788 22847
599 804 21471
815 858 24187
56 922 34928
226 668 31257
374 764 37643
53 837 29069
303 566 40447
216 521 17088
277 400 70831
211 738 25554
387 832 29000
170 697 18358
280 329 15000
121 544 37121
44 161 51971
53 80 30000
735 791 36346
105 358 31241
38 55 13601
397 849 17692
35 261 35057
457 824 28425
718 882 28302
93 836 46239
102 232 15524
689 707 40050
76 680 35355
174 752 14142
222 224 39205
520 877 32573
473 571 57871
226 912 31145
226 458 14765
23 497 27731
128 817 37121
165 801 23770
32 619 18028
203 402 21095
476 669 62290
83 802 25000
142 196 17692
589 640 11705
321 819 33734
125 335 21932
17 242 37656
712 749 40249
812 871 22825
571 700 51662
753 842 39000
272 484 29428
31 37 32650
260 833 59228
55 907 20396
208 393 13892
269 543 13928
46 341 14318
480 523 18000
12 51 39812
546 547 42190
193 460 33541
538 626 40706
708 879 12649
346 416 50912
51 72 19925
74 670 31000
95 422 20809
14 607 27459
209 921 13000
175 890 50090
608 728 40050
696 797 33015
19 772 31780
205 808 21840
12 717 21932
168 373 10296
203 826 41231
85 467 34482
316 904 44011
303 745 27514
390 630 115694
337 878 38910
323 475 35057
187 366 32140
139 530 53600
804 880 35355
620 656 24759
61 199 53009
597 916 10817
171 194 64031
409 839 34482
262 594 33615
583 888 38013
379 565 22023
666 774 35228
18 25 48826
45 637 18358
48 520 43829
481 546 45453
416 890 35693
194 696 55027
100 571 29155
610 878 15620
10 265 92022
60 624 15000
143 594 41593
680 758 36674
807 892 39051
203 845 29206
363 534 39294
300 489 34986
321 528 34132
326 825 57871
622 734 28160
238 400 70000
17 255 14142
421 450 29155
378 567 24083
148 426 25710
327 908 24515
137 916 14765
41 586 29732
823 863 15264
503 778 25080
692 753 25807
95 138 44045
281 831 36674
406 763 28792
638 832 50448
47 445 17464
319 476 52773
546 697 10817
732 788 23324
593 610 27019
151 583 31145
146 863 24739
63 594 25807
452 553 64413
535 828 66528
436 636 14866
527 548 46228
197 648 25080
36 509 21213
318 859 30480
197 572 37202
20 353 39051
478 790 39560
767 860 19849
295 353 40497
558 914 59808
298 392 47424
174 436 22361
219 240 22561
422 505 20025
286 469 16279
93 921 45177
218 343 17088
483 792 26000
298 633 21840
15 489 13153
64 354 19209
47 438 45618
117 193 38949
159 215 31145
156 714 27203
380 723 33136
531 727 10198
96 429 18028
780 873 60017
544 717 27659
364 650 51264
524 751 24083
455 560 28601
552 802 28000
556 895 35777
577 711 26907
222 611 57245
132 695 11402
461 896 14213
287 630 54452
201 739 63388
793 799 18439
84 277 64281
364 631 46011
190 353 31623
201 512 31890
57 671 47381
313 350 11314
293 679 19235
348 580 23537
65 752 40804
390 545 55803
423 597 24331
92 394 21095
65 396 44000
70 342 13601
66 324 15811
161 273 12530
532 748 16492
115 490 29732
160 386 19209
87 245 34000
90 745 82662
31 319 37947
136 701 29614
846 870 16553
742 825 52010
866 871 22136
211 295 19723
132 830 32985
62 380 35511
217 281 115879
603 805 41617
489 497 28844
266 555 38833
828 883 63561
797 864 40447
715 759 42802
704 852 28160
58 218 51420
124 656 17263
91 285 21095
52 563 16279
349 737 57567
634 834 29732
424 550 24187
54 723 10050
223 688 34366
305 514 18385
342 786 13454
377 882 17493
671 827 38949
36 543 30017
153 220 29000
147 168 19313
10 271 26173
216 614 25060
372 442 45891
63 143 45651
240 667 15652
257 541 24759
65 334 16971
304 536 74465
109 865 44553
660 883 33242
826 845 44911
780 821 27514
191 476 45277
113 792 24166
320 667 31906
281 673 102181
12 360 25000
158 230 34409
254 656 24042
184 357 46011
177 230 51865
415 886 23195
201 719 28792
727 870 23770
358 389 40497
560 648 35511
432 910 29833
431 901 11045
319 891 46098
177 490 45793
43 757 30480
20 736 17692
549 620 17263
100 134 48052
263 531 29120
234 438 44385
294 538 48260
401 740 24413
85 902 20000
539 604 16492
136 185 24042
747 854 27295
54 480 26249
321 442 41785
335 616 148600
42 114 36674
690 737 12042
770 812 41231
14 339 57706
512 719 11402
485 764 27019
239 829 26907
565 614 53263
502 711 27459
285 608 19235
45 76 20025
608 627 46065
417 741 10630
179 252 23022
131 808 50695
18 50 29000
78 840 60083
187 215 13601
312 369 17263
284 609 36014
202 406 14142
810 835 12728
182 447 54745
569 747 22204
159 460 57428
494 746 46325
564 626 64257
36 246 30480
491 678 31385
189 291 12806
309 903 36056
191 453 10440
344 767 23770
113 590 33061
306 892 14866
115 895 36401
296 325 39294
365 903 36401
298 330 24413
224 611 53852
363 838 35468
520 862 38328
33 808 10770
3 272 12369
499 905 40804
97 471 26926
518 576 39115
360 449 40497
160 258 33121
57 312 20809
536 859 38210
671 787 20616
355 450 54918
299 526 30414
267 790 37590
698 852 26571
436 752 30000
180 194 13601
485 657 26926
408 712 16643
93 706 13038
161 535 53367
216 716 10050
713 883 53712
555 911 31401
135 711 26000
433 796 36235
442 892 25456
566 616 43863
755 893 15232
337 548 25495
617 847 24739
428 782 46530
119 573 18028
88 904 15033
296 504 35114
449 498 25942
182 486 48384
401 778 36235
184 838 43417
356 714 16279
484 779 37643
170 266 48332
170 481 53235
729 819 25456
223 917 40817
193 720 29017
413 796 39000
170 551 53413
276 737 19000
283 791 73164
510 659 34670
278 279 35847
219 682 23770
71 435 54818
741 910 45486
496 779 42297
213 549 21024
69 372 32016
485 707 64327
501 590 40804
423 918 31048
612 844 34525
671 887 27019
168 848 16492
237 789 70178
130 839 32450
831 861 28000
783 866 121103
109 327 16155
172 275 45122
75 176 32311
21 420 24207
67 86 44011
180 864 47381
376 909 22204
284 496 18028
41 824 35341
206 684 24759
427 578 34928
292 297 38275
301 486 43186
403 578 43186
318 715 29428
160 662 41340
349 559 36125
472 895 29155
266 911 29967
470 743 15524
453 476 48260
406 444 31828
133 551 37162
30 355 47381
785 846 11402
643 845 19026
264 280 33956
248 847 28160
424 480 31780
12 241 47043
122 488 14213
601 676 12369
251 262 17804
559 702 23770
32 556 23022
412 914 82298
169 327 30083
102 508 29069
635 860 29275
382 645 45222
155 277 51624
408 516 32802
282 571 33615
822 861 28018
487 507 26476
316 635 27074
121 897 38328
651 652 25495
435 853 50289
579 700 22825
559 875 39115
822 880 187771
396 397 34713
301 795 50774
631 856 18248
61 481 14866
423 765 49163
99 340 17205
202 763 25318
299 701 16279
683 811 15620
635 767 24839
150 666 17720
415 695 46519
206 218 28636
80 654 14866
109 908 26907
647 849 14142
414 777 30017
104 289 47927
9 73 23345
338 817 20125
16 869 33136
247 572 27803
152 910 43417
121 314 37736
404 815 27203
413 665 10050
146 867 28653
265 890 29967
141 706 58189
82 912 41012
207 451 77104
490 856 50000
264 744 12369
367 425 18028
410 913 17088
237 294 43681
702 799 70456
567 639 45000
274 480 28425
68 193 24000
608 874 41000
181 669 19723
505 667 21587
412 643 41110
409 625 29155
92 788 62968
284 901 24759
379 889 10050
5 662 38210
555 646 12207
186 686 22136
140 847 10817
191 762 52887
147 848 26926
633 712 40804
379 663 27295
26 171 23537
432 451 15620
678 785 34205
447 603 28636
390 529 50210
506 550 21932
155 471 29275
73 678 32573
643 771 31385
487 857 35468
141 451 33015
248 487 30806
135 629 29614
177 472 69065
145 390 34000
348 533 12042
309 352 33302
338 345 21024
324 717 17088
199 551 52839
304 643 23345
586 824 43966
321 595 37336
750 904 17464
29 548 48795
302 446 13000
23 537 31765
109 433 14318
1 440 22361
116 347 21840
278 489 18358
182 301 49980
7 296 54918
141 836 18601
291 410 29155
112 479 16401
367 368 16155
197 918 18974
10 16 50160
349 806 51088
198 562 18248
325 676 36497
345 725 24021
728 874 49041
277 454 42048
167 485 50329
849 912 25612
630 720 66888
500 744 59548
227 297 29732
163 561 41773
404 858 13153
134 848 55172
851 899 14318
7 255 42202
651 898 34928
14 387 53151
52 413 19026
249 400 50448
159 383 40050
158 177 31016
378 387 16125
438 445 45100
407 906 28018
381 389 46400
477 626 69584
107 280 20248
48 178 57140
539 734 47539
328 602 59093
85 531 43417
466 582 11180
189 283 67602
334 495 14422
275 511 47802
370 511 32202
384 465 20248
283 439 34366
383 460 75432
163 443 22472
385 491 47539
529 840 14213
528 595 38275
776 896 19698
405 776 37643
687 696 45177
442 525 25298
554 621 27893
111 724 18248
405 461 33242
677 881 50990
372 653 29967
320 754 17493
269 539 27295
414 879 34059
477 515 17205
209 370 37014
31 909 29614
165 305 21378
53 654 19416
321 617 24166
443 539 23770
716 740 37483
304 573 21378
574 776 39925
419 454 16401
134 614 45706
7 601 44777
176 516 27803
519 829 22627
14 615 22204
125 150 20248
516 699 35114
628 865 11662
130 686 50090
407 875 51400
104 279 25318
807 819 31953
441 508 26420
365 853 18385
651 731 11045
716 885 31906
276 806 54120
154 702 83241
380 772 26571
703 726 49820
144 320 35228
157 853 27295
170 877 12207
453 762 48166
134 524 19698
207 538 14036
570 705 28302
147 775 32249
785 870 21633
335 500 14866
243 618 20025
242 470 38471
266 877 55543
268 797 21260
444 860 42012
325 820 42154
526 912 34059
479 786 23259
30 450 30480
167 257 28636
790 885 29411
81 568 20518
532 622 76485
246 677 10296
534 688 31385
399 466 54231
803 831 12042
411 726 73055
74 501 19000
140 617 19209
751 823 11314
571 725 36770
85 440 44283
400 522 39699
528 857 13000
792 857 30150
8 607 13601
227 672 39051
371 694 30676
277 419 37537
462 746 11180
434 882 30067
623 884 17000
269 709 32388
126 326 12042
289 783 22361
462 721 27459
70 613 15000
726 754 69181
156 580 28636
183 188 13601
270 502 24166
371 405 29275
2 842 25632
123 780 16279
376 448 29614
84 400 22561
24 152 15133
87 619 30083
89 782 12806
114 492 34482
430 615 23601
430 602 10296
420 749 15133
197 600 37336
25 261 53141
134 565 26306
384 495 33136
102 351 16279
530 742 50695
292 672 17205
364 856 39217
232 298 35355
841 903 21541
598 732 24759
156 587 18028
242 255 44294
44 828 19723
136 174 34234
267 503 28792
282 725 27019
66 72 25000
698 917 41869
190 508 14765
225 692 16031
59 853 38897
158 856 42297
352 874 33242
722 747 20809
311 315 41617
454 554 27295
93 355 50220
2 644 18248
367 704 11662
381 696 37656
517 527 25807
173 530 22825
265 346 58034
52 517 27295
128 251 44721
235 609 35114
157 365 22023
599 668 27295
98 837 84404
140 729 62586
455 765 13153
461 689 18111
29 498 17804
792 900 23345
338 682 41881
135 303 27731
166 873 56824
397 647 23087
2 855 14866
284 596 50120
118 332 26833
11 464 37202
385 632 30610
106 447 55946
472 506 33541
204 340 33242
162 175 45011
772 851 22136
15 735 18358
40 463 35171
611 873 48826
4 791 60415
13 61 96255
210 256 21260
561 757 44654
439 784 69000
13 199 149121
770 856 49930
185 701 36401
236 262
480 433
801 366
619 47
908 360
849 455
539 669
561 350
422 275
596 983
488 177
159 691
990 458
592 346
578 74
642 963
566 649
440 919
288 199
518 795
569 890
851 564
548 86
63 351
480 891
650 400
487 192
231 227
116 655
233 502
576 553
326 94
286 69
430 909
463 843
634 585
555 528
164 840
712 732
787 248
662 412
922 374
669 624
530 302
614 445
764 862
678 758
869 498
741 930
461 939
195 708
213 665
739 84
353 163
156 851
389 655
851 408
311 816
704 236
389 344
983 554
316 132
485 671
827 338
338 851
164 727
28 444
866 240
189 398
637 748
678 245
189 727
405 291
186 410
541 863
615 465
822 401
882 436
615 878
763 102
268 773
344 907
136 205
748 180
284 289
29 400
324 48
808 547
544 122
303 179
619 273
830 765
151 479
848 428
341 716
674 354
712 143
794 108
792 293
374 557
293 90
566 809
60 399
524 36
524 523
363 467
119 234
289 705
237 718
104 286
117 288
686 751
258 443
929 338
399 68
284 855
909 274
333 500
34 641
490 477
88 730
700 368
901 793
650 215
41 306
689 868
160 389
429 610
662 694
762 578
235 78
876 317
943 595
327 547
184 153
316 932
149 826
369 750
658 859
323 394
119 425
839 173
507 631
343 655
949 408
287 476
388 493
932 414
388 175
58 295
712 752
65 366
469 393
69 337
718 153
931 659
719 269
472 118
848 203
835 378
479 292
431 931
698 591
638 652
309 649
914 768
760 847
381 511
230 753
925 519
627 405
109 607
606 913
312 898
432 976
529 833
443 129
838 546
602 779
561 408
610 597
395 470
239 534
425 765
323 909
758 649
843 245
231 523
703 44
557 767
486 598
755 922
890 240
565 421
663 157
826 185
194 754
193 796
984 607
473 556
746 695
722 474
74 619
751 291
303 53
273 854
99 500
126 556
160 514
205 234
566 733
421 656
711 173
398 182
851 234
313 604
356 956
261 828
345 644
490 413
737 277
878 812
440 793
839 808
470 500
416 903
923 688
497 465
585 241
492 146
449 666
581 805
313 784
701 810
796 427
199 891
38 551
728 241
887 663
323 649
206 689
603 656
727 608
540 3
290 48
654 608
238 767
335 428
819 173
375 816
469 630
625 780
380 338
684 229
564 635
191 218
748 873
819 349
437 850
889 602
498 841
483 619
355 291
97 243
504 985
905 563
219 621
506 470
659 573
201 196
578 964
798 354
473 281
395 164
99 563
143 263
754 116
567 71
549 40
130 251
248 914
434 567
636 35
748 395
617 252
460 324
916 335
645 726
480 17
240 795
693 52
924 740
980 476
50 509
549 723
569 715
945 708
612 822
356 926
606 105
442 453
623 369
209 141
40 677
288 645
263 346
497 609
781 116
651 329
421 342
711 127
834 420
639 686
108 698
677 151
766 548
590 708
28 593
540 541
347 690
298 384
44 331
811 678
149 722
531 705
690 880
222 724
541 337
130 236
598 802
83 540
357 488
806 295
326 839
50 286
491 349
127 609
374 598
541 319
782 279
777 868
645 737
255 812
723 514
393 589
506 927
305 849
900 670
198 299
647 694
550 812
626 307
527 757
839 353
200 468
950 673
394 731
500 503
625 522
166 667
641 300
845 710
491 744
454 39
705 286
875 248
402 827
417 821
837 437
131 491
837 823
214 378
372 516
699 860
123 762
618 577
798 659
604 279
279 550
310 167
510 480
405 384
846 163
341 798
447 295
850 390
596 293
111 646
538 517
983 408
718 215
580 857
133 568
819 783
202 830
382 851
356 874
303 796
775 575
770 185
262 599
95 621
451 262
383 217
841 852
736 472
251 351
571 876
714 534
682 79
494 734
54 702
232 666
442 372
831 286
470 963
144 410
424 626
729 88
588 905
181 525
324 704
158 780
342 153
396 844
938 389
423 205
600 123
689 344
570 382
729 423
76 412
240 704
843 652
644 288
290 902
260 380
658 799
641 69
240 284
541 793
259 369
677 599
759 450
661 754
628 381
386 416
624 548
128 681
210 522
86 424
749 775
483 588
716 98
111 763
897 623
695 358
423 890
432 251
905 210
810 864
249 223
821 257
510 207
324 787
825 596
267 259
632 728
463 308
609 694
689 157
374 126
421 499
302 246
846 680
531 593
53 426
241 601
676 738
373 146
972 544
213 365
256 463
769 349
727 809
410 424
310 446
711 377
576 87
419 90
403 313
959 321
205 817
220 193
338 831
738 380
560 111
105 669
610 159
61 276
186 429
211 174
229 594
581 682
325 684
341 132
336 451
564 780
649 570
615 121
112 517
767 719
523 151
275 632
39 416
551 850
200 641
834 217
883 697
908 478
319 620
800 211
373 164
309 539
251 393
383 940
179 656
295 418
948 444
626 902
327 283
627 473
901 682
501 782
491 240
12 608
520 101
98 514
686 577
191 547
730 890
702 304
664 586
125 727
938 375
943 509
979 531
150 620
702 192
321 141
958 561
171 229
806 805
720 71
867 571
345 81
276 705
71 719
171 323
134 746
726 622
211 799
216 681
39 435
301 551
169 135
606 255
253 787
666 816
756 384
403 554
216 784
44 656
780 896
288 214
801 238
164 197
455 219
410 493
905 647
491 215
823 607
689 773
965 621
582 508
690 422
949 658
379 470
363 226
225 441
568 828
280 246
199 579
470 650
263 397
772 439
162 804
780 701
408 961
207 719
498 687
565 391
392 388
702 573
403 254
549 891
569 361
626 235
784 394
172 580
859 758
171 350
649 757
335 592
589 368
139 167
308 406
747 607
332 77
685 195
693 64
696 506
667 714
404 344
741 523
62 495
585 214
259 755
213 159
954 296
485 73
466 271
618 843
494 895
764 521
280 891
630 436
649 352
570 282
359 215
819 832
681 658
57 661
483 451
431 421
857 578
379 876
169 752
44 631
406 21
829 702
818 725
227 405
758 88
747 580
667 212
734 783
404 415
596 150
546 218
655 939
870 356
275 523
536 918
231 676
75 300
330 663
412 934
593 587
217 410
898 402
914 726
344 949
216 465
430 347
495 699
649 617
374 301
977 457
646 448
90 608
339 621
314 103
255 871
641 772
765 628
551 428
474 798
792 862
142 294
868 456
486 499
666 190
866 833
873 306
547 473
934 503
373 799
539 817
390 504
345 938
149 314
464 679
392 821
771 360
138 480
790 822
404 362
664 541
344 71
184 179
585 867
561 253
939 685
57 588
303 605
143 706
789 635
756 722
919 239
272 238
660 846
343 164
114 270
417 588
425 710
329 293
666 237
309 333
389 617
828 691
797 719
664 378
704 533
569 58
506 808
143 282
588 746
739 632
276 579
137 418
673 883
594 698
100 231
235 132
259 218
648 829
611 477
603 903
824 528
293 521
314 884
471 478
356 705
872 333
247 493
689 647
679 464
31 622
207 845
707 419
435 584
726 499
728 836
109 776
581 492
745 505
336 177
470 826
425 49
41 688
319 192
605 978
79 265
360 477
817 881
472 373
239 571
733 338
898 777
364 774
554 130
502 13
641 138
353 328
655 728
918 397
777 731
33 481
252 639
564 22
280 453
153 398
870 707
399 480
268 681
520 454
230 143
141 384
504 436
303 626
143 229
224 872
398 942
358 412
195 248
302 321
282 59
452 970
637 197
302 113
385 59
832 474
702 954
361 201
304 753
392 607
876 296
291 351
515 744
889 803
220 904
301 513
677 380
672 935
100 651
872 431
540 285
867 681
844 325
232 881
617 313
831 614
516 875
628 206
134 436
726 58
468 771
744 551
939 455
679 319
456 442
495 98
205 356
56 642
342 331
332 400
365 507
369 886
830 631
312 213
364 824
692 273
635 853
475 419
467 76
283 423
385 204
8 570
760 492
204 881
946 473
293 500
514 414
269 749
381 18
262 490
579 225
639 930
335 316
374 39
734 433
887 718
635 275
210 320
780 373
918 509
162 592
408 374
393 977
615 655
813 650
514 227
682 706
276 622
828 309
897 375
727 774
269 551
477 998
494 538
277 351
858 339
614 952
377 97
799 873
93 692
795 694
326 210
297 469
730 412
272 305
671 299
807 532
571 171
223 350
176 847
217 700
605 559
99 393
892 590
385 906
688 95
92 775
772 670
156 813
405 772
188 772
290 866
288 227
172 519
421 641
