909 2266 11 263
377 750 19647
121 346 35903
22 292 19925
144 187 27785
430 844 24698
522 846 21095
365 391 30083
111 756 22361
199 795 53935
184 607 37000
549 711 24083
735 833 26420
116 507 21213
723 870 54083
317 423 40012
472 632 29000
551 879 36056
443 570 30594
385 530 43290
148 714 12042
212 509 44553
428 617 22091
386 588 32757
7 678 25020
56 620 41049
96 618 26077
419 471 25612
241 501 33000
536 866 42379
541 690 45486
118 776 40311
104 293 39661
446 628 41049
565 620 17000
743 818 13601
105 739 17464
95 587 35341
327 390 40012
620 733 23000
702 786 36222
228 429 22472
705 872 21260
815 847 19235
39 753 25942
518 602 16125
302 656 22361
512 771 25239
320 323 64761
18 812 30676
234 617 17464
100 372 54120
9 108 17088
143 582 35609
92 663 48754
558 707 33615
229 409 46615
489 826 21024
10 211 30414
336 799 23022
308 337 32573
160 728 45804
117 279 13038
800 850 26173
527 770 15620
357 388 43738
330 707 24413
723 842 24166
380 462 15000
82 723 166481
493 761 51088
129 285 24083
79 424 38210
780 902 42379
56 751 55973
508 891 36797
15 237 24187
146 165 38328
356 674 35468
221 889 46615
706 743 18439
389 417 16643
366 758 12806
590 727 42450
44 258 32202
145 909 43417
537 639 43463
42 863 37696
554 870 48877
422 789 20000
347 738 28460
73 262 27203
293 663 24698
503 781 42720
151 271 38288
240 832 16763
482 543 50990
170 362 32280
142 417 15556
367 653 13928
300 821 15232
84 435 33015
673 761 20125
160 322 20518
354 482 28284
209 644 18111
424 740 23707
438 450 17720
46 529 25495
302 840 47885
468 639 46755
223 795 50961
340 555 24759
353 809 27785
383 869 30594
399 626 44385
538 764 29967
670 895 25000
134 325 10050
28 685 52612
80 310 18601
183 778 24839
207 653 27459
130 623 39051
539 628 65115
43 366 54203
358 604 32802
604 747 48301
125 423 12207
38 662 41110
141 738 44688
122 326 40162
741 834 21932
40 772 22804
545 676 38601
853 860 40817
473 608 42202
312 732 46239
585 751 22804
332 873 63411
340 450 34886
464 630 57871
125 504 14000
115 655 38471
808 852 43932
262 880 47011
149 203 38833
231 427 26907
604 729 20809
411 454 11705
278 554 20396
334 536 51088
272 374 43174
42 842 73164
220 877 36014
492 501 42107
186 295 39319
131 644 39217
265 283 35128
684 882 24083
69 165 18601
648 748 54452
142 692 43012
109 542 52154
428 498 52802
290 698 22136
326 846 47424
171 719 27857
395 679 25495
671 793 18439
605 634 13892
493 647 31401
468 588 47885
220 395 42059
39 759 17493
338 528 26907
270 859 38949
23 798 21000
63 320 35847
266 364 16763
451 712 57035
231 828 26870
720 879 110982
630 819 21260
703 864 16155
70 520 11402
567 663 35341
274 441 16031
543 816 33377
195 258 50448
121 432 30676
18 868 39115
431 671 37216
196 283 34000
88 334 31401
622 682 47508
597 756 31257
113 681 44181
68 239 23022
3 388 46174
448 628 68029
43 717 43278
624 854 13153
162 754 15620
38 452 53935
258 259 53712
506 807 34928
274 512 33838
36 701 16971
28 779 57489
123 735 31305
121 564 42154
124 856 43658
503 563 43863
236 583 66310
75 297 30871
22 834 38601
66 763 35057
217 669 42059
551 886 18601
29 878 53852
97 505 50636
27 182 36056
565 893 19209
254 572 42579
406 655 46755
283 907 34713
628 760 66242
125 255 19235
37 183 25239
393 600 19000
63 311 62936
468 591 65115
317 434 28320
22 644 40050
574 722 48549
439 546 10817
334 866 20248
402 504 76420
160 802 28160
92 113 18028
826 902 31953
202 303 12369
165 890 39395
6 478 23087
454 687 38053
436 821 17029
667 724 37336
372 810 37537
51 845 40608
98 323 14866
58 196 24083
476 861 11000
15 177 30529
589 763 29732
718 871 17000
69 319 18028
253 702 25020
109 857 39319
3 393 18439
541 584 16492
56 224 59135
564 839 53000
276 416 23022
298 605 13601
267 763 67941
566 732 25710
455 608 33242
475 890 31241
668 799 19723
254 557 29547
404 494 41725
118 354 14866
141 531 42059
28 314 51923
779 887 33734
573 884 25298
311 839 61984
222 395 31780
423 632 32280
26 836 33136
254 429 14866
364 697 20224
178 577 24083
193 666 23022
88 647 37000
315 345 13454
177 782 26571
48 245 26476
374 812 29155
469 508 23324
76 413 36069
615 706 15033
214 377 13601
282 320 42190
463 764 33015
382 767 33287
142 561 25239
434 792 34205
356 671 49497
408 548 15033
659 776 14000
23 388 12806
149 318 39812
40 340 27731
352 839 33526
342 549 37483
278 328 20616
532 866 38013
269 753 71589
691 823 27857
526 634 27295
431 451 34059
463 714 45607
114 759 42438
583 721 28320
16 792 32062
207 804 50000
784 852 25318
365 466 20616
33 236 22023
223 246 40112
6 749 29155
171 562 23324
166 636 22361
167 437 22023
270 844 44922
110 545 36620
174 662 24166
137 330 32016
538 686 18028
22 426 30083
488 579 11180
68 826 22561
374 633 24839
53 718 30083
418 468 66370
443 818 27893
499 766 26907
109 849 36620
525 906 23537
283 481 37443
497 699 19026
152 181 28636
520 766 65000
84 433 27166
426 644 41869
128 552 43012
436 648 44283
491 872 20396
87 353 34785
363 785 33287
268 628 67624
149 691 23770
280 751 15297
372 613 29120
79 407 42450
128 791 19416
323 771 47424
199 275 50804
354 776 38419
232 550 32802
298 379 27586
178 393 15524
21 185 67119
174 361 17720
267 793 21541
102 677 13454
709 750 36674
108 559 17692
13 57 21587
657 815 16763
316 848 22561
314 645 27019
349 468 12207
442 453 23537
321 381 38897
108 324 34059
436 742 16971
631 739 12042
9 403 34886
541 648 90802
597 899 70178
732 851 22472
130 646 26306
672 823 106075
225 764 51884
444 747 49649
331 333 59093
358 878 20248
155 461 33242
273 369 17889
163 551 39962
74 886 12042
665 741 25318
213 223 46819
288 509 37577
607 903 51884
853 901 40804
127 527 39051
689 905 37537
186 211 56223
245 258 27514
506 848 14142
665 731 75166
363 905 29155
307 529 37216
85 284 18385
46 307 15000
144 382 31385
241 405 35511
13 623 30067
132 681 35609
268 539 15133
261 624 60008
15 877 42953
742 898 31623
246 725 29530
305 762 21213
673 744 23854
356 800 34886
17 773 43932
210 474 103121
202 739 33377
89 365 64846
51 394 25080
226 228 27203
49 55 19105
347 404 32558
110 531 40025
119 180 31305
693 788 47265
446 539 46098
368 685 27803
386 639 22000
719 845 50160
532 536 37108
243 795 60075
373 726 43417
651 870 21587
319 543 26571
52 176 11402
309 601 20025
234 498 49041
224 588 19799
550 829 30364
113 778 20809
544 719 28653
504 625 18385
397 558 18868
476 576 19416
196 859 16763
112 773 26077
408 615 28302
299 485 26306
191 305 31241
404 738 31145
41 143 40853
81 855 21541
461 695 49010
195 800 25000
356 580 31780
203 238 53151
417 626 39598
843 860 18682
90 522 41593
231 737 28636
141 298 50695
120 203 52202
60 888 27586
716 777 54148
545 738 26926
187 608 44407
3 248 38210
132 663 35014
145 865 61612
73 766 35355
242 370 21401
741 838 36056
672 860 58249
194 893 28443
243 430 21932
71 652 25239
512 836 65008
43 270 38013
433 435 25298
282 771 28160
461 566 27857
213 449 11402
229 611 33121
55 655 13000
5 469 58034
72 528 30083
62 150 32000
310 465 27166
439 720 18358
108 583 31064
81 328 44204
496 636 43566
192 477 30150
66 431 50220
340 634 33541
9 236 44385
424 596 15811
654 687 27659
81 458 41110
25 462 36674
264 640 45000
569 845 44204
552 833 49336
308 410 40804
312 715 34482
661 767 21587
368 642 35355
313 762 14866
504 748 45541
85 477 26627
66 267 46487
300 898 38288
574 594 31145
110 379 14213
112 398 25000
15 610 35777
127 593 29732
16 681 39357
137 266 44553
442 769 11705
78 633 42048
402 777 29732
611 778 33015
267 486 37216
237 624 40249
398 773 47802
245 650 38471
374 722 35000
487 577 27166
230 820 25080
34 38 63285
291 744 34482
256 310 41304
584 599 23854
124 741 41617
279 555 28601
822 828 39000
239 826 16643
386 468 36139
457 540 17205
534 753 27074
113 132 30529
206 582 18682
870 908 27459
122 522 27295
742 821 25020
154 815 36688
304 897 18439
557 813 20248
13 40 41869
593 712 17720
469 542 46174
68 466 38328
258 318 29698
351 726 11314
220 593 50606
459 863 22825
172 540 33971
410 727 35777
68 157 44598
147 215 34886
361 715 51010
686 764 17117
315 776 45541
786 892 14036
392 570 32985
119 657 20396
106 454 59540
197 500 37855
356 793 51478
215 510 30414
197 806 49041
247 668 12207
93 458 13416
67 390 36125
432 803 21541
576 759 30083
213 796 43566
521 642 41195
390 488 52431
1 401 27203
422 858 72367
6 474 70576
194 505 25318
53 383 13416
735 909 33242
381 622 43290
281 877 30017
348 554 41304
290 818 44045
576 621 10440
323 839 36715
539 638 27459
338 901 41231
333 751 33422
257 734 29155
348 908 24515
781 905 45177
515 633 44822
630 848 34438
80 144 38210
151 817 45310
240 668 13601
98 352 21095
629 740 30083
779 852 51088
22 770 32650
131 807 50774
76 787 35228
81 876 46271
252 689 29069
407 757 43417
75 900 40792
418 591 13454
115 151 20125
62 136 21633
343 774 34438
29 213 22804
240 855 23770
253 365 30676
492 740 30414
68 780 39623
381 682 29069
263 468 46690
361 695 38471
412 860 22361
271 761 24352
713 851 31906
56 263 59211
557 612 24000
177 181 45310
650 773 29967
270 717 27459
451 527 32249
346 575 45398
332 681 40311
286 514 52431
59 893 22672
277 664 43324
610 877 26926
31 683 32558
161 737 18111
14 440 33971
363 689 39051
274 654 17493
452 487 59439
289 422 54918
28 852 34713
520 574 49679
159 307 54009
14 510 20125
199 444 65069
440 556 39812
104 518 32757
371 755 25080
150 189 42438
517 694 23707
462 790 43681
286 690 49366
754 908 22561
433 498 37656
191 887 20000
582 846 28320
768 831 57315
216 636 31385
320 771 58830
99 574 36401
329 595 26926
142 825 54452
471 494 28844
296 881 48877
103 345 59908
261 580 47170
326 445 49010
324 891 11314
480 844 31401
96 669 29206
300 648 13153
245 773 41400
33 784 31321
206 846 26019
303 601 26000
340 526 42544
26 659 31385
685 778 43417
133 862 36620
446 510 41012
583 906 46400
698 701 13153
177 237 19105
503 652 20809
171 394 25298
271 291 33015
64 542 42485
287 352 35468
396 820 39825
264 461 60539
134 205 20000
18 511 30232
29 795 37643
120 841 27313
378 489 15000
366 481 45222
286 534 142594
81 162 40706
9 559 29614
192 509 30017
55 72 23087
863 867 31906
33 284 22023
474 606 134350
249 344 13454
221 317 19235
36 698 10050
233 359 17263
142 329 59076
407 835 38079
413 708 23537
509 899 34176
436 675 36222
220 281 48270
75 777 49649
75 791 39446
153 360 25298
235 773 94921
379 526 36688
97 670 41629
95 363 39000
179 320 54571
32 744 27893
697 715 21378
28 525 20000
52 179 40853
131 804 13454
99 594 27514
367 804 57585
212 597 58138
485 614 18028
658 815 11402
593 830 30806
302 484 17029
503 905 44181
214 750 29206
474 732 45793
725 796 51971
60 393 33121
501 641 29411
204 586 37202
399 578 46957
341 873 23770
430 795 47539
464 506 29547
134 336 21095
276 360 29833
523 885 17493
314 567 42059
2 348 31145
140 751 57009
147 628 36235
128 186 33015
63 323 64351
553 711 16401
59 331 13601
477 509 41110
8 180 11662
45 270 28302
376 612 18000
29 899 49336
171 540 42638
819 848 15033
455 487 29732
47 805 26401
621 861 17692
316 819 30480
556 787 36688
189 409 55000
438 786 22361
30 805 17804
37 368 25495
525 852 18682
394 569 11402
498 609 30480
236 403 29547
461 732 35341
195 259 34000
449 597 80131
535 630 11705
412 843 26249
76 833 16125
389 561 16492
328 876 44283
101 400 25632
358 509 25298
496 905 53824
146 307 53367
396 800 13342
401 620 25239
595 880 45177
364 660 42107
784 808 29275
426 770 29275
48 486 43841
447 817 33615
490 628 51923
30 624 41049
337 395 20809
492 596 23087
20 778 28636
120 823 22847
110 902 21954
649 884 26077
862 897 40249
105 516 31241
283 480 18439
500 637 20396
750 858 47265
231 622 10198
493 568 57706
45 581 27659
50 746 41881
294 869 33838
27 315 29069
287 571 25495
245 318 30414
470 779 26249
489 526 27659
194 907 59682
120 691 20248
254 612 45000
411 654 17889
223 725 22023
382 661 24042
598 757 24187
569 719 13038
27 107 30150
336 743 23345
405 501 33106
198 293 28178
114 760 26000
359 857 31575
161 427 34059
120 149 28231
533 704 21471
13 64 40012
48 259 49649
160 717 43681
299 719 48836
424 629 23087
486 793 45793
491 889 10770
100 895 24042
492 894 24083
622 737 26306
372 729 29614
584 746 27586
502 864 33615
348 870 20025
312 697 48270
269 863 47434
696 814 22472
234 306 29155
57 211 31145
373 720 71197
54 260 18974
88 166 26627
494 865 21954
190 644 31064
37 642 29120
630 879 65123
70 825 19235
4 407 52631
424 523 52887
405 641 23087
447 601 41195
206 522 32558
160 351 38949
656 895 44911
459 876 12530
158 794 30610
99 237 51088
112 245 31016
32 587 27803
54 464 34986
571 592 38484
74 775 51108
64 109 26926
710 829 16553
437 809 19209
573 840 23601
287 564 44283
459 666 27203
189 646 22561
89 884 15811
220 308 20224
113 332 29682
219 724 21024
501 524 63411
251 768 96421
80 296 28425
185 652 28443
257 570 41437
165 816 42953
163 456 19925
201 740 44407
179 397 41037
112 304 18682
246 581 50000
571 837 40719
329 692 32558
423 889 60166
299 614 12530
11 680 21024
497 677 13928
55 843 21024
255 889 56223
169 856 10050
872 889 27785
253 892 39000
318 691 29530
275 370 30594
140 333 53263
12 564 46615
147 549 28160
305 314 80654
297 619 17205
409 815 32757
447 693 18788
560 897 24166
95 680 32062
19 280 27295
590 775 31401
73 499 27459
309 901 35228
571 595 14765
56 184 38833
784 906 49679
202 238 26019
648 716 42485
77 144 29530
660 696 38079
670 884 27166
198 602 16125
221 423 52202
170 483 51108
5 100 51245
311 493 47508
390 874 41773
186 204 31305
201 466 36401
90 206 43012
779 808 31623
663 736 22023
823 841 35777
201 339 47434
111 597 32450
441 654 17464
193 208 36401
106 687 64413
457 668 35805
111 768 134495
124 665 30017
24 707 43463
769 782 18385
613 810 17000
330 558 37121
206 405 55326
82 822 79981
309 528 17464
783 822 31906
152 550 34525
339 894 12042
25 514 30887
493 564 52498
564 837 37802
525 685 46648
62 229 29682
510 539 35735
842 870 55579
275 904 20248
698 818 41593
377 735 34785
381 694 31623
726 864 32388
23 608 24331
75 204 54562
425 782 16031
119 847 23770
727 806 28792
185 252 21954
448 540 36497
107 558 48795
747 878 11705
76 188 19235
14 827 13601
49 72 22847
374 641 42638
466 629 46000
146 529 61327
53 375 18028
90 894 36139
75 619 18028
17 650 20100
67 420 40706
169 235 54672
256 684 21095
556 827 58873
333 598 30150
610 712 38013
227 346 14560
386 710 32202
432 817 29732
440 787 30806
21 360 58523
24 107 48270
180 657 32558
651 822 62626
245 897 47634
505 904 47434
602 681 34670
789 858 60836
387 643 39925
690 748 186067
373 864 32062
746 790 39000
807 834 43658
552 865 71554
248 798 16279
566 669 44418
323 352 28000
115 153 47508
214 858 34132
11 95 44385
339 492 26926
178 682 19105
531 738 16125
367 775 57697
156 204 26401
460 640 14422
50 742 35735
100 604 70576
299 845 46400
491 705 18439
4 598 40025
599 746 39623
32 95 49497
384 498 13601
13 772 46872
487 798 19698
43 218 73553
318 650 13601
208 832 24187
292 763 39217
151 309 69029
118 315 28792
220 453 26926
548 799 10198
275 875 34366
251 796 52479
415 585 63032
13 211 35384
660 905 48765
616 775 39850
266 697 31401
42 554 53151
306 435 36401
435 865 29017
101 302 46043
42 278 46487
223 796 45804
14 539 25612
122 201 29155
270 728 46690
450 526 23259
353 768 172131
249 298 31953
452 694 34015
8 889 35903
5 613 37537
272 641 19235
137 530 47424
745 879 47424
585 588 32894
265 893 28425
519 863 27000
191 313 19416
18 722 28000
169 862 28636
126 197 23431
30 261 50931
297 716 59093
365 629 42485
166 385 14318
660 749 38601
365 573 68447
70 355 24739
124 763 36797
27 558 38210
700 764 50990
203 631 28231
253 573 58941
599 690 12728
600 888 19723
101 438 42000
206 241 43267
243 246 55326
138 429 10770
126 421 23431
512 687 34670
67 159 62032
54 630 91395
695 715 25495
38 116 26306
396 850 25080
814 905 50804
34 174 44822
414 502 46487
598 755 34482
586 815 18248
3 357 60440
409 657 25060
400 892 30463
523 585 68942
324 613 26249
67 135 14866
294 375 25612
145 609 23854
40 344 29530
282 512 22804
163 879 16643
469 857 43012
123 377 25495
15 624 24187
288 403 23537
410 421 40050
783 828 22472
405 511 29155
647 680 41110
11 568 24739
719 801 31321
452 517 31828
61 603 28178
470 645 45607
91 618 45122
161 908 63789
298 531 40262
59 140 12728
400 786 29069
78 272 16279
414 439 30414
655 843 19416
101 484 44654
359 521 38949
543 659 36222
580 765 25495
676 874 44385
457 832 30364
133 763 20248
408 799 17029
138 752 12649
35 797 37216
342 490 13601
455 798 21541
26 319 11180
7 114 28000
156 586 14036
38 264 55902
38 507 33615
806 871 59682
351 802 21024
342 730 34059
181 782 31064
568 744 13038
41 511 11180
92 685 58694
401 565 29017
325 743 25318
695 732 47381
348 754 25495
10 273 39850
370 604 60407
291 673 26420
413 833 35735
384 612 26401
37 685 12530
271 817 15264
205 247 19313
261 495 33015
71 301 14318
209 804 30414
700 718 25080
54 731 110820
140 893 26683
82 350 12042
574 868 36346
87 313 26926
103 659 32894
524 829 33956
246 768 49396
197 591 34205
321 622 36674
560 862 47707
129 321 26077
32 291 31064
98 880 15811
478 563 22204
824 907 58138
589 770 26926
390 445 42012
296 357 38639
194 265 49041
180 409 34409
409 873 22561
417 765 20100
209 775 34059
218 703 27459
768 796 54083
210 478 15620
178 248 35511
63 532 28844
155 662 24759
255 423 17692
150 521 35057
349 421 52240
111 251 38601
495 561 24042
354 543 42426
329 520 55973
225 414 46530
428 612 45100
312 474 29069
394 448 35805
350 723 178508
126 349 39217
334 493 52202
266 660 41593
69 529 43267
268 858 63253
606 652 45343
16 104 14765
237 355 35847
150 646 30067
152 537 55227
169 731 50990
55 412 31385
242 444 39661
232 710 18439
195 203 34234
137 361 43081
74 367 32202
369 419 14560
362 556 44102
162 908 34366
342 711 42953
121 575 55227
216 385 15620
666 863 19209
21 301 83630
615 801 18028
90 339 32450
87 437 10440
563 781 41195
211 772 38588
21 587 15000
282 836 63325
529 836 35384
317 632 13454
220 337 41037
1 733 24739
330 530 45607
285 822 57428
77 661 44102
5 372 20224
20 136 27785
158 647 38079
520 594 35693
537 627 29069
196 481 21213
287 839 23022
47 261 30067
157 201 18028
465 701 29428
552 909 61814
610 854 32558
133 267 75591
832 876 32757
335 684 15811
21 252 49729
81 832 28425
487 694 62626
321 774 37643
408 743 26476
139 783 15232
190 209 24021
326 488 12083
144 473 18788
344 634 19647
281 593 17692
568 673 21000
188 833 24698
89 573 33377
341 705 30871
10 664 30414
411 687 36401
89 835 30806
18 667 18385
158 363 27731
224 751 29833
205 701 43105
139 651 36715
614 845 49820
557 752 35805
653 886 20248
200 426 19416
8 119 38833
472 625 16125
277 513 31401
249 634 18028
148 218 42544
387 806 13038
294 745 34928
427 908 57280
172 861 11402
21 416 23345
61 370 24187
681 705 22672
35 350 27313
180 341 30232
794 905 22672
157 780 27514
11 647 38833
533 663 40112
415 523 26000
415 710 21840
31 182 38053
247 855 17000
187 890 53160
379 531 36056
441 512 31401
79 523 70093
718 896 29967
83 833 13038
30 355 22361
248 577 30610
105 820 19235
3 296 54000
749 781 40853
535 653 36359
249 772 30414
4 755 12042
150 229 29682
298 634 20396
616 643 44553
34 86 11000
314 533 43186
818 882 43681
438 555 24083
153 291 50160
84 145 17088
320 345 65513
53 896 24021
586 777 47265
32 276 38949
357 473 32311
400 438 40804
421 727 16125
12 399 22561
338 860 34015
335 882 23022
375 896 21260
442 782 13601
218 802 10296
499 667 37014
10 186 44204
50 556 27203
733 903 27295
263 588 14866
517 774 21541
650 691 30806
340 344 17804
101 555 31623
190 200 30414
304 398 20100
499 868 21954
259 793 51478
170 898 28601
168 831 23087
93 754 18682
216 496 18358
159 874 51923
37 778 37336
136 521 27803
547 623 20248
130 295 35128
140 620 37014
400 573 42579
259 486 29206
15 854 12806
168 768 76851
643 806 45607
777 847 32016
669 713 61685
139 427 29069
699 813 21213
93 328 25456
672 853 17692
595 692 14318
265 907 55973
661 677 22472
376 384 21095
430 480 34234
101 542 23259
262 724 18385
121 803 36620
110 378 35355
294 551 53712
91 217 42190
465 881 26476
675 746 33956
625 748 34059
252 785 30067
383 546 33242
110 826 35511
212 809 39459
145 422 23345
20 183 23770
180 873 23087
69 816 39205
548 562 22472
215 549 40522
194 824 18385
342 534 51478
187 473 16279
610 624 42059
303 516 29732
19 333 13928
289 384 39623
501 894 33422
453 877 12806
165 688 42438
635 720 36688
306 404 33287
86 250 18385
182 354 31321
615 743 21954
675 742 28844
217 618 32985
369 471 20881
415 829 25239
667 868 40200
103 282 48466
52 397 18028
133 486 82420
146 159 13153
340 438 36014
395 830 35228
429 752 17088
374 574 48765
62 611 15811
11 744 25962
368 883 18385
349 537 41304
573 892 36620
81 240 17117
126 468 47381
305 736 151380
251 597 12207
170 787 64008
445 846 34015
67 307 23345
199 907 18439
543 776 40249
114 172 13038
406 843 64351
226 475 14036
4 523 74330
204 295 21954
58 844 23707
126 591 42107
401 481 25080
530 814 40608
129 828 23087
484 656 14213
35 285 37202
486 862 78294
508 857 26420
131 834 42048
157 466 40200
574 766 41869
171 569 28320
324 721 30414
45 168 43046
36 205 32280
183 642 19105
603 904 24187
469 484 56436
277 471 20881
256 677 29833
335 443 39395
353 762 31145
31 608 58000
383 718 31828
78 501 37656
725 768 28000
130 186 58000
474 713 28284
572 688 27514
452 507 53075
326 522 36770
513 664 24597
429 572 32249
208 666 23770
464 807 23854
65 91 42426
88 158 47760
538 758 24187
322 802 14765
672 841 72801
217 343 35693
557 734 24083
107 707 48094
294 896 36056
83 735 15620
311 334 25456
97 757 38328
50 675 28792
89 649 29967
406 860 82365
226 752 29614
202 901 23000
289 734 26401
463 502 50537
824 875 42755
780 811 46043
191 762 27019
613 891 29411
360 406 24597
244 357 23601
239 702 19416
151 291 26306
186 900 23345
99 181 66242
445 488 45607
376 734 22804
103 467 26077
441 687 14142
72 338 30083
637 700 30463
281 712 18682
325 698 26833
147 490 43046
47 825 28071
410 679 32202
34 707 16125
332 341 58241
856 862 27074
152 769 37537
652 689 37121
222 775 40311
499 724 36770
18 41 27659
78 550 32802
359 508 24759
303 739 30806
472 504 22847
483 708 12530
402 716 71554
87 809 26571
443 706 20616
187 482 55362
407 598 49396
816 890 37483
106 529 37162
292 834 43139
200 830 20591
226 497 36014
433 609 34482
124 834 44283
256 290 37216
128 900 15524
13 109 35384
519 666 16971
773 823 70803
11 32 46690
875 907 35440
271 432 30480
72 412 20881
601 788 18111
530 696 50000
43 859 18439
352 880 25632
57 130 24839
215 514 19105
355 805 25632
855 881 56223
840 895 36056
146 688 19235
58 283 22627
471 513 25495
349 639 51000
505 598 62769
138 226 25710
234 347 26571
207 535 14560
527 712 48549
267 431 47381
164 620 39051
456 745 24352
199 430 48795
203 820 47760
338 853 22023
94 286 59076
235 862 54745
274 667 44407
108 810 26077
485 570 17029
262 479 16279
482 608 65307
110 811 26420
2 278 14560
649 757 25298
475 688 41869
390 676 62682
154 189 26683
566 851 14560
102 684 17889
121 493 33838
31 482 28018
219 479 21095
179 536 38471
123 750 14142
127 426 17029
200 593 35000
328 458 24739
35 91 24021
213 795 44598
77 890 27313
122 157 19105
175 553 13153
685 906 33615
365 407 55444
182 315 29411
326 579 22204
61 904 25318
111 809 28601
579 811 31305
628 858 79120
148 366 65253
535 819 12369
361 697 51894
530 536 51478
556 790 56080
48 258 14000
811 902 13416
158 636 27019
314 736 71197
444 795 35511
367 886 24413
95 785 22204
544 801 22627
143 206 49041
254 752 18028
223 243 69426
36 134 15297
58 480 30265
660 781 10630
449 899 44000
219 667 44407
97 649 35511
313 353 22472
875 904 30414
450 786 34205
273 419 20881
170 716 40792
250 361 38419
44 195 33106
85 87 30083
505 824 13601
741 807 40460
156 815 25495
332 705 44643
420 582 56089
66 451 25495
489 702 18439
265 401 28231
57 547 13416
346 693 24187
492 885 23324
286 462 12000
289 376 27659
280 333 21095
196 366 53151
116 683 41049
352 595 31145
141 404 37054
362 787 63632
65 285 16031
789 909 26683
636 794 20224
23 244 19235
347 617 33422
626 820 40311
72 309 44181
261 431 43012
808 887 13038
27 397 34409
482 816 42450
475 661 43417
197 871 54708
865 909 79480
25 790 29411
50 362 21095
335 570 22804
665 856 42720
83 123 28844
369 865 24207
170 708 53038
90 122 33956
702 892 38328
184 418 41437
687 836 53852
534 730 23022
12 837 23324
393 622 45793
596 740 21541
496 530 31064
92 778 31016
706 818 16643
6 210 35847
287 837 31305
20 62 12649
75 128 42720
25 215 25318
243 844 25000
487 507 52555
219 262 22804
87 284 35000
109 469 55172
159 688 23345
418 607 26306
132 198 24042
217 566 53759
155 695 34713
293 518 39319
420 445 16279
516 739 28160
2 328 10817
528 901 34409
731 838 90006
158 166 38601
181 515 13601
322 351 18439
26 529 27893
21 785 52811
88 536 57201
637 764 50359
524 550 44102
852 906 30871
364 749 28231
212 477 23854
284 887 14866
511 641 31385
45 844 46400
210 563 19209
34 330 16492
60 161 11045
90 241 28601
77 187 41231
443 801 25495
431 793 43324
372 604 47011
222 590 25318
403 477 26833
80 357 29682
523 596 42012
440 827 42485
408 562 30480
417 592 40522
24 34 50329
42 459 41617
871 896 19105
678 760 31016
74 616 38471
103 776 31145
451 589 30017
227 693 12207
42 269 58830
716 748 79310
171 448 21213
130 211 49649
597 796 58523
139 822 42450
681 872 29017
434 632 41773
77 382 30017
388 798 13601
378 526 21213
505 757 64351
162 458 22561
127 770 35000
225 383 33015
219 512 30414
84 609 14318
379 605 28460
12 575 24413
194 331 12083
90 201 37590
232 627 26173
87 167 26571
479 512 19026
279 542 34655
500 718 31575
53 869 24739
233 368 22361
392 858 77337
230 396 29000
269 867 30463
49 151 30676
336 408 15620
17 691 23087
260 464 24000
172 448 33615
233 721 23537
44 318 40311
86 330 17464
36 325 19105
96 217 24166
198 663 14422
99 177 51546
389 765 12530
326 780 25080
94 534 84528
59 333 53600
164 903 14866
203 396 43324
677 767 29069
590 806 41049
73 880 38601
152 515 25000
381 774 40025
262 771 22804
551 653 18439
564 575 57035
228 688 11402
230 674 26683
498 612 25179
415 588 61587
290 465 26926
462 514 46615
686 903 46098
244 608 25807
19 598 18788
500 700 17889
469 613 44598
592 837 27659
100 603 57000
644 804 36235
563 749 42802
456 551 40050
221 434 10770
518 681 31145
386 415 44721
316 804 18439
666 876 27586
290 310 43046
76 708 31064
238 841 43174
4 371 31016
30 237 41049
390 420 42544
129 622 19925
344 772 34176
329 766 43566
503 689 33121
176 330 50090
188 787 33422
335 818 44385
212 899 50448
173 678 30232
127 200 23854
269 842 131484
454 582 50922
193 519 17029
131 316 16643
75 483 41725
302 895 42059
366 463 51313
327 579 18682
325 336 14422
413 552 40706
94 553 25632
393 682 22672
352 571 26000
3 888 31113
239 391 29069
67 874 52154
358 747 23345
495 825 38601
24 683 36235
33 403 31780
236 784 17889
286 380 12369
521 857 30463
722 812 10050
300 436 31906
402 847 17000
111 353 37656
197 727 42450
544 562 28443
646 849 40050
15 425 29682
533 567 14422
717 728 39319
143 654 44721
238 739 46011
627 639 21954
399 417 41785
147 446 12083
256 767 12207
102 699 26926
25 510 26306
341 491 24515
152 308 63640
207 316 37947
443 485 26870
181 633 53666
141 471 22627
419 513 12083
342 678 19313
63 866 48384
155 460 13153
689 785 22825
665 838 48260
521 646 46400
174 250 35693
35 65 29614
154 295 24759
703 802 30000
232 639 26627
308 537 35609
715 732 55362
31 354 43186
301 360 123081
297 777 28000
380 790 51000
296 465 34000
227 447 20591
455 507 35805
457 562 39623
187 816 48877
845 858 37656
24 38 46325
407 629 62073
391 702 30232
508 721 40112
87 887 33734
105 631 17889
544 615 10050
395 593 38210
523 524 14765
282 467 27586
428 874 46390
277 772 49031
823 860 163600
541 748 140890
578 788 43658
203 841 57385
172 760 23195
626 674 19849
207 819 19416
540 861 30463
191 470 26249
155 640 11180
371 523 69260
225 718 26401
266 361 54708
378 826 17692
173 730 15133
507 683 42485
296 310 34785
54 838 28320
422 609 29155
420 454 53038
423 472 31953
162 855 44011
65 774 44000
78 524 57035
114 861 14142
697 749 38601
306 433 14866
483 619 30463
204 900 33242
10 419 32985
47 495 21213
38 174 45453
218 366 72471
39 269 47096
414 635 22361
7 173 27203
28 533 46615
562 719 33106
431 624 36069
476 540 28018
378 379 32802
104 792 29155
584 675 29967
71 185 11402
106 135 21024
94 514 31385
638 709 39560
40 117 30887
10 513 33015
82 285 47043
414 546 27785
176 397 24187
563 606 34132
669 851 42953
217 461 61660
91 797 41183
175 215 27785
137 250 12806
94 175 22361
1 481 40804
195 396 19313
620 893 23195
654 667 46325
303 788 27203
628 678 51865
408 544 25495
65 129 28653
331 505 30806
38 460 44045
387 616 10630
790 827 29069
189 229 51010
596 885 28792
277 298 43105
361 662 27893
526 605 21541
238 672 48042
230 850 11662
135 307 25456
176 558 30083
503 606 51894
581 831 51039
807 838 30676
225 463 47011
643 896 25000
420 846 45343
497 661 26476
119 255 47202
432 493 45695
280 371 19026
399 575 26249
260 838 25179
363 680 38013
552 735 50990
849 857 30806
7 760 10770
423 504 23259
60 908 63127
504 716 88814
75 586 49769
199 875 21260
102 570 41593
184 468 71176
327 676 53235
242 275 28601
28 645 50695
549 553 16279
136 150 26907
268 709 48826
103 315 53666
257 392 55471
288 358 42755
12 592 33061
672 901 35384
23 357 36674
264 452 15297
100 370 56036
303 901 28636
123 709 26173
119 402 17493
713 732 35228
233 642 27459
618 797 12806
24 31 52010
85 167 20224
617 874 52154
208 876 14560
92 533 50695
392 485 19235
247 799 24000
299 443 24042
235 560 22023
63 839 64537
636 905 38897
381 487 51088
28 704 33015
658 847 13416
392 614 20125
490 549 29428
224 263 24187
98 771 48374
106 836 59034
320 467 26627
254 428 42953
805 825 22472
578 820 41231
167 477 18111
305 645 56436
27 179 50000
193 540 31906
430 907 42154
49 309 58600
70 805 15000
440 638 16492
211 664 28460
734 813 23022
293 792 68797
257 699 21954
142 592 35609
184 903 37643
440 709 34366
511 812 19209
117 555 18868
179 532 15133
185 689 39560
413 483 23345
519 576 18439
690 746 48042
133 856 23195
83 188 24331
552 791 30150
840 884 14866
398 897 22627
556 746 43105
68 902 41400
331 893 23770
18 143 34176
229 332 43046
123 188 29120
451 610 51225
51 628 36401
198 518 22804
297 483 42048
181 769 19000
143 411 36878
475 497 39925
883 906 32388
193 476 18028
607 686 27000
60 162 69340
208 457 35341
301 652 36878
92 132 23770
758 764 44102
576 867 22204
393 737 30871
14 638 22136
343 461 59933
384 609 26000
685 704 56798
623 849 15133
154 204 29069
49 115 21541
45 728 48052
572 874 45651
114 173 44407
64 117 22804
9 288 22472
2 93 25632
272 633 38949
476 621 13038
13 547 14213
103 836 43324
253 391 18000
392 845 61098
168 728 59076
538 903 40249
212 437 34205
677 684 25080
351 703 25179
658 777 39560
561 580 28160
608 798 34655
714 864 18439
694 774 15811
559 729 21932
192 403 10817
55 115 34366
281 610 27203
215 446 29000
679 727 47802
218 717 51000
145 435 40817
129 231 17464
46 106 13454
175 514 13000
775 804 43186
377 909 36401
347 545 40311
701 881 10440
392 734 52086
500 871 40025
425 453 35384
74 643 49041
56 164 11402
225 700 18439
227 803 21024
685 883 37162
668 832 21541
200 644 33615
271 673 17205
346 803 13928
427 737 25298
527 589 15133
6 697 53852
3 178 10440
132 602 11402
301 606 58034
212 756 36401
545 811 34713
58 859 13000
31 107 43417
77 475 35355
3 600 13000
531 545 27659
148 864 15000
56 140 32450
649 835 15000
30 47 35355
94 711 21954
450 702 34438
559 810 19105
33 477 25495
631 820 33015
269 759 39850
516 788 15232
399 592 36878
461 640 31780
207 367 17205
561 825 42379
338 412 16643
464 848 36069
355 594 25298
125 402 67676
660 814 43417
653 879 46043
32 416 21000
355 520 31906
500 591 30676
124 292 15620
674 820 39205
222 679 15620
9 583 41146
496 814 17205
8 255 36000
118 182 19026
824 904 44822
439 635 37483
240 244
887 718
736 750
378 343
510 223
542 966
929 559
776 184
527 136
677 337
373 866
317 741
632 289
891 421
239 555
743 89
87 760
405 558
370 312
670 168
358 937
110 532
682 736
599 784
935 426
557 635
532 750
613 82
393 115
261 599
600 732
341 900
524 76
561 817
758 876
793 649
627 145
624 823
979 602
605 321
399 531
945 699
248 178
136 737
262 116
545 583
256 634
117 697
260 889
891 336
858 527
497 788
120 309
1 516
246 902
289 291
653 284
279 174
325 264
777 748
415 203
674 180
451 728
592 288
764 847
152 590
550 548
509 402
586 632
287 613
424 978
239 880
398 621
90 396
775 306
813 377
662 648
348 483
400 361
714 678
854 674
778 893
798 398
708 458
521 66
561 828
510 38
430 822
445 311
441 459
734 877
675 111
863 727
977 469
390 907
722 935
413 254
396 671
314 555
459 228
544 290
716 593
510 673
750 76
212 760
535 574
562 753
533 152
606 265
561 416
462 12
60 701
681 128
929 587
280 897
620 797
578 306
561 711
784 222
121 775
344 798
474 451
814 422
92 561
831 181
205 378
156 525
739 329
778 822
672 268
75 479
697 102
100 599
808 646
536 553
656 192
544 853
652 574
826 798
316 273
637 405
291 686
437 546
676 674
724 452
606 583
915 482
158 208
132 749
674 212
289 879
288 469
311 933
724 253
628 880
742 261
476 432
414 867
608 570
178 133
778 759
835 710
42 350
278 288
601 621
445 844
501 63
264 73
67 603
849 309
864 576
916 586
955 551
589 852
955 465
500 799
265 539
733 760
482 750
770 194
282 497
562 730
648 159
257 313
417 969
712 310
652 688
822 394
698 247
138 475
531 29
502 111
918 626
338 242
166 723
261 190
187 363
704 79
347 179
143 505
459 426
200 809
170 757
726 282
824 658
454 500
54 429
896 655
114 474
509 980
656 315
479 68
387 93
793 454
931 451
468 850
712 913
175 169
438 611
222 480
806 122
151 460
343 77
308 347
159 296
658 599
295 810
636 583
699 196
213 716
782 805
302 437
608 178
642 475
25 638
538 93
263 558
174 810
522 383
856 657
418 476
414 165
297 129
679 717
91 702
303 74
842 651
698 754
601 356
554 845
425 23
406 950
493 363
658 553
812 184
730 622
712 568
117 711
166 689
19 510
226 636
424 629
284 350
674 848
292 225
537 897
167 634
860 443
976 649
247 140
314 850
359 495
689 375
448 601
397 188
322 934
633 383
901 714
579 293
346 325
191 517
465 655
295 190
538 59
780 846
980 410
365 715
506 128
730 523
762 641
315 883
104 551
717 54
85 335
707 271
736 696
803 293
590 386
790 557
897 263
421 992
506 264
212 806
65 683
551 5
667 460
554 571
225 460
235 836
725 663
407 773
593 953
520 13
627 32
534 721
66 465
823 131
96 732
568 633
469 697
756 836
163 147
406 682
555 178
807 636
512 464
552 472
881 709
340 653
545 821
333 253
697 153
357 307
425 791
747 596
819 628
194 450
210 872
414 441
580 333
753 169
948 527
705 878
591 347
525 731
309 806
617 466
864 739
242 391
769 901
149 159
378 682
499 5
571 700
281 589
212 687
698 703
464 136
605 195
303 957
584 869
880 318
426 892
542 913
464 373
221 225
64 415
604 156
673 383
427 182
347 344
507 203
114 201
349 537
105 319
703 517
797 441
544 385
570 405
977 398
729 808
692 647
126 297
701 496
458 838
287 393
136 395
690 746
266 688
553 512
493 381
761 542
748 764
856 552
182 467
184 716
512 778
45 681
295 736
520 299
266 236
793 237
511 105
639 442
399 506
281 946
429 330
829 616
742 214
192 436
465 570
219 886
788 351
118 274
327 413
341 921
280 697
218 327
669 369
514 529
190 396
740 469
824 171
404 399
255 530
139 524
800 785
640 514
648 564
313 144
201 601
334 827
681 455
802 112
689 431
914 290
500 41
544 332
88 279
866 398
464 602
252 501
783 580
392 132
511 513
910 471
277 820
885 573
396 100
549 349
175 579
677 833
229 506
476 566
662 765
61 344
881 623
857 715
911 675
626 867
651 904
968 410
178 253
19 486
752 666
472 392
484 675
252 384
568 225
556 21
653 389
854 160
668 691
612 975
657 613
919 608
499 81
519 968
440 632
309 178
264 211
599 704
805 335
519 253
764 561
148 666
690 775
523 469
532 376
937 519
758 145
388 434
376 809
669 413
253 655
484 859
694 598
688 492
383 598
179 326
385 476
133 230
457 947
845 181
363 246
46 474
641 794
588 213
472 112
909 430
388 533
459 633
658 364
950 453
295 493
232 784
700 855
722 93
931 637
298 616
639 214
478 478
353 413
346 426
597 94
559 370
147 563
228 852
550 608
501 833
600 425
467 752
656 64
993 552
40 433
476 788
247 432
232 259
875 441
891 609
949 323
554 269
577 658
824 591
582 446
94 288
641 278
844 617
942 490
322 463
63 384
752 370
953 478
905 734
562 316
883 362
685 541
528 788
521 165
39 655
270 672
852 596
497 965
360 759
295 235
661 930
664 52
349 860
845 555
753 574
354 692
616 560
478 306
336 584
303 761
935 619
717 778
253 757
534 467
243 680
289 122
459 518
564 154
945 339
325 350
756 260
358 922
294 361
145 578
147 435
208 336
319 708
178 505
305 581
347 679
395 412
435 30
387 304
965 352
748 745
236 816
706 95
402 228
484 162
579 378
479 994
222 301
658 732
711 472
207 539
683 167
685 517
535 195
779 551
814 592
128 402
638 492
744 921
793 307
287 250
932 609
772 803
634 259
227 576
862 174
252 725
276 434
887 505
426 392
29 429
196 768
833 140
330 521
586 366
114 252
441 866
199 322
870 414
287 415
638 875
376 504
635 173
121 358
112 492
600 33
676 242
395 834
895 250
432 284
85 740
858 780
445 964
59 402
457 586
246 915
510 242
764 226
766 251
541 662
500 916
699 624
611 862
696 67
647 342
62 562
919 649
412 575
852 644
699 953
451 271
205 638
176 858
328 860
239 710
918 326
605 477
707 603
930 534
163 450
392 875
725 124
731 779
622 756
732 601
621 134
222 274
478 604
625 586
428 931
974 361
110 758
334 685
285 803
711 834
602 903
515 881
562 916
783 648
693 579
171 310
781 661
518 364
152 184
646 83
740 141
799 593
559 801
811 346
832 403
306 419
966 488
173 522
640 971
150 217
583 920
857 269
220 145
148 320
838 566
79 263
585 173
377 558
908 789
417 612
329 60
141 167
176 404
215 106
501 174
970 553
21 625
636 936
264 250
709 539
786 408
697 45
776 777
608 439
205 776
415 420
58 537
902 302
803 611
348 873
53 321
926 359
441 140
888 196
531 939
816 436
331 328
664 570
991 579
845 722
370 334
466 34
408 292
229 235
964 611
919 563
337 842
530 2
117 588
205 272
260 699
363 616
720 629
329 32
263 497
135 553
438 647
623 335
58 727
720 847
116 440
541 676
803 265
664 140
576 38
502 441
493 924
256 514
820 812
554 85
408 920
522 328
848 373
238 798
756 457
926 398
755 340
775 91
187 642
438 886
357 126
380 50
754 913
682 757
842 627
181 703
808 575
170 160
314 819
84 469
272 613
149 394
32 506
550 56
485 29
535 178
548 439
376 548
696 558
494 873
759 242
610 663
306 837
790 607
43 445
215 741
903 277
837 839
100 784
355 235
284 632
531 397
904 417
801 824
313 434
153 487
287 71
872 652
799 385
73 521
420 293
524 632
337 729
22 535
388 714
464 287
132 800
918 767
227 911
290 153
818 520
480 499
778 245
44 460
636 244
207 706
657 944
579 89
188 871
229 563
834 666
77 602
611 226
811 483
266 174
209 906
919 597
79 629
931 664
146 199
688 402
436 774
948 637
372 579
96 303
863 759
140 335
754 125
747 192
594 520
363 193
900 669
221 516
445 129
33 364
387 658
778 671
748 619
587 149
454 298
368 422
78 395
543 45
758 728
768 149
637 637
563 186
508 327
310 247
406 450
466 251
121 333
61 665
872 292
440 100
735 314
200 832
542 427
268 277
390 207
453 903
592 117
329 183
840 744
762 431
