676 1924 7 359
565 653 40447
332 557 25942
312 583 46228
110 372 111759
275 397 49406
38 584 15232
195 250 47011
531 532 23707
22 478 38328
624 632 25239
295 502 61774
74 360 18788
656 659 36878
226 307 98061
81 162 33015
244 370 19235
50 566 55946
297 391 18111
68 312 139843
321 576 41231
56 672 54452
437 573 18358
374 482 24187
107 519 65947
106 470 39115
41 647 39850
249 362 59034
7 552 26077
406 606 36401
29 600 45277
81 178 21633
93 99 43738
160 274 15652
65 506 76655
634 650 39825
276 452 13928
242 510 31305
15 201 42544
189 648 39825
367 530 49649
106 524 19235
550 629 55362
239 572 31305
305 376 18028
585 601 30265
155 535 41617
351 474 42579
271 540 32558
283 363 59942
117 609 53759
254 271 43829
15 593 67082
286 559 47634
449 542 17493
489 672 48166
44 534 49244
379 644 73437
125 440 29155
440 676 27893
525 530 39812
293 450 44385
307 410 21587
116 591 12083
421 471 39962
137 438 36069
306 361 31145
282 349 25495
172 372 40447
94 371 33242
31 484 36497
37 595 10630
73 319 69376
136 207 132322
127 481 17088
101 473 52773
43 467 18028
145 229 16031
142 264 30232
5 253 19925
137 150 61221
166 346 41725
143 414 33541
97 675 19313
436 456 21541
104 389 31305
322 392 27295
141 567 12000
343 383 38184
373 382 48010
63 656 55000
83 129 16971
202 318 34132
615 654 37947
102 461 21840
156 293 46690
263 391 114110
357 427 59841
158 487 84202
59 114 35057
226 341 10770
221 541 58728
134 425 59304
598 614 41012
547 628 16279
371 551 45122
306 499 27857
334 509 33287
124 433 23022
93 428 37054
88 272 52631
293 451 49518
186 640 51196
102 113 47885
31 355 38897
577 669 55866
64 149 64661
224 266 39357
44 336 22023
197 510 57009
188 490 32202
372 383 19000
177 195 21260
244 458 48600
178 261 33242
156 580 59816
362 601 62514
348 393 22023
238 419 49010
196 230 80262
434 652 21471
270 599 46615
576 598 30364
231 295 50289
490 618 44643
72 132 40162
178 310 28425
474 553 62241
31 583 33541
288 561 22804
72 291 40311
21 224 14765
113 346 77698
9 122 75186
185 503 13928
518 535 41485
120 226 49477
411 474 54378
242 252 25495
39 394 17000
146 431 27586
474 620 55227
26 500 34000
405 602 60208
93 600 18028
146 357 53814
60 625 11662
502 637 37202
372 486 24739
319 634 67186
250 570 49366
40 516 29732
22 472 43012
324 385 14866
49 614 28601
235 524 15811
72 290 50912
34 639 31064
451 580 41881
225 502 17889
455 477 23324
44 431 22804
137 185 85475
353 643 34000
187 331 44777
122 663 11180
73 425 40311
49 598 25456
447 526 79379
100 516 38275
113 366 47265
14 148 37736
358 364 33121
56 675 36346
219 503 11402
284 511 32650
52 528 21471
314 643 15133
64 571 19925
494 647 26249
135 634 39661
121 611 14318
472 478 30150
57 307 20591
484 583 21840
543 573 45255
48 657 62968
62 526 67602
279 538 48166
497 523 37121
275 361 25298
323 418 67543
249 601 47760
411 620 48549
445 633 31780
282 562 38588
257 531 37947
96 488 56045
42 110 47854
67 311 11314
110 369 197122
245 313 49031
335 573 20881
495 500 31241
305 474 60745
109 200 100901
345 486 25612
451 472 52839
352 412 25612
37 614 28018
58 201 24352
92 457 50695
83 356 21024
26 222 24759
284 443 12042
493 601 61033
416 634 38118
223 517 19209
107 496 72801
234 280 52086
54 360 22361
579 580 46872
6 198 20100
225 313 44272
395 480 65924
193 208 45100
599 606 23087
321 604 40012
514 595 18111
377 546 34015
480 648 61074
128 381 11662
355 484 39205
577 641 48270
74 542 36401
164 392 20616
393 626 46690
327 581 27514
425 526 52393
482 543 35228
452 637 18868
308 641 23409
373 671 39051
219 243 18111
428 600 41231
235 300 21095
542 656 30000
13 359 24352
230 613 44283
105 270 36056
63 120 77795
28 522 81025
10 560 68184
373 483 14036
118 232 11662
192 614 49980
285 622 21587
82 507 29155
432 563 44283
452 597 31906
177 196 85988
292 648 41012
116 584 46325
316 595 36715
53 656 30594
5 510 39205
167 363 33601
68 608 240127
171 649 54009
151 573 52631
131 366 35341
553 592 47854
424 450 22361
298 457 37121
257 384 21378
314 381 49041
48 375 46690
210 406 38897
471 637 66030
148 206 16279
269 330 40361
76 141 22204
62 310 69871
34 194 40817
9 481 20000
157 417 31241
53 74 44283
61 580 52010
41 154 44688
477 603 18682
47 611 31145
223 444 20881
80 351 39962
19 303 16000
289 331 22023
193 222 18439
148 507 46098
392 591 16763
173 502 24166
103 234 105948
57 572 41437
406 408 55082
319 621 59548
208 266 45453
382 402 47000
146 450 16401
208 222 34785
351 592 47802
16 621 15264
181 582 24698
291 612 24042
35 94 60415
376 553 10630
170 611 26833
60 564 54083
105 301 45967
165 303 37054
140 570 25298
33 261 21378
327 658 49041
220 651 34205
98 523 28792
228 419 13454
368 447 57628
102 311 43681
181 313 45453
113 161 22847
317 654 26420
8 45 40012
211 487 14765
424 431 27313
17 365 32016
120 664 57559
482 616 53141
108 232 11402
470 641 69462
48 414 33422
512 522 13153
545 649 29275
19 141 22472
127 131 33601
101 592 64846
42 559 32016
60 326 36056
253 603 51000
91 130 22361
284 668 36497
305 664 33526
70 268 10050
418 572 62362
145 587 25020
11 365 28302
181 448 30887
212 320 21932
396 417 21095
241 466 53852
140 230 32202
446 655 25080
434 506 226367
268 320 102108
121 672 64514
248 673 28792
284 627 35511
487 550 90554
74 295 53759
552 674 16279
584 591 50000
201 473 36125
65 434 149833
120 411 37202
23 672 53235
184 372 22847
75 344 27659
185 219 22627
301 529 37162
205 470 21378
27 614 11314
414 547 38639
521 664 19698
389 539 25000
217 288 54406
11 246 67956
76 397 34176
318 555 24331
39 575 23854
442 594 22091
233 413 27857
493 552 13928
605 606 57140
236 606 62032
227 259 55362
51 258 79057
34 378 12369
92 302 16155
191 379 68942
210 605 10817
330 468 18248
399 495 27313
453 523 32062
248 626 33615
258 278 35511
309 574 45277
136 574 44911
330 461 23601
37 514 14866
78 456 30594
266 318 32016
126 224 29411
82 237 28178
14 209 29275
143 628 12530
7 138 25080
56 256 27659
227 347 28792
322 591 19235
87 587 36401
413 582 63561
177 463 27514
15 160 47518
176 574 24207
295 326 33956
309 334 73410
165 353 24698
168 267 53226
374 543 28601
540 559 50090
199 558 56886
80 657 23345
74 398 10440
145 526 33838
49 630 11045
117 610 69893
19 567 12042
401 666 47413
399 555 25962
163 597 27893
136 309 82420
190 244 64382
153 522 138708
15 441 44045
119 265 30529
541 557 51088
210 546 45706
13 36 29411
534 565 27893
95 149 25807
328 560 68118
204 529 56223
28 652 32249
250 440 25554
458 519 45695
51 533 69354
32 494 67082
668 676 56569
147 272 56648
196 285 25060
118 654 47011
427 534 37802
55 393 17029
185 243 36770
68 148 80081
144 251 33422
357 431 59808
210 430 31401
274 351 20616
202 550 68593
58 440 33015
459 652 55471
34 325 52498
258 623 92574
362 493 44643
477 501 62514
455 660 30017
84 596 37577
44 485 32280
58 676 38210
180 619 16155
78 183 27313
266 500 57280
138 658 33242
46 462 11045
198 402 35355
30 169 12369
80 426 19723
237 602 29155
123 416 11662
154 180 32650
375 437 26019
470 669 21633
135 465 49244
411 664 51662
160 351 28460
202 388 40224
182 536 46174
132 518 42426
188 380 62968
74 423 27857
253 419 47170
267 289 54120
23 256 31305
296 541 48052
262 287 43600
15 473 10440
475 602 33377
426 476 33541
226 518 72201
319 368 63127
110 172 152191
279 566 44102
598 630 33615
241 418 32311
81 547 37656
367 525 45277
311 513 48270
459 551 31241
150 185 59816
435 628 18028
237 320 23345
275 534 45000
114 544 35511
151 441 21932
88 126 59093
66 505 24413
135 219 49477
166 287 57271
443 604 41617
220 422 39319
15 351 65513
581 658 41761
34 382 51971
267 331 66468
174 415 15652
65 654 70406
389 622 12083
229 642 17117
488 581 47011
117 554 54562
500 629 36674
320 671 76688
364 533 15000
34 204 29411
189 535 44045
35 424 20248
269 333 37643
480 659 22825
293 478 33242
16 137 71847
537 649 40853
61 350 26019
93 586 29069
125 668 42942
135 640 28792
7 362 22204
1 456 65000
109 172 59481
129 440 34438
37 630 23000
315 666 55731
267 636 39623
3 131 21840
59 99 41773
441 476 33242
182 537 31890
420 465 24331
292 395 40719
209 237 46043
51 363 22204
189 607 37363
102 366 52773
314 583 66000
89 538 25632
287 428 12083
3 30 25495
247 396 17263
170 386 37590
391 575 22561
332 663 83863
465 640 55444
221 634 49010
472 504 47634
95 359 35355
174 383 93941
368 650 68007
142 521 64777
569 668 44688
150 468 47096
618 660 59464
31 244 41593
16 185 66603
562 576 33302
485 551 38275
459 566 46487
69 220 29275
310 447 33541
77 115 20025
333 433 47011
371 459 41617
133 333 26833
286 439 29732
202 577 39560
10 171 44102
293 661 33615
256 386 23022
297 641 93622
12 200 34525
246 638 14866
401 498 61522
199 232 59666
83 593 23345
131 513 24413
449 648 58009
337 350 26683
167 408 41485
216 297 56436
301 533 39408
303 353 33242
40 100 15652
101 257 32016
649 667 55471
194 294 27803
583 608 93349
26 445 47043
172 338 28601
85 523 25179
80 274 29017
200 402 53339
51 623 94021
328 343 60166
184 415 93984
492 641 36401
173 276 15811
168 207 63655
495 550 35128
264 429 12083
167 606 64125
343 345 29411
7 493 25807
126 266 36688
53 231 19235
356 463 26306
346 366 61294
335 657 35000
29 55 25239
235 337 15620
281 344 52802
157 234 29732
67 461 30676
187 632 45706
92 333 63127
9 30 24698
236 363 26019
198 382 33302
76 496 50220
194 373 37014
160 476 12207
254 379 45277
436 653 24083
190 519 32573
173 233 27203
520 530 31906
3 169 27803
381 458 25807
286 644 47096
46 231 64351
96 433 45651
11 100 44598
205 669 16643
181 223 23324
32 384 54918
112 488 68000
1 558 58138
221 640 17029
198 299 25942
331 632 55946
55 59 32802
6 34 54571
161 271 43324
50 199 76485
233 260 26249
176 259 42544
62 587 38013
329 471 61847
78 566 15652
324 377 26249
18 604 56436
452 502 20881
118 199 56851
162 482 38639
299 342 41195
15 476 40112
444 509 24187
216 575 48021
186 409 39661
505 632 22472
377 385 24207
556 604 38949
221 650 30000
246 369 13928
101 339 61620
50 279 57940
188 477 44102
362 649 42450
94 512 43382
239 628 16279
493 497 50010
375 657 29547
419 627 20616
269 379 38079
516 655 28443
429 553 30265
311 366 39357
8 233 29732
209 602 55946
374 375 36056
212 529 40311
64 651 19209
22 291 66888
261 610 34438
166 539 58138
238 253 47508
162 616 60407
191 415 36235
140 250 59775
196 663 61327
171 298 32062
90 324 29155
283 527 37202
572 610 57974
194 639 19416
366 513 31385
399 550 50990
46 63 49092
164 442 19416
255 525 41617
368 543 31623
214 533 26476
89 279 45706
462 521 62682
123 185 43681
214 623 66008
57 143 28443
479 490 31623
319 447 12649
174 269 53413
167 527 18439
5 18 66603
336 371 54918
387 676 40460
177 332 61465
208 281 21213
16 123 32985
439 644 33971
152 355 26019
339 619 37014
101 619 45177
295 423 41976
181 509 46615
290 572 26926
166 481 25060
157 618 33015
141 558 47096
368 482 16643
183 459 27857
183 456 26870
321 443 36674
12 179 38949
116 442 21840
68 237 68949
130 324 40497
271 559 66038
200 342 34366
301 475 27019
186 296 18788
166 635 37014
451 590 51624
24 672 53535
34 601 40522
119 211 16279
262 635 34015
30 420 31385
357 666 22804
47 156 26077
41 563 52773
42 540 33971
172 486 20000
324 554 25000
34 585 47011
133 150 45354
292 535 41231
488 545 31906
21 263 70214
225 295 65054
188 596 50804
46 60 40608
150 662 16031
354 415 25000
477 660 27659
661 666 26249
1 538 62169
464 666 27166
109 338 31623
117 587 39205
501 603 62650
277 410 56613
180 494 34000
152 209 51010
39 224 35228
136 259 60440
23 170 43417
304 492 94340
406 605 33287
334 520 44294
156 386 58009
11 40 45453
511 627 28792
4 258 82735
11 638 53339
387 473 37000
595 630 17889
445 487 69778
99 638 60208
73 137 45100
271 348 62936
76 240 53814
177 230 32249
154 619 35000
56 304 32280
215 580 53852
99 548 45706
275 407 48765
378 585 46530
277 474 62370
548 584 22023
157 280 25000
296 640 42426
93 116 49244
460 630 50990
205 579 22361
9 127 10770
15 592 76896
106 304 49010
487 590 40025
20 334 76059
493 674 23259
202 216 21840
162 310 18385
437 578 24597
490 528 55660
658 674 29547
590 607 62482
144 295 37736
581 623 29411
217 430 17692
263 297 132034
33 610 14866
75 251 32202
163 637 49518
304 489 10817
239 435 14765
124 537 40012
550 577 84155
21 88 58421
25 150 33121
540 673 27295
25 67 24083
448 625 24759
130 377 16643
584 586 29120
342 402 41593
277 657 68154
56 106 50000
148 312 59775
258 283 83187
328 457 57983
107 353 25710
82 209 25020
85 327 32802
393 544 48166
180 647 36069
90 117 56321
573 578 20881
44 427 31401
460 598 51088
348 626 50289
293 357 37590
281 508 34482
111 569 21932
549 609 28178
255 367 21954
69 530 16492
530 651 27659
342 390 40249
259 574 56321
18 556 57585
235 665 14318
90 554 23854
201 387 36878
334 517 33615
154 367 60299
543 578 28636
163 421 11000
10 457 25080
112 425 34015
84 104 18868
332 356 40012
217 546 60033
77 278 29000
543 650 64846
12 390 46098
2 518 57140
270 405 23324
112 438 21471
385 408 31385
79 355 36056
182 433 39294
90 385 26401
147 491 15232
284 604 45880
529 602 54083
321 556 33106
191 439 35128
460 632 22847
470 577 63977
8 260 39000
302 343 83217
204 639 11402
96 124 27166
296 332 72069
473 592 78294
318 388 20025
176 309 58549
437 657 11045
70 671 34205
75 295 62177
171 667 31048
229 278 21633
13 149 20125
36 520 55902
222 469 17464
269 354 29275
115 134 31048
154 429 19313
125 511 39825
188 479 44553
142 462 68447
462 589 18028
163 471 46690
175 319 68469
31 128 25962
212 671 60000
383 486 27295
478 661 29069
27 43 14560
141 397 28653
216 577 33526
50 434 60407
2 535 42755
108 558 31016
51 364 68768
58 593 39661
563 647 49406
615 643 15620
522 672 99639
4 581 10198
173 225 18974
54 251 50537
259 260 41049
608 654 39408
162 447 43046
415 439 63159
432 647 47434
380 596 32280
193 281 51264
432 494 38328
397 407 22023
24 94 34132
456 565 20396
524 675 17464
35 431 32985
348 635 58138
18 510 70605
115 581 33615
130 466 50922
11 38 40050
65 118 53600
466 498 49769
247 417 31765
265 648 10817
1 78 58694
276 597 26077
425 631 62241
198 342 24083
422 571 17493
307 414 53460
216 388 39051
27 32 36235
139 466 25000
158 590 66212
203 487 92612
317 615 28178
374 578 36139
353 615 34409
190 606 28000
406 546 55803
39 391 17493
111 192 41231
569 646 42953
316 630 40050
59 544 52631
162 368 47518
22 504 55036
6 325 24698
128 458 15811
469 500 19235
427 431 31145
137 175 44553
248 540 23195
64 520 38079
534 645 41437
432 514 19026
7 649 27514
288 361 53759
330 379 40262
97 300 12207
179 560 66219
404 510 12649
244 270 55362
57 414 49739
322 479 41437
533 588 12042
157 396 31575
135 221 28018
110 286 12649
210 217 38639
232 670 18028
158 215 30806
308 577 30364
383 415 94868
550 555 61074
211 265 37216
515 589 51088
98 378 43863
377 408 34015
140 228 58249
92 403 34059
75 502 59008
91 217 67186
445 648 42579
71 190 48703
236 599 60008
133 468 14318
378 529 56648
52 490 43046
11 17 24042
293 464 24021
251 281 31401
240 605 43417
472 590 26173
277 351 73926
132 291 42638
525 589 66370
118 317 24739
282 412 56719
149 159 15811
403 536 26173
157 660 43566
501 613 53000
109 179 34205
297 575 27295
132 290 49041
9 409 58181
14 206 36892
328 345 57280
48 616 39357
255 515 15000
490 660 52010
189 292 18974
203 215 21213
349 562 44102
88 508 59641
167 406 48877
417 660 23022
169 243 49041
107 458 68007
313 582 39850
302 333 59933
214 301 28636
35 47 36770
8 163 41231
213 488 25000
26 469 21024
287 539 28636
20 207 33136
511 668 24207
81 261 35511
541 640 61911
247 510 26077
79 312 22825
499 645 31241
242 396 27313
228 613 59775
26 629 23770
109 328 41773
336 485 34540
332 593 23409
320 602 32016
380 501 15232
38 100 17117
365 548 16125
92 536 54708
171 362 37802
120 341 56462
133 269 36346
414 616 16125
422 617 45706
242 280 21633
199 538 39661
449 656 36249
146 424 10817
248 544 51865
188 660 31623
464 661 15652
541 650 63063
349 632 50220
368 634 69289
158 451 36674
360 423 20125
270 370 43046
41 220 10817
79 568 27586
147 263 26077
427 645 20248
59 393 37656
287 594 22561
119 607 44418
289 636 33242
360 398 14142
389 481 68680
454 535 33136
62 87 12649
104 539 14318
145 631 17205
83 332 35847
374 616 41725
517 582 23345
226 410 101005
165 670 18248
227 260 45695
18 352 48549
566 652 38471
284 569 28862
315 498 61847
142 515 40497
201 676 34366
71 605 49244
117 283 67268
58 83 27857
337 579 23770
98 529 54231
375 616 50010
89 199 51884
153 304 29069
172 345 28284
448 589 32573
234 242 70576
487 607 57009
449 480 34015
446 584 48600
139 323 45177
114 246 27166
94 121 50329
59 246 47802
441 557 36892
471 491 27459
130 241 66098
156 170 31401
8 597 37121
171 560 54406
68 320 82298
298 667 10198
17 99 52402
66 86 53451
300 337 24352
67 243 68154
254 644 68622
110 184 90089
257 676 47539
107 303 51264
416 503 35693
77 134 12207
310 526 82073
504 607 29120
195 463 13892
46 521 56365
126 508 11180
60 231 53235
282 576 55227
112 137 46819
316 514 46861
214 588 17263
116 594 33838
138 674 24207
196 622 17029
120 521 55471
607 612 26173
340 371 50090
53 63 41437
22 661 28844
474 592 36222
96 537 45222
331 505 49204
37 43 25554
100 584 16279
313 564 53367
409 465 36688
113 348 70342
569 614 47297
159 359 17720
76 303 28320
140 613 17493
20 309 34205
26 193 32388
253 455 51010
341 659 54562
218 323 29833
4 77 37802
138 545 25000
69 367 46573
67 185 49649
102 379 38328
29 99 33136
99 600 43174
267 617 33615
91 561 46669
3 127 15232
71 107 59666
96 112 47381
290 418 48270
268 400 22472
45 329 59933
361 534 44102
78 279 38601
36 149 21024
5 404 33838
247 404 18111
289 316 33601
248 369 99141
168 359 31623
294 639 21213
28 434 14318
315 323 58310
65 199 13892
278 631 30480
232 558 29732
142 305 30000
47 450 32650
106 235 22804
18 197 42012
70 400 13038
32 467 53852
343 457 59481
444 517 22472
327 674 44385
97 350 12806
263 491 32249
192 598 17088
59 638 48826
52 446 39598
63 521 54120
339 592 31241
191 354 44922
556 576 57585
25 185 32016
381 643 48042
6 382 23087
38 548 11000
119 189 30871
305 620 26077
105 475 31575
85 674 43566
88 147 17692
562 632 32140
23 56 32757
315 401 33615
105 364 44911
16 319 59034
63 659 52086
139 498 53235
317 353 41304
98 453 36401
273 505 11402
205 665 17029
306 498 51264
192 576 24042
20 36 26000
187 316 27295
184 439 65299
626 673 23345
430 605 36401
516 584 47011
13 159 14318
311 461 27659
17 638 30480
250 463 41725
544 626 38626
21 126 17464
298 536 12369
24 121 52498
409 420 18601
194 382 39051
12 342 48010
260 413 23431
9 389 69778
8 329 30414
64 422 34132
153 489 21541
549 554 41485
79 484 21471
446 516 42048
211 445 62201
85 623 44944
19 108 38639
498 561 19799
317 670 16401
259 413 41231
1 565 69116
79 148 46043
224 575 49497
97 337 24083
190 270 66483
33 547 33526
75 637 47011
139 241 65000
184 286 78409
268 671 40460
47 170 11402
419 511 34670
220 571 36056
384 494 55462
238 627 44777
275 288 59414
262 428 39205
386 580 52393
125 228 47927
30 409 44011
84 622 41785
55 348 28018
316 563 61847
62 261 44822
32 43 44102
203 577 85000
493 585 46271
588 623 65000
512 672 88459
448 525 60926
295 564 11314
114 369 16125
234 528 78262
48 277 60828
174 302 25060
142 376 25000
45 136 55803
130 546 29155
440 463 42755
269 302 62650
358 599 42720
132 535 46011
305 521 48826
314 654 40804
50 652 44385
350 580 42426
153 492 119101
531 676 41617
136 227 31305
204 212 51225
499 666 47802
288 498 32000
340 459 31385
56 489 30806
282 352 72835
129 356 31145
122 196 53160
86 505 37216
214 523 38013
263 471 56089
197 252 46043
115 213 18028
203 550 29614
103 197 33377
120 277 72339
496 605 47802
47 424 33734
335 437 30676
349 352 95000
357 499 52773
245 413 14142
470 492 54589
277 411 44598
241 324 51039
42 369 150137
418 609 47297
271 626 30265
16 175 37162
297 308 75240
233 597 25495
27 532 40817
45 347 13454
179 200 69231
123 503 33615
333 662 58189
9 285 65765
66 349 35171
105 358 47202
50 65 89739
329 421 26683
322 446 17205
151 557 45651
509 525 25239
228 511 39051
145 642 25456
343 486 40112
136 168 195972
470 665 10630
228 250 51788
36 64 56080
122 186 23854
392 479 46043
111 321 29428
87 261 50606
283 587 84060
217 240 29069
488 537 44385
80 277 60465
28 459 53339
187 460 29411
538 558 39408
61 675 16125
1 141 47854
263 394 83187
42 248 52000
173 597 27019
283 385 27203
259 517 42012
72 323 30594
22 315 67119
158 203 43278
276 502 16553
13 207 20616
296 663 30480
266 555 43829
119 648 32757
341 395 14422
334 444 21378
161 348 59076
357 464 19235
228 253 46755
242 247 28636
103 252 21587
249 325 26401
475 529 37000
509 530 43909
224 394 23324
204 294 25298
2 226 27459
180 384 50990
23 386 30364
151 541 61400
138 649 21260
436 565 26833
453 529 29120
346 635 28862
272 637 19105
307 518 65215
31 152 38626
300 675 11402
190 605 65368
354 379 45618
111 443 11705
60 448 25000
177 663 91439
196 380 64761
589 625 16125
571 651 11402
225 564 66030
299 325 12207
95 168 44922
408 527 36674
306 401 29069
76 567 14318
217 397 77078
367 515 28018
506 608 18111
291 323 57801
51 588 74330
21 394 36797
155 612 24352
152 244 28601
176 517 43417
217 561 50990
220 563 49396
410 414 50000
124 182 29833
4 623 30017
225 245 24739
106 492 59682
104 287 32016
167 236 26683
381 583 26249
164 594 33422
451 478 43186
86 331 43566
249 390 20809
195 230 32311
202 555 36620
102 330 20100
37 49 24597
506 654 34366
340 512 52326
192 321 35468
399 500 13928
31 458 21541
400 483 23022
338 345 21954
135 416 34000
58 129 14142
301 364 42450
355 568 15652
151 476 40792
212 294 48662
402 483 58009
141 407 32894
398 542 31401
212 602 46690
75 144 35128
181 525 48600
509 520 40522
24 512 39000
562 624 15556
532 646 12166
98 585 29682
268 483 43417
139 315 45222
380 477 60166
74 656 47297
244 519 58464
443 569 25612
3 513 26926
169 465 43267
99 586 45343
271 673 10630
95 267 11180
160 426 26306
408 546 36056
314 615 12369
241 323 73007
480 656 24839
94 336 58694
46 625 32696
604 627 41593
28 340 42544
44 653 32016
86 273 34713
197 352 74000
346 481 42579
54 398 22361
436 551 13928
191 644 22361
107 381 56648
542 633 28636
425 438 30000
161 254 27203
557 593 20025
87 117 14560
573 650 90050
445 629 46065
272 344 24331
497 585 15297
163 329 31064
63 231 48094
54 633 33971
313 413 55462
162 178 32280
192 569 46228
479 596 55444
417 455 26249
11 516 75007
104 594 42544
134 278 20248
404 455 47011
258 642 19799
467 514 20809
88 344 45891
516 528 63063
60 313 61098
455 603 25710
193 251 51865
400 671 35440
98 497 16401
603 613 34670
258 363 69260
74 231 47508
132 454 31064
384 619 50606
294 671 14422
2 341 23537
231 326 27459
235 470 23707
261 547 41773
48 410 29547
280 396 14765
45 227 25495
518 572 60745
131 481 41677
84 196 49679
90 283 16401
86 168 75717
370 405 26926
76 217 69893
103 242 39699
187 289 40200
143 547 23409
105 405 32558
19 558 45793
195 570 18788
41 367 43600
288 306 50000
208 500 49244
107 643 22561
122 409 46519
101 387 36688
152 370 32000
158 580 39051
75 272 35847
29 59 34366
256 675 19849
85 497 40497
526 587 47508
56 524 44385
487 629 82492
390 560 20025
269 468 34205
253 404 43909
536 667 15652
418 610 59548
528 618 70007
73 438 29069
422 563 24042
125 676 46861
234 618 10296
514 563 51000
335 426 27659
92 433 71000
174 343 88617
305 553 27785
13 20 32757
346 348 59034
14 507 10440
462 515 49244
144 423 14213
456 551 25495
362 560 56754
300 524 13601
375 578 25807
457 536 36346
2 395 17029
371 485 31828
64 530 36497
435 547 25807
257 387 20518
156 451 70029
600 635 46000
209 355 55902
249 299 28636
1 275 63388
35 336 20616
99 365 43738
84 164 40460
138 552 12369
357 450 55036
264 515 56089
336 431 26401
52 479 34655
597 637 43566
37 467 24042
190 599 34713
285 389 22627
373 400 13000
22 666 41195
116 586 40719
125 250 12207
545 658 17889
563 617 49041
172 200 160078
340 522 46098
266 508 40012
220 367 44385
598 624 48260
563 636 52393
339 429 33015
500 555 36056
18 238 45891
274 426 16279
265 445 35468
18 412 57315
12 560 48104
537 545 36770
262 600 20518
325 601 29428
143 239 22804
51 358 65192
87 610 66851
264 553 29155
113 379 53852
57 518 66098
547 616 46530
62 178 52173
532 569 40112
216 308 45188
446 591 31016
101 384 21024
182 667 46400
4 278 60033
105 602 45000
149 267 32573
272 491 59304
432 467 19313
129 463 35468
85 493 51624
145 258 32249
164 479 46530
249 560 36715
154 264 23345
324 549 48104
173 245 21633
392 442 12000
1 407 25612
211 607 51420
84 380 53235
134 631 42154
409 640 52154
92 182 71868
412 576 68680
531 646 19026
183 551 15232
218 315 38288
179 328 40311
4 115 29155
155 454 27019
71 519 39000
104 622 33971
110 559 44777
68 268 115434
67 513 55082
66 632 32388
139 218 17804
264 376 32757
26 633 43417
617 636 14142
128 583 25080
344 508 59034
151 650 94048
454 612 30610
151 335 36359
14 568 48052
243 465 14866
495 629 23345
14 355 54148
314 608 65008
95 159 26000
205 337 13000
66 273 19235
488 658 27313
528 655 36878
71 496 41231
291 454 31257
278 642 16763
371 512 56824
548 586 24597
312 608 100285
337 665 13153
251 344 47011
229 631 11180
236 358 63781
61 256 17263
646 668 28178
22 323 83934
312 484 31048
61 386 25612
435 572 41593
10 328 42154
240 430 14000
240 496 12083
135 243 50359
252 510 19235
460 624 13892
38 365 20616
10 298 35903
209 370 60745
193 633 39319
260 347 31765
204 378 25179
186 663 15297
176 334 39051
166 389 64846
247 455 36688
462 625 29069
403 457 21401
61 97 18358
395 659 54562
301 453 29069
8 347 31048
88 263 34015
328 338 55543
429 619 33287
154 647 41195
92 343 81707
319 425 84900
504 612 13454
174 354 31780
449 633 23707
150 461 46755
194 671 26926
27 569 42485
254 559 63246
91 498 50695
79 206 36401
316 636 37947
96 137 58830
208 469 40311
32 257 51196
504 590 57271
611 672 64661
251 423 36235
84 594 47265
201 593 51478
19 76 21213
20 520 65734
133 662 43290
30 127 26870
6 299 14318
169 420 32000
108 165 11045
69 651 17117
357 645 55073
43 614 13416
258 587 43932
233 245 28284
209 405 67119
112 115 66753
445 449 40792
303 496 54626
169 513 30364
215 669 52555
67 150 45044
609 610 56436
131 346 35805
164 596 42107
401 499 20616
196 501 63953
153 672 43081
32 532 13892
112 213 60407
108 303 39051
137 433 76322
313 448 50040
388 575 23087
184 383 23259
1 279 32016
64 617 54589
382 483 48765
64 267 65069
215 579 41146
68 82 53814
29 635 45277
72 418 67007
579 669 35847
166 262 37802
93 594 45541
223 582 15556
51 236 23022
230 570 22561
576 624 37643
523 623 60216
412 556 26173
327 623 18111
251 360 41012
137 662 50448
57 239 34828
209 507 29530
122 285 39623
326 564 25000
112 134 70456
264 367 58523
23 611 32696
361 645 46239
33 435 27313
391 394 33242
395 648 68264
266 388 38079
183 566 30806
249 342 42438
243 513 66641
230 501 43081
339 553 25495
155 607 10770
291 504 33061
156 450 16553
426 657 34525
208 508 37643
559 644 28792
433 662 68000
123 621 24839
177 356 27803
68 507 48765
290 518 61522
380 128
329 498
751 665
698 352
571 909
858 249
802 340
68 699
735 683
884 391
874 830
924 306
217 869
691 88
481 704
662 532
881 807
527 959
448 129
200 841
56 513
309 335
163 234
183 158
743 568
169 482
417 841
266 62
839 739
726 660
600 104
440 813
500 442
805 236
242 216
226 841
381 850
834 828
29 471
839 859
317 763
951 614
403 837
280 202
67 739
269 646
216 242
462 538
392 872
339 49
613 284
753 891
233 583
180 534
853 718
131 241
440 487
525 749
873 744
229 653
152 279
556 418
272 597
269 805
426 27
357 976
761 584
748 78
279 773
843 155
526 169
384 387
676 488
193 564
121 586
445 150
675 382
323 114
625 58
468 614
527 481
712 118
551 739
709 790
737 298
306 960
552 406
49 571
368 58
532 338
463 283
863 463
799 780
217 161
256 875
752 441
143 295
761 263
842 772
832 845
431 738
811 580
593 980
719 774
674 195
101 281
512 111
455 91
964 367
972 571
464 880
705 447
834 622
908 746
695 381
775 823
548 392
458 70
265 441
346 573
199 208
662 701
670 564
779 444
527 811
73 517
745 679
575 97
539 751
483 293
772 659
371 425
803 528
665 389
648 604
100 784
721 491
779 350
411 317
594 822
427 137
330 686
468 482
156 583
612 395
255 244
37 584
671 56
235 860
759 539
524 656
636 118
98 203
351 734
313 422
230 264
665 935
195 350
230 875
474 657
855 631
554 500
58 659
735 821
466 92
763 717
568 277
243 918
729 648
205 245
847 367
991 420
112 667
881 500
677 498
159 774
592 765
545 469
943 340
380 749
207 704
802 425
298 125
976 481
712 576
649 681
354 899
684 874
293 454
572 185
911 542
426 896
164 514
826 201
578 781
677 752
560 985
878 251
414 34
930 272
502 741
88 416
162 378
796 208
125 324
660 68
197 874
119 511
687 117
506 223
253 430
756 176
712 387
700 256
165 357
67 410
468 216
397 328
696 592
308 769
625 620
152 500
195 724
49 500
130 661
334 525
86 756
546 855
628 394
608 793
224 600
452 80
96 689
693 945
115 299
594 271
725 143
536 914
462 460
481 190
463 356
623 954
698 610
619 141
124 685
911 773
617 926
931 662
861 291
537 804
135 557
598 959
577 890
871 609
280 709
149 262
451 763
616 363
138 737
104 714
521 446
786 747
15 570
347 711
249 467
84 482
266 870
842 145
839 533
638 193
896 645
90 604
340 967
467 643
373 191
107 652
418 580
646 382
360 103
641 942
116 532
414 974
542 325
483 867
689 730
968 559
751 773
416 232
314 895
420 423
344 392
299 472
262 298
804 184
176 615
632 673
18 438
849 399
855 263
133 288
706 228
869 478
464 129
100 232
348 662
368 246
430 505
48 369
167 832
567 487
769 592
614 38
172 675
519 74
368 303
341 875
482 64
85 450
609 506
741 160
459 909
767 853
390 357
505 327
845 270
209 623
717 324
923 375
41 685
809 560
313 917
569 708
815 504
197 765
505 625
258 203
125 311
974 397
385 697
245 99
324 521
896 267
939 433
94 580
963 416
793 688
76 729
852 690
391 985
151 305
447 648
486 985
487 105
868 529
637 92
570 748
295 280
636 223
225 892
176 556
365 215
824 337
595 297
665 239
850 815
787 627
291 728
561 547
916 760
636 150
248 149
985 460
855 178
526 550
496 570
354 679
497 302
793 233
848 570
662 815
565 91
856 226
966 460
430 759
516 317
172 263
466 749
65 449
705 746
878 303
20 456
754 829
866 707
29 488
316 509
634 929
413 162
190 554
134 453
850 166
355 272
903 226
865 429
599 928
650 173
543 235
396 148
528 288
682 659
435 526
376 595
470 965
122 699
483 512
888 514
664 574
645 911
451 386
537 865
697 648
47 659
303 808
167 574
249 235
671 448
478 631
305 221
762 778
358 716
481 204
274 224
370 820
792 463
279 56
475 453
297 152
495 596
695 466
946 539
524 782
515 676
754 817
475 876
201 744
216 480
781 863
597 502
222 677
224 520
245 257
228 334
102 639
732 241
340 423
628 891
317 144
882 416
580 112
272 115
371 923
790 574
268 657
566 774
286 297
693 624
435 310
388 827
806 542
148 483
104 320
26 625
274 360
478 714
405 641
705 201
484 664
640 871
271 330
728 867
255 534
751 695
547 538
869 179
606 68
271 171
979 436
246 417
737 387
106 223
710 893
31 598
50 312
781 325
380 783
159 442
486 179
771 276
416 264
342 256
139 466
648 809
122 645
699 581
311 390
343 956
500 7
701 91
83 522
225 747
595 940
508 846
198 122
758 639
371 839
292 700
819 881
180 736
377 467
562 154
236 786
320 622
200 109
734 273
120 284
246 733
623 427
564 295
763 910
740 213
263 769
463 799
452 820
674 251
328 191
337 456
846 411
778 404
392 67
725 761
928 639
585 663
215 535
543 573
914 711
764 370
498 268
490 474
834 817
472 362
156 407
292 139
776 338
362 686
512 351
109 446
473 939
546 696
424 90
931 589
879 323
430 250
394 941
326 815
184 623
321 164
316 100
439 137
644 78
455 860
586 798
288 799
434 446
511 605
144 793
42 451
419 919
77 378
517 585
147 320
193 311
708 350
184 713
585 74
820 834
786 279
812 806
587 396
683 259
253 667
255 378
770 834
409 677
547 716
756 795
373 857
693 824
85 666
410 890
595 211
800 762
816 275
710 168
622 866
499 910
515 217
572 213
303 418
518 9
497 375
490 431
193 221
321 399
603 837
409 849
507 77
497 520
295 853
698 936
386 734
350 636
654 545
694 751
699 322
383 930
239 659
900 675
518 873
474 471
175 459
381 873
626 405
362 944
203 509
626 571
800 716
305 863
92 623
901 784
807 205
638 631
40 347
630 377
517 89
921 562
322 232
464 818
355 775
258 473
793 366
601 602
281 790
298 66
281 170
495 41
791 886
239 553
484 597
748 362
275 545
658 892
293 311
760 523
652 696
338 630
112 313
313 294
839 397
489 831
116 338
469 74
816 176
138 187
904 652
760 335
136 277
497 775
