850 1712 11 297
536 776 28425
284 704 49244
744 823 19235
752 776 25000
301 366 22136
64 400 39319
371 739 49649
275 758 32016
141 204 26077
609 630 48104
385 405 41195
81 278 22204
254 515 36892
13 579 16492
16 252 58898
590 753 41773
177 203 24413
429 451 47170
357 591 16401
551 669 51662
257 404 29120
527 677 58830
461 771 36014
496 737 42720
392 647 12083
576 685 27295
301 371 52355
82 219 101237
233 719 31828
354 674 57245
229 441 27893
239 426 22627
540 704 18682
195 534 48000
248 615 73171
174 397 32249
362 676 15000
516 796 56613
188 589 20616
117 411 24083
687 761 36674
49 324 53935
31 650 22472
38 718 11402
685 787 19925
497 743 34785
398 641 39205
167 455 11402
35 525 45277
35 59 18439
12 517 37643
142 505 18601
462 548 26306
417 847 26173
239 295 26627
475 654 42426
149 770 31906
186 604 24042
230 365 46840
151 644 35355
120 352 10440
12 565 33242
74 306 12806
14 273 29428
307 378 24698
53 618 25495
173 653 23195
331 484 35384
448 547 42190
418 813 68000
269 651 69340
260 532 33242
642 659 49769
36 750 22804
76 217 31765
119 806 19416
117 594 19235
591 850 22204
170 619 19925
517 565 48374
236 746 24042
139 357 25962
465 625 33526
6 791 26571
758 768 63812
533 732 41037
103 665 19313
494 670 28844
151 586 168680
30 675 31241
96 595 11180
613 730 15652
259 634 27586
208 651 74847
515 530 17464
13 137 36056
392 622 28071
429 841 27459
437 598 12083
282 516 65734
4 583 26420
211 792 33541
56 663 31953
157 351 40608
521 522 37577
466 480 32140
161 306 26420
138 760 56356
394 675 31780
623 843 24207
17 514 33838
240 280 29614
175 351 18682
401 786 25080
243 585 35128
183 770 24352
674 815 24413
286 585 31064
212 712 29682
567 652 26249
398 743 39699
223 669 23087
437 798 34540
585 735 59481
581 595 15000
138 561 34670
42 449 57009
127 423 32249
92 363 39825
288 492 28862
147 187 29017
589 709 19723
443 505 21633
84 794 20100
190 314 22023
509 749 28320
626 633 35693
415 834 38328
101 689 32650
289 563 43566
456 773 12728
447 613 58310
364 424 13038
248 728 24839
25 668 25179
626 740 58549
463 781 27295
464 487 25318
389 412 33601
222 555 37121
442 534 10198
19 498 47043
123 562 28443
74 610 65031
37 814 33061
28 399 49244
210 685 23259
11 694 36359
375 713 23409
741 785 29000
212 241 38118
302 315 42579
71 656 25080
217 796 24166
259 748 22627
658 712 16031
312 817 86284
404 797 49769
192 827 29155
234 265 42450
78 688 39825
204 694 12649
290 415 48549
325 766 60075
57 506 45222
202 572 13000
533 535 32696
637 692 10050
329 668 79076
88 474 38588
460 781 68359
343 568 15232
329 816 31828
508 704 48104
89 599 70342
661 683 63655
91 631 48826
19 96 28160
265 439 45618
565 751 34886
491 776 18111
276 630 72201
10 708 57489
126 602 20248
275 808 12042
502 717 14142
184 363 32202
135 543 31064
147 811 30887
196 690 35384
338 343 45651
250 509 38079
407 638 41049
617 849 56886
91 729 29120
115 216 23409
754 784 30594
487 609 39560
323 659 48010
333 649 33541
482 624 30000
29 399 20224
522 633 22804
323 531 27785
65 547 69318
272 328 49254
518 719 21932
27 706 49396
74 430 27785
60 341 24739
206 257 32202
8 400 36069
62 227 19235
700 773 11402
576 736 33015
46 289 12530
197 571 34205
97 327 38910
95 597 44822
718 781 30083
113 224 22361
146 415 25807
501 603 16553
337 629 30265
162 491 21633
409 654 43267
266 384 39294
272 433 69123
428 473 28178
232 233 41110
221 330 42012
11 623 36359
221 546 27514
84 636 32202
261 496 52202
177 653 16031
659 845 43046
503 746 46011
24 800 24352
32 494 17464
765 809 38471
677 679 17493
395 560 20616
103 564 49649
291 597 13601
452 789 39000
264 321 26926
94 97 41195
66 323 14866
236 349 50606
556 798 12166
339 816 28018
353 849 34176
186 190 28160
425 657 15811
252 588 10770
338 390 59464
114 167 15620
7 540 27019
577 668 12207
341 764 32280
330 833 50249
468 699 25020
262 422 30000
743 803 48549
324 349 46487
292 444 56648
87 829 24187
161 685 50329
88 471 20248
250 749 39850
535 806 35511
134 401 37216
9 230 39812
282 796 33526
23 849 22136
80 424 25060
184 298 31257
178 498 26019
356 545 18974
327 731 49254
110 769 50220
244 820 51225
345 369 12042
674 754 35114
712 725 21541
539 668 51478
242 767 19925
564 795 62129
108 777 83187
594 824 16763
438 844 25495
223 546 27019
174 434 35847
6 121 38588
7 405 32450
182 756 37590
129 300 42953
390 794 43186
559 652 49769
388 563 99161
261 679 31575
154 536 14866
109 474 27203
240 766 19313
382 409 62642
255 503 16125
136 242 42107
287 400 10770
156 337 38484
360 518 33838
331 678 21840
266 633 38053
32 124 42802
463 472 35014
343 390 39446
66 801 22627
326 564 38949
10 804 60531
350 603 110345
570 708 29833
282 519 32757
57 689 36359
400 531 41725
550 604 28018
116 133 32650
180 226 41183
155 287 51740
232 378 27019
117 450 26870
390 832 63008
542 686 26249
251 619 21840
562 782 37483
411 594 38079
575 627 36235
257 416 14142
506 789 28178
514 812 52802
208 438 22204
441 529 11402
356 448 27893
241 332 18385
535 732 41000
214 810 22472
415 762 11402
193 849 55000
174 585 31305
582 819 41629
198 739 55902
268 603 37121
51 458 41304
254 818 27785
530 555 50160
705 831 10198
435 803 36620
73 845 31257
181 802 23022
90 138 38013
205 330 158446
73 376 26571
60 696 73171
231 775 15033
810 818 17692
382 574 36014
325 442 44911
335 568 39294
285 532 63561
144 305 39000
52 653 21378
527 679 61131
144 197 35847
148 463 86331
329 339 24739
160 283 56365
630 693 59203
373 685 51788
487 769 41725
448 500 23345
178 622 34409
145 720 51624
179 675 12649
714 775 25239
129 758 58856
105 702 17464
214 457 28018
276 341 27000
79 432 17464
182 574 15297
296 790 50000
428 799 31305
478 831 11045
71 732 31780
5 676 29275
178 782 31241
304 761 44418
602 638 47707
247 448 43105
338 396 35440
269 844 28302
63 523 21587
426 795 24042
241 774 32757
317 672 49366
41 158 43909
332 428 16031
147 665 25020
53 425 29732
624 707 36222
178 497 22804
319 843 13038
207 842 53367
480 527 46957
188 483 60033
34 221 18974
190 453 39115
416 422 35057
371 802 11662
157 665 56143
270 477 26420
119 534 45695
516 646 24331
210 274 45100
223 848 24083
397 485 56321
132 790 44822
154 751 21541
140 536 59203
293 498 43382
54 279 33601
302 809 32016
114 792 45891
23 721 36125
153 342 30414
673 691 29833
107 513 31145
304 486 36014
58 370 58215
673 749 17088
86 519 44204
56 158 32016
315 569 20616
189 648 57454
36 674 22672
56 580 17464
20 35 17889
94 132 29206
328 581 51225
97 299 25000
182 431 40719
454 777 29206
214 818 31016
104 253 58694
42 476 62241
688 772 43278
456 583 39661
315 342 22804
492 612 21213
57 69 19849
65 625 74632
116 379 29275
217 465 53759
208 340 19799
451 829 26476
90 561 20125
1 422 56462
218 243 19000
540 556 14422
250 602 37947
159 255 24839
11 308 44418
336 453 26571
3 744 47043
192 358 24083
150 226 54231
320 337 15033
259 410 25020
70 292 27295
435 847 49518
247 313 48042
348 699 26173
381 599 101134
712 769 27019
212 332 34015
565 783 25060
517 550 28018
632 695 15811
118 185 12166
686 806 33541
324 686 10050
598 828 45541
255 325 27659
635 733 13342
130 511 27074
201 657 47127
462 751 26870
261 391 49366
78 128 35511
218 735 72201
172 795 13153
52 130 43417
83 398 15556
59 707 29120
129 408 13892
566 657 32249
200 444 39962
155 701 71113
723 846 45177
99 626 52326
95 738 72801
678 703 18028
184 635 17493
397 494 33136
328 527 28302
247 528 50774
43 621 34713
353 429 14318
350 744 64537
139 850 19235
156 807 26249
110 712 45255
113 667 38626
361 714 29833
108 253 12207
368 698 35114
358 804 32527
233 360 14866
526 613 48765
502 684 26019
11 567 54009
225 848 26833
482 536 68096
21 716 38626
51 626 33015
258 536 35735
91 628 34015
288 654 18248
429 584 16401
666 740 31145
24 71 23537
383 536 25495
273 290 35735
259 814 23770
297 584 29069
144 330 224522
523 644 18601
696 842 29411
153 661 16031
226 447 53600
360 719 36056
367 578 35609
307 403 37537
215 792 33302
225 607 17029
34 848 16031
298 389 30463
100 433 35384
256 678 50567
234 658 34655
464 804 26627
380 619 14036
168 388 81498
333 377 44777
700 772 24207
376 845 45177
77 621 29732
195 686 16492
149 697 27514
97 166 16125
489 553 33136
381 390 39661
205 305 27203
171 560 37855
643 795 10630
258 608 37121
26 790 51662
74 685 36674
5 373 14318
648 835 38626
641 743 31321
294 367 17000
272 820 31623
72 801 34059
319 623 31048
361 412 44181
80 597 44102
521 692 26627
11 204 29833
357 682 26000
33 406 35468
71 806 29017
55 750 21954
11 122 42521
205 592 63159
148 690 45891
396 812 31623
141 694 33106
385 828 62008
95 405 65947
276 696 49406
262 404 38484
50 566 21095
193 404 41976
542 806 24166
10 210 60828
10 274 26571
616 735 17000
200 292 45188
130 203 50606
268 672 24042
369 553 36056
18 198 18868
443 824 12083
226 466 29732
394 582 64537
458 493 23431
235 249 42720
514 593 48000
48 706 39560
431 756 24839
375 550 27019
209 581 56143
117 748 25000
473 520 33377
312 406 40804
711 763 27019
396 722 41146
64 663 39205
155 299 40497
201 793 48270
493 780 35693
193 262 25710
348 562 17464
14 415 23195
281 790 19026
81 244 24759
359 722 33526
514 826 31401
11 319 40522
664 831 20100
152 632 17263
227 399 38910
573 805 40497
361 834 46390
681 730 30000
134 610 47508
549 778 10050
655 813 42190
727 791 24759
133 379 17464
426 432 43174
92 275 59211
512 759 10817
23 508 63063
67 755 20248
572 680 13601
586 599 76381
377 845 51662
303 610 23601
381 777 88769
87 436 55362
17 593 27586
156 493 53263
31 481 59008
316 454 34059
522 637 40025
69 815 64351
82 778 145437
433 664 38484
330 592 95802
40 240 22204
213 467 28443
302 579 30610
21 642 44553
32 670 28018
47 240 55227
58 457 92962
122 623 13342
210 787 16125
95 828 36346
91 111 46239
445 515 51971
75 276 22627
314 752 18028
82 719 56648
119 682 47518
354 815 59034
478 684 65947
372 627 37054
154 383 14318
320 419 30610
249 554 16031
135 511 25612
339 539 32202
281 299 20396
425 618 15297
607 672 30067
112 172 39825
180 447 20809
438 470 25080
78 456 29069
38 185 12083
391 681 51624
408 569 11045
29 771 42953
16 460 41340
167 578 25080
89 131 22023
437 841 60033
101 379 14213
149 183 25318
436 497 29069
565 643 51313
440 537 26173
188 413 37656
254 810 28231
112 345 29206
743 839 49041
636 832 34176
148 197 96000
76 646 12000
277 346 34015
86 135 48010
160 411 56515
54 761 35355
16 205 14765
420 822 32650
140 360 20616
181 271 39623
156 199 27459
188 738 27731
296 701 31064
433 645 41437
640 691 11402
26 296 37000
469 555 57775
427 465 140801
575 674 52631
90 701 24597
406 474 50120
50 725 20100
169 203 32140
171 402 21932
248 336 40817
258 383 16155
667 676 27659
157 175 33106
471 728 25495
49 533 23431
118 493 48374
367 600 15033
82 403 28653
70 552 16125
23 429 36346
361 706 43863
310 491 17804
339 668 71253
536 538 60745
370 818 13038
83 374 23022
297 704 40497
8 64 32696
351 435 23087
393 813 43417
257 645 33601
261 737 34205
341 630 62801
268 501 24166
338 826 22136
715 780 27166
207 276 52345
26 404 67231
198 366 37483
24 656 32016
671 706 21932
103 811 18358
399 461 46530
157 557 34482
312 549 24042
566 774 33136
364 828 41340
42 246 24187
93 301 45398
173 217 76295
504 639 60745
201 566 44777
169 282 37643
65 247 44418
266 476 23770
198 280 28792
491 783 11402
34 223 19000
114 215 28018
514 832 38079
259 413 41629
558 843 13601
657 763 49193
334 415 55714
105 670 13000
373 526 35000
128 688 38328
658 725 22472
489 665 15000
256 659 25000
46 107 34670
98 753 36401
716 824 25080
367 616 34482
717 834 55227
384 522 22804
163 789 64444
10 570 64537
347 822 46530
320 629 36359
52 651 56303
602 673 25456
587 608 21378
356 432 24331
62 399 25612
403 817 29614
3 402 34409
150 180 33541
254 490 12083
127 160 13601
497 622 34059
151 668 53226
87 293 30414
93 601 31890
267 819 37483
582 770 33242
141 732 10770
271 729 17493
486 528 45453
465 516 23087
119 542 20125
147 786 27295
1 106 26249
83 187 10770
374 497 26571
8 573 27019
115 552 52555
158 663 31401
631 746 29155
352 563 104446
228 492 23195
131 568 20248
19 293 49649
382 544 38013
24 543 25000
8 380 37121
82 518 68118
112 414 29155
534 542 36125
195 236 73110
397 670 21024
549 764 25060
322 433 34986
406 822 38588
145 421 29833
306 348 43417
451 662 18974
25 577 15524
264 389 29069
130 135 21095
16 592 52393
326 375 12806
566 618 12166
551 767 65376
104 711 16279
24 486 47043
238 402 19105
102 607 33121
287 805 26173
504 734 51245
218 485 37855
561 701 20396
356 548 10817
496 692 35355
393 655 32016
159 534 57315
228 612 26907
420 630 31305
189 836 55444
614 820 51088
168 504 21260
360 538 14142
15 361 39357
426 687 32202
432 761 38601
287 701 69642
189 597 41304
232 719 38484
434 689 22847
209 422 46573
20 237 38210
375 795 31828
219 518 79000
557 567 34015
388 640 32249
219 624 48466
3 58 62008
480 595 32016
323 678 68066
507 682 38053
284 333 42426
482 538 55036
176 620 16155
617 829 16155
99 740 35805
573 747 36346
813 815 22136
455 655 23431
171 772 53038
244 757 48010
614 683 12042
229 529 18868
344 717 32388
292 629 36401
124 779 13000
609 769 16553
28 118 39000
682 844 36056
30 267 27731
265 276 59034
525 624 15811
330 546 24000
68 445 44407
385 556 16971
103 553 29967
373 755 43417
27 48 37216
35 707 40447
338 359 16155
563 640 67357
385 598 45177
213 745 29732
607 669 37643
347 420 27803
143 848 45967
2 739 38897
305 479 20591
313 528 29428
604 605 20616
123 782 22091
368 801 28320
183 274 28302
826 832 15620
166 790 18028
133 807 32062
81 765 48415
414 553 19235
497 838 25495
322 683 21190
113 754 64475
231 238 37108
95 291 43267
146 834 28018
325 591 46519
115 196 41629
662 839 22472
303 697 26173
657 711 43290
28 715 43738
128 772 18439
264 395 13928
428 827 40050
55 754 19209
299 327 28862
434 702 45177
240 325 57009
82 307 54129
268 848 48703
1 595 29732
100 645 23431
38 781 22023
204 533 40000
260 586 48021
470 766 24187
100 831 33242
307 719 53413
650 766 25318
292 337 26019
125 182 50220
265 630 86683
343 726 65307
230 663 11045
126 318 58310
261 527 55082
486 800 46325
179 708 33061
588 592 24698
546 554 14213
209 257 24000
532 586 18028
220 577 32757
684 717 31765
164 656 23431
90 760 29547
225 672 19235
209 416 17205
9 504 54129
98 629 38053
779 816 13000
64 230 38639
89 568 35228
12 550 29967
22 69 45607
227 780 27459
552 785 46872
98 216 17493
737 742 39661
314 604 25179
146 717 42953
73 759 11402
275 412 60208
541 724 33541
374 398 16971
310 783 18682
142 160 24759
147 157 60745
334 747 32985
155 334 56080
302 821 28443
300 317 61522
96 293 38626
163 750 20616
423 541 56321
168 459 29833
368 659 54129
145 593 62817
490 530 34059
606 788 26926
243 485 45804
252 355 44598
101 840 23195
331 703 27459
206 328 27803
451 841 60539
357 534 30364
87 495 13601
211 722 43046
252 440 35468
170 469 15652
417 488 23087
372 676 29206
483 759 28071
97 132 35468
2 631 38833
346 595 44283
507 511 26476
259 499 38626
104 710 34482
469 706 53151
622 838 17029
270 668 53075
474 822 61847
102 669 13928
438 850 24042
315 408 12042
155 290 64560
735 837 29155
555 671 26907
45 424 36878
510 786 42438
439 711 21260
550 605 31145
458 780 18788
5 362 21541
137 246 48166
295 304 47854
357 844 36770
642 698 17493
755 827 42450
252 467 41000
640 673 31623
311 793 14142
339 621 12000
540 798 22361
464 570 20248
390 826 63891
196 741 19000
103 414 18439
10 267 17117
163 784 42379
211 492 17889
185 718 14560
273 731 17263
429 849 38949
441 555 42048
496 637 26401
310 751 24698
68 515 17464
372 373 34655
159 503 36235
120 160 45354
277 498 31385
240 650 13038
107 446 30610
155 805 39217
242 569 44553
134 386 37162
211 612 34670
282 528 44598
40 280 13038
391 679 49739
449 809 39459
26 760 30463
825 847 25239
106 495 20100
526 667 49820
214 445 49578
326 582 51000
83 147 26571
186 582 40447
356 565 40224
410 814 10440
268 524 50329
128 700 11045
118 419 29411
275 717 20224
111 236 31145
310 536 26926
126 250 25495
173 177 29069
527 737 31241
303 510 24187
289 749 31064
18 366 26401
392 468 33422
277 782 30265
451 803 38949
158 380 48826
69 452 34205
222 229 19698
192 736 37443
176 543 28601
431 475 11180
621 816 30871
597 836 40050
569 767 39217
245 702 15811
348 386 38210
536 752 42107
118 718 22627
114 812 47802
201 593 51039
139 591 16155
191 570 13342
747 805 17117
411 748 20125
392 782 17088
143 603 19416
417 437 20396
159 325 27313
455 720 45607
49 308 28071
87 662 17029
654 756 41183
237 625 30232
278 384 29682
62 715 18385
3 846 34132
639 830 63820
333 589 22361
281 701 66370
440 660 55227
223 554 18868
300 767 46819
309 794 23022
45 417 37162
602 606 56939
648 836 19105
374 838 19799
369 843 15811
78 350 35171
298 635 41485
123 699 16155
213 235 46861
67 373 46615
194 720 47802
98 115 26420
201 311 57009
385 798 27785
159 195 70803
353 617 32558
85 636 31064
125 220 55731
500 548 14560
44 695 26926
31 280 17263
611 634 40817
206 209 19105
21 513 41037
17 832 41146
116 666 25080
483 512 34713
521 789 23259
588 833 52240
219 482 49930
799 827 16971
18 93 84723
152 285 18358
760 849 69836
285 726 29275
647 699 20809
183 819 18682
72 531 15524
129 342 35468
311 593 64070
279 426 19313
122 557 23537
462 500 14422
302 342 39000
661 809 69426
39 125 13342
135 682 42059
323 801 27659
430 610 55543
508 760 71344
64 158 56223
139 438 20100
501 524 61717
110 358 22561
266 626 48270
321 773 37121
9 663 38118
560 775 18439
466 679 29614
371 572 65115
428 520 28284
108 710 67742
372 520 27019
207 265 31575
284 508 28302
262 416 27803
140 752 50359
448 548 21095
466 595 36878
246 727 37483
112 553 24413
26 132 73335
158 515 57775
29 461 50774
182 382 36674
500 608 23707
162 752 16155
53 711 22361
27 762 16031
318 606 56321
200 807 46487
290 334 66310
419 596 23087
396 792 19105
213 767 59666
454 710 35805
109 307 22361
84 309 18385
168 830 28160
469 530 43566
785 816 28460
730 784 30887
329 779 29155
15 706 50249
261 789 77026
78 524 20248
466 677 14318
237 465 60216
251 573 26306
145 194 56321
411 443 48260
199 740 20100
317 583 36797
268 583 41195
528 761 48662
586 632 38079
50 774 26627
32 105 25495
426 545 39598
697 786 60638
472 590 30594
181 371 30364
499 634 18028
36 55 17263
153 344 36878
134 468 19235
265 769 72897
249 833 46325
197 463 30414
354 813 55362
58 818 59540
194 421 41400
323 484 67052
723 823 35847
559 825 31064
470 481 21932
477 644 13928
736 827 16492
507 651 66731
67 576 19235
123 647 11402
182 220 24413
388 407 60008
350 723 38079
463 571 50329
39 182 46819
233 471 75425
138 703 42720
159 746 43932
290 299 43081
502 731 10630
115 741 38053
212 827 29732
69 286 60811
300 768 68154
388 638 35384
671 714 12369
50 234 13038
222 238 17464
289 691 41146
107 541 30806
126 698 13601
404 645 20616
63 77 29428
649 709 21954
399 660 52154
191 347 34828
616 837 14866
483 499 20025
445 639 17889
107 509 34205
254 530 30887
733 773 22204
499 611 32450
282 313 28018
435 488 56604
181 729 31048
15 762 16971
59 465 93349
135 800 34540
116 199 24839
309 636 24187
269 507 32016
14 290 34132
312 764 31016
161 373 43966
161 447 71021
137 809 38288
387 640 38897
150 679 37014
704 841 61984
194 455 30017
488 841 58694
547 608 11180
71 620 26571
1 96 30017
127 352 37855
315 821 51478
510 610 35693
79 356 10630
137 449 26926
111 628 33242
545 643 45222
169 519 12649
386 468 40608
310 776 13892
522 626 50220
675 708 30676
357 442 21954
459 788 25000
193 797 11180
423 724 47508
537 745 30017
64 531 25632
485 544 12530
220 544 26870
410 411 33000
413 835 52355
283 411 71113
547 587 17088
322 705 49930
44 726 32016
271 572 86556
335 599 82541
143 221 26077
270 644 31623
485 494 59481
102 767 65000
704 798 37537
113 613 52345
58 254 55218
270 539 16643
549 842 146154
417 828 37202
413 814 48600
555 706 27000
29 440 25239
241 793 38910
120 680 56639
125 260 10296
4 733 22361
345 558 16553
519 528 50040
600 735 17263
165 651 44385
32 329 30871
343 359 37537
48 251 33541
522 740 56939
206 581 58694
300 569 37443
235 467 41049
39 260 22091
106 293 26833
665 811 16125
75 696 57489
291 364 35693
449 476 32311
361 395 16000
37 410 32311
86 203 42579
450 824 14866
390 568 32802
734 788 20616
113 674 46043
413 738 22472
203 519 31765
459 504 24698
224 676 21932
430 685 13892
336 675 30594
208 481 31000
25 494 80006
253 710 63781
2 47 24207
484 678 32140
355 588 45486
316 710 33615
202 352 88391
10 179 36688
151 260 120801
219 427 24207
278 757 46487
44 263 55471
249 551 40460
216 590 12649
4 773 32202
58 490 50249
628 835 42426
228 288 11180
318 365 19000
480 581 22361
363 768 12530
371 601 47927
61 631 39623
362 667 21213
79 545 10050
476 765 18028
183 267 32985
585 837 38419
175 641 25942
506 840 51624
354 627 37336
344 758 23087
610 787 48010
684 731 20248
80 349 37121
101 666 42942
496 742 51264
355 467 49396
231 714 16155
472 781 17804
378 474 17493
376 483 44407
513 824 37590
294 492 24021
450 611 38626
76 796 38639
283 680 31780
20 547 33838
66 72 25456
21 512 38484
127 142 21587
692 789 25020
664 705 10770
187 374 21024
190 394 41012
83 641 50488
142 724 24187
708 728 31145
351 559 29000
61 181 48270
80 324 55073
191 464 11662
40 650 11180
269 438 15264
778 817 97591
506 666 40311
53 439 26683
630 822 29017
165 511 32558
59 427 54452
240 255 59304
113 575 15811
322 614 11314
61 802 36878
508 721 38601
497 498 30480
473 793 18248
41 515 47434
46 749 26571
380 573 17088
211 294 23345
168 407 23259
94 731 45880
6 771 33302
213 551 48847
67 736 30000
7 704 29069
43 63 32016
422 849 65192
77 477 22804
44 152 15264
583 672 31890
797 849 50990
10 30 23537
141 164 16553
130 165 24187
248 708 22472
52 173 32450
582 713 48052
571 781 54037
248 675 41976
525 587 51352
297 841 39925
322 684 82765
114 194 40162
85 763 26249
51 246 32249
172 239 11180
567 825 47802
110 804 28018
322 478 50329
736 755 37336
628 648 17088
321 700 36770
387 673 32450
121 745 42755
56 445 23409
447 730 49406
166 281 11705
54 687 24515
245 379 39051
446 505 11045
766 850 38833
463 590 42450
200 245 17464
421 514 43174
418 837 36359
9 580 22472
211 396 43012
108 842 32388
457 830 81302
144 571 23000
87 839 30017
239 279 23087
224 627 34015
433 820 53907
451 617 37736
393 616 20248
124 444 44147
11 533 31145
215 294 25000
171 238 30067
471 615 74706
23 584 27459
360 615 24839
564 811 46648
256 323 39115
316 636 17263
118 596 15033
214 370 34928
468 622 19105
162 605 25318
33 312 68768
43 77 13153
37 91 54083
409 600 14000
33 109 11402
157 641 53038
443 594 21840
479 571 27857
148 196 40817
28 781 41037
81 683 78230
117 634 25612
114 367 33956
119 620 12042
13 821 16553
322 661 75664
377 649 38079
286 418 27295
293 495 27203
151 523 52802
395 775 12042
453 615 47434
63 690 29206
446 824 25060
611 716 34000
346 562 57271
72 365 37216
131 263 10440
220 574 17029
68 214 27893
16 660 37483
436 839 54129
666 840 41110
60 764 29155
460 479 26249
717 808 24207
496 757 20125
89 335 13454
344 808 22023
42 51 19416
75 341 19416
150 681 43966
612 726 42438
457 639 62936
22 452 27459
606 638 25495
340 481 22023
29 537 26833
389 395 28302
489 557 40719
344 684 20396
295 558 35341
557 652 25495
320 493 42000
22 789 42720
641 803 32249
823 846 21633
137 579 36715
4 635 26571
70 124 39205
99 199 24698
297 721 20591
318 734 39825
405 738 34655
21 611 25612
227 791 23345
17 85 33015
47 255 25942
234 566 17117
792 812 21190
285 475 55154
152 695 21633
31 340 77466
798 841 58009
89 263 26571
658 769 20025
58 529 34366
247 761 19647
202 601 26907
246 449 43417
121 136 13342
353 451 45122
88 822 50120
71 176 30610
249 330 42202
60 842 99464
86 800 48104
387 388 29411
188 709 12728
564 697 57306
80 291 38626
93 371 44721
41 380 20591
325 534 49769
45 308 29155
272 742 21213
406 693 36770
187 401 33734
49 424 30232
132 478 29206
670 702 21954
273 717 26249
126 606 63781
137 727 38013
465 646 11180
186 713 17464
238 555 29000
164 694 45541
325 850 47802
170 530 41677
596 753 13000
578 655 17889
544 574 18111
445 580 17000
181 572 74953
341 693 48384
136 821 32202
332 799 29069
92 389 27019
523 492
683 879
929 295
797 220
297 477
571 184
681 648
835 478
925 507
265 617
511 753
318 762
621 226
765 369
811 363
597 38
128 429
711 951
466 501
276 876
838 654
392 339
631 578
492 860
247 148
673 495
815 376
522 97
587 120
270 640
665 968
340 169
109 715
761 124
260 884
347 351
770 783
493 89
178 169
657 958
870 435
516 232
344 79
115 237
564 705
910 674
668 898
847 395
547 758
146 527
505 216
459 967
98 502
425 814
350 368
917 493
377 288
967 344
248 898
31 616
718 870
547 133
336 48
848 508
366 888
836 546
267 529
931 427
364 303
405 131
497 837
854 528
785 637
339 535
39 599
338 965
331 77
851 208
360 818
584 763
546 309
111 797
440 619
64 375
95 430
449 916
529 550
160 673
64 295
712 535
719 801
784 314
784 908
703 404
656 725
493 493
707 445
429 91
469 212
625 427
387 242
730 159
425 687
72 485
351 192
531 517
891 703
4 487
118 722
206 581
676 818
424 734
306 406
227 340
416 68
427 237
817 729
486 112
530 855
881 810
604 204
483 721
400 527
366 135
181 156
898 618
883 770
845 243
704 253
486 933
86 296
680 422
402 216
378 576
497 915
617 207
585 224
711 573
570 927
218 760
494 802
888 749
793 108
528 2
208 434
767 357
431 644
399 16
339 619
428 424
273 75
123 224
672 306
279 801
765 460
451 194
488 665
892 473
629 867
870 766
336 504
283 760
385 370
487 817
489 957
723 447
237 352
990 544
410 955
872 425
886 299
393 759
441 994
304 234
502 635
516 861
422 972
442 549
254 652
413 454
755 839
222 185
314 623
773 254
488 100
320 719
430 615
736 674
633 801
292 722
189 634
212 568
624 502
214 378
572 825
378 51
495 16
695 941
446 221
390 199
176 491
828 869
442 958
492 776
590 25
561 450
61 531
575 969
563 469
293 563
188 316
199 533
640 152
958 434
204 324
438 76
366 980
274 227
179 872
236 165
767 106
905 325
742 124
302 428
772 164
449 474
550 152
177 277
923 333
886 515
852 320
148 742
187 755
133 526
676 122
645 821
280 914
888 329
403 764
639 945
196 495
659 204
293 227
528 326
373 203
537 220
389 850
209 673
716 107
881 637
832 425
635 83
14 494
935 389
645 886
804 589
587 469
276 830
781 728
176 147
471 394
599 496
89 286
834 299
92 537
537 286
282 615
806 156
564 960
286 84
762 800
534 384
736 364
290 608
725 319
55 583
452 521
524 312
405 787
668 951
727 458
386 926
846 817
707 618
139 233
321 260
799 499
187 272
921 680
747 398
620 749
409 158
507 529
204 299
425 779
708 507
637 595
777 285
731 438
722 214
739 914
641 261
351 619
446 822
564 17
349 527
122 744
549 730
57 392
290 786
211 446
57 670
387 898
278 739
683 254
75 421
783 222
892 560
472 764
450 160
820 276
619 371
825 556
557 811
618 892
350 724
724 410
539 433
327 141
741 73
737 562
213 502
713 660
808 424
55 305
244 694
435 159
129 361
321 117
589 983
55 610
677 276
107 321
696 334
442 757
451 487
162 656
391 516
601 796
885 199
520 640
891 807
592 569
281 394
677 98
353 826
563 902
228 586
135 346
198 765
829 328
305 457
759 283
585 742
873 560
732 935
219 307
873 581
450 748
972 402
764 868
270 466
294 491
439 596
358 734
760 646
731 619
131 721
398 233
852 445
40 319
238 218
282 815
499 296
658 671
363 542
953 616
981 625
805 297
73 341
422 400
416 541
263 314
263 693
829 312
163 351
320 206
451 608
567 117
809 503
397 608
901 315
97 772
615 461
699 675
96 682
980 565
692 246
220 278
782 753
815 753
785 324
743 711
421 705
788 372
577 479
598 690
297 273
469 136
145 634
189 411
575 514
915 766
572 741
126 492
387 780
194 891
229 503
595 583
315 549
185 202
377 822
601 401
337 248
543 638
477 569
602 670
572 947
72 496
608 106
930 360
574 883
855 726
356 178
925 471
872 727
396 466
346 853
571 247
836 710
548 579
397 312
253 719
41 423
240 363
832 230
986 435
510 175
961 551
562 60
560 163
318 828
481 43
183 624
315 963
471 454
635 124
395 567
865 411
597 949
179 680
480 78
216 478
140 706
190 212
559 277
309 71
657 404
554 35
503 451
606 969
206 830
796 672
761 536
266 190
445 858
187 599
591 668
441 681
930 378
301 772
180 300
492 160
323 173
533 537
489 345
448 571
468 548
795 692
330 836
816 134
726 353
661 884
974 530
873 738
420 302
539 940
692 594
900 670
372 607
513 935
803 638
868 682
147 401
915 420
322 941
354 751
179 793
414 943
249 483
443 306
477 290
315 43
844 189
237 845
329 491
524 409
416 893
933 349
908 404
839 532
153 171
532 776
572 873
545 806
265 796
611 132
208 775
295 98
654 647
921 710
548 846
499 884
255 184
359 808
741 97
304 857
344 832
34 663
331 735
685 133
397 117
438 714
732 108
888 358
646 659
478 698
457 764
541 660
849 307
730 544
395 499
944 717
376 695
330 793
135 509
512 699
93 315
691 235
202 631
528 25
828 856
836 451
237 182
291 401
276 546
243 133
247 329
617 242
933 486
507 473
326 679
810 197
608 593
290 262
135 172
288 851
639 73
717 682
450 72
576 912
648 50
147 449
834 720
495 482
471 113
628 760
613 675
82 227
220 292
808 887
917 625
809 119
303 736
308 756
946 576
759 175
309 847
150 585
337 600
822 674
159 297
342 444
611 363
214 746
252 297
568 547
123 507
853 431
522 846
321 105
414 569
480 734
224 854
305 931
506 249
268 429
688 787
431 129
117 620
691 841
120 207
499 284
801 709
788 245
78 404
468 329
957 599
941 479
965 653
490 612
870 623
373 765
304 58
607 442
326 965
411 530
682 771
746 654
646 956
506 998
495 679
438 971
184 254
255 345
472 835
131 477
158 550
824 604
571 65
656 305
542 561
887 504
636 417
432 669
425 262
320 442
250 123
735 146
339 197
870 338
789 173
935 643
332 368
250 664
293 448
474 440
758 568
465 425
839 848
386 437
537 902
612 351
700 354
303 542
556 821
401 809
882 233
358 257
354 25
958 662
458 328
70 656
480 772
105 212
26 543
348 645
885 614
394 542
834 242
734 524
358 208
752 585
659 629
646 413
861 358
220 890
221 654
727 665
62 452
88 482
174 549
336 726
858 335
530 140
852 690
728 339
502 96
164 777
252 407
655 605
145 314
904 232
891 725
166 529
135 262
563 193
190 657
747 809
356 437
719 361
504 806
801 242
923 535
237 289
243 547
504 385
724 699
720 891
448 241
378 70
537 363
481 582
927 248
612 162
662 838
800 456
797 744
919 649
369 357
299 809
268 754
458 113
365 380
256 512
204 218
480 327
694 311
794 644
685 523
408 845
799 375
87 455
46 641
576 271
621 952
678 198
748 277
157 570
322 646
596 162
849 261
823 239
168 512
837 321
283 774
18 405
35 673
354 130
527 167
494 67
422 525
308 781
371 410
358 91
407 631
309 561
936 551
433 327
708 457
546 175
182 349
213 460
44 373
380 757
376 958
634 507
634 657
215 531
484 883
852 562
754 862
522 608
205 609
802 473
526 836
434 214
713 320
610 253
946 415
416 671
189 369
297 341
772 750
318 348
349 118
103 743
959 403
309 641
560 366
636 233
116 649
918 265
850 715
558 686
122 382
227 543
620 720
553 553
993 516
656 415
110 392
691 68
783 334
718 757
668 758
266 292
425 582
530 580
384 265
600 610
9 519
465 753
549 936
781 606
900 277
579 672
760 140
624 557
589 930
