633 1198 6 322
269 532 14318
27 528 25318
34 310 22023
248 353 44385
43 269 75326
49 477 12042
203 451 48600
16 187 28460
66 420 26926
371 379 54083
87 585 49820
426 466 41110
214 451 31064
282 517 54120
33 440 41773
471 548 18788
544 551 94937
564 579 25495
49 584 37162
87 172 40000
260 269 45880
114 360 86683
427 527 143136
102 408 65307
190 273 68425
138 277 38588
80 427 50359
335 461 55444
151 480 29069
109 294 29411
39 503 21260
503 578 34928
262 340 35609
315 553 14765
157 358 73000
237 530 17720
252 485 43382
415 508 26173
505 554 58728
506 621 39000
237 278 90355
241 306 48332
268 278 50922
219 223 11402
236 349 11045
52 631 33136
11 520 49396
276 381 21587
249 283 41304
243 437 81584
318 504 12166
320 549 48836
263 489 36401
436 480 43658
56 199 66851
101 333 18028
444 528 25807
184 405 45177
227 334 16031
21 518 55471
247 409 44721
96 366 36797
91 149 29155
114 462 34409
36 421 39825
533 535 76485
196 632 54708
467 551 76844
572 593 24187
343 436 53600
290 425 14213
47 166 60745
494 541 45706
22 207 16492
328 534 33615
188 459 46755
497 579 20616
193 482 40447
33 346 10630
88 166 31321
197 272 40719
372 457 54589
412 498 24083
43 185 26833
573 613 57489
230 550 41049
368 533 117597
242 351 31575
290 600 40249
278 628 50120
489 543 38288
288 371 40608
86 100 48847
66 482 51000
214 455 18028
425 526 50329
436 632 14213
45 194 40200
530 631 31000
379 605 43105
131 466 22204
187 444 39962
178 362 30610
163 459 26926
59 344 32450
407 538 54708
566 630 48260
369 530 10050
27 384 16401
155 437 33734
40 108 60531
501 598 36235
331 567 39962
175 431 20248
75 176 13153
361 590 46615
41 149 33302
170 543 30594
269 355 52612
217 560 24515
51 443 45011
31 387 18868
49 539 54562
68 415 58694
310 327 28443
345 388 58694
479 491 34132
305 561 25298
518 619 58310
267 596 43566
537 613 50160
462 494 63063
87 89 67231
425 589 41773
166 370 22804
102 131 44045
69 158 96333
365 379 66287
138 239 32249
174 256 48549
44 85 36346
144 581 36139
89 621 52431
95 287 32558
178 596 11045
92 196 53712
299 621 55109
144 564 46690
146 548 55785
25 302 61205
176 379 57983
233 320 48104
140 264 70007
134 318 54918
18 525 36125
374 469 33015
70 568 54231
59 499 94868
105 188 25612
52 544 47202
136 341 62097
232 454 13000
96 505 49366
115 231 21190
143 511 16031
163 601 59540
357 423 55218
294 443 61717
275 431 31623
100 612 132850
544 550 30232
210 280 13416
76 329 33526
422 520 29120
161 349 30000
44 562 33242
249 546 46174
45 385 30083
202 625 51624
232 344 25020
14 166 33242
173 415 69123
325 470 24759
587 609 44721
284 535 29000
229 610 27659
111 330 59228
409 582 65765
63 492 30083
399 611 65000
57 317 22627
114 612 73246
69 81 68964
378 397 64405
86 360 23409
56 558 40224
40 392 43841
113 552 93814
248 590 62266
239 487 60216
108 578 58078
308 344 24083
561 603 18788
84 242 15652
340 500 47676
196 492 46325
464 484 17493
147 602 32202
116 499 18028
261 456 48662
12 393 41012
365 430 24021
295 566 60075
512 589 43186
304 617 37216
42 263 13038
452 554 50000
264 514 109567
61 268 22136
12 137 78262
323 623 41000
76 94 12042
258 263 19209
3 270 31828
256 384 19698
64 166 55902
30 396 79057
194 466 41110
271 553 49406
305 511 35847
40 211 53151
162 279 20100
34 327 45891
371 605 54120
61 93 48754
112 312 78409
120 373 32062
183 495 45880
204 435 11705
71 371 29547
492 632 24597
388 556 80449
107 296 30265
112 527 66287
477 517 12042
279 624 24698
303 350 48508
15 574 47011
174 266 131898
154 317 36401
82 440 29155
2 245 19647
264 401 80062
185 601 25000
450 604 12530
206 595 39051
122 609 64560
476 485 44294
141 337 23345
257 305 24597
53 318 71176
123 457 47508
183 606 31890
13 338 16763
184 419 34713
211 628 70661
331 624 26926
183 198 49244
296 454 29155
359 626 17029
260 622 32527
4 558 46098
9 218 25060
95 365 15133
238 611 44418
224 556 62650
416 622 10198
182 401 80529
491 568 24331
515 516 28178
18 97 31780
361 415 44654
61 419 65123
192 238 60208
605 611 38484
100 438 62129
110 376 24000
71 463 29069
250 396 30480
448 617 25060
81 387 42953
76 92 24698
109 338 14213
83 576 61221
161 322 11180
55 559 107000
59 502 48052
120 469 30232
24 35 55660
354 530 14866
171 345 49193
283 504 37108
169 618 45607
286 475 86006
173 616 19105
393 423 50567
177 341 62801
447 472 42544
288 605 24042
488 629 13038
164 300 49366
204 587 26420
79 138 31765
221 510 37336
282 616 32016
41 175 36497
82 627 37363
143 305 32062
175 197 12806
111 489 31257
158 406 37643
144 538 42000
135 330 26627
173 282 47434
139 329 31000
131 426 42953
6 17 16125
23 59 42802
139 575 32757
201 611 65924
187 248 48549
25 363 17263
351 359 27074
418 622 39319
50 499 20248
32 433 38275
6 402 13153
46 168 24739
135 360 46011
228 535 49041
44 320 57140
29 538 52345
99 464 27514
140 397 70725
114 382 29069
20 459 71021
14 17 53413
253 458 38601
230 340 43909
157 368 61400
80 527 92779
374 545 30887
35 554 38897
143 571 19723
169 602 11000
135 462 64008
80 112 95131
220 595 44822
249 504 44553
559 612 71021
5 268 15297
56 91 46615
32 140 36235
321 458 57219
58 358 78600
121 332 17088
37 548 56080
59 308 16279
452 505 13000
300 323 62394
90 238 22361
255 292 27295
332 516 54424
9 573 33941
417 602 19925
594 621 34205
34 566 23000
25 180 15000
264 604 75584
404 447 21401
181 383 33615
61 390 49497
204 507 11662
70 491 53488
192 412 11662
161 223 25710
79 277 48662
278 578 94048
425 512 60133
89 404 51313
39 237 34132
42 417 75293
151 167 26000
506 594 55073
342 381 37483
79 97 10630
8 12 34828
315 395 29411
275 394 19723
426 494 21000
13 190 23770
294 435 81302
128 473 40311
130 227 36770
382 494 36359
193 542 28018
247 493 22847
187 367 34713
312 554 74632
69 398 120354
98 289 47202
325 329 59211
214 583 34525
97 239 26000
294 583 50000
340 493 47413
391 552 46669
332 347 59540
94 329 31064
223 236 19925
125 616 11180
294 595 32573
125 173 22847
456 459 65734
206 214 19849
244 490 43046
347 409 46271
233 577 99298
27 367 39051
2 53 91269
531 629 64351
28 280 12042
7 349 29530
341 531 33541
39 578 31241
288 399 42048
216 526 21095
148 397 54083
51 459 77279
358 567 63640
12 515 55154
212 629 30232
162 567 14765
52 493 54009
218 270 51624
172 601 40608
466 494 39812
435 587 27074
428 582 35511
103 509 34540
40 267 17029
313 398 143178
94 260 30150
83 202 13342
137 237 51624
324 542 94626
19 102 63198
435 609 57801
383 515 50220
410 469 24597
121 436 31305
8 357 26249
388 457 46141
32 450 10198
205 250 68731
87 455 39661
425 467 60836
303 612 35355
472 546 23022
282 453 31953
5 405 24839
46 115 39051
159 377 21587
215 414 43324
183 484 44283
141 593 25000
56 272 48826
297 432 29411
141 574 41037
141 319 39051
153 209 36249
253 534 52010
115 293 11662
122 514 28231
295 485 10440
538 564 57201
414 508 11402
517 619 66468
133 623 29069
50 401 30806
509 522 61057
486 512 57306
81 142 70937
76 325 61400
256 400 39623
72 337 19416
197 275 34670
467 544 85440
10 221 10817
258 476 26571
71 610 42202
352 473 60926
554 569 43681
390 606 12166
274 316 13454
156 296 50289
205 579 60407
326 445 56080
62 233 69426
15 55 75000
452 569 42048
348 610 25000
202 576 56798
57 364 30265
133 300 64537
551 620 40792
58 165 43186
9 620 54148
360 462 79057
257 563 21190
129 292 17205
230 500 31321
252 267 49041
268 461 48662
257 274 36620
387 558 32311
179 212 28178
77 520 27586
58 368 59841
244 370 17493
418 465 17464
71 348 39699
256 434 16279
398 429 10050
119 481 14765
117 172 16155
473 586 76059
82 453 16125
119 276 25710
205 413 72014
409 516 46840
155 626 54203
58 567 56321
209 344 16971
68 173 27514
235 422 42190
261 563 42012
217 580 41976
230 526 24839
453 627 28284
158 429 41304
431 594 62032
213 397 43932
103 522 39000
150 316 45607
154 463 52924
101 454 20809
28 410 19647
150 290 11180
186 376 10770
164 246 50249
128 221 34000
316 561 34366
96 302 25080
458 547 33541
89 351 68425
127 240 12166
309 536 45177
145 388 26077
147 251 17029
19 189 46487
142 427 19026
342 423 55973
237 354 22472
127 168 13038
374 488 41231
199 554 36139
101 296 28160
212 568 65765
179 400 57697
82 479 14213
198 620 35114
124 358 63953
407 518 17000
303 559 38910
48 138 32650
405 628 29155
4 387 55109
242 356 22091
414 548 57585
383 530 32650
115 200 60836
355 622 34015
61 408 40311
16 479 45607
346 584 42059
265 501 35511
99 484 35511
278 369 85376
27 187 51478
65 602 38833
314 321 37216
226 565 29547
347 436 53075
27 434 29698
190 338 35609
101 456 35511
15 475 26926
7 223 24839
304 448 36069
68 414 59933
10 235 42154
144 579 28460
285 393 64537
112 556 58241
362 392 59439
414 471 62073
156 378 24187
176 611 20125
239 449 44598
195 339 17720
339 474 35440
179 625 18974
210 321 51624
86 135 25632
216 441 66038
573 620 41037
77 255 27203
92 416 28460
76 196 56080
132 212 72615
47 363 51039
133 154 46519
299 506 46325
134 386 13928
124 567 20000
35 64 11402
233 549 22472
14 24 71176
145 430 63008
7 411 16279
27 256 18682
423 481 42107
334 474 51313
11 235 34928
383 446 38949
483 605 26019
372 527 55145
196 347 25495
317 364 18439
278 281 75166
511 601 58215
23 563 34713
126 560 29547
187 259 18439
179 488 33615
232 308 35468
5 419 61098
441 511 39623
191 406 61098
255 520 12530
480 592 30871
232 333 21095
71 430 62362
119 208 10296
383 631 33121
384 528 13416
106 476 35341
6 243 75822
111 377 20881
65 534 33061
93 541 37656
385 466 30017
102 426 37855
106 252 14866
280 336 32016
142 312 55714
426 541 46840
148 213 38275
140 433 44181
290 603 58523
497 548 53935
191 420 42802
146 205 40460
261 571 31016
103 227 46872
200 373 51196
328 599 49031
54 155 52811
429 542 31385
128 510 25495
75 90 54452
548 581 34785
309 570 37336
523 534 37696
123 496 24759
171 372 50695
448 540 41304
229 348 22136
45 189 58189
207 455 12369
295 615 20616
513 601 56143
336 373 13892
248 617 47885
136 293 15033
326 552 30463
264 380 47381
279 564 11662
557 573 33541
108 211 54120
295 310 59034
20 22 14866
252 596 27731
391 445 54083
183 307 36688
168 231 31401
203 241 36620
322 349 36401
403 409 51856
120 336 21932
227 522 41110
42 547 38328
259 304 15133
281 544 60671
205 570 56754
218 557 31385
43 222 26683
254 471 60745
308 333 38328
465 622 41340
83 179 41195
164 498 16031
65 169 38118
112 224 46011
395 512 42154
241 249 40112
1 285 54203
342 509 24083
443 507 50596
176 483 18248
44 219 63198
273 306 36125
14 64 37336
1 137 26683
24 554 67801
51 220 21471
30 297 44407
167 623 20591
529 618 85703
366 569 41183
447 594 14422
154 623 44911
72 475 40804
555 605 14422
74 345 23324
181 403 33541
555 611 47676
25 88 59211
265 353 18439
450 514 25000
98 351 33615
525 607 41049
395 589 14765
104 184 77621
321 576 36359
62 391 38118
354 383 25000
188 456 38588
323 343 38013
251 602 37483
70 400 39051
289 575 63285
394 506 24739
85 549 26926
147 529 145427
347 516 71281
157 376 62682
301 320 31828
78 554 42544
315 589 35228
17 244 45541
226 458 36125
462 541 74847
324 482 66491
282 627 15133
106 178 13416
301 411 13038
122 580 22136
286 326 21633
184 628 23431
4 406 34713
203 472 33136
208 240 16000
28 321 46065
379 422 57009
5 61 19698
136 276 27893
180 610 44045
516 521 58728
37 309 32450
2 318 23324
66 283 68542
160 509 30083
3 218 32650
248 297 69462
49 67 30806
30 432 35903
324 386 24187
486 633 22204
37 536 52802
600 603 31257
262 544 42953
46 524 68250
201 519 20000
31 158 69721
27 501 41183
261 459 65000
352 478 28636
19 319 30083
154 364 41773
249 273 31780
580 609 55082
8 393 33838
417 438 26173
379 483 49649
128 287 14318
375 465 34132
200 565 27893
48 592 29547
145 478 25179
40 184 69029
375 513 55154
37 146 24597
18 239 41593
78 81 18439
113 577 58310
538 581 48104
104 615 16643
66 421 13892
388 496 39560
45 131 39962
180 556 54571
227 246 41000
150 589 38079
180 430 61741
254 619 52240
262 493 53852
174 501 79158
217 587 54000
404 451 64405
583 595 21471
139 470 42755
170 438 26926
210 458 46957
119 136 27659
238 538 37483
84 356 12042
73 74 10440
193 406 25080
12 446 54562
253 321 38210
439 597 16155
266 468 21024
89 585 68659
357 522 58189
63 449 27659
61 495 28844
199 387 59034
434 501 43658
293 373 34438
184 327 57245
113 182 68593
321 599 61620
209 232 18385
123 372 19723
47 554 43267
378 433 35355
480 588 29614
23 274 35735
70 212 52612
192 519 14213
130 539 25495
259 448 46648
118 149 24083
277 588 32985
234 529 13342
158 387 59304
311 511 22825
167 277 21213
43 532 71840
338 609 116000
291 529 29530
375 428 41183
489 630 24759
50 219 24083
265 598 11402
53 386 19799
582 622 41049
83 625 41340
143 261 33838
60 400 25632
26 620 38471
26 613 34015
38 472 34366
98 242 30806
269 329 27659
389 396 76662
487 575 53759
347 632 55758
487 591 44147
6 54 21401
181 247 27857
194 385 19209
495 606 25495
58 284 53151
155 289 13000
20 117 49820
226 336 43186
340 550 45177
299 437 24839
299 626 47508
248 304 40497
9 597 41677
102 189 68593
111 135 45000
561 600 26420
111 543 21095
1 393 82006
201 399 41773
29 90 46957
281 369 39661
11 228 11402
345 586 35014
271 502 51662
92 347 64382
125 254 21954
408 593 74202
287 478 31016
379 510 63198
144 497 15652
85 424 33734
428 500 29069
41 420 42202
110 358 47202
368 535 43324
134 283 39357
394 431 21190
266 460 52345
60 70 21024
138 592 14318
37 205 38079
105 126 35693
36 38 12083
19 593 11180
449 470 17205
29 564 28636
106 565 34785
467 512 22561
460 576 65376
322 401 38588
458 476 43417
96 112 18439
283 442 47011
132 177 79379
121 339 57983
200 362 10630
136 208 25942
545 629 49477
51 507 77006
63 325 41617
408 464 45880
335 544 51478
403 516 29547
477 584 33136
376 413 15000
107 456 14422
126 188 27459
298 526 42154
60 444 12369
165 228 33136
127 285 20616
55 286 177789
114 350 20591
40 628 77253
189 319 30529
62 577 77201
82 540 45100
243 272 27166
307 544 60208
141 572 24698
222 585 17029
72 445 43417
44 223 57723
49 517 22136
276 341 54129
86 159 27857
259 479 57706
311 603 23087
398 542 36770
286 445 71169
257 261 39825
108 524 55444
57 607 26627
148 264 15033
36 420 48765
95 145 52038
30 536 61587
439 633 27586
16 444 25710
390 484 16125
271 562 39812
38 421 44407
124 162 18385
93 426 57271
66 442 42379
42 65 68308
151 588 14765
380 401 37216
459 571 51624
44 301 44204
187 304 29547
621 626 42426
66 546 59093
165 284 26907
186 389 173566
225 349 30414
185 222 22804
30 389 38275
409 416 51420
160 381 38626
311 561 31623
412 519 17029
198 537 44721
218 233 53085
99 572 28443
424 562 34525
375 441 44147
245 318 17029
402 591 14866
104 310 77130
302 366 25000
116 380 47802
111 566 64846
343 480 17117
106 596 20248
345 496 48765
382 466 28160
305 311 40497
418 513 48703
73 533 40050
523 618 29069
173 540 70605
195 334 61392
25 556 50606
190 245 69376
43 351 50695
363 569 39661
353 389 129283
215 590 60440
115 362 64560
22 51 15524
116 401 25020
90 129 58310
77 292 20616
330 462 44944
79 525 34176
567 624 24331
9 557 39459
114 494 42720
56 149 54745
26 537 49041
341 545 56586
7 236 25179
337 574 25000
132 531 18439
599 608 41761
258 630 35341
512 633 53339
250 570 27295
367 598 17205
258 547 43932
298 544 59506
248 432 63246
229 607 26571
446 515 25000
153 232 34409
7 44 47634
291 608 24187
234 468 30232
95 379 57385
270 424 52431
490 614 37202
294 306 76851
195 474 22672
23 308 34132
152 377 15652
252 615 40497
352 586 33601
346 517 37443
67 130 46690
272 275 36878
18 614 30265
78 312 78102
270 271 57983
140 604 24083
242 532 38079
503 524 23087
115 392 85000
307 335 15000
100 251 77801
33 584 45607
440 627 44654
84 98 36715
113 225 51196
34 295 63246
182 225 38053
362 565 25000
313 427 43324
164 518 45222
460 468 40719
215 508 41049
321 328 31064
57 463 27313
153 296 24759
3 439 18385
73 171 39560
591 614 37643
110 413 15000
224 457 14560
486 597 20616
355 418 20616
54 243 74626
407 498 38275
191 482 51478
104 267 15033
117 163 37537
407 581 52811
300 519 41110
230 298 23195
350 612 59942
65 618 40262
88 370 38275
31 81 29069
323 339 62000
361 508 61294
58 157 48052
229 490 32527
341 373 53852
105 296 44822
329 356 35384
91 118 28460
12 521 48754
314 410 21378
176 422 63151
58 331 59908
234 608 12207
4 118 33377
152 159 23601
381 481 30414
54 437 29411
216 500 21378
231 240 33106
186 368 127283
54 402 31953
314 576 17692
21 246 19209
170 377 33956
21 539 27459
107 188 26249
399 555 41976
194 303 35057
46 108 53666
135 152 16000
220 443 27514
225 411 12166
281 461 65000
59 213 62769
10 379 54562
156 560 28018
74 586 31145
177 584 26401
330 566 34132
67 160 33000
291 523 39115
34 462 52498
254 518 70178
75 129 47927
502 562 52038
206 207 28460
8 521 46239
48 632 48703
75 422 60008
89 359 59135
442 482 54489
502 553 10296
13 109 14866
81 313 72367
401 622
950 295
671 793
756 137
481 784
625 272
817 809
419 512
664 810
351 166
280 136
441 539
955 390
584 216
613 972
103 498
617 258
561 325
544 911
821 449
315 411
832 439
794 651
649 187
516 170
604 844
51 534
214 668
274 243
78 353
692 110
956 604
210 496
346 832
596 170
781 282
178 298
786 293
437 646
363 729
760 210
245 781
724 453
780 779
474 974
331 621
584 169
531 383
269 474
867 786
847 443
552 641
901 218
642 285
541 993
681 179
488 253
225 162
820 685
94 535
489 802
693 871
545 389
589 179
180 802
819 245
299 481
214 387
697 48
115 534
465 213
603 916
353 36
356 46
333 246
618 460
286 197
645 112
525 330
586 17
663 108
158 477
114 652
660 393
744 774
289 905
800 433
521 229
766 375
295 285
724 161
609 483
468 846
630 459
409 154
519 84
532 338
692 375
546 852
244 924
829 613
481 906
341 474
345 743
884 570
292 716
860 575
355 669
960 404
150 187
262 854
507 70
805 887
382 910
292 623
867 769
782 480
751 170
305 577
223 626
492 468
989 573
429 26
241 236
232 434
891 535
338 584
373 127
289 227
333 449
453 940
190 558
423 333
900 237
298 881
287 598
427 616
510 358
628 397
928 627
564 901
637 42
772 556
238 295
411 102
200 287
169 866
914 696
735 188
707 642
472 377
282 881
874 622
443 291
659 335
904 590
178 152
761 120
263 895
299 514
861 799
254 223
810 505
332 376
254 130
551 220
462 353
337 597
177 840
235 882
390 22
776 465
223 413
20 593
754 246
346 248
265 532
298 704
110 611
504 179
532 592
854 839
557 773
417 772
736 477
116 183
76 489
868 550
529 955
949 367
768 201
357 334
813 154
434 978
426 432
562 457
746 236
577 818
643 124
266 678
380 327
111 665
817 331
914 480
169 261
863 414
836 423
310 586
859 655
229 672
403 694
123 586
878 709
848 401
119 347
661 597
927 557
686 822
843 784
866 433
357 157
750 459
836 793
461 71
816 837
247 678
367 435
287 127
512 250
631 631
312 616
846 642
739 819
97 745
312 150
842 812
471 643
317 289
542 362
326 586
847 310
674 400
682 222
572 251
931 300
327 426
542 566
50 448
887 313
101 251
182 877
297 730
219 737
243 415
312 189
46 552
781 610
268 773
90 477
633 489
800 575
571 637
256 788
929 697
21 479
59 719
346 728
496 781
649 446
694 771
735 730
709 219
918 306
760 640
717 255
280 571
477 338
479 733
256 243
223 660
520 670
196 452
882 272
236 110
358 589
713 948
387 130
413 257
654 347
697 637
110 762
299 213
286 613
932 395
326 772
856 605
42 379
634 654
682 321
381 382
807 814
521 109
399 976
88 462
770 588
891 330
568 738
823 669
151 280
363 818
736 566
585 62
677 37
174 677
751 683
751 630
472 269
930 283
555 939
784 836
193 709
872 801
443 375
884 208
569 423
701 930
391 823
195 740
628 428
320 866
275 195
486 484
828 631
366 419
559 726
243 635
587 905
971 395
443 437
593 609
227 582
312 524
474 397
847 667
368 66
217 488
545 476
491 243
843 823
392 928
705 406
360 87
9 465
483 624
641 498
652 402
399 529
178 225
707 379
297 927
119 421
274 685
533 167
484 283
424 152
546 109
42 496
215 103
487 648
557 242
438 225
439 9
255 628
173 650
674 552
126 187
268 874
907 614
387 207
896 731
285 550
404 929
503 609
64 544
446 963
887 232
702 126
425 80
42 340
538 809
696 909
332 698
400 540
727 272
723 692
81 274
869 666
803 105
411 299
85 559
892 768
612 274
517 562
794 332
462 768
790 144
297 347
494 842
550 522
195 673
814 825
351 344
138 196
160 361
156 396
600 510
207 846
649 517
424 806
794 235
812 257
334 186
354 561
737 741
688 648
444 898
636 23
638 572
802 115
448 153
747 265
70 388
924 583
30 555
925 476
506 440
666 302
210 872
658 780
169 504
717 562
859 231
892 442
97 523
645 927
477 580
781 315
114 437
572 395
958 614
846 370
568 103
166 463
841 630
833 411
848 583
465 57
250 714
833 519
97 683
504 733
362 882
463 242
537 826
645 534
431 937
662 703
80 720
206 651
586 405
222 358
820 298
336 143
409 447
627 949
277 748
257 475
386 99
147 486
491 399
312 564
819 194
364 251
552 817
316 769
656 758
591 327
141 624
266 823
535 273
165 515
537 418
551 587
423 898
513 786
411 43
224 288
333 360
850 775
640 601
15 514
773 695
421 632
918 281
568 90
721 296
908 490
153 370
328 506
392 144
756 555
684 708
695 501
978 599
492 560
505 535
248 467
289 362
368 343
306 178
462 495
380 474
143 783
398 634
537 298
650 615
494 5
76 538
84 748
488 638
194 576
655 433
313 38
178 769
256 89
130 320
557 858
280 295
310 438
155 432
431 853
829 131
241 852
580 679
188 623
843 299
235 744
214 341
751 800
597 654
618 766
729 942
764 690
608 133
402 258
491 126
670 849
714 156
434 993
903 562
746 596
771 747
801 617
246 249
259 705
323 832
241 216
169 539
566 145
114 275
789 546
551 880
640 834
594 929
600 380
162 690
755 917
413 666
229 268
968 566
247 330
608 553
882 395
254 508
751 442
333 67
927 503
485 370
716 679
81 394
601 284
504 371
539 901
769 323
901 405
309 705
643 774
32 482
147 750
733 619
751 497
188 840
729 588
952 625
390 250
536 797
503 275
107 738
971 511
506 223
355 266
364 981
603 878
565 295
331 752
221 432
92 425
141 812
295 420
610 806
736 332
610 512
452 335
265 220
92 617
706 362
194 467
435 757
140 611
283 805
519 638
515 429
678 761
