579 1422 18 130
316 494 19647
220 425 65000
120 125 34785
422 500 45343
114 131 47074
70 75 80225
45 59 19313
74 471 21932
82 275 57201
116 367 67357
35 94 43081
36 105 21024
104 357 58034
91 433 48332
98 470 23770
128 194 44204
97 444 30529
252 327 46011
484 548 19925
82 219 18028
488 498 71561
321 370 33541
107 541 61098
441 549 46271
87 473 39560
143 466 70000
63 91 38833
201 351 28460
26 552 45793
187 425 101833
256 302 30480
364 468 57454
72 171 49010
268 469 33615
227 574 27731
207 270 23087
364 383 61522
127 557 49254
118 137 37643
81 310 47265
28 311 43174
255 327 66648
254 496 48836
351 507 32573
31 534 82765
170 378 28601
98 355 32016
29 576 24187
107 176 33377
329 337 36235
28 478 40460
65 265 20100
25 494 31780
61 531 27074
33 67 48104
12 355 36674
242 372 40792
73 417 19313
210 362 39560
333 508 47676
143 488 76851
399 492 36674
305 515 36359
114 451 36620
263 376 13454
353 555 77201
283 429 33601
85 436 24000
188 313 49406
270 569 44553
14 236 35171
26 140 46530
63 130 20000
86 373 21095
200 395 45277
416 479 96177
166 536 50249
207 482 30083
173 569 85288
12 133 17464
235 504 23854
129 457 52086
332 458 26249
130 283 67742
123 195 44272
129 462 47927
47 195 63325
124 199 64846
205 412 69971
412 477 47424
444 450 61465
74 291 74431
227 244 54589
39 563 18248
220 314 28284
208 338 29547
111 145 55902
121 274 23087
462 535 52345
381 514 66603
320 385 42942
530 564 32249
218 260 41437
492 538 16125
78 440 47043
172 389 57983
304 309 71512
455 575 46174
132 386 51088
284 354 51264
38 465 28601
311 322 32894
86 404 52010
203 364 56886
108 222 28284
48 193 27659
191 318 32388
130 433 38833
148 447 33541
20 416 89140
336 403 89095
323 369 10630
238 375 19026
433 529 42154
281 408 11045
91 278 43382
42 414 50090
400 533 53235
19 231 42450
92 569 35440
29 336 80604
149 370 33015
136 549 40162
362 573 30364
104 549 16155
204 553 16643
365 545 35355
77 471 16643
273 458 22561
155 439 27514
79 465 54083
67 214 77885
179 268 13153
460 541 68118
141 363 30594
372 578 42426
253 354 47265
160 525 15524
443 571 43139
103 485 51245
461 466 67624
498 564 63781
467 567 50478
57 463 23345
63 283 59908
377 567 33000
158 365 76577
259 273 49739
64 367 29411
163 253 37121
245 247 49659
282 377 38328
145 159 25495
247 384 68797
499 517 39925
52 384 68411
99 173 81786
389 511 33941
42 122 63514
105 308 26926
358 542 80081
350 572 18028
88 443 55218
213 469 51971
5 123 45343
180 381 44553
53 446 43417
29 95 70831
43 106 20100
196 279 40361
1 282 18601
392 555 17088
13 125 17804
269 362 16279
347 484 53263
275 374 33422
89 329 41629
25 579 46872
173 318 20591
216 332 36770
271 545 18439
369 541 68096
325 561 14142
1 345 65734
50 291 40792
87 250 31953
22 362 65115
76 514 37643
325 371 45880
393 572 42059
206 259 36770
180 217 30232
230 258 52240
47 553 23770
194 497 47802
58 444 18682
95 272 13000
131 451 19416
212 312 48508
7 343 69642
32 469 55714
94 518 42720
448 462 26077
234 386 88459
54 295 38897
137 199 25060
8 137 25020
476 502 29547
21 37 76837
29 102 25000
192 522 31385
264 418 48765
208 247 79057
21 416 18682
143 461 17804
397 558 33838
157 165 71449
493 498 47265
13 120 29069
380 427 70036
358 390 165024
116 239 65000
21 93 33615
69 366 47707
202 350 25495
330 343 48374
224 255 56604
95 431 25554
150 570 54918
337 350 71253
135 547 42107
349 491 12000
116 422 56939
4 233 38601
100 552 46957
33 569 38588
245 399 44777
421 506 17464
121 480 62169
142 385 25612
30 360 40608
252 442 33541
176 512 26173
298 497 30806
354 508 43012
82 334 51624
93 416 36346
408 422 33000
98 133 57140
137 229 43186
16 211 38471
81 256 55218
126 434 43105
114 279 43290
277 313 37216
513 528 53759
11 433 42720
111 223 41183
87 422 56648
255 353 43417
245 402 58052
309 340 80006
383 450 33015
367 410 41881
46 221 54406
103 322 35114
117 531 34482
205 386 68964
369 405 34986
171 246 22804
306 463 51478
366 449 24207
61 64 15297
88 159 27166
286 502 47854
240 297 43658
220 482 43278
373 504 79699
32 41 25495
9 315 76551
447 562 51865
4 573 47434
69 432 42190
139 325 32016
93 213 67897
328 349 52154
68 410 44777
49 116 12042
139 371 18439
45 353 57271
244 574 45310
172 342 58822
121 464 52631
96 151 44181
210 322 63348
116 170 57428
79 242 15033
194 278 10198
41 196 61294
55 530 32062
245 312 55973
44 200 10630
324 398 29120
16 185 55444
16 365 40050
211 271 31016
488 539 71568
97 222 45541
59 353 61555
23 281 40522
171 496 16279
197 546 20100
39 194 43012
149 567 49244
261 276 19799
95 336 82329
123 180 42012
58 507 20248
372 465 59506
236 517 49041
387 525 20248
84 465 42579
138 231 24042
231 571 31575
246 496 19723
74 77 29833
364 463 57489
128 570 40311
65 172 34176
84 559 24187
171 234 42190
129 212 63159
274 513 37577
15 75 47508
54 474 53038
188 404 42107
336 565 68447
82 206 16763
30 386 96540
124 490 16125
183 404 61847
533 577 40200
227 312 54708
298 428 36878
24 487 83672
151 230 39357
37 416 85913
205 234 68884
24 121 39962
28 349 28792
312 446 66731
516 556 29069
280 483 46043
326 340 22361
11 497 27893
42 127 55444
86 183 50695
89 337 11662
372 401 31064
351 396 22091
44 261 41110
485 500 31145
318 505 28844
213 396 31257
253 356 59481
142 297 31953
214 498 71449
129 284 31780
150 435 85288
337 413 31145
201 306 45453
52 538 43600
266 511 58138
342 429 68154
161 420 60415
53 357 30083
113 222 26173
268 550 43186
389 429 38013
536 558 23770
56 514 52240
384 538 43463
34 436 23195
229 290 65521
190 382 53852
24 100 96047
24 397 51923
252 255 59908
31 516 27731
361 397 43186
10 152 49010
66 441 16401
156 496 40497
561 563 59034
156 285 49244
46 174 51884
36 347 41677
288 385 72346
283 309 35511
262 577 17692
23 332 40012
19 355 109836
143 530 57628
175 430 26627
43 443 62610
488 530 79555
314 546 13416
472 505 65734
174 257 48270
147 467 101213
103 289 37108
9 27 12083
103 111 53759
218 523 31401
32 343 60141
472 518 26249
115 373 87098
122 426 33242
477 513 10817
168 558 38053
52 550 29530
238 550 48703
334 374 22627
358 559 15133
50 117 46325
224 358 103586
409 473 41231
42 495 53263
163 354 54406
342 435 25962
466 572 41340
217 249 14866
80 411 41183
135 263 11000
114 184 19026
294 340 32757
164 321 51245
71 272 29547
406 425 63891
24 168 53151
346 435 63953
475 490 64203
167 202 48010
115 415 79120
327 432 49244
456 557 49649
19 127 69771
6 431 55973
305 533 27295
325 563 60075
187 240 70029
163 380 45541
148 467 66287
244 535 28071
341 526 47508
76 90 59169
90 504 58694
253 501 56613
294 333 15033
134 536 29275
153 438 30610
121 361 43382
17 45 17205
192 369 12042
187 395 53852
34 374 56462
48 376 55000
139 401 22136
306 490 62000
183 535 35014
6 238 43566
401 570 43566
153 311 50040
268 509 23259
173 390 89051
124 152 49578
311 478 19416
352 453 20248
62 541 45000
271 519 58592
317 568 92445
257 537 18788
312 430 55109
312 402 62586
16 545 17493
81 319 57271
99 146 19723
347 372 23324
168 397 23259
32 565 67676
129 448 39661
278 433 31401
283 304 48260
245 384 37855
36 484 62032
402 574 41677
57 155 19313
317 329 31305
9 326 60531
119 540 29275
115 183 83815
187 297 67424
224 327 33615
86 277 43658
15 436 41110
46 211 49366
132 293 51430
81 131 25239
113 120 46271
167 317 13892
17 47 56223
16 547 79404
49 409 53413
444 507 36401
2 199 14765
361 480 38013
357 418 49366
60 257 21000
370 454 43174
155 444 48765
30 234 38639
407 514 18788
332 352 24083
25 251 40608
226 229 46325
142 280 21932
408 500 34132
277 373 56080
387 430 27857
145 223 47127
9 333 25632
186 549 32249
158 271 80362
419 525 25612
188 244 35440
280 303 61717
359 535 16763
155 463 35440
33 270 35384
499 520 23259
261 395 51196
93 268 36620
210 311 75186
92 207 17720
429 435 59540
11 553 29833
37 222 29206
552 558 40804
270 575 20518
19 138 23409
164 316 24759
239 281 22672
400 577 45541
227 462 14560
44 471 20125
286 476 70576
120 248 26926
14 66 21378
71 391 13928
359 448 33000
334 368 13000
197 220 18111
335 465 53141
74 374 69426
439 450 20616
5 195 17889
22 426 68308
54 527 48703
34 85 31145
211 519 51157
49 87 25807
83 294 40200
441 499 60959
129 163 10296
107 112 23707
202 317 56515
415 560 81988
25 316 28636
111 322 65000
373 412 82347
192 302 17088
154 380 37656
172 429 72450
390 548 86122
180 344 25612
381 526 46861
338 551 33242
25 355 202872
482 575 21000
123 474 43566
428 449 29547
96 393 35777
147 370 42059
205 528 40817
73 262 28018
20 384 51078
251 579 33015
50 519 29155
542 559 66483
339 430 26401
350 434 72125
107 290 59405
24 361 23431
398 510 56613
228 316 32249
329 388 36770
186 380 49739
77 486 36770
205 477 72450
169 440 42638
216 388 24515
66 236 32311
150 347 19313
293 487 24083
48 292 12042
223 233 11180
240 320 16401
26 398 32202
69 327 20025
21 507 53852
308 539 72180
93 300 50040
319 544 25632
164 454 38013
217 474 45177
13 26 21587
192 544 35511
194 449 46228
11 47 35228
67 455 14866
101 187 76968
14 266 60208
270 455 33838
178 302 23022
14 511 28862
336 431 77698
163 186 60729
49 422 55902
380 501 60208
75 434 59464
38 139 26833
403 509 16492
83 333 40522
440 521 12207
258 520 40012
98 577 81099
401 465 50478
85 190 38833
101 506 59135
187 189 34015
359 415 33615
134 551 31257
35 173 63032
443 456 57697
260 523 38013
110 325 31145
37 479 36620
105 342 78102
345 405 63135
122 437 68593
55 516 34059
43 88 29411
225 568 74706
443 515 62394
53 160 34670
28 153 59464
209 459 51313
54 249 13153
235 246 45222
309 427 97417
292 502 33526
5 474 13038
191 518 34015
68 348 29275
117 452 15811
356 508 19235
102 209 45695
108 125 26077
329 423 14560
69 428 43278
179 403 29967
135 411 18248
79 578 19849
336 375 104000
236 441 27803
354 356 32558
83 237 28862
110 432 49769
3 305 35384
7 41 62008
36 342 75060
417 533 31321
251 495 43966
194 346 45222
209 289 48795
176 330 31321
357 457 45695
138 443 69007
287 407 30414
78 102 66370
140 552 18385
121 293 40719
213 330 60166
303 406 23345
414 454 45607
193 292 19235
279 328 19313
330 460 37336
113 181 39051
152 199 63063
174 288 39115
344 381 38897
218 360 63151
6 419 45044
464 477 29155
307 527 39560
199 475 37537
33 214 95079
290 447 64661
20 52 90758
366 561 64288
463 490 30232
40 324 38897
148 345 32016
113 444 70576
238 481 30594
71 160 41110
210 233 27295
99 569 11180
2 226 39051
89 413 22847
63 429 46755
239 408 17088
345 541 35847
58 306 54489
8 199 26420
505 548 76922
113 450 53600
409 410 72201
366 563 28284
118 243 16553
18 498 72801
388 423 32311
285 496 46872
279 424 14560
2 152 56080
49 473 52469
368 374 11705
75 85 28792
197 303 15033
399 430 39205
43 456 53151
48 348 63127
185 489 51088
394 412 33287
220 406 21932
96 517 49659
432 561 53339
345 467 68680
57 468 34713
182 360 20616
415 508 67186
421 498 65765
155 306 36688
195 526 50220
167 337 32311
18 308 16279
180 526 45222
94 318 43463
184 328 35511
67 425 30887
52 416 34132
240 276 54120
306 475 55946
88 165 67956
317 554 42438
230 317 82006
59 204 31623
198 439 19647
109 172 37363
112 176 34059
354 415 43863
9 287 48260
256 544 34205
154 549 34059
37 97 26249
122 414 57974
232 399 31401
220 546 27203
437 557 19723
240 537 35468
320 537 39812
149 414 53009
158 410 18601
50 158 81541
71 525 41146
455 482 52355
88 157 13000
250 267 20224
439 444 52086
1 405 30610
27 90 23770
72 76 67067
23 458 41231
109 389 43012
284 448 15133
323 405 33302
139 465 35693
274 293 30414
548 578 29833
505 518 47265
178 282 54644
70 534 36222
84 542 54562
274 464 35228
300 507 18385
265 466 70093
156 412 74243
179 509 23195
82 368 56143
153 349 55543
73 286 33541
121 487 55009
128 346 13454
48 502 38013
178 405 37855
387 419 27166
149 377 43932
101 395 59464
284 359 38079
347 401 46271
199 379 45122
232 481 24166
297 320 37537
386 487 104695
35 146 24352
230 568 86052
341 514 42154
28 491 34828
212 462 46174
66 136 18682
72 246 47854
29 272 74108
27 415 82134
177 238 31828
122 127 70711
341 381 61000
243 379 29000
383 468 15232
103 161 72201
20 479 50160
35 99 41400
324 558 33541
281 500 37696
175 339 36497
75 486 74733
304 389 16155
144 331 21213
39 449 16763
109 265 34409
93 396 54083
147 228 22204
158 543 15620
172 265 31048
220 455 60729
348 543 45541
328 424 11705
449 563 26420
229 562 10770
12 443 37162
522 541 55326
93 469 59135
228 321 17464
330 512 44204
59 553 39205
169 521 43463
1 377 33601
175 503 20000
494 579 32388
91 130 25060
149 454 59414
22 451 50249
176 379 31575
174 489 40112
236 266 44385
7 544 38484
70 395 36249
135 476 65552
9 90 16279
324 552 55803
299 516 70831
76 287 48384
481 550 42379
4 43 46957
44 60 53151
262 533 29411
6 503 41231
213 351 38949
344 363 16553
173 532 109037
107 460 32696
168 552 45222
216 382 39013
391 525 42297
26 540 47170
262 417 28320
26 119 31016
375 431 86377
281 485 36235
302 544 30676
48 473 75472
237 309 35511
237 356 29017
144 203 61522
337 434 49244
275 382 60407
161 453 20809
237 501 21471
174 221 40447
22 573 74953
305 400 44418
465 542 43012
375 403 40224
102 459 46011
413 434 22023
119 120 56045
30 182 31241
419 431 40792
44 291 87693
360 527 170300
239 458 30594
476 547 106480
180 249 30414
328 438 32802
183 415 53339
285 373 55606
352 554 58052
336 491 63151
282 310 62129
358 432 54818
90 115 33061
146 493 43566
15 34 31048
370 567 42953
186 457 30017
141 523 19647
81 414 52393
390 542 87419
307 392 14866
318 390 77006
96 266 27000
393 466 57009
283 433 76059
134 558 26907
308 488 22000
317 521 75326
222 479 45607
349 438 43863
266 466 64382
104 264 25632
136 441 19698
209 420 46098
340 529 51478
11 529 31016
259 378 26000
342 539 54745
165 422 48918
107 330 42438
290 541 34059
39 128 40447
212 446 48083
177 375 22204
188 402 36359
106 145 41000
83 340 48836
8 379 33615
54 555 25495
445 523 18868
62 290 50010
55 143 36401
41 343 63159
50 531 59237
27 333 19105
246 285 36878
126 556 54129
231 557 37947
85 434 52811
365 543 75604
165 267 42426
23 485 30414
149 282 14866
147 321 14560
125 510 51313
39 566 18358
460 522 50090
18 488 24839
239 273 37537
335 390 68118
100 487 162432
36 150 29155
301 313 60141
212 227 40000
80 547 23324
23 161 37947
315 326 50160
69 442 18028
29 459 63891
122 557 75802
10 364 36346
4 223 38275
235 285 23087
160 446 19105
44 257 68819
68 543 23601
28 209 31575
164 228 45044
466 556 46840
115 504 43932
188 247 47011
149 310 59775
153 451 34886
92 270 19723
196 424 29069
11 194 27586
77 162 25239
180 527 41617
395 486 24597
241 544 14036
58 351 42579
306 351 44045
112 379 16763
72 360 72111
108 510 41049
157 443 53852
33 493 55973
145 500 66851
51 109 20125
348 411 55073
399 538 39051
244 462 54626
27 508 60299
397 536 19235
202 230 42438
76 407 34176
64 219 34670
87 267 28460
367 409 81884
211 545 33015
488 564 81884
447 467 90824
174 537 39459
15 486 55009
14 304 52326
363 445 39319
17 195 22561
108 479 43081
156 373 68593
181 296 18028
60 537 33615
22 153 28320
135 376 10198
410 531 49820
201 213 35057
295 307 10198
394 480 58310
207 314 66483
292 476 22561
114 328 38275
304 511 31321
19 251 55785
182 234 35847
205 254 20616
313 394 76322
339 419 42154
119 331 86839
276 395 43829
277 394 79398
35 318 61847
213 512 48765
520 524 30887
517 520 47381
138 571 47802
135 193 40522
238 503 41110
566 570 48332
64 378 30000
295 555 18682
204 497 11000
170 367 20809
188 574 54708
90 560 15652
38 325 15264
32 330 47170
329 382 49649
104 499 30594
147 567 50990
160 357 38328
477 528 56613
4 106 40012
233 269 30017
119 181 75664
124 475 59816
374 452 38210
391 431 35847
459 491 40361
141 344 24698
536 551 36797
133 515 64195
178 256 19000
350 393 43105
301 480 38833
128 566 28302
296 383 57697
175 232 27166
282 405 39812
469 509 28160
4 456 27313
304 429 42521
60 261 32016
322 478 26627
117 291 17029
153 184 36249
469 565 53254
51 389 32388
288 537 32450
42 579 53852
102 576 45277
21 300 49578
215 394 28071
327 442 21260
435 570 76381
162 395 27019
299 421 10770
18 105 26077
206 219 28601
170 259 24698
353 474 65765
183 359 42720
440 453 50160
106 159 27803
169 568 30017
144 181 27313
218 445 35128
371 563 66468
449 497 51865
244 404 60539
225 272 54083
312 387 65734
76 246 65054
133 470 68411
115 560 19647
219 259 32894
116 409 56798
142 288 97622
3 165 70612
80 365 27731
126 466 36222
241 319 14142
461 539 39812
10 490 44045
352 388 58523
42 164 34928
47 326 49366
226 562 55444
516 530 43863
297 385 11180
52 481 28636
42 454 16155
260 381 45891
288 320 36139
498 518 97046
51 511 20616
417 502 44204
312 399 41881
91 435 59304
388 554 22472
44 74 25179
452 531 36620
193 263 30083
34 190 53009
9 294 33242
281 458 24698
3 157 69921
154 186 18974
343 460 15556
300 396 16031
116 259 67676
164 494 13153
254 412 70093
386 528 39013
142 483 54378
23 453 24515
34 275 50249
441 517 55731
140 540 32558
86 115 87023
280 297 37443
161 485 58694
161 440 43417
207 532 28862
497 553 14142
6 375 45607
225 520 54129
32 213 69318
82 382 43324
78 576 59775
65 539 29069
379 512 46690
28 459 49092
161 289 67365
118 290 26476
301 394 34000
252 353 26833
423 554 26401
79 390 68710
94 191 23409
151 350 38601
100 168 60166
46 185 35114
219 378 12083
190 413 55009
250 422 43174
272 576 76322
245 538 37736
65 461 13928
151 517 47011
143 539 50359
470 577 58856
165 500 62073
3 417 56604
164 579 38471
104 441 52953
91 194 41976
303 483 30676
304 427 59933
92 532 16279
296 450 53600
230 524 38833
310 414 17464
190 329 64846
239 259 71000
371 566 62610
61 367 27074
190 275 28792
287 315 59304
343 522 39812
71 418 43863
302 323 13038
94 493 59135
417 473 64475
516 534 70036
13 248 12649
234 496 49244
52 492 38328
348 365 75060
20 510 50010
8 118 23345
63 435 38897
145 165 35693
69 561 67417
252 428 50961
509 565 41629
400 470 15811
419 430 43566
300 351 29206
189 303 62769
197 406 17117
144 296 15524
260 514 53235
299 530 42154
212 457 61270
48 263 47074
366 428 13892
142 489 167431
73 502 29411
340 433 74250
214 425 60000
103 500 65054
309 501 40000
15 74 34000
369 522 28284
221 291 82292
178 310 31906
70 101 41881
348 376 41593
215 477 25710
58 155 48260
131 426 10770
166 397 42720
198 450 20518
5 17 14318
31 434 62370
17 59 22472
267 473 49649
171 182 54745
363 527 33015
356 501 27586
25 147 79931
382 388 41049
157 515 29547
345 369 73007
166 361 20248
38 110 30676
78 420 31016
48 409 74000
106 223 14560
12 19 80654
18 518 91706
111 210 29017
264 520 27459
353 392 74324
132 528 32000
189 406 62008
72 514 46615
97 113 57280
208 313 76844
390 578 77647
360 445 98153
17 553 49980
141 445 14213
131 319 53413
387 446 18974
54 217 26420
437 573 29155
20 338 51662
12 138 64351
134 338 50774
56 360 70937
123 217 23345
72 182 68007
175 399 16125
335 542 20248
314 482 37000
196 328 38079
90 287 39395
48 417 66189
339 503 32558
472 548 19647
258 524 19105
78 161 44407
166 480 20616
143 556 56089
416 550 30480
288 489 70831
252 298 46530
67 220 56080
506 534 57801
163 284 30529
104 457 59464
98 286 109041
44 221 97622
247 313 69462
71 357 46011
225 258 52811
70 486 23087
127 495 10817
112 243 25495
180 363 36139
291 519 56727
206 216 50931
274 477 40608
185 547 130679
56 218 44944
314 483 60440
289 322 33941
242 465 48384
126 572 34015
57 198 26000
235 373 67119
62 447 40792
110 358 46690
198 468 13153
40 134 41110
177 403 30017
3 473 57070
120 181 32650
60 240 40050
45 474 19105
119 248 35609
1 467 56089
371 401 11402
341 407 31016
216 273 48332
209 478 37336
187 276 34828
4 269 24021
59 252 59775
272 418 52773
208 384 82298
521 554 58181
334 452 29732
3 515 55444
448 535 41231
446 525 17029
239 422 31385
75 534 86833
215 464 17117
189 297 54231
20 40 45000
203 331 65307
132 513 37656
269 573 40112
517 524 45967
132 487 62201
126 350 48662
198 383 24839
242 578 14142
162 200 38210
105 484 65192
101 534 41110
241 279 46400
108 120 38079
275 873
450 956
107 518
184 649
855 340
541 661
359 773
434 930
788 448
535 998
766 310
73 650
725 871
574 403
316 260
94 259
842 334
578 190
100 726
676 765
582 788
284 671
291 506
851 780
121 820
746 876
777 453
349 650
417 586
993 556
438 281
440 791
473 62
324 290
531 64
625 193
642 836
752 158
760 249
712 792
421 774
197 801
163 607
283 219
852 320
134 192
786 339
54 422
170 455
182 274
573 356
590 736
578 552
919 331
484 258
932 470
575 921
573 855
834 313
248 179
202 356
336 931
674 303
217 359
542 290
570 424
428 79
124 378
831 209
363 204
518 578
918 492
41 481
286 244
357 284
851 489
315 237
363 544
690 105
67 311
259 753
264 379
725 428
777 128
347 311
796 579
155 476
139 590
371 363
800 459
706 281
459 19
551 775
571 80
486 602
523 398
617 844
32 603
498 39
827 873
386 169
397 601
284 576
547 486
604 192
183 609
420 873
688 855
564 338
781 148
233 593
431 894
657 885
319 742
798 492
179 447
221 299
411 926
757 905
703 890
872 746
232 748
889 370
519 962
714 857
440 331
162 758
720 255
643 523
694 303
273 732
932 683
80 634
753 795
44 365
575 442
435 955
108 704
728 170
792 869
960 410
272 68
518 271
671 940
183 568
508 56
176 878
329 941
246 857
654 190
479 402
486 999
305 690
596 478
568 903
885 586
127 585
150 349
166 587
559 581
327 518
329 216
648 514
165 815
176 533
816 754
389 403
811 815
392 530
212 400
919 541
574 302
578 22
180 168
591 661
453 868
526 727
291 817
523 741
931 371
682 915
973 532
749 560
320 723
101 204
590 496
316 137
722 623
315 103
325 343
593 72
330 824
33 404
747 290
847 356
392 720
362 48
599 931
457 943
291 212
504 857
437 402
627 983
804 303
911 616
269 395
442 14
738 725
355 619
234 622
128 241
618 581
502 822
449 154
861 678
304 432
906 354
974 454
246 378
380 50
186 208
660 859
197 613
880 193
473 539
448 995
658 581
163 860
403 984
461 437
131 697
588 688
207 618
955 563
854 521
540 412
697 421
548 704
235 480
246 139
325 775
689 120
426 919
712 589
648 681
897 535
693 660
729 883
917 344
166 506
114 780
852 256
645 477
898 600
910 241
291 798
227 179
456 489
235 409
933 460
280 178
40 509
44 376
523 495
544 310
523 371
146 503
521 754
208 648
449 36
127 272
491 590
260 452
879 724
298 333
294 164
781 620
745 300
362 747
292 77
252 495
260 862
659 361
674 530
861 543
11 496
836 443
201 135
320 585
385 921
222 282
42 421
909 729
765 424
956 319
667 925
261 98
811 278
466 187
549 825
803 696
314 818
347 49
611 366
81 542
533 892
954 309
581 206
678 391
264 800
307 640
630 628
762 652
376 22
830 384
147 832
382 415
588 40
315 765
236 126
180 864
296 609
321 829
740 819
760 171
780 388
851 210
355 729
354 401
444 838
686 955
290 466
764 439
256 328
717 85
433 665
377 373
726 752
555 655
758 392
864 426
622 268
396 832
951 387
330 909
710 264
661 172
95 374
359 677
448 379
531 848
308 482
876 268
692 482
40 634
698 450
549 544
813 114
709 545
986 516
833 765
220 659
966 380
571 993
92 299
791 235
200 383
268 323
329 836
213 858
716 184
681 160
817 577
272 312
529 705
54 367
255 900
235 383
447 899
633 471
924 415
305 393
615 950
656 718
256 88
971 650
566 613
328 427
605 351
665 41
513 591
944 298
491 382
833 680
330 189
533 826
801 794
732 847
607 663
43 565
707 177
691 642
496 728
764 620
299 854
364 65
863 457
241 496
128 422
165 360
47 347
851 652
380 342
247 804
722 514
587 770
59 488
500 538
539 616
352 573
462 177
208 496
358 415
366 733
413 106
263 736
585 420
803 242
639 334
576 639
499 624
827 167
726 325
397 328
647 275
347 287
184 699
329 709
594 912
365 497
557 434
837 226
107 635
591 860
971 419
572 595
344 971
676 545
776 254
614 917
289 721
234 308
315 501
203 816
438 68
159 660
591 526
265 474
398 647
407 843
529 285
662 567
558 937
859 695
735 135
476 327
264 928
601 944
492 771
38 580
301 228
627 120
118 462
866 333
482 915
20 426
886 684
318 624
672 815
811 734
578 710
413 22
318 39
627 131
269 527
341 211
927 745
559 206
140 171
533 954
371 677
600 699
515 99
152 813
156 767
907 552
793 303
520 146
517 480
238 530
678 431
32 453
579 677
841 501
612 56
445 173
562 838
717 447
500 744
686 814
581 375
479 865
895 690
880 465
100 573
450 256
502 443
607 103
179 245
496 490
375 490
357 840
955 429
469 475
555 596
888 385
965 347
932 651
765 341
482 226
204 329
470 7
68 518
399 208
714 561
782 791
219 162
616 701
568 277
786 901
363 895
736 92
138 359
324 789
109 268
364 28
47 323
646 125
562 480
564 750
757 764
785 852
795 317
347 439
938 314
463 282
167 709
773 813
798 116
793 473
774 173
393 988
763 231
478 194
462 727
744 240
222 900
407 504
493 29
700 220
137 666
454 362
211 688
670 606
434 22
420 562
28 522
675 118
147 781
