688 1717 28 108
221 376 44643
94 232 69584
469 491 65192
43 232 34886
62 237 67476
187 243 23087
20 101 54120
619 635 32249
271 497 35228
114 626 18974
99 334 39115
27 94 56080
320 684 40447
197 435 32202
396 602 33526
56 525 37000
269 639 44553
518 547 31064
173 306 20616
547 681 18439
28 151 38210
1 596 25060
292 662 62008
37 647 22847
108 431 15524
622 649 40804
88 146 21471
131 305 58181
118 503 52402
616 625 62225
262 496 17088
539 590 46861
109 566 32985
189 273 32140
490 561 44045
133 402 26019
427 552 31064
261 373 50010
573 630 36000
364 540 30265
154 548 65947
397 553 33541
350 458 37336
17 680 73553
369 570 27166
314 534 29069
269 465 58592
318 526 19925
53 122 42202
63 276 42012
121 651 55145
2 586 69181
258 323 18028
531 661 30414
225 262 16492
59 568 13416
21 444 45607
51 119 41231
201 456 40249
107 632 62769
63 178 16763
442 530 49396
270 502 25495
153 680 50448
445 535 66573
479 591 45177
224 426 43267
367 647 28071
26 245 37443
229 327 28018
336 590 44721
252 389 29275
216 658 38833
17 53 23770
432 575 83678
133 276 38079
74 181 42720
440 671 63008
122 542 34000
29 664 36497
76 482 94641
56 608 50010
317 623 39205
517 661 47011
468 568 53600
171 205 16125
297 418 57201
239 303 15033
86 298 63198
14 611 35057
54 166 35777
354 622 11402
409 637 47011
146 186 43105
16 634 34015
220 314 58421
370 384 38210
83 156 39395
477 515 64900
204 516 32062
38 300 35355
345 454 53151
304 624 12530
177 584 43417
89 665 42012
4 304 47885
416 562 26683
76 585 22204
128 484 39115
133 396 49041
201 294 30017
141 556 44045
457 654 24083
424 438 26306
28 309 104235
18 110 12728
314 524 67186
117 431 59135
470 555 44011
340 673 47297
410 625 26077
355 503 77833
30 599 19235
195 512 58941
516 525 29967
408 448 12530
119 444 58728
261 299 68542
580 666 39395
125 317 27019
473 557 29275
92 606 55326
307 498 38275
553 554 25612
17 246 23259
150 616 32249
165 498 24759
490 613 62097
321 516 29120
333 443 12806
199 526 54378
77 593 43278
594 661 21932
148 461 29732
512 657 61000
89 528 76400
79 335 46819
72 488 71169
361 578 35693
319 337 36401
151 238 38079
618 620 15232
274 548 68425
68 551 76844
454 581 28302
473 489 14142
460 472 78645
307 681 45011
259 498 24000
8 403 18028
41 492 24739
158 332 19416
26 57 43600
161 233 21260
5 176 43267
189 399 66068
142 413 20616
31 138 80808
267 299 16553
317 575 37000
263 513 59841
345 598 59034
246 507 10770
612 641 19235
328 552 28443
179 244 56400
366 578 14000
378 452 22361
56 600 41110
34 244 34928
247 592 25554
38 590 27459
224 305 36235
409 646 51264
592 665 56080
638 664 38288
263 307 29833
338 408 54129
222 545 31145
104 388 49031
158 531 36401
407 636 13342
253 669 32757
392 470 21095
274 396 17263
313 399 40817
382 639 37656
90 556 32062
118 149 30594
54 269 49163
231 536 13000
78 128 66310
7 189 53254
285 438 38601
468 678 27019
570 576 38471
268 349 64846
361 366 35693
307 547 45188
248 605 39699
312 535 50090
171 486 44944
299 475 36401
252 447 27659
194 513 43600
453 547 35440
63 477 80212
423 456 40719
513 558 55073
93 255 71344
302 547 30265
12 119 45222
208 248 17263
76 518 52173
100 142 25020
49 65 48374
392 669 18028
17 255 45607
47 256 10630
15 444 27074
68 569 46098
172 209 10050
490 510 40522
478 595 113358
138 142 71701
531 650 24597
492 653 22361
317 483 40262
73 335 80430
94 406 36892
12 538 38118
311 488 22804
85 614 34438
83 364 37643
58 615 48332
12 444 57079
191 370 35735
645 663 56321
159 571 39051
292 660 40497
125 394 52431
110 619 21541
414 616 39825
413 458 20881
212 532 16125
8 139 25632
170 499 39812
237 596 22204
282 511 27203
12 532 30610
266 449 26401
327 400 31780
570 580 31765
87 619 50040
168 430 29833
230 357 34713
236 632 44147
378 470 63008
11 491 45177
24 345 30414
145 347 67956
253 505 16401
392 397 37643
186 263 38833
152 665 53254
289 474 90609
29 638 36688
2 465 123033
391 479 29833
99 179 49649
400 519 43566
297 615 23324
458 496 26683
279 511 17889
604 614 64444
185 544 69857
467 477 62370
239 360 37855
3 310 54037
346 422 38079
156 424 47202
372 533 43909
411 612 33941
63 361 16031
227 339 36797
38 336 25179
362 376 15811
417 472 81271
103 200 53254
327 378 42953
137 424 51894
194 259 35228
115 283 46141
319 573 38013
171 443 19105
255 667 51884
163 566 14765
324 448 38601
61 388 38013
126 301 37121
464 480 15133
138 233 50000
385 622 17263
363 481 36014
9 530 14560
132 658 33541
376 606 48847
403 563 42202
289 411 29732
295 385 18682
654 686 34059
404 492 34655
280 317 18028
101 173 34234
141 341 52086
574 577 53535
41 653 34409
401 451 23707
192 628 10817
136 625 46043
255 260 66761
474 568 79699
344 622 43932
220 485 52326
81 287 28460
551 559 71589
123 520 23345
23 352 65192
167 504 55866
208 621 36674
383 469 19235
407 652 29682
31 163 70711
76 302 39560
240 563 67030
93 145 68797
64 389 54489
195 617 55145
218 495 27203
436 496 27295
394 662 54083
339 397 52345
314 627 32202
398 535 56921
33 151 27659
112 535 73164
88 353 34482
41 73 62650
476 575 37363
6 40 26249
569 571 36674
186 679 33838
515 651 41773
381 558 42048
34 373 43417
224 511 31048
39 317 49204
220 353 12530
576 676 37947
260 411 62073
228 535 53852
26 292 34205
87 247 55227
130 640 32016
105 217 40200
466 472 71470
17 448 31016
235 386 38275
52 489 15811
449 585 34828
106 584 42190
278 355 61327
592 615 17720
114 285 51546
239 409 35777
99 244 62370
171 617 30887
101 685 13038
44 272 33061
117 456 29428
44 417 40497
386 630 56436
472 503 51157
249 529 16279
245 286 43417
127 572 42059
550 604 51865
82 296 27074
265 524 73682
335 560 98234
137 375 47381
33 187 13416
442 590 66483
415 583 39395
582 595 78549
327 638 37363
641 680 79812
483 623 14000
206 618 46861
90 601 71847
330 356 32573
230 676 50961
127 390 29000
115 686 29833
221 461 37577
150 351 15524
300 364 51078
211 249 26401
468 687 47424
112 445 28018
23 49 51039
45 291 54918
75 478 51894
65 137 24352
552 629 30871
295 622 24187
296 403 61555
28 517 64537
224 536 21840
323 550 14866
74 395 39357
185 202 23537
400 470 26019
288 347 61685
25 628 56303
325 632 62008
417 466 50090
572 625 52953
28 332 33015
52 473 15811
269 586 25612
116 185 27803
350 380 18868
446 486 32016
367 410 51662
45 77 18358
64 447 49649
181 189 25456
324 598 40112
289 479 34670
422 550 21541
63 651 78262
12 374 60308
400 555 41231
1 84 73498
377 677 44553
115 457 34205
169 216 35735
108 317 51478
533 663 32388
414 625 63640
90 251 44721
255 507 27295
107 325 23345
163 368 19235
42 292 17000
108 575 35114
25 351 51196
271 290 54818
60 134 29069
148 535 26833
58 428 57219
574 684 49396
170 337 35128
181 487 25060
580 676 11180
367 672 15811
277 546 127769
408 598 69065
83 336 24083
487 511 14422
119 238 75961
200 205 57070
599 618 11045
425 641 25942
177 640 24352
366 643 18601
100 458 14318
369 412 16031
273 487 28160
436 515 18682
650 678 50220
17 667 76026
217 573 46957
589 601 46390
25 132 15033
265 480 31048
198 298 26926
8 480 41110
284 597 61660
258 614 14866
476 520 21954
116 202 18028
35 625 34059
348 481 50931
11 666 22361
2 569 40853
96 555 39962
397 605 49649
155 374 54231
203 259 23000
259 266 16031
555 649 20025
271 413 45804
96 392 18248
210 544 37014
683 688 37014
125 242 46615
101 270 30414
49 330 53000
523 686 41761
277 595 82638
346 481 22204
98 216 23854
170 193 20591
166 269 20809
173 528 11180
188 249 75007
16 488 11180
299 373 57385
419 501 17720
69 653 58034
599 621 27659
79 135 24759
430 660 33121
132 216 31828
3 632 55073
112 298 66603
517 594 50090
504 508 34886
178 467 20125
142 390 34928
7 329 58052
38 83 43658
298 342 37855
290 413 44011
92 221 49578
446 657 39560
380 506 21024
20 428 56365
571 639 28160
129 363 23087
174 670 29833
190 261 47381
139 504 35847
328 427 23707
32 129 34132
61 331 72498
308 330 32527
149 466 74277
218 575 71554
209 276 33000
109 226 37336
234 278 60407
47 179 36674
83 197 50249
175 638 47170
122 288 41400
156 356 24739
226 485 34000
505 554 25318
31 142 37643
30 237 74007
139 463 12530
23 589 45277
154 206 53151
47 267 35468
125 298 61612
363 633 16763
71 462 24698
333 406 14866
451 567 33377
74 279 34713
232 301 27586
471 495 34015
383 491 54406
187 587 38013
59 641 12806
249 365 92130
329 428 57723
89 162 108245
107 240 36069
36 503 66068
207 427 66121
391 471 18868
214 235 49679
213 329 36401
574 584 25020
150 290 29428
237 583 44944
168 660 61847
320 602 42953
210 251 42190
541 625 58694
185 211 85381
363 600 29000
62 415 15000
364 370 77078
87 252 37202
382 409 10817
344 442 29000
442 646 20518
92 591 59059
425 667 13000
126 232 38275
86 317 30000
266 389 22204
59 612 10296
170 416 33526
84 671 17692
264 642 51088
378 624 64938
294 423 32016
70 461 43417
360 382 15033
86 125 19235
104 671 76844
61 475 32894
207 559 37643
190 230 61587
20 685 48918
1 489 46011
57 117 50990
93 423 31305
300 590 54037
365 645 73736
378 400 53151
105 176 30364
389 585 51546
484 674 28071
214 513 40608
385 555 16553
131 213 64661
138 603 36674
247 615 39812
143 320 55902
137 556 18439
198 335 167048
231 401 18385
377 402 20000
258 550 20396
160 343 52697
641 678 45706
94 563 80449
331 388 75213
22 87 87132
61 256 10296
17 153 63127
218 260 54589
1 227 12042
65 352 14318
179 334 39560
223 384 39446
64 418 12042
279 282 24739
204 427 26907
27 333 22204
420 562 29732
449 610 17464
46 237 48795
82 439 16643
234 243 30806
41 634 23770
55 544 15652
34 316 19723
226 293 24187
274 602 29833
39 108 24759
462 661 29017
250 444 49366
497 671 95425
35 224 34482
136 414 43012
14 399 26420
182 513 63702
124 429 28302
151 332 27459
91 190 35805
321 363 17205
31 127 12806
198 445 50931
223 370 46390
323 527 25080
399 494 88549
293 419 47011
548 620 34205
99 340 87207
344 519 26683
278 587 45541
421 588 14213
339 450 41231
55 210 43046
453 518 28160
4 510 51313
364 384 70605
172 345 31016
57 371 43463
497 506 21932
563 564 60083
130 543 36359
5 655 22472
461 535 45122
438 626 12042
109 493 39217
42 623 63569
89 631 24698
287 643 16971
503 523 51420
486 593 36688
100 413 10817
244 340 32202
146 681 45453
310 674 18111
412 570 11705
37 257 32280
465 544 156003
145 507 11402
373 673 23854
305 511 25080
144 642 76851
3 652 39115
321 525 24207
88 679 36056
515 683 39812
7 502 46872
290 616 26420
419 485 38328
55 202 34015
51 538 32311
76 131 55227
354 530 30676
210 601 80957
47 527 61911
235 263 70838
281 682 31016
217 595 43105
26 509 23537
36 533 36770
462 650 14765
371 509 30364
125 623 44418
323 346 21932
32 642 132424
214 558 54406
84 489 76896
195 347 16492
9 622 25000
95 598 56436
539 646 54818
188 579 13000
339 553 30414
276 675 45177
440 583 46755
226 482 23601
9 370 49518
437 527 29069
159 664 39000
158 468 27459
45 232 37108
260 656 55154
494 576 75664
157 373 49679
371 483 22804
319 439 44045
314 405 41012
409 539 28653
314 353 55027
19 341 39115
94 236 37483
96 295 41976
60 81 92358
543 640 18028
462 641 77104
165 585 36222
13 664 40804
493 566 21587
465 601 56223
109 534 29120
242 394 17889
175 400 43463
379 653 114285
533 645 66310
651 683 25495
334 642 40804
35 113 35777
245 430 23345
276 361 46239
218 656 54203
486 657 11662
217 386 65513
341 438 45804
250 355 25632
468 474 44102
209 377 25962
184 261 12369
185 249 68505
182 549 19105
586 639 49244
422 600 49163
202 579 27893
451 572 31064
382 637 42202
152 241 15524
641 667 18000
98 184 39319
364 543 44045
116 579 16401
328 629 18000
429 534 39357
21 250 25554
44 634 43932
83 285 67956
207 318 32985
435 640 25456
95 102 42720
135 545 27731
521 686 11402
29 281 35777
218 591 28071
164 482 18248
347 423 35903
206 683 55471
495 591 18974
184 388 50488
3 201 43290
295 555 32016
241 665 50289
4 56 27857
432 606 18788
224 487 29732
288 512 19105
23 601 11045
53 542 32016
194 307 31780
226 493 32558
69 379 111324
223 548 32202
9 588 25942
396 577 28792
261 475 53600
206 675 25495
84 440 52887
229 452 16971
80 390 21095
29 682 49659
103 617 41725
10 549 42190
456 520 16155
115 521 20000
470 624 48260
168 343 24207
294 644 11662
526 559 22804
554 669 24187
477 500 22204
387 604 56356
337 562 35014
176 573 13454
514 632 31828
108 117 56089
310 636 30806
111 280 38419
78 170 64630
257 672 19647
178 361 18601
48 98 26401
471 591 32757
50 517 28018
70 221 25554
152 381 186124
69 474 27459
52 557 30610
115 180 68476
234 322 48703
339 621 64078
82 630 33615
22 389 59405
206 688 47381
145 255 31890
393 562 31401
202 275 15133
101 306 34713
151 243 25495
141 375 10050
99 642 54745
113 625 14142
244 673 30887
197 540 18974
222 461 42297
87 635 63812
358 632 46228
275 579 30083
16 311 20616
1 450 42012
600 608 54489
107 193 40311
263 508 62514
311 653 45177
224 567 36878
32 633 39000
36 355 61392
5 319 51420
350 415 32450
191 588 26833
388 475 11000
35 426 34132
147 337 56515
313 412 29682
240 564 19723
8 679 34785
236 563 83241
33 332 39661
81 467 11180
512 617 11180
51 309 31890
78 546 29017
349 437 43863
285 626 38013
177 320 30414
187 687 38328
79 222 28636
135 335 26019
10 609 36797
75 582 20125
225 500 13454
370 588 47802
457 686 28071
144 349 41146
654 663 48083
24 377 23707
488 587 38013
296 504 57306
565 640 32016
393 416 31780
301 480 12042
67 349 33971
32 629 23324
392 624 42426
262 500 25710
373 383 54918
153 581 33061
192 497 29614
29 229 23770
324 454 22825
175 327 31953
356 424 44181
319 564 75166
443 486 53151
284 581 67357
7 74 28231
93 347 29000
2 68 14422
91 367 50010
450 553 18028
491 666 28653
115 466 186132
278 322 26926
62 683 26476
37 576 47170
506 583 38949
43 291 66483
301 464 17205
22 266 52631
117 652 11402
92 376 26926
130 435 22023
53 246 34176
293 485 28160
368 572 64537
230 580 56798
2 559 160910
102 366 26926
523 670 11662
56 490 26627
208 339 53151
51 106 12166
441 662 20025
133 675 36346
297 329 11402
123 656 13153
171 657 44407
48 190 26173
2 551 90427
175 344 47297
345 581 56089
134 405 22023
159 175 58310
308 356 15264
149 472 32202
319 562 42202
3 407 49163
505 669 29732
42 371 47297
78 499 63530
272 560 77421
190 216 38013
97 416 21541
5 277 25554
295 588 25632
3 644 60539
233 603 33541
284 677 32757
385 649 31385
154 396 29411
112 432 62426
11 162 147177
46 596 34176
159 638 26926
41 272 54424
191 421 24698
434 549 28792
32 552 51856
238 444 67978
175 637 58830
124 233 38419
175 519 26249
376 522 37014
134 524 19105
60 446 37483
28 531 42755
140 545 28425
412 576 34366
268 642 52498
197 538 30414
199 559 61000
157 383 35609
478 582 55172
634 653 26476
462 678 56036
222 359 16279
225 515 41304
523 654 22804
76 315 89006
145 648 27857
40 386 44011
405 524 37947
375 556 44643
154 620 59841
103 644 29833
427 561 39925
251 556 43681
37 459 33526
31 368 67602
297 447 43909
86 280 30017
285 424 27166
387 557 28160
426 672 51010
192 271 36139
313 369 26000
433 490 43046
118 180 21932
91 410 53814
403 504 18788
50 284 50329
27 232 43417
22 182 47297
195 294 18439
260 391 62394
143 543 21401
11 340 164222
217 630 44598
477 651 82152
39 371 14142
318 613 48104
10 87 71694
114 196 31305
199 551 19647
72 460 59237
187 234 39925
80 290 22204
193 325 31145
204 490 45011
128 358 15811
189 502 38484
67 642 64070
102 287 37216
24 209 19799
312 335 83487
329 395 47096
381 609 59464
80 541 22000
440 497 74108
285 532 76420
143 602 50160
357 459 33121
194 203 20881
351 414 28302
157 340 46065
271 458 37121
344 649 30610
337 420 23022
436 458 32696
83 540 44283
85 331 20224
114 341 52010
178 287 29833
250 372 53759
43 524 69642
14 313 49193
315 401 60828
101 611 45607
62 688 40608
72 278 51245
284 517 60166
131 418 66030
66 421 17088
231 305 26401
78 343 58181
71 597 33106
230 666 70328
139 508 48104
79 545 29833
8 504 24698
166 239 33601
6 508 13892
434 558 35228
115 149 112161
209 402 21024
103 514 70859
517 597 31401
28 119 101607
57 674 38471
126 403 43841
235 513 57315
350 436 19313
300 530 45122
84 387 84149
75 386 30610
115 607 51478
34 267 21401
306 611 25239
49 352 51624
73 359 52631
21 355 39217
450 489 36688
577 684 11045
78 215 67357
207 561 60745
51 584 43081
223 248 26401
15 372 11662
300 370 55462
20 631 31385
244 316 17117
419 518 53263
35 572 34000
192 290 48754
57 431 42202
199 664 33541
191 223 44822
60 429 50596
165 610 25962
474 687 25495
522 606 21541
544 601 100080
247 297 52393
183 446 27731
393 655 21541
36 663 31575
450 554 26019
71 581 33242
88 220 36878
288 648 29275
49 54 36359
6 630 57280
301 403 48042
134 537 23087
327 452 35228
59 678 41146
328 633 27074
548 621 29000
406 443 21095
269 589 55227
432 522 16279
457 607 45343
503 670 49193
599 620 22672
228 335 57140
69 587 41593
7 270 37696
160 484 29069
293 482 24166
63 121 41785
338 446 59464
65 556 13000
7 395 46690
249 341 75286
368 493 25495
419 453 33734
346 349 34132
440 596 39661
46 621 55109
136 169 27459
111 112 21471
411 455 44272
426 668 48374
194 263 43267
265 464 18028
618 688 34482
40 508 37014
482 518 83815
289 568 43012
234 238 41437
68 664 61221
531 594 32650
85 604 64133
304 510 24413
432 535 52345
571 637 24698
399 576 49396
551 664 25318
271 350 34409
289 612 44045
54 589 38897
60 95 55009
42 509 26249
289 391 26000
35 567 14866
271 380 32311
25 219 29833
502 611 28862
304 557 25318
422 608 37947
195 644 18439
353 524 83487
55 275 20000
175 571 59540
291 593 11402
466 659 48826
142 500 48765
37 676 30083
165 449 20125
422 481 36401
152 635 26077
87 447 24515
442 539 55570
320 584 39115
138 566 30529
249 645 62169
43 45 29732
578 598 39661
77 333 39013
286 343 16000
597 661 36878
146 501 35355
257 647 25060
32 348 32140
315 368 43105
637 639 17464
169 410 52479
359 404 19647
73 404 43909
221 379 69642
303 326 12728
414 658 35511
73 560 40608
2 254 34234
384 602 54781
326 539 23854
257 367 15232
196 285 64133
460 503 55009
164 315 10296
1 440 55902
439 630 30017
347 512 61008
463 679 14142
427 433 28160
188 341 23195
305 536 26306
120 515 15811
417 659 50249
426 494 56462
312 398 15524
147 319 68622
207 552 57454
316 673 16401
591 606 34132
74 282 32757
143 177 44385
560 659 85440
264 349 28231
84 604 73410
389 449 29155
480 679 46861
31 390 23259
344 646 19799
96 470 26907
401 567 34059
574 677 56036
165 302 15811
279 487 24331
134 183 17804
46 227 33838
19 210 50249
98 219 34409
220 501 27803
325 499 18028
179 268 36056
61 299 31890
115 211 72719
291 537 12166
387 608 56089
128 160 35903
140 335 42450
181 273 20518
11 369 61294
106 565 21932
113 426 13153
537 593 15811
155 645 75180
290 351 38588
310 632 61294
254 586 36139
550 614 31575
122 648 29275
371 623 34928
587 687 49578
296 319 64203
519 649 13153
534 627 38210
28 238 62370
94 126 71840
87 389 61294
82 319 54342
36 174 30806
72 472 81056
128 310 49980
346 437 45880
164 368 39850
295 421 25000
184 475 50160
387 473 12166
240 632 58523
148 221 37947
36 250 52173
602 684 47508
313 576 22847
118 523 48270
500 603 38079
40 630 50596
136 410 40000
174 663 23022
144 348 29206
265 353 57140
150 414 21024
86 112 41110
155 533 47170
11 580 46174
94 200 14765
15 374 19849
122 338 30083
142 262 34132
197 212 12369
387 489 25060
255 455 38288
546 660 160031
277 393 35609
374 533 53535
18 619 11045
378 510 51923
227 596 23000
308 336 34132
343 546 74250
289 379 33242
196 532 84386
548 602 68029
155 365 10440
323 437 41110
233 477 46861
423 656 38949
421 605 29017
667 680 86313
4 387 41725
33 687 36235
163 493 16125
239 326 11662
5 105 27459
378 613 37014
272 417 33838
342 394 11402
24 172 15524
381 434 38013
191 605 27203
198 342 64560
50 309 66370
332 687 39013
48 261 31048
33 243 16401
22 194 45255
145 246 19849
161 477 50990
391 411 20396
149 180 46872
238 243 35777
162 173 26926
631 665 19723
277 655 31048
86 111 29614
56 204 37802
129 633 22804
53 408 15297
242 441 22672
131 231 58258
25 414 49497
516 633 24597
260 495 40497
227 450 42450
124 161 44721
136 658 31000
4 490 33838
200 406 32450
8 301 44598
10 619 39850
162 306 36056
213 395 16401
147 193 50990
310 358 52802
43 464 21024
410 426 25239
190 469 73335
273 399 77369
454 598 37014
230 469 60208
273 668 24021
3 514 55009
23 90 67082
283 529 30017
57 407 21095
629 633 31385
53 448 12042
139 263 58258
97 170 41231
660 662 61847
147 564 19723
529 607 25495
253 557 21213
133 677 47413
290 390 18601
374 444 43417
386 582 28636
69 311 14318
372 444 35114
49 303 27659
300 442 71694
67 264 14318
468 531 44011
153 324 12530
281 378 24597
178 643 35693
71 680 16401
180 523 39051
496 515 29428
64 297 59506
30 688 12369
341 579 31765
110 635 43081
24 677 44147
32 207 109041
22 513 58078
57 636 21095
157 673 57697
241 635 25554
361 643 32558
190 357 45011
18 635 31780
58 592 39115
242 623 50000
549 609 32650
161 467 38079
66 605 38079
106 538 28000
322 587 23087
211 283 26627
200 514 48549
482 493 36346
645 654 45651
620 621 16279
624 669 33242
526 682 28178
145 288 44777
241 247 36014
122 408 38328
196 374 46487
568 678 43139
242 662 39560
342 662 65000
203 307 17029
212 285 74431
292 430 38328
20 89 22825
34 179 37000
131 282 62129
607 645 36878
64 585 26833
44 488 65069
146 220 35171
98 132 36056
189 611 52154
60 161 88006
55 185 54745
253 624 16000
256 299 30017
215 499 24187
170 420 22627
345 578 42190
14 162 37336
182 558 20616
663 670 39294
176 217 45277
262 458 22361
315 482 27074
355 460 52038
435 565 16401
270 428 24597
133 577 48600
303 330 55946
170 546 68007
182 434 26571
214 478 64008
140 228 17117
28 594 21401
333 486 55218
201 644 37108
116 188 15033
357 647 28792
335 398 96773
462 597 42544
291 524 11045
218 606 43829
88 265 47707
21 234 38079
13 159 12000
104 497 103697
74 189 44777
217 582 71386
405 429 17029
141 438 42202
204 433 22472
127 541 18439
4 557 38053
29 452 23259
246 542 17692
61 527 67912
22 549 44721
416 420 17088
211 529 16125
186 681 40497
37 494 49497
21 238 33541
346 550 31016
218 476 54148
342 660 124338
362 522 34928
47 268 44688
19 141 30610
247 665 53310
219 628 76000
9 354 20518
329 615 28601
96 397 32558
10 110 31048
207 526 39560
206 620 55462
25 658 29000
405 627 10440
400 649 40262
201 652 35609
261 469 57280
254 569 11705
296 564 66573
349 481 44654
487 668 32249
27 45 30067
324 408 45310
27 406 28071
52 505 26683
411 425 31064
26 484 53339
425 612 26926
352 556 21024
360 639 38833
36 372 49477
30 46 51088
106 177 40853
613 682 26926
166 360 15620
34 299 29732
165 547 36688
321 633 19925
248 548 20591
425 455 16279
196 365 26249
31 566 76276
7 428 28178
374 532 72801
213 418 37643
201 423 35014
331 671 49477
168 286 19026
30 618 26907
97 546 58523
105 595 59816
103 205 42720
156 308 17804
120 350 29155
139 186 37014
379 474 105589
6 167 49163
90 210 24083
462 680 25554
60 183 15033
434 609 25080
236 240 42426
581 680 41012
48 216 34234
199 682 46957
110 609 59481
349 642 65307
3 103 75000
137 330 32249
155 196 22361
125 342 56859
132 219 19698
34 673 24042
568 612 11402
318 561 43012
95 408 66219
171 512 36069
82 167 17889
144 481 56294
446 593 10440
47 61 20616
581 597 45310
331 614 44822
123 476 27074
528 685 25318
525 600 25318
91 357 36878
66 397 43417
122 512 53824
50 574 38288
401 536 26249
429 627 14318
498 610 13601
193 337 32650
41 404 51624
154 675 36401
531 678 34828
441 623 38910
281 452 28231
309 584 40311
186 463 26476
146 453 43012
54 239 36346
58 665 40112
5 562 33302
133 154 47707
13 571 38118
19 55 48374
215 358 15297
100 262 17464
247 447 57801
465 586 59203
80 616 10050
70 404 35000
390 413 37483
457 521 22136
309 574 54562
221 653 91548
120 683 31064
344 354 40249
510 624 28653
485 534 44385
85 671 45706
63 467 34234
6 504 43932
478 558 70036
284 345 41485
46 599 50596
459 647 21954
148 362 15000
67 144 13000
38 364 59169
169 658 37483
46 339 36346
391 495 46487
141 251 14142
220 419 27000
20 58 19925
92 479 32757
481 600 46861
123 456 23022
205 406 41231
476 656 31016
326 590 55036
124 534 46519
245 484 67119
19 579 19313
76 418 43012
107 147 18028
80 127 25456
121 206 49679
239 539 30806
11 570 39205
108 476 49244
647 297
951 299
287 746
719 211
65 667
139 545
213 233
205 545
780 401
55 358
326 42
752 606
903 292
231 124
776 665
637 824
466 655
56 319
936 591
137 196
721 699
103 408
976 470
565 523
476 215
246 842
304 601
627 680
855 247
604 380
413 323
747 76
659 735
520 58
352 263
794 723
340 128
825 476
312 854
114 537
645 878
252 867
282 549
694 864
302 571
637 341
564 94
459 143
925 468
629 594
719 580
693 268
457 633
944 437
984 585
729 185
281 816
131 215
526 733
388 529
551 110
560 358
509 477
188 333
919 516
752 364
680 56
939 291
623 792
562 897
552 636
714 843
619 935
239 244
51 512
222 360
318 580
137 789
572 941
423 295
465 478
127 602
810 517
606 236
601 179
369 908
117 322
250 500
117 185
946 530
412 175
507 847
393 736
275 649
437 554
757 324
88 735
475 164
573 11
467 348
185 171
478 542
332 686
530 180
60 640
721 568
181 695
330 837
362 418
47 328
398 902
408 921
368 231
863 623
910 782
953 622
319 782
830 824
709 620
529 367
548 462
416 623
371 786
396 466
350 911
230 593
405 313
198 763
718 94
761 523
263 323
477 200
586 491
362 516
555 959
416 215
896 524
396 402
196 521
525 956
912 572
442 347
717 487
692 61
430 678
240 481
180 677
504 896
824 854
450 269
653 708
61 262
507 607
626 465
845 657
846 533
445 26
607 717
891 292
190 798
440 458
196 111
363 373
316 368
196 393
928 405
143 594
176 861
421 188
128 725
346 629
550 519
189 137
812 748
841 322
89 631
706 530
493 482
557 58
850 815
275 221
57 419
373 530
470 125
975 639
197 484
665 747
938 621
257 203
433 146
733 401
489 277
146 715
135 440
357 711
835 637
776 554
389 981
876 223
288 656
330 751
970 616
155 434
752 155
344 645
586 430
836 139
684 388
551 509
962 548
948 720
773 566
208 289
68 491
188 745
455 177
56 600
427 817
495 192
274 472
540 884
566 913
698 429
319 253
475 381
327 405
648 309
508 954
846 269
381 113
308 286
266 580
426 442
702 732
106 523
249 676
603 306
688 693
908 432
207 670
76 266
312 938
672 725
512 24
215 863
445 665
112 267
687 405
937 696
743 712
926 570
147 344
732 264
947 333
454 699
556 101
349 159
627 138
155 411
435 763
467 113
471 365
159 476
666 53
276 540
154 395
537 71
593 60
940 388
199 198
498 312
696 897
289 206
638 476
972 601
551 476
43 680
709 792
273 237
368 878
823 231
267 261
933 742
591 561
847 574
177 842
474 505
391 656
519 786
445 298
348 541
237 875
303 408
345 725
766 365
154 604
163 279
364 971
530 86
794 459
247 560
211 398
907 447
742 253
287 270
208 145
166 447
857 519
695 601
245 780
629 805
477 958
275 102
332 465
311 359
510 41
351 884
828 171
115 655
676 525
726 131
686 778
642 128
496 601
177 718
898 438
830 292
759 114
174 276
880 496
581 176
626 713
317 619
594 44
556 985
828 501
125 690
405 595
673 336
486 5
915 624
327 963
161 842
830 368
551 550
658 113
373 715
715 79
655 79
518 340
465 265
933 519
280 483
794 386
734 736
870 527
388 147
203 748
578 902
916 395
508 493
492 887
716 117
774 506
855 654
501 528
363 165
354 356
275 76
744 435
298 856
782 675
477 64
791 652
902 571
497 872
576 502
812 253
515 819
528 324
10 441
901 394
423 54
718 463
784 360
70 536
690 241
520 132
151 373
434 313
493 786
754 306
65 708
320 954
221 279
635 493
725 330
462 962
254 137
801 305
321 299
560 490
199 562
597 897
361 494
306 629
283 795
454 618
892 400
376 215
497 766
291 77
461 339
441 250
545 358
96 715
728 886
197 325
274 445
112 709
746 380
667 150
365 750
874 571
495 735
355 229
770 135
188 220
372 481
199 880
315 841
444 870
773 163
32 410
747 540
511 358
615 97
878 597
113 611
592 287
295 923
830 397
327 627
749 663
424 944
361 555
141 317
465 624
178 384
689 298
342 310
834 257
241 438
516 590
483 724
348 787
883 761
481 345
372 118
736 788
524 918
561 659
202 510
261 550
992 415
773 908
475 473
584 732
426 73
775 304
483 802
795 840
688 253
608 769
520 121
373 813
462 412
4 490
500 815
246 548
680 116
313 386
312 874
219 796
311 435
362 587
297 233
647 819
678 263
751 200
371 38
621 872
349 381
333 177
449 801
487 371
518 283
179 411
167 733
465 390
257 450
222 187
791 789
182 554
719 274
527 303
441 675
151 538
269 847
762 239
289 245
372 654
100 466
262 697
516 376
754 123
613 617
233 411
824 342
354 802
890 782
460 873
841 777
349 530
741 150
847 177
617 126
178 139
934 712
784 415
585 688
771 582
820 697
354 446
480 908
313 274
360 539
749 568
878 425
770 536
401 295
432 653
730 504
991 571
543 934
108 790
207 428
669 415
59 400
647 142
895 228
787 109
695 315
715 299
791 345
914 528
717 249
52 439
865 163
651 960
785 172
90 689
209 603
190 660
737 553
370 386
347 277
532 745
936 337
302 73
900 330
368 293
98 621
654 565
363 849
296 111
625 520
515 528
943 609
330 88
540 605
42 530
561 322
679 564
200 357
956 368
664 785
757 389
981 425
848 461
455 819
134 254
351 552
610 667
13 603
625 309
582 622
493 561
621 389
716 146
987 471
667 483
432 409
664 191
717 379
452 853
917 731
679 186
30 385
171 400
229 159
521 742
811 216
616 148
151 259
422 285
361 656
622 400
67 320
636 406
648 395
787 377
312 888
748 264
378 241
869 605
358 484
495 268
759 96
98 585
108 208
239 719
732 112
651 855
63 288
270 798
891 353
866 282
908 357
729 522
518 723
627 20
486 517
339 715
881 723
844 382
361 137
420 652
811 344
574 666
544 407
308 779
625 850
859 763
73 688
384 784
372 593
447 215
733 936
215 909
590 658
275 924
825 729
891 253
91 218
346 52
500 723
313 205
739 296
835 767
593 224
354 178
497 51
247 798
591 455
332 99
608 533
563 715
216 512
539 646
211 446
834 202
555 384
636 519
174 164
881 789
627 752
592 383
