917 2525 5 747
210 336 32650
105 852 41304
63 248 43290
306 835 23195
103 175 72028
337 774 33956
80 359 33971
469 586 35228
69 443 21024
66 780 46325
128 515 50220
295 327 43863
322 731 37947
159 666 34928
643 833 68731
511 829 53151
73 360 24759
459 916 35000
186 621 16971
365 415 30000
54 234 12728
685 690 67268
363 430 29547
321 361 18385
469 748 33838
34 229 26249
22 779 26926
335 558 50990
41 245 21095
518 868 47011
632 839 49163
509 567 46098
486 682 60605
129 487 49041
302 683 57940
491 594 11180
506 642 11314
112 250 30480
657 896 12369
445 777 24187
304 767 34132
466 821 40112
79 353 50774
427 641 25632
15 392 64351
137 853 22472
781 843 15652
59 744 41183
417 730 29120
31 679 41012
799 872 49000
159 483 25495
734 815 22825
252 534 16643
92 478 16125
399 404 47676
203 704 16125
165 885 10440
277 375 17889
794 865 20100
175 184 65947
69 838 32696
276 597 54424
45 842 27166
336 354 55036
334 551 40804
129 137 14142
519 912 23345
49 113 46872
100 536 43566
441 592 40050
299 369 26306
194 545 45177
282 766 60308
455 522 30594
6 294 16763
712 895 44598
791 842 13454
275 401 44721
65 102 25298
6 328 32202
261 418 47011
521 874 23537
169 587 44418
612 777 13342
711 828 60008
330 589 26476
282 442 19105
585 666 14866
558 747 17720
716 854 21260
433 826 26077
689 761 21095
614 771 38013
464 905 54562
65 898 30232
338 504 25060
295 590 34132
423 562 23259
123 540 29000
207 643 29275
461 507 49041
206 857 16492
383 515 62482
194 816 19235
644 889 28071
201 312 31113
581 728 17804
241 572 11705
527 876 53600
131 615 40804
28 112 40025
175 417 61555
404 446 43829
115 711 36620
77 678 27019
133 882 26173
394 699 30017
626 819 55973
191 456 38949
277 754 38013
251 595 15297
497 588 23087
34 630 58694
283 808 36770
718 793 85726
577 617 34670
355 784 43829
369 384 21633
627 843 23854
97 153 99745
592 603 16155
82 821 27785
812 863 42942
26 738 18111
203 608 42000
255 335 30463
101 408 43267
197 429 22204
349 561 20396
165 201 43012
617 695 24739
676 757 33242
351 600 20616
263 628 33541
456 537 31890
243 769 35468
598 807 11045
79 536 22672
651 915 34366
341 403 22561
267 733 49092
543 834 20616
463 757 37656
161 908 38328
461 554 33422
423 572 13928
389 421 11180
378 598 22091
444 714 21587
95 566 29530
88 815 29614
210 867 54129
391 749 22804
172 626 21095
131 848 22804
597 907 18385
346 492 38013
381 391 20591
471 681 32802
479 875 18111
438 902 37216
131 200 40162
158 450 31780
315 524 42755
49 500 23087
217 839 46957
541 657 27166
605 674 14765
435 761 18788
510 584 18385
683 880 48877
98 149 26000
16 360 40361
602 853 52612
160 564 47297
77 726 25554
254 592 60208
205 539 35511
641 812 51884
557 633 26173
546 874 49041
481 839 30017
75 460 26401
484 879 47413
533 763 44654
368 437 30414
560 903 52173
15 881 127613
383 853 34205
9 917 25807
11 529 67476
107 907 21190
109 485 38079
264 628 47518
149 376 64777
243 269 12806
396 688 41340
366 832 35847
311 655 19000
478 545 24759
460 629 21024
235 283 18974
18 546 39013
748 823 31780
652 813 55009
424 506 34059
94 645 18028
329 366 46390
175 525 33422
109 231 27313
475 618 44147
64 583 15232
248 370 55731
285 903 33941
502 592 27803
286 425 28425
142 651 55444
27 225 28160
6 836 14213
339 792 33526
59 324 22204
285 915 34713
98 765 46400
219 478 16155
767 862 10440
472 834 22627
361 898 24413
257 712 27857
76 337 37483
52 497 26926
221 448 19235
89 268 55109
261 388 38275
301 528 17889
295 716 13342
621 852 19723
646 701 46228
355 727 40000
338 864 18682
143 430 39217
267 402 19313
499 673 15264
43 870 12369
147 238 15000
126 474 20248
171 719 23324
63 256 32650
68 151 65031
585 629 28160
197 466 29833
615 810 11705
88 203 34205
515 745 47508
356 867 53038
265 715 35355
388 674 26173
129 142 46819
827 839 31016
291 738 34655
146 381 25942
538 578 37696
75 629 26926
18 874 37855
354 851 60440
192 405 38897
682 715 44407
505 790 33526
619 892 32000
9 620 36674
249 742 28178
340 764 29411
2 530 41049
245 770 39408
304 725 46239
75 283 44598
547 791 18000
270 791 10770
380 912 15000
315 826 17029
237 692 20881
46 74 25000
254 815 67676
11 793 11180
316 370 22136
515 852 29069
649 855 30529
505 690 31257
286 560 60902
365 400 33242
107 259 22627
95 725 26000
550 552 10440
143 839 35128
336 737 42297
47 428 46098
68 378 61814
329 387 52479
609 616 14000
166 412 18358
266 628 27731
326 484 44204
590 670 28844
176 761 40608
349 675 40012
489 721 20591
271 363 33242
116 648 61587
649 806 24187
343 345 26476
339 396 15811
19 143 21587
737 851 24759
375 754 39459
88 575 44598
122 421 35057
434 792 27459
183 443 25000
482 864 61911
13 665 27019
770 795 21633
731 771 42202
240 551 18439
248 817 41869
668 728 11180
453 837 40804
79 867 68884
457 804 20881
496 607 52326
84 137 33242
223 387 30480
171 356 23409
151 352 41231
282 301 11180
499 822 15524
137 651 58600
896 908 42720
389 489 52924
56 602 14765
581 636 36249
656 689 22804
97 345 39459
24 279 45541
363 628 22561
619 670 34525
506 559 30594
456 508 33615
83 531 44598
198 837 46043
124 263 16125
568 718 45188
152 207 34000
32 512 18974
571 793 68029
285 462 52469
692 745 27459
133 883 49649
77 487 34015
273 859 36892
100 706 32757
655 787 18358
151 614 29155
482 714 46239
407 465 21260
348 432 23409
8 133 41773
406 464 19723
137 915 35511
501 873 17029
18 509 35384
556 750 22091
262 281 50010
211 442 28160
741 769 38626
198 553 38275
758 846 17464
68 598 70661
215 323 17205
522 747 50448
149 361 46325
32 885 27785
20 686 23345
124 317 26306
313 426 62626
260 314 21401
551 821 32696
80 482 15000
298 397 26627
500 573 15556
30 823 39013
145 416 31953
167 313 56365
695 861 39000
435 656 16492
155 788 18601
387 897 23770
586 647 25495
622 890 40224
516 894 24352
404 443 25000
292 513 21213
100 204 42202
162 353 36620
765 846 29614
292 493 44102
581 668 24739
55 889 27295
401 544 28443
418 902 37947
758 765 18385
21 105 39395
72 856 18028
193 524 41677
321 890 86000
80 511 52202
118 200 34234
605 810 47413
20 656 37216
128 863 14142
57 279 20881
211 762 37202
605 740 27785
20 844 39319
590 809 18248
304 566 59481
164 449 25298
146 785 23345
403 476 42942
189 214 20248
31 563 49649
30 608 41485
38 507 30083
178 248 58822
105 621 38013
450 503 15811
723 806 84900
481 700 37121
606 706 34132
78 320 26249
395 760 29411
710 746 25080
1 84 13928
198 476 33287
477 631 18974
399 838 21378
445 779 44283
700 827 24187
802 822 32249
652 725 41773
336 851 26833
136 905 55362
108 156 50010
775 858 52697
49 768 11705
275 367 39459
442 892 19416
719 894 31401
410 660 27203
127 806 63071
457 766 42202
9 524 38897
246 517 24083
40 650 40262
81 470 29000
711 736 55785
185 317 17029
210 356 25318
779 843 15033
687 761 18028
141 373 34928
893 902 32757
11 320 34886
534 726 36069
668 849 44643
140 472 48765
20 238 35805
348 458 49092
76 271 29547
104 757 30414
193 474 15556
8 46 18439
265 741 37855
386 553 44102
539 720 47434
125 841 57871
156 308 49244
45 791 36674
175 773 70838
650 880 12530
95 516 25495
499 802 33838
258 432 19105
285 560 29967
565 740 39217
233 749 40608
152 740 56321
160 751 29069
74 742 19105
636 695 36056
273 471 34176
539 612 17117
411 634 38833
124 854 36014
307 381 17804
262 597 46011
665 684 33541
489 799 46872
9 135 19698
106 705 18028
182 469 41231
330 546 30806
541 896 25632
446 714 38833
837 848 64761
407 708 22361
23 72 33302
167 426 27731
426 771 40608
117 429 35355
306 702 18028
317 430 22472
795 877 41437
683 869 32894
246 702 32388
322 692 15133
158 503 27203
323 911 20809
174 540 48042
69 399 42802
80 829 26077
87 520 170423
47 48 36715
49 292 24413
27 283 46325
355 447 55036
633 798 16279
16 642 45310
544 672 18000
535 787 37802
328 812 18788
85 188 11180
123 708 51352
206 876 51196
198 729 106850
23 202 25020
463 496 55973
20 694 35609
350 563 27514
137 142 54918
17 109 37336
449 490 21471
556 627 42426
372 857 26683
34 784 48466
669 888 12530
39 244 29155
841 875 30529
105 352 32757
27 652 42107
66 341 14000
173 512 26926
10 807 13038
274 693 25179
33 119 11314
72 500 46872
575 823 45541
526 721 17720
690 714 37802
108 782 51088
121 579 39661
451 638 36125
28 642 44922
25 767 56303
303 849 56639
79 86 22204
280 579 34234
207 884 39623
200 833 60828
447 722 13153
399 670 11402
705 729 33541
29 451 17720
191 654 73736
57 868 19925
658 665 45177
548 704 34015
357 655 23707
3 252 17205
118 740 25000
575 633 55145
614 624 13601
743 799 25942
639 803 19799
60 515 29000
14 791 34000
519 574 23409
356 894 58052
463 691 41049
139 464 22023
397 855 49244
2 230 34205
141 522 35355
143 317 30083
394 576 42059
190 344 41146
678 853 55036
464 492 34986
359 448 33061
485 865 43829
370 649 18439
60 383 49244
251 722 23601
436 465 56436
463 752 16401
360 424 22091
438 739 47802
11 178 17720
123 648 67231
546 617 54452
64 581 25807
349 570 20224
60 186 27803
144 527 42154
339 434 37121
362 698 35847
557 911 26401
446 504 11662
593 875 21095
131 810 43012
141 231 25612
45 570 33121
442 762 33541
405 608 22204
157 746 45607
15 99 26420
47 177 71063
433 601 16763
309 508 55326
327 677 35511
223 366 19416
61 878 23854
670 838 25000
620 710 94112
600 788 31575
12 226 16125
163 860 16401
151 807 63906
685 840 36056
139 572 50636
256 459 33422
699 718 50695
63 718 36056
673 802 30887
191 237 14765
279 579 41049
251 538 35014
17 111 27019
786 859 83000
23 788 22000
494 759 41110
52 563 49497
413 414 54203
500 772 42190
4 901 63655
573 910 27785
93 669 29155
832 893 45880
243 682 27000
389 902 32016
28 865 35000
797 871 41725
270 843 28636
68 564 30887
231 522 24207
88 498 21932
331 622 20616
14 270 36770
238 687 47170
101 675 63325
307 391 32016
389 438 13416
404 504 38949
157 524 17205
427 655 50120
138 193 24839
826 917 23345
326 569 15000
408 610 91706
162 196 19416
386 467 27893
158 227 25298
45 497 20000
409 577 23707
454 514 47518
503 819 41773
69 159 33541
475 654 25612
204 353 46573
176 875 22023
144 857 44598
38 872 42048
38 799 49041
172 300 26833
162 286 36346
229 722 25239
502 664 31401
98 471 12728
795 891 28653
139 492 18788
347 746 54452
78 709 44204
326 544 25000
252 887 43600
211 576 17493
102 622 47518
74 249 16155
516 813 31000
41 723 25318
501 625 10198
136 572 37216
682 769 35847
71 798 44147
559 644 11000
275 638 29732
261 897 56515
430 481 21378
1 584 11180
278 332 24187
702 835 17692
184 333 31780
554 799 40792
104 721 48703
166 390 26926
267 540 34670
115 411 33734
148 725 13416
691 847 22804
355 736 62290
55 824 29069
24 879 61400
195 364 13416
114 564 22091
334 866 11662
219 671 32140
483 862 32062
5 549 14765
101 228 17464
64 204 23087
625 774 12207
447 784 29833
21 852 21587
242 543 63514
131 453 43966
385 828 38079
84 863 33015
268 523 51546
172 705 30414
416 428 42202
311 357 22472
208 401 36069
12 856 48374
156 785 46819
223 261 55009
751 905 37121
371 465 36497
627 796 37483
199 299 36878
459 811 55660
343 610 40311
613 803 46487
159 183 38419
547 842 12042
626 741 47760
421 438 11180
221 707 50567
228 408 40608
136 139 21095
372 527 34409
31 904 52924
2 640 24698
222 571 33541
408 561 35228
25 210 16401
724 823 36249
79 398 32696
788 856 31145
113 292 43186
153 900 53367
91 793 71589
458 478 37643
454 820 84000
31 426 43012
5 811 53151
487 678 27803
509 521 13601
2 488 14866
253 755 25000
797 868 49649
193 888 51894
50 781 27166
75 691 43566
783 853 42048
61 508 36359
119 606 18248
86 100 34713
54 241 35000
163 253 13454
116 188 18439
8 249 24166
720 878 21095
106 467 19209
295 809 18601
25 336 37162
305 319 30000
178 370 44294
369 765 12042
629 742 25807
242 663 27586
145 470 28636
291 489 50000
110 887 58249
254 331 44045
82 240 60440
40 50 24698
258 379 10817
704 734 38079
504 864 27659
56 216 52202
359 511 45486
286 860 40804
18 24 31953
505 839 43829
491 688 11402
255 558 20591
242 780 29275
496 847 31623
535 855 33000
451 710 15811
508 796 29411
567 660 62801
404 882 27893
88 218 58822
407 488 14560
212 384 16279
107 597 37000
449 667 27659
308 388 43829
7 145 35228
542 547 25298
324 445 21024
134 650 40311
55 506 17493
418 438 58523
15 578 12083
134 272 66408
758 898 13000
537 692 42521
394 916 31385
389 526 50249
600 660 56321
415 462 20616
122 224 23087
661 811 21095
288 314 12207
130 456 16763
187 350 14142
856 896 31145
31 167 40460
94 427 27785
244 762 20248
618 654 34713
299 765 29682
297 497 23537
230 530 44553
163 286 38288
348 800 10817
174 708 25179
168 246 43046
202 292 47927
501 774 20809
169 337 24515
377 731 39812
103 184 59540
662 728 36014
190 675 34234
21 515 24021
419 502 28071
486 794 25612
732 770 10296
18 53 40262
422 533 30017
271 481 31828
380 651 48000
430 839 40497
103 730 32016
126 544 48374
180 855 33838
179 368 27586
237 745 32650
298 535 33000
34 412 17720
690 829 52345
469 580 12369
92 800 46755
43 158 32802
486 865 40249
363 481 32280
666 862 13928
169 170 36770
541 802 26627
108 242 45651
187 610 18682
122 332 41773
376 470 33838
556 779 42059
229 251 28071
501 827 22672
676 814 13454
471 859 44643
22 50 47539
696 899 30017
144 247 44643
176 529 26077
26 220 55082
653 797 30887
635 739 13038
125 412 23087
288 908 59615
593 689 20396
778 883 48042
513 710 61587
746 888 24331
178 320 26019
207 565 36688
420 434 19105
202 351 34205
125 907 23345
189 269 35511
99 392 38013
282 892 18974
263 264 18788
318 360 32985
398 518 25495
626 705 25962
164 547 41437
266 525 11045
22 324 29155
262 276 56824
262 466 36235
220 738 55082
877 891 25612
465 708 18974
319 606 14560
61 796 36674
109 522 26683
446 790 34059
596 645 35228
294 368 24759
243 914 36056
26 421 35847
406 905 51884
375 658 19105
50 845 44102
102 321 30529
168 548 45044
657 908 34785
285 641 56365
238 844 30000
175 587 35805
716 809 14142
180 830 26173
632 685 48270
587 886 33601
783 863 16971
115 736 42438
15 429 104235
505 677 28636
277 701 31016
567 908 45804
30 575 16492
676 721 41593
298 787 31623
497 561 29732
320 709 58592
52 358 19416
166 439 25020
623 818 35440
153 406 47413
383 602 49739
437 654 41340
170 735 28302
43 448 31305
529 876 25807
250 865 28844
36 215 26476
196 286 27313
100 695 47011
596 618 38419
630 784 29967
60 852 20248
120 375 37656
297 570 22023
439 538 24083
307 785 13000
296 302 22472
627 750 43081
437 836 19416
220 414 53085
111 609 12207
490 667 38601
548 726 53451
53 452 19026
255 522 49769
182 792 34000
377 679 10440
180 422 11662
508 831 21024
124 363 38079
7 149 35355
518 894 24515
239 899 39051
382 730 42059
27 75 69462
227 503 37577
108 543 75166
189 901 26000
562 805 14318
208 660 39000
245 723 19799
611 711 62650
306 728 29732
768 910 17088
331 693 22804
31 490 29547
14 843 32062
103 773 21587
297 349 26870
215 850 13153
296 480 41593
26 289 34986
589 706 40817
394 762 55543
696 910 33136
360 698 20616
322 745 26926
77 548 64281
590 854 21095
39 854 17000
300 914 26306
41 247 59076
309 490 35468
493 555 24413
4 335 106850
717 866 23022
645 836 45607
194 594 38275
6 645 41881
152 565 26870
454 552 37054
134 344 31145
67 124 22472
493 638 40311
379 432 23409
24 484 75802
371 703 53600
82 466 23345
316 320 19105
85 169 56648
713 872 38079
25 354 65924
232 296 33242
265 486 26401
171 566 23770
630 727 20025
440 805 23707
388 810 49041
45 297 18385
174 488 25807
299 541 22672
36 376 35609
653 871 14318
272 296 37162
128 368 56604
66 663 12728
312 798 37000
72 673 38484
371 407 28284
141 889 13000
269 682 21471
238 761 46690
222 687 51624
170 587 12369
741 914 43932
182 194 49366
119 154 32650
1 137 27295
284 766 40719
458 545 20248
85 436 19698
133 778 26926
98 361 39013
65 161 40804
214 914 26926
278 674 60407
713 776 32140
57 154 19105
220 289 40224
323 850 12042
170 525 41785
804 860 19209
562 816 16401
94 397 24413
23 600 34886
132 224 34713
20 333 33734
212 369 25000
291 799 21840
24 330 27313
206 841 29967
336 867 55570
14 796 32650
469 697 26249
329 496 46530
27 653 35735
219 234 17464
217 690 16643
31 377 44911
10 378 34928
545 816 31890
666 742 29967
534 887 47707
220 413 31623
44 340 32000
632 690 39051
401 672 30871
40 570 47927
233 607 57706
68 523 64070
425 903 20224
375 684 24352
143 185 24839
737 804 27019
277 753 26401
211 284 48877
24 53 48826
104 825 55145
371 694 16492
567 874 54406
722 784 38275
196 519 32016
100 803 15297
643 884 23000
212 802 12649
417 775 17117
673 899 32016
161 314 43290
613 639 41725
112 840 50596
473 755 36620
170 271 32757
205 720 20224
40 270 33242
130 537 27203
47 416 60133
85 886 25942
346 406 28178
678 726 30017
35 763 20248
247 709 31016
310 811 57245
290 385 16125
56 383 51420
153 346 38910
798 823 15297
513 910 63600
663 782 10817
259 593 34205
164 542 26627
58 320 63127
348 680 34205
68 114 13928
500 910 28178
687 730 60902
93 888 38328
480 770 13601
19 505 20809
138 888 51400
220 743 29069
452 567 62032
34 722 41110
222 382 46872
3 192 37363
19 677 12530
127 324 23087
334 717 26420
633 911 30594
85 906 43324
314 712 36770
776 872 12369
581 583 32650
142 487 25554
192 534 30083
239 384 18682
375 701 21587
200 605 34132
471 765 46400
429 466 41437
308 782 28425
138 275 35609
348 379 33106
172 741 43290
5 310 30067
825 872 26249
830 855 25962
10 186 24331
65 712 50090
42 322 41869
27 797 42485
191 745 32985
287 366 23087
272 302 30887
95 719 18788
489 738 57280
206 479 35355
77 246 41593
809 854 14000
257 494 26926
147 687 50695
476 837 45122
18 330 23601
549 903 38949
85 587 45541
637 837 43932
122 132 25179
342 458 42154
661 817 32388
624 771 36770
278 635 14866
174 717 59506
324 723 42107
140 221 26627
204 574 28320
7 181 34713
313 345 25000
248 793 62936
67 716 15232
452 879 11662
82 429 61465
3 405 37855
254 895 24352
607 847 56939
235 725 27459
171 210 31064
340 760 27893
108 785 26476
110 379 68659
35 475 29530
304 585 13601
138 544 54489
99 115 27295
113 202 15620
495 634 36056
39 762 17088
125 276 45177
553 834 51108
233 883 20224
78 806 18358
654 720 49254
589 606 34540
320 527 69462
414 818 50695
673 696 38833
448 450 17720
70 916 43966
414 917 17029
48 557 17464
539 777 17804
21 745 42000
659 704 35847
224 393 29833
679 831 41617
744 869 17029
162 867 32249
752 757 33601
146 236 30150
391 607 37537
28 559 15811
837 901 213101
216 383 20616
516 719 15264
551 789 39319
267 648 53600
525 628 26019
66 615 19647
9 347 39623
65 199 31780
35 539 24083
97 900 49041
462 641 17029
64 861 33242
327 670 41049
435 686 16492
142 835 34438
258 887 30463
274 331 36359
675 756 18385
582 732 20616
127 777 17263
254 734 75027
529 532 69376
407 640 20224
182 594 55317
517 664 23537
36 274 39000
141 747 34132
25 171 29967
380 519 17029
230 371 26926
186 852 29069
286 651 57315
519 849 16971
41 709 60133
555 638 37162
290 828 33015
778 864 43382
343 904 26401
146 472 65552
306 668 28792
709 723 70264
128 812 41037
153 268 17029
183 882 39115
158 870 30083
202 555 31780
121 468 36235
544 569 25298
37 484 32985
5 860 27659
104 814 21095
588 842 18028
247 290 59908
323 557 30463
362 373 65069
499 856 21840
290 611 39446
493 513 40112
577 695 25495
37 410 12166
216 887 62514
575 911 59641
611 828 16553
78 316 25495
59 245 38210
502 517 31623
81 428 13454
63 793 82879
692 731 34132
168 704 56851
89 523 71021
513 768 50090
460 808 27459
580 792 14036
111 522 27857
180 475 24597
437 618 12649
123 465 58249
275 555 25710
715 769 22825
162 755 28302
625 873 21954
776 825 21541
192 252 29732
236 749 38079
77 835 38288
231 889 22472
154 305 19723
599 900 30414
70 576 39962
293 778 23707
190 570 35468
256 817 44011
604 854 20248
54 136 45000
332 739 13416
147 844 37108
197 281 19235
189 531 17205
109 111 25612
146 307 24698
69 404 33422
265 511 35355
81 215 21000
379 887 26173
354 766 53151
235 808 40200
208 367 59414
154 431 32527
93 638 12369
22 845 15133
710 910 125100
14 547 30067
159 862 38184
822 856 27019
451 669 28000
161 712 27019
182 458 41976
594 805 57315
60 216 34670
298 427 48301
162 253 15033
440 688 74202
23 772 19647
102 895 58941
143 505 17464
154 868 30232
287 418 27785
364 834 41037
373 698 39962
119 305 35228
94 298 29069
265 840 25495
127 445 25239
84 510 23345
496 691 44181
617 706 24839
822 896 17205
34 125 28792
150 534 30000
370 855 22091
510 812 22023
490 563 36688
373 747 17117
417 773 29069
511 819 34713
259 656 18385
402 552 23087
90 414 37643
436 886 31575
212 541 18248
355 385 41437
10 598 15620
630 841 30083
333 694 23707
260 494 25710
229 439 20248
195 227 48010
259 841 43829
180 596 50220
222 532 12649
357 365 11402
313 343 43658
624 731 51624
402 550 19235
364 553 16492
54 751 17889
390 439 26401
489 526 15033
92 160 42953
352 624 24021
335 455 35000
376 890 43174
301 354 26249
395 530 14765
358 497 19647
71 748 39560
337 735 26683
330 606 39217
393 754 26571
676 752 37947
398 536 13153
523 900 32202
718 916 52038
122 739 47170
151 209 45706
51 665 72069
408 497 27295
181 470 27019
177 416 15811
737 755 32558
62 740 19698
117 197 31828
595 634 28284
280 468 14213
766 851 27459
378 564 42202
681 859 36235
110 800 75000
167 904 25495
58 247 21213
42 731 44911
421 738 31257
484 579 38949
158 834 38013
632 827 45486
244 442 24597
533 830 16125
55 644 15524
39 590 27857
706 803 25080
579 871 53367
256 661 22847
494 712 36674
335 522 35171
168 254 80455
749 778 29428
140 870 27019
662 702 31016
611 881 57689
5 400 42426
354 619 47011
663 810 23259
109 644 44911
313 599 38833
367 555 45277
38 461 33287
459 718 43139
183 249 31048
235 304 39294
604 762 31064
533 806 17464
174 866 51662
239 802 31401
223 418 33287
176 479 15524
29 638 32757
128 328 50090
398 431 21541
394 604 53759
17 269 47927
589 617 40311
647 913 36000
352 731 43105
257 314 16000
495 595 34928
431 613 19235
4 189 40497
242 782 27313
238 686 40162
126 193 19698
24 305 48000
22 445 34986
491 792 35847
120 665 16000
603 664 34785
38 713 33136
445 612 26401
299 846 22361
195 553 27203
636 861 21932
80 448 26249
681 696 110368
37 879 31623
329 463 36139
75 463 42953
35 533 41183
424 824 11705
236 707 38626
538 634 34000
32 798 43932
13 120 21024
220 291 41773
276 281 17029
46 249 19698
732 795 27893
209 313 57070
157 888 26833
12 567 16279
290 582 31145
66 403 29069
117 390 19209
321 376 86833
502 603 16125
232 272 42048
180 397 48600
309 796 48415
475 539 44944
340 395 27659
596 836 35341
276 390 31016
179 191 28844
794 840 35511
651 912 50289
225 871 22825
175 266 26627
597 703 49244
373 520 74632
769 914 15297
296 795 32140
83 729 23707
427 462 24352
578 634 47927
309 831 56045
400 415 12042
24 319 38419
46 691 36401
455 616 21932
93 275 25080
400 549 35693
126 461 28160
72 772 30150
537 679 45706
224 421 42544
303 306 32249
67 185 18028
329 832 19209
425 549 30364
315 601 22023
277 646 25000
389 738 36497
487 835 29411
462 801 28018
47 312 37121
226 600 17464
77 702 43966
16 318 19105
730 775 39051
457 851 39051
110 378 64078
288 874 16492
264 858 48836
655 817 13928
476 834 62394
543 780 45793
498 734 10440
154 613 20396
285 510 32280
240 334 46098
223 897 14000
419 441 23259
12 908 50289
347 524 24187
585 808 10817
151 631 29833
61 750 14142
442 670 44598
36 81 36770
332 635 21954
145 177 31890
500 768 21024
245 683 40497
677 790 16492
144 385 48042
520 558 76844
686 761 22472
195 386 21095
9 51 31623
134 190 44011
158 472 37590
329 752 22023
44 551 30610
384 471 55027
545 671 35903
99 411 12530
140 707 53009
568 699 41037
197 262 46872
591 648 25179
365 811 45804
632 873 41437
299 657 18439
582 611 42450
271 735 43566
219 241 18868
563 904 36056
500 673 42190
666 767 23087
206 372 37202
340 821 20248
109 865 35228
434 748 35511
91 718 41761
480 795 16763
536 803 40792
582 877 41012
700 774 41110
213 825 48384
89 406 30871
284 457 64288
59 723 26000
517 702 20616
233 847 21541
444 864 16155
304 808 14142
160 800 28231
419 517 26000
311 817 19105
526 893 13153
528 619 31385
169 906 36056
697 724 27203
244 590 22672
167 343 40262
310 860 25942
606 639 26077
7 325 40460
151 624 31064
573 673 34438
727 784 13892
495 736 12369
132 332 41629
445 556 18439
285 812 48260
211 282 21260
140 146 53226
63 817 40311
225 653 15232
14 627 19209
209 477 21378
697 913 45541
199 908 37443
473 860 18111
521 567 42544
162 163 26401
703 760 26870
540 550 26173
276 412 33015
46 883 30000
562 671 23087
652 797 16492
50 650 44598
622 693 28653
685 873 60902
517 662 24759
593 841 28160
196 353 34928
318 591 22204
176 532 66400
553 729 74000
145 786 31575
113 772 11662
570 756 25298
530 866 32757
577 664 51624
259 689 31016
287 902 25060
337 700 39459
347 620 23770
327 446 44283
108 308 41400
42 352 12042
87 717 32696
157 347 11180
398 803 46957
479 876 38588
32 165 22023
107 841 45618
102 254 62008
337 642 57140
358 667 13000
389 893 48662
325 859 28284
144 355 15000
44 530 11180
483 767 37000
214 243 20616
507 544 39319
114 905 19849
474 524 40608
813 868 46098
423 671 12166
576 762 34438
282 284 56719
62 118 29682
218 850 11314
357 427 41881
233 391 44688
131 605 46065
311 365 30017
266 775 68797
37 208 20616
192 659 21095
369 541 23707
217 505 28425
403 780 47170
250 840 48010
868 871 55082
759 874 43566
154 518 40249
164 796 40311
447 495 41110
433 623 32696
57 579 50329
111 455 16492
46 75 36125
676 893 42485
339 420 31064
398 613 35468
563 667 53666
461 623 36125
302 880 47539
574 583 13892
125 597 36620
206 630 21932
485 486 59808
356 719 36056
185 677 29967
630 857 20025
262 760 27893
685 829 56436
546 589 23022
560 651 18439
119 319 17804
83 172 37947
560 915 21190
482 829 15652
91 571 15264
75 757 63632
782 810 24207
3 342 31890
511 741 49930
248 535 27295
150 726 43046
205 750 15652
674 810 49820
789 821 20125
850 911 18000
425 560 57140
515 863 54424
3 258 29411
591 698 26000
107 125 34000
393 753 23707
409 494 57983
797 813 53759
840 873 51352
31 96 29547
265 685 38601
115 634 40522
260 759 21840
97 599 36878
736 828 50804
358 563 54342
49 772 44283
224 753 19698
194 562 18358
207 833 39459
95 171 20224
68 631 50567
151 598 69354
373 824 39459
13 375 45607
41 732 41231
733 820 34132
80 221 34828
199 898 24739
8 883 20000
27 757 42379
35 180 25318
83 300 26833
486 840 23601
472 543 11705
362 820 40853
129 678 55731
658 684 11662
124 430 30806
133 183 30414
447 736 44911
318 648 19209
291 743 18111
262 821 35355
19 185 21095
280 484 33541
697 748 30463
96 167 14560
366 418 23770
29 513 52431
214 531 21213
256 811 33242
244 670 31780
711 881 49204
577 759 70328
95 148 23324
309 449 23770
59 845 18974
138 401 43681
452 660 17889
92 348 46530
483 838 42942
601 826 27659
341 615 21024
68 89 28302
72 788 22204
695 706 42059
195 834 47413
43 450 21954
628 775 71021
802 899 24839
359 450 33838
367 660 61522
729 901 61098
237 537 36056
130 237 21541
475 596 44283
103 147 12083
177 786 27893
346 464 35228
209 614 38949
787 817 21378
691 883 32573
227 834 48549
206 875 29017
93 138 26173
70 909 37696
150 659 10296
472 870 26306
82 789 15524
532 571 26173
565 833 17464
166 276 29411
71 420 29069
480 683 14142
1 915 15297
392 881 63702
542 588 31623
309 679 43829
383 863 59076
13 754 31953
13 90 26926
400 462 25495
44 395 21095
71 512 26249
40 190 34015
310 457 12728
528 892 12369
382 699 46487
294 836 17464
142 303 22000
28 250 19416
392 711 17464
233 778 50090
58 709 14560
16 116 50329
549 801 39560
311 661 19698
201 786 108674
394 858 14036
403 453 16279
859 910 178370
195 467 32202
628 858 69405
595 722 11705
32 312 33956
641 645 25612
286 912 28460
724 748 24413
525 587 42107
50 744 38949
444 482 53740
92 219 16401
293 864 48826
61 720 15033
159 742 23022
763 806 53413
91 568 31016
48 428 17117
230 395 42059
284 811 55714
529 793 72028
494 895 31623
97 610 98372
7 786 45453
327 590 50010
461 544 55543
232 877 34366
12 155 18868
127 723 55009
549 860 26249
303 651 57009
119 613 25495
730 773 12530
246 419 11314
100 861 38328
26 393 34482
150 192 19416
72 499 32558
676 832 35355
121 871 21471
124 604 35228
71 434 40000
362 520 46174
266 417 63246
36 890 18439
7 376 42638
359 503 27295
294 437 16971
214 300 29547
220 818 16492
607 785 29411
132 374 25000
94 596 30067
354 528 18788
440 572 54424
260 288 27659
74 75 35805
184 436 44777
271 525 33838
312 557 41340
126 138 35735
56 887 30480
639 706 16279
429 578 92179
120 684 20518
21 322 40608
117 281 20224
467 705 25179
112 873 22204
11 876 53600
721 825 57315
222 568 48374
35 422 19925
32 71 21471
60 110 33242
350 408 68593
569 713 30083
654 878 53451
548 659 13038
234 241 27514
458 680 41037
588 667 31401
53 879 26571
457 811 54672
479 529 18028
468 776 32249
213 757 39459
79 356 62626
83 705 27514
618 836 17000
31 309 45177
423 440 44944
320 876 70342
296 683 48104
129 853 14866
649 830 21024
150 548 19698
41 290 66008
145 181 11045
235 652 36014
264 604 14560
345 610 59615
247 527 28284
877 881 53254
507 713 14866
76 735 36892
263 363 35693
477 523 21260
182 580 37696
382 858 54378
301 766 56851
312 885 10817
418 635 50160
488 708 20591
7 273 34234
331 815 37947
385 736 60075
16 906 36069
87 454 69921
33 606 11180
362 591 28862
57 305 17493
405 647 39217
101 610 123102
74 629 19416
179 515 57559
846 898 12649
168 419 35511
73 698 13342
273 325 28160
638 669 24021
45 270 43463
520 820 20616
202 367 44181
523 631 33526
184 886 45891
294 328 40817
169 735 11180
518 813 20616
22 59 26401
123 436 40792
597 760 46872
344 675 14318
156 387 45607
76 700 12166
285 584 35384
272 881 79076
184 465 50990
267 820 59034
451 746 12207
579 868 55227
387 496 20025
89 153 55326
293 749 17889
188 906 36222
312 633 43081
398 894 41725
4 616 53488
136 464 20248
178 316 33287
377 771 27459
227 626 34205
23 351 26306
16 337 65924
101 344 75690
581 849 38897
20 371 47539
89 114 22825
17 609 28862
524 888 29530
186 378 52345
619 767 66408
476 780 31890
232 891 17804
51 90 57000
12 896 56798
763 777 21095
90 135 27659
909 916 27893
209 426 50488
431 518 13928
215 218 11180
36 218 31401
681 910 142874
168 441 21260
253 473 21587
289 754 12369
90 413 32140
454 520 103310
444 504 29698
681 899 82765
116 318 58258
428 470 31016
441 502 26173
4 17 57706
17 682 38288
66 242 30676
245 732 39560
468 713 40311
455 609 10817
131 341 43139
289 393 17692
178 793 19209
109 559 48332
166 229 22804
384 765 30610
159 249 38471
121 825 47170
13 413 19235
442 619 40706
174 552 38184
577 603 39560
79 204 35847
71 823 47170
118 833 26683
554 743 31765
542 667 23537
98 758 47508
259 597 55362
288 759 34205
274 815 31401
452 509 34540
298 855 46669
414 826 27295
31 771 53075
86 536 30150
2 174 32388
714 790 44407
208 410 14036
390 538 30083
56 726 47854
201 885 34886
531 901 14560
615 663 17205
504 882 22023
541 822 21471
714 829 37643
190 650 32650
254 441 77156
333 844 13416
642 774 56036
581 861 34482
287 893 42154
87 334 44147
456 831 32985
230 703 30364
148 652 38949
568 571 40804
292 768 34655
70 284 19026
474 601 10296
181 376 20025
67 295 18385
152 374 29732
361 758 25080
144 727 42720
636 662 31305
519 583 25000
50 869 31321
121 213 52802
709 806 54083
105 151 56045
17 616 28862
45 588 13454
53 509 19105
155 856 39294
218 911 27203
335 616 55227
319 330 41012
554 818 27313
575 608 45000
106 729 29155
537 731 35511
176 687 38833
362 648 35847
261 635 35468
467 626 33287
334 530 29206
101 349 30610
251 634 17720
247 385 54562
119 639 25318
130 191 24698
102 712 49930
78 649 30463
203 575 39000
231 644 27586
440 492 70036
383 783 49336
177 201 80895
84 783 24698
458 647 36401
112 625 24597
89 905 33242
315 474 19723
287 832 29428
554 623 27459
540 708 55946
360 642 45607
62 200 15000
690 790 41677
351 367 24042
69 483 26926
360 591 21471
90 665 35511
523 599 28844
110 186 23707
449 542 23087
396 512 50606
660 879 20591
529 571 77666
409 603 26926
349 756 29547
152 332 44721
339 688 30806
239 471 57000
152 278 44011
387 607 48094
42 105 22627
648 733 35511
410 879 32062
136 241 36878
329 676 38328
503 626 55009
608 724 46098
409 895 60877
58 527 23022
473 737 26401
646 884 41617
402 454 48332
3 680 34205
205 556 19209
429 538 74027
88 274 42202
760 764 19723
280 713 44283
311 811 36125
397 596 15620
257 260 13038
160 378 37947
10 621 20000
539 763 14765
34 841 59816
297 561 15033
15 411 17117
199 846 20881
285 801 39395
556 612 25080
813 894 11314
359 819 18439
780 834 55606
683 770 23431
187 904 29069
699 858 34438
87 240 46840
149 273 21213
338 882 23259
33 639 17464
205 612 21401
546 759 16155
110 216 28653
226 567 28792
514 717 18385
155 600 23345
623 826 11705
121 280 38897
191 368 43186
338 778 31890
115 495 35468
112 774 32249
254 622 42953
189 243 27295
270 781 19105
241 671 25554
110 160 77006
453 848 36125
255 747 14765
396 420 29069
175 886 41049
402 540 22023
379 800 36346
478 671 31623
457 737 28320
373 558 22472
342 680 15000
116 123 38949
586 697 24083
96 426 19416
29 493 27166
636 664 34713
117 538 47011
192 608 47434
152 884 45100
161 199 26926
371 640 23000
559 865 42720
204 861 41110
73 424 19416
222 730 29530
103 687 54037
658 701 19313
92 234 20881
307 607 24331
382 568 21932
532 687 50289
267 454 53038
183 404 40000
327 790 38013
332 374 27785
182 647 37537
50 843 38013
17 485 10198
209 599 39962
202 493 43566
564 751 38419
112 642 62129
200 848 56009
87 514 23854
36 470 47381
363 525 31145
149 321 53367
617 759 62769
43 221 31401
559 642 38053
413 754 21840
824 889 15811
51 135 40249
283 652 45310
400 801 21095
386 729 33000
874 908 59414
440 594 68942
182 545 44045
727 857 28320
262 764 10440
116 906 23409
423 805 27166
70 459 36770
418 739 51865
755 867 13601
473 804 10440
104 213 14213
230 640 14000
198 901 167296
700 839 34540
199 657 43681
124 716 26627
354 767 67231
350 904 36125
488 640 26401
325 786 55145
384 802 25000
465 694 38833
164 309 14036
362 733 12649
656 703 80895
743 818 19723
422 830 18358
284 459 48104
156 607 38588
444 446 29155
484 713 56089
486 715 42579
533 649 17720
272 344 95708
127 763 28302
683 744 32558
47 557 39051
337 906 53075
564 905 15811
88 911 64498
328 641 43186
367 600 38897
236 391 27313
300 531 31321
106 386 17000
132 646 33541
582 795 37000
252 258 38639
139 440 66648
81 323 17804
370 535 38013
227 467 24207
643 701 72277
248 787 36497
163 473 13000
168 734 45541
88 704 39825
573 696 19235
71 173 18000
498 815 17205
308 810 37656
414 623 27459
135 414 20591
232 881 49163
483 619 43278
405 913 13038
174 550 34482
221 482 38471
310 804 11402
67 317 13000
720 750 21401
274 890 34828
122 438 34205
137 783 35511
39 604 15524
456 878 24021
608 913 14866
611 877 21633
333 465 47854
576 909 24413
646 753 11045
155 226 12000
92 751 26420
4 269 30871
662 664 13000
48 323 22472
47 201 12083
426 614 51400
22 843 36401
416 470 23345
41 582 51000
516 652 49366
134 302 50912
117 276 23601
2 866 40447
50 880 42190
540 648 62073
30 724 15232
126 601 14142
141 824 21190
619 838 16401
342 647 29428
301 892 13601
507 569 19849
236 293 41110
279 305 15811
115 392 26306
453 637 21378
377 537 45695
721 814 38897
76 481 35355
204 583 28862
261 278 38897
456 654 65605
135 917 29155
40 781 31623
374 884 32527
236 381 16553
664 695 53339
693 890 19105
52 408 14142
721 893 26173
366 387 43382
8 183 36056
37 326 27459
303 668 26019
62 605 22804
194 805 29155
65 321 19698
336 755 51624
326 672 15133
147 184 53263
173 420 15264
44 334 23324
128 179 56436
764 821 28862
715 741 25710
511 685 18439
484 569 50329
699 916 15297
744 845 31623
192 704 46755
228 561 12083
833 848 116349
176 689 38626
18 521 35341
637 848 20881
359 401
449 906
311 231
823 881
441 501
306 486
505 39
721 548
880 231
221 331
339 667
666 169
920 293
135 550
191 893
605 872
766 872
619 250
643 680
418 818
238 385
166 604
715 144
630 280
577 483
888 365
706 425
690 842
810 139
343 136
97 455
314 53
587 316
291 843
258 574
450 94
713 259
793 299
567 645
97 607
196 674
186 385
817 675
413 940
69 559
717 530
380 28
398 60
739 85
120 616
906 213
43 520
658 240
181 236
670 872
322 296
639 343
260 692
182 625
262 357
192 532
975 523
411 607
494 364
556 126
930 601
604 681
146 289
646 574
496 593
304 72
690 122
653 916
693 523
714 494
610 770
387 288
283 643
547 389
764 697
424 68
340 965
870 791
346 406
539 832
534 371
443 995
401 155
131 265
906 270
419 677
210 221
800 183
342 527
610 453
85 428
33 349
562 56
178 870
541 337
9 566
532 134
453 766
751 409
202 369
876 755
348 837
861 589
729 877
266 324
749 893
681 803
730 131
151 276
182 843
558 854
278 907
991 498
595 324
941 292
708 358
909 400
529 880
583 689
318 853
808 243
217 600
303 415
357 360
209 472
974 570
934 403
713 589
50 662
888 249
145 209
355 374
797 209
127 198
808 655
688 908
401 344
638 701
257 750
470 35
831 607
448 777
630 441
536 56
363 232
148 354
961 449
76 259
620 345
682 159
851 540
862 190
837 701
661 544
219 263
580 159
483 446
472 470
119 509
328 36
280 869
71 424
426 226
592 812
566 786
590 456
834 779
286 72
481 911
525 768
361 756
449 11
334 650
254 443
283 570
471 46
257 153
691 568
482 818
622 682
245 335
22 448
544 842
845 847
66 621
230 459
347 221
816 225
208 147
893 726
472 430
301 929
947 689
587 133
987 532
369 23
740 143
374 176
516 371
204 553
315 769
991 433
729 246
103 362
564 473
539 599
635 76
740 400
834 830
424 89
291 338
677 715
419 99
197 211
873 312
786 670
426 720
838 492
911 377
709 397
682 171
845 725
26 570
266 851
422 885
704 888
109 743
761 551
190 227
663 458
801 610
217 452
439 789
628 47
398 982
181 201
901 611
818 843
578 618
178 663
424 269
245 707
368 602
699 538
701 826
238 849
325 241
482 461
494 183
704 949
436 586
569 202
287 248
364 821
568 215
893 493
347 920
567 691
559 674
754 782
540 746
548 938
77 276
810 853
109 576
583 758
71 725
539 35
435 130
775 181
297 893
940 345
920 465
645 323
720 321
298 910
553 583
681 464
497 574
381 438
447 441
832 450
595 209
906 335
195 740
845 343
759 99
760 607
290 481
611 664
105 710
52 566
344 556
615 109
846 803
558 573
86 698
423 344
653 496
630 328
439 316
822 584
894 564
118 495
471 503
409 557
347 45
47 373
585 202
844 246
306 632
609 693
603 891
606 310
308 651
548 108
213 417
410 79
195 607
531 8
740 264
643 634
325 460
788 467
605 269
466 149
917 441
451 825
433 952
732 937
543 498
616 807
715 617
247 87
381 940
944 601
287 210
32 414
29 639
27 388
93 224
873 192
251 243
33 585
24 462
719 170
174 386
504 416
566 548
248 762
568 448
401 536
62 524
787 722
635 899
561 95
609 937
574 726
899 714
408 527
834 473
736 187
273 463
611 83
313 611
436 862
293 739
674 940
941 427
948 329
472 66
141 446
207 299
281 257
456 399
808 595
465 694
310 346
623 65
209 748
891 747
815 512
914 525
864 403
266 892
790 585
156 839
918 348
510 651
402 922
252 72
322 541
577 376
620 608
399 495
755 221
530 931
949 623
667 600
319 194
118 237
456 882
33 530
502 250
715 247
189 876
296 860
903 302
870 259
390 503
440 24
480 726
856 464
432 261
278 85
874 398
277 580
182 177
657 897
425 459
96 412
366 513
415 58
283 942
601 714
597 368
273 235
817 261
280 104
385 798
521 840
278 493
876 409
255 868
158 139
442 240
567 596
667 575
714 650
196 586
687 639
250 817
789 689
95 501
806 694
827 144
677 239
961 612
510 975
753 909
204 488
480 512
248 194
462 607
690 483
811 271
374 490
753 476
128 220
472 868
324 948
864 740
731 330
283 121
444 47
571 47
855 668
477 482
827 236
272 548
929 661
107 341
212 205
346 752
142 691
605 735
752 688
636 549
705 291
764 862
743 806
388 322
460 896
815 383
85 482
226 101
110 190
783 136
543 209
209 820
795 513
57 543
416 171
666 100
716 83
661 782
460 259
811 709
693 629
655 697
655 863
765 288
173 501
645 226
350 429
749 747
296 47
780 96
463 982
262 386
615 428
442 285
602 381
473 398
613 983
634 218
723 903
93 325
852 204
551 747
814 398
273 711
574 565
347 734
415 929
855 833
414 716
278 610
339 250
344 589
564 374
183 464
237 884
234 572
529 909
632 94
97 524
866 664
760 249
229 187
580 251
105 548
381 224
434 488
511 928
394 964
508 938
915 710
832 297
769 156
192 568
382 67
686 959
685 857
394 411
37 565
192 156
50 471
173 274
980 468
596 479
655 181
450 678
752 273
53 588
411 690
177 190
705 72
495 390
359 140
530 614
513 271
202 898
686 325
271 118
473 349
172 719
488 378
357 412
661 507
287 156
554 789
79 550
579 274
593 635
616 909
482 242
355 788
221 111
241 834
312 529
348 874
209 321
69 341
699 175
822 245
335 303
476 257
563 660
953 529
592 306
818 560
332 176
759 900
4 443
161 760
217 570
600 349
137 381
935 582
773 900
542 290
282 505
603 577
896 198
233 347
485 141
847 274
150 385
659 792
836 758
150 562
552 721
689 504
300 785
125 335
684 740
363 85
221 854
906 460
488 316
982 608
803 171
570 320
436 885
357 489
647 855
987 404
685 868
341 509
940 370
282 181
591 906
295 615
87 646
408 399
664 422
695 391
256 528
390 557
381 814
629 121
962 316
368 223
693 231
427 565
460 302
921 592
465 290
941 276
647 512
74 519
449 343
827 172
609 611
194 179
742 249
674 87
940 522
32 625
778 430
649 669
366 305
138 456
278 222
591 21
791 843
140 677
956 306
731 751
401 802
399 764
217 94
375 792
686 701
751 517
211 432
460 127
440 846
518 296
696 55
303 138
640 919
480 650
622 768
969 334
429 301
393 894
382 190
861 765
558 309
765 624
478 886
256 678
832 129
152 822
559 176
760 302
709 671
785 799
598 667
456 965
431 637
602 436
207 533
797 393
252 830
192 649
329 130
636 453
365 275
280 786
459 338
891 780
452 734
177 429
164 700
597 941
419 181
590 801
206 808
501 493
870 367
905 447
967 505
791 774
674 525
847 325
146 645
238 427
834 154
691 942
315 110
768 591
190 546
197 244
766 466
929 369
909 323
507 461
45 612
746 439
586 97
574 236
374 913
393 781
561 629
241 585
357 923
599 84
514 537
624 514
735 74
805 810
155 695
136 419
720 125
458 745
649 799
482 709
763 334
220 583
739 596
152 581
905 640
123 589
912 586
325 393
273 798
835 584
476 4
374 566
693 144
355 969
665 665
105 566
257 119
349 662
723 822
137 707
156 525
668 406
347 82
824 337
245 252
397 474
647 72
556 334
474 492
179 150
274 627
208 332
667 498
596 653
931 571
445 554
333 443
615 397
769 420
430 161
205 166
395 570
857 308
783 740
594 975
364 951
651 104
344 97
668 901
755 354
843 263
646 765
176 767
738 695
286 596
172 480
803 455
997 472
871 684
416 313
297 497
973 651
616 587
635 736
729 787
328 796
96 556
137 582
457 813
164 619
593 113
769 531
988 588
461 386
411 91
519 510
243 364
343 355
582 653
311 589
672 121
299 765
511 665
559 4
459 480
503 332
634 517
313 405
720 635
725 842
443 946
515 450
645 362
129 646
829 672
698 377
775 337
678 781
611 213
344 770
326 719
143 748
205 512
683 249
98 652
113 792
694 607
741 548
964 404
338 39
527 809
299 276
838 178
683 896
462 108
123 732
571 577
816 411
607 405
517 191
641 118
838 506
581 109
666 56
64 311
869 837
844 428
405 462
48 435
164 261
580 846
341 857
618 154
510 628
729 58
393 91
456 414
318 181
820 807
374 404
483 635
859 246
