831 1734 7 373
339 355 62610
170 317 16553
85 807 42190
187 476 13601
270 322 10630
355 572 35000
105 220 38013
337 359 27659
142 295 10817
158 377 15000
243 742 15297
285 497 31016
138 641 46755
613 679 83934
174 701 44553
415 800 24597
484 749 56586
253 619 48549
577 758 24187
712 734 26000
315 366 18385
35 379 45277
73 559 26683
137 244 35341
502 810 44045
435 565 74793
812 823 10817
366 673 60017
18 66 18028
496 771 43932
64 335 33541
30 429 26000
81 437 27166
310 597 24759
317 328 36770
192 262 15033
345 697 13000
494 536 43932
443 654 55543
137 656 53339
290 399 61294
241 251 27313
426 642 38013
38 699 25456
373 824 27019
57 133 20248
236 276 121696
502 689 45122
609 736 49336
49 666 20591
263 486 36674
207 435 20616
478 525 35511
292 468 49244
263 571 37162
252 738 69116
53 812 34205
61 665 58694
106 675 19723
286 356 26926
211 603 50010
62 494 37947
217 489 17464
303 545 33734
556 750 14000
267 498 66219
567 588 31828
37 303 20000
372 508 29530
60 151 22804
661 756 44418
67 680 38419
156 708 20000
475 554 21095
71 753 24187
107 830 23000
391 636 53852
207 659 57628
102 666 22023
82 645 14318
572 670 19647
212 686 61294
45 60 20224
285 582 35114
172 688 44822
236 596 17000
325 628 15000
326 640 32016
334 740 31780
612 634 43566
144 395 34438
379 542 37483
196 490 27166
186 217 35128
446 448 11045
682 696 35805
124 502 45804
797 822 23195
298 383 38079
197 671 38949
534 556 52953
462 807 14866
103 204 42048
161 752 28000
13 724 153600
306 414 38484
14 722 23087
81 808 27803
368 615 30000
282 351 33015
386 780 26627
262 607 32202
164 578 41593
169 736 52393
304 436 18974
74 341 39408
606 653 12166
387 632 35777
370 645 28000
183 447 41183
700 831 31953
423 513 38897
95 308 29206
200 650 13000
3 90 36401
184 417 42485
150 646 12042
406 720 47518
8 494 20396
197 570 18385
352 551 55444
471 568 27019
50 215 36674
249 302 22361
24 829 43186
180 438 47927
57 234 21633
43 159 52631
621 773 20518
248 475 19026
535 555 35014
408 781 20616
55 744 62370
94 691 28018
314 702 29967
434 504 10770
499 813 19209
456 656 14560
152 312 45044
143 544 50990
166 465 43829
76 118 46400
98 625 33941
216 468 53151
526 662 12042
524 642 47676
320 743 51196
491 514 25495
66 423 33015
540 592 38275
62 419 44011
488 619 67543
26 641 59034
59 190 53310
168 703 18248
112 297 18974
208 348 14560
395 723 34205
26 686 61522
426 493 29155
637 721 22204
150 281 18028
122 210 48104
464 660 32527
345 668 20881
305 377 18788
575 705 10817
368 483 10050
174 495 23087
85 441 63063
238 743 21401
503 617 32016
221 642 26077
138 409 10817
254 378 18028
259 772 11045
330 688 39051
369 696 17804
194 380 29732
247 566 20396
55 410 46400
87 472 56569
162 816 18248
155 699 19000
76 590 50120
307 432 19026
570 692 33061
578 780 28178
386 798 38210
456 648 53367
638 741 28160
170 421 51420
9 692 12369
172 560 36125
386 536 39661
83 826 34928
339 662 33422
323 537 20809
312 367 34785
517 746 18385
329 619 67268
286 503 44598
89 584 41593
105 672 36346
481 738 23195
111 432 17692
259 431 48508
513 747 12166
46 462 12083
229 725 34438
193 733 51000
280 453 18974
474 620 45277
305 470 17263
719 729 39459
293 414 50961
52 768 37736
84 152 22204
587 669 56886
34 96 22091
30 782 33526
330 362 45222
114 326 33541
22 80 29614
631 763 56321
228 418 40706
18 797 44294
565 576 86006
186 355 37108
55 250 88006
266 714 61400
36 322 37108
194 776 26401
85 597 45618
398 599 40249
557 603 46228
243 393 37216
226 786 64622
430 604 38833
668 822 36878
479 554 17205
68 828 63388
40 687 31016
222 325 29275
362 688 17029
161 746 22472
408 592 20396
345 565 127816
556 638 39051
135 467 22472
553 663 16401
484 753 12530
253 488 37000
381 438 17493
196 669 23537
247 393 31385
145 717 46519
544 806 47539
411 489 32249
58 618 17117
521 709 11000
128 732 11402
315 775 40792
225 567 34059
637 787 23537
15 446 22804
129 163 15264
288 300 43290
64 578 29000
361 751 33106
791 820 15811
11 603 46098
216 777 40224
51 80 14866
514 819 35440
202 370 19209
19 750 26926
369 425 30414
225 588 24187
22 605 27785
140 222 23770
452 472 37121
215 809 41037
100 384 23770
126 791 19209
41 536 26019
560 701 26249
340 629 24042
36 532 60902
372 511 14318
503 634 42048
334 583 47760
579 735 43139
262 745 80062
656 776 52953
124 558 25020
102 120 51078
54 149 39115
144 287 31241
82 528 33377
242 532 16553
399 728 31145
42 139 23345
5 409 40522
42 756 42579
212 789 28178
355 662 64351
419 564 48260
383 825 52240
38 155 18028
250 297 15811
388 702 27074
287 592 39013
389 565 66491
19 215 28320
674 815 40112
263 604 52240
198 506 21587
12 663 52086
118 375 13038
646 722 52402
379 737 20616
136 661 72062
225 430 53235
11 149 21024
226 458 37121
357 709 17493
703 760 45000
76 214 72533
79 191 28844
109 397 13038
25 469 15811
276 552 76694
446 622 23431
253 463 29428
543 737 30265
359 738 18974
283 453 15033
529 677 16125
352 605 18439
536 780 47539
244 776 22136
628 758 34176
466 735 31241
290 519 41049
680 775 43681
328 444 16279
48 715 53935
64 318 37054
354 484 17117
272 660 47508
600 734 34785
275 671 12649
485 819 40853
144 438 38275
185 311 11402
111 254 42059
293 815 50329
102 619 68015
210 288 28018
33 722 27019
460 827 11662
10 358 52402
109 321 20125
342 551 19849
74 258 54626
351 510 17263
743 790 25495
195 418 34234
585 721 17263
75 736 37162
225 420 31906
178 237 50289
112 505 31623
20 451 48600
250 505 47011
28 613 25942
350 726 23431
421 789 51039
579 706 46065
428 571 20396
22 488 31016
238 277 34713
476 502 48374
577 649 39459
352 583 43566
131 509 16492
33 605 38328
337 442 30414
400 539 69971
28 706 22204
265 392 31385
574 684 37947
294 343 41110
222 500 43046
119 133 10050
344 614 36674
187 484 24331
4 545 40497
511 672 21954
198 394 18788
582 643 48332
211 241 51039
643 655 42638
208 626 23854
451 728 49092
380 726 30676
353 588 40460
549 571 19235
48 501 45398
467 804 13038
44 394 32249
304 754 63695
152 615 60415
508 710 11662
81 769 36620
635 667 34713
268 475 34409
140 247 25000
57 666 29833
85 430 35171
417 654 28178
48 229 62129
194 304 30017
23 500 33971
661 682 31401
233 705 17889
413 559 48754
447 507 25554
508 647 30887
572 787 31401
173 181 20248
93 288 49396
582 785 21840
3 491 57306
526 801 36235
219 782 53075
357 814 27803
50 499 36139
220 297 29547
48 758 33242
659 669 28636
756 774 16279
294 597 57009
732 745 38484
53 423 46840
282 574 46840
182 260 36235
171 813 23022
154 193 53759
478 763 49739
339 476 55317
452 704 28443
104 611 17029
624 804 10440
65 762 58034
115 786 76368
153 424 12042
199 537 42012
185 253 49578
413 544 37656
74 254 38079
102 569 65460
225 604 27019
114 734 38079
17 246 34059
578 602 58523
153 578 27893
445 749 40224
54 763 11402
450 819 24083
525 763 45880
670 738 65863
275 296 34438
240 811 53460
63 142 26571
671 792 43566
135 538 21213
41 396 24515
178 829 33000
72 782 34132
272 519 52010
602 773 30463
344 805 15264
177 340 67201
36 242 61847
292 316 26000
286 468 38184
482 577 36770
89 171 36056
271 702 20616
371 738 67676
205 472 43932
95 760 37947
97 392 25020
610 648 47170
415 508 18868
1 521 35341
32 177 56436
607 766 57035
67 775 16971
401 644 35847
174 775 58600
7 402 21000
188 563 15652
260 280 39850
190 214 56080
561 651 56613
251 525 19647
339 518 63820
473 601 22023
589 810 28018
101 176 41761
273 598 17889
161 317 30083
428 693 27074
137 323 10440
30 376 40608
507 734 51039
12 83 47011
2 594 25495
338 521 23087
199 223 37000
23 87 12369
146 174 37696
360 586 23345
317 789 30017
584 809 16553
1 100 29530
24 795 51352
316 644 18868
91 763 29833
192 607 19105
391 555 27659
267 469 31385
286 316 23259
108 784 25179
10 543 82492
336 377 10630
441 625 25298
85 580 40262
423 812 25060
177 281 57689
199 284 39925
11 751 26420
498 689 60828
315 524 23431
255 496 56824
451 483 23770
219 505 53226
130 554 20616
98 480 34015
403 528 46239
137 302 22204
22 723 38484
541 673 61555
160 580 56080
746 789 15524
115 197 36674
98 430 36056
175 320 57385
273 411 19026
46 760 17720
124 476 37443
422 578 63812
103 607 42202
308 732 13342
365 718 11705
45 89 29547
175 185 29069
426 445 13038
288 717 131004
350 380 31305
588 630 28862
236 394 134618
334 605 36401
539 817 66843
234 687 19849
219 385 85907
626 720 44654
2 404 10817
258 378 46957
1 761 21213
34 550 14422
614 805 44407
202 403 27857
191 361 21633
16 298 22472
616 679 26019
75 529 27459
113 282 144156
107 465 18028
205 500 21095
377 741 24515
389 730 46011
227 624 50120
311 646 41593
415 647 27313
32 818 36125
642 779 25080
143 741 25807
407 633 29069
587 816 41725
167 707 38275
109 721 24000
255 276 49649
162 610 52154
40 767 22023
328 555 24207
35 432 36401
373 650 21954
20 44 36770
401 614 22627
37 831 23022
318 335 14765
249 274 24021
182 280 21932
507 712 29547
125 270 10817
103 531 27659
202 617 13928
195 575 15652
40 381 32202
13 126 220966
240 272 23770
503 566 27203
143 774 34928
240 621 35228
102 329 43417
254 432 41400
90 595 57723
186 585 30806
212 475 60017
31 387 58215
664 716 53038
305 741 20000
246 584 28302
75 165 29155
78 437 31385
173 717 63561
264 548 36125
315 681 39115
189 496 23324
445 493 20000
190 474 21190
13 714 19235
314 682 48042
65 510 33015
55 777 120599
657 755 26476
480 772 12806
12 474 39395
220 250 32140
284 537 45000
382 593 33121
238 374 39699
443 522 14765
423 747 30017
748 814 29155
242 293 42107
277 374 24352
396 527 16643
55 216 156952
27 548 12042
24 228 51971
458 570 32757
88 229 13601
228 483 10198
622 663 18358
612 725 50210
618 831 40706
492 603 18000
344 410 29206
368 451 22361
266 382 53814
320 657 32696
222 649 30265
263 690 54120
124 753 14142
541 681 33956
147 284 39395
218 791 11402
364 719 13416
230 291 11662
599 768 28018
280 653 37121
452 580 43600
45 678 19723
7 97 28302
177 465 51010
815 818 30594
19 336 30150
271 591 20248
479 779 42012
286 370 42720
99 420 18358
42 665 20616
262 568 18439
417 711 37054
75 121 26249
77 797 29682
44 312 69462
81 694 22136
313 703 23022
560 688 56089
538 579 31765
3 652 32202
293 306 39115
25 745 59034
457 675 14765
535 680 17720
153 780 22804
540 561 38639
252 371 18682
162 196 19799
416 540 18385
295 678 25495
469 766 21000
264 586 50448
69 564 28653
68 382 83869
94 723 25554
78 349 26627
89 215 38210
69 516 30480
204 568 36249
11 525 53488
267 285 26401
139 544 42202
466 579 55109
467 538 22204
300 520 33061
419 606 25554
115 733 69857
25 785 31401
166 440 55227
710 729 21213
54 525 40311
8 653 22136
32 815 33541
211 374 31064
155 443 31828
250 744 26401
392 823 44272
261 468 31064
357 521 15133
194 828 34928
421 535 54203
356 634 21401
471 629 39598
265 491 36014
417 542 45541
551 708 62241
570 786 48260
199 610 34828
18 747 25298
184 379 56356
399 811 17263
349 406 34000
424 738 44643
468 777 36401
340 471 46325
200 255 40311
154 155 50990
141 373 34828
56 203 55471
31 820 25962
491 595 51624
23 550 59169
171 332 18028
188 396 25080
241 603 39623
454 512 14866
646 708 25080
50 813 29000
301 364 26420
464 667 29547
238 633 44777
487 616 15133
157 311 41049
53 819 13892
87 732 69007
664 788 49659
3 595 71840
11 54 34000
171 499 25318
38 443 24331
173 210 42720
52 398 24021
259 567 13153
384 569 65970
139 756 33971
58 363 43681
177 407 45177
437 808 14866
51 408 34132
569 573 28460
236 312 46573
268 803 25080
126 820 33601
249 323 28636
65 793 62769
637 798 23345
298 627 16155
610 656 68768
363 700 41725
167 401 32985
309 387 46174
546 566 30610
637 821 11402
47 200 11402
325 612 29206
608 779 11180
37 700 34482
179 523 46690
160 209 25495
203 332 24759
625 718 35355
4 303 48847
168 462 27313
72 477 17029
79 751 38833
313 764 37802
270 801 16279
249 382 49930
419 757 35057
232 495 21954
392 423 51000
73 668 28636
593 714 15264
476 753 29833
91 489 10440
227 706 53151
566 612 30887
234 726 35805
87 731 52345
142 429 29411
110 181 36497
21 820 23022
440 457 22361
684 793 78026
56 559 105589
117 524 22204
486 599 40025
602 621 29069
195 228 61911
48 327 34713
6 608 38079
431 567 49010
241 306 48000
268 655 19849
425 470 23022
641 794 53160
16 183 102883
783 803 14142
611 711 31145
99 473 14866
353 630 33136
762 793 22000
146 495 29120
212 517 29069
15 440 17029
418 451 27166
195 705 13928
638 750 38328
394 506 25554
200 552 27203
292 707 36497
437 527 42544
515 755 55154
309 467 22023
299 398 13153
186 598 30610
444 555 18248
721 798 30067
697 822 23770
157 743 17263
332 765 23345
62 321 43658
89 678 33615
242 674 51856
21 735 30414
53 207 31321
77 139 41725
255 701 50478
101 235 17117
228 368 16279
216 288 66121
166 675 47074
237 252 12369
513 665 43267
144 592 24207
19 158 32016
457 826 34015
181 752 29614
47 547 17720
461 498 26870
55 331 80156
248 421 42720
12 620 14213
136 314 40706
141 541 30414
482 649 23854
156 551 57219
745 785 38013
159 218 48466
22 463 20809
353 809 34205
38 522 15556
70 222 14318
198 399 47424
129 418 26077
45 257 10198
303 831 20248
279 328 18385
289 454 21213
547 650 20125
186 572 44407
21 466 53488
222 409 34132
57 102 40311
73 77 59405
137 776 43829
181 210 46011
246 623 15297
111 542 35228
14 352 27459
126 466 100000
78 527 25080
184 542 58181
556 806 52154
131 158 28000
180 436 12166
375 595 66370
403 517 52240
374 557 13601
562 733 21633
13 593 23770
787 821 14142
112 683 15000
220 410 21095
39 86 45880
82 370 25554
207 485 54083
10 134 32202
201 799 26401
147 274 18028
32 414 33302
507 808 27019
129 575 29206
162 669 38079
193 296 60008
179 715 20100
63 151 32016
126 282 59775
478 532 11402
531 539 66708
102 333 36056
420 588 29614
4 35 29155
245 519 16125
79 755 42450
444 636 14765
308 703 36797
304 776 29833
294 486 57079
562 788 38471
172 330 19235
296 609 16279
455 550 59211
456 754 22472
111 307 15652
207 669 51624
76 190 43863
713 715 28018
206 368 38484
35 307 23259
359 773 26249
769 825 29017
80 605 23431
386 424 40522
225 601 29000
109 217 38275
534 765 29069
439 752 36249
647 800 17804
132 602 27731
449 827 46840
303 432 37216
426 673 40804
138 742 48166
158 431 23345
613 788 40447
29 187 24042
439 517 39205
257 678 13892
681 775 59816
174 412 39051
5 759 27785
97 590 37643
302 382 56859
43 218 51157
427 799 26833
814 827 36878
148 512 21190
128 745 34713
445 533 33015
260 563 33015
177 633 53235
39 169 48918
319 769 28636
95 732 36892
93 261 25612
450 514 19698
321 489 34015
74 111 29000
77 413 65253
48 725 67067
479 497 69584
165 751 43566
15 448 21587
161 789 23195
341 512 11000
70 628 32388
51 592 25080
146 412 12649
264 620 43863
43 126 51614
280 283 28320
149 685 37000
206 615 35735
365 480 33015
74 542 48104
689 796 73000
125 355 26401
490 610 39115
255 650 45541
702 739 53141
672 805 31321
216 261 57585
34 785 56143
134 616 43600
116 159 25000
320 790 40804
48 612 44553
174 232 35114
41 318 13454
107 150 33015
717 784 27586
565 730 35355
22 51 34928
459 522 18028
502 558 38053
152 206 52393
166 231 45398
493 642 33242
245 290 45222
452 713 17000
737 799 48754
330 495 16553
146 391 56921
96 803 18000
268 794 25632
202 546 31113
335 348 12806
131 630 22472
3 456 53160
431 630 16125
122 439 37202
12 264 45188
154 664 19209
75 169 38626
614 676 46325
546 742 35341
110 279 28636
84 547 18028
29 256 16125
138 783 58241
10 104 32249
164 626 12042
301 719 17029
614 725 41012
56 534 15811
432 831 29069
429 639 46530
36 817 32558
548 703 37336
401 676 47011
400 461 10296
144 180 55946
279 636 30017
157 281 48877
354 795 48877
132 347 12166
317 752 46228
163 728 22472
253 802 47424
29 829 26571
273 489 19235
360 441 29530
408 740 24042
604 690 20396
698 779 26627
114 600 30000
406 712 33971
481 602 37643
221 530 34176
215 584 38079
460 761 20518
140 325 14765
24 195 58549
99 549 12042
516 564 34059
388 591 25495
119 827 26249
587 724 86052
250 683 24021
3 514 54644
158 336 17720
375 590 70859
400 796 14866
175 311 33242
237 518 11662
86 193 66068
214 474 42521
422 602 26627
507 600 69318
80 408 34234
185 722 41785
14 551 63246
383 545 11180
283 769 30000
630 695 11705
113 126 203735
213 673 65765
74 417 50990
337 738 39000
118 230 35057
145 688 37121
373 547 30676
27 764 62032
314 661 62434
302 323 17889
61 136 39812
14 33 23770
72 278 34670
59 446 32249
239 264 47074
499 765 25318
29 476 31257
706 788 37577
62 397 50606
86 654 71169
299 647 16279
377 638 35468
453 700 34886
214 239 57567
141 824 26476
405 730 35805
515 736 24597
233 621 22023
403 742 55000
366 541 38013
331 777 43463
525 603 38601
71 484 32558
57 726 41110
402 590 13000
149 751 34928
446 583 51264
37 283 47011
261 370 40719
115 671 26077
284 724 90443
165 516 60745
15 342 21213
43 351 42579
53 823 32450
17 142 33015
263 428 38328
52 508 31890
36 801 32573
88 614 34482
110 784 15264
40 304 43290
58 419 53488
490 648 10630
501 523 20248
218 820 18974
83 548 32757
243 546 29000
287 561 39825
341 417 34828
136 591 35355
333 761 29530
251 478 26401
5 500 23537
152 547 35355
55 676 23770
731 785 25612
152 581 19105
391 775 52202
114 640 16125
517 686 44944
286 617 45651
481 773 24352
147 537 21932
539 818 16401
347 602 23000
530 680 20100
258 289 36235
214 727 70803
755 790 23000
225 480 45177
123 806 20000
291 334 16643
636 784 43566
176 745 67007
718 772 39661
794 803 30529
116 814 14213
452 482 28302
189 650 31064
463 488 18028
310 580 22472
99 809 43046
299 800 12083
411 598 20248
119 761 33377
170 535 35355
511 729 16155
100 120 13000
177 306 31257
679 716 21260
96 783 12806
395 691 45607
79 277 41183
43 510 51000
509 809 32696
466 487 191003
424 670 46098
176 471 28320
379 427 31305
8 280 38419
692 792 25060
326 667 29120
573 802 30414
331 707 27803
716 788 58421
568 629 29017
397 798 27459
27 313 53000
201 427 12042
108 110 16279
605 781 33015
796 817 13153
462 586 28302
92 256 28862
76 702 58310
24 390 26249
269 639 22204
348 626 16031
27 826 14213
590 595 46840
391 535 22023
418 575 20224
350 767 14000
34 643 37483
460 814 36770
375 561 45277
30 639 41195
431 695 17692
324 667 32650
230 740 34886
334 352 39812
106 235 22023
112 719 39812
387 709 13928
324 464 49729
245 660 14422
524 673 56613
573 792 52000
272 635 66400
68 726 26249
13 284 63253
205 482 21095
240 602 31113
88 805 43417
485 514 25318
53 389 32016
291 583 39825
138 393 20518
192 204 30000
403 686 14866
299 486 30083
447 694 11662
552 596 29682
256 484 25495
754 776 56080
61 591 23601
441 807 43829
7 271 17117
373 581 33015
208 527 34015
356 644 23195
442 621 43863
67 221 48826
65 827 50220
390 442 23195
213 824 44045
227 538 52154
137 828 35693
127 284 48836
420 601 29547
131 695 15620
304 350 44643
613 706 11662
423 665 63127
188 769 31064
235 826 43417
32 629 21932
126 218 27514
310 343 12042
372 672 27295
77 665 51624
661 774 41593
435 669 49497
577 713 24083
151 376 20616
8 260 22804
623 693 16553
550 783 22000
9 569 62426
375 416 30083
449 748 49031
178 371 41869
547 596 40311
64 780 33242
309 632 18439
2 454 21024
545 627 20591
101 658 37643
71 124 12207
536 563 40497
93 300 31016
484 770 38588
115 193 46141
526 817 22361
651 652 53535
555 636 31257
170 328 34785
164 720 49041
360 462 21541
209 580 39560
276 701 19105
619 802 12728
115 275 24166
18 576 39598
326 635 16155
258 594 17000
355 518 30610
338 814 30017
267 689 62298
121 516 36401
48 628 35903
699 716 34655
223 724 24187
117 221 48166
421 698 33015
129 811 25612
211 407 17464
277 557 15297
321 631 26571
445 673 42059
644 725 32450
48 577 46325
497 643 55000
85 209 21024
189 373 26249
23 759 41617
405 576 41485
631 757 36222
340 658 15000
260 536 36688
601 604 24187
211 306 29614
76 402 45354
180 652 64382
55 707 62032
363 606 22847
203 559 140293
473 549 21401
1 338 25962
428 549 31780
505 719 29069
319 437 30414
9 458 41146
80 781 24759
134 699 41195
515 657 45880
109 489 40200
376 429 25710
759 783 32450
305 369 43046
704 715 38328
589 689 25942
306 407 37363
553 622 22804
26 212 42048
250 385 174725
220 744 16125
219 364 36878
248 479 33061
229 372 48703
399 519 68600
64 348 33302
206 581 50040
662 796 30594
199 323 56321
369 470 40311
33 253 38601
168 760 34205
183 600 122376
472 760 54342
229 327 45000
342 446 29155
486 523 58249
681 771 15811
403 645 26926
151 171 68264
123 544 38419
18 405 20809
365 625 31575
31 504 48549
402 702 34482
450 491 36688
482 713 24083
497 589 38897
145 636 53075
358 543 32757
274 593 22472
92 354 39699
297 683 10817
18 513 29732
296 515 58873
219 477 22804
20 728 41183
101 764 42450
600 640 32249
163 399 19209
28 616 134406
97 591 34525
12 59 43600
143 638 22204
433 769 26907
324 600 64382
471 658 45177
634 725 28862
65 684 32802
424 821 41146
130 268 35355
327 501 17029
442 773 40608
455 731 22136
92 795 52393
141 681 31016
36 674 36797
278 477 23324
4 16 60877
329 488 42297
100 226 21190
118 740 34670
212 746 29069
613 716 79404
314 388 11000
265 823 48549
689 810 28844
439 746 38275
223 610 19849
217 273 13000
175 743 34176
517 520 45793
551 583 34986
505 683 26173
338 761 26077
276 560 25060
117 315 12649
608 642 24698
69 258 19698
227 579 48918
646 830 17029
108 181 29411
416 561 32573
257 295 21095
425 682 59008
51 723 32450
107 231 11705
112 729 37202
300 439 37590
239 727 59034
243 566 26000
184 711 17029
494 798 60440
35 542 35847
346 598 26401
337 371 50961
120 384 24042
623 809 37162
438 691 22204
4 627 42521
11 492 42012
3 659 59908
10 459 44553
439 520 20000
770 795 39459
214 702 87367
129 705 31906
496 681 53666
90 652 32985
60 63 19105
137 199 62650
337 829 49729
362 636 57871
431 470 21095
433 825 21954
562 624 46872
13 113 17263
561 595 34366
222 393 32016
272 667 50695
25 766 30017
164 348 25298
81 433 40262
322 346 15232
2 677 17088
197 792 42107
78 406 29069
86 609 72918
2 529 26077
21 504 53151
52 278 32249
6 493 16279
56 556 53235
52 647 10817
167 316 15000
204 607 20616
724 816 44654
260 494 22804
322 801 19647
345 576 48415
585 787 31890
188 319 29000
349 437 13416
639 782 16643
687 767 24759
9 573 51000
248 698 15264
240 519 65192
287 651 39357
94 329 16643
356 503 34670
629 818 43932
17 295 30806
624 733 35171
70 325 33526
148 654 34540
694 808 29275
47 596 30150
156 830 16643
145 362 24083
57 333 28160
122 300 40112
434 538 29155
305 431 28302
533 558 57280
461 531 12000
86 155 55036
84 373 29120
268 554 39051
52 710 30414
135 434 12649
392 665 62626
39 148 40162
383 433 64537
430 690 28636
682 739 15556
49 381 41437
118 190 46098
170 789 41773
491 823 41231
338 357 11402
182 188 15620
133 762 28425
148 404 39661
385 505 131366
400 531 21587
757 778 22136
286 292 26401
226 521 38471
382 828 58856
195 233 23707
54 778 48826
104 459 36014
245 506 66761
261 528 42485
123 559 81320
239 441 30364
224 653 21541
49 691 41231
358 611 26000
49 234 30364
517 528 51662
289 594 30232
685 757 21378
112 220 36620
412 775 37855
652 754 13038
134 487 34785
214 620 35468
372 523 55973
57 762 39925
121 677 35511
62 224 26571
263 601 43081
127 593 13454
335 527 28792
40 436 39217
40 438 44283
398 647 20591
361 492 10050
52 301 21024
480 718 37802
334 781 11180
116 748 18000
28 487 149265
564 685 44688
329 666 37014
718 727 16643
215 509 43046
215 813 30887
93 216 55172
549 809 45122
175 253 54120
391 680 19000
548 586 29155
269 693 36892
521 786 67469
244 828 22204
96 655 13000
35 201 38013
344 676 33838
180 304 30265
705 811 38601
156 231 18248
236 367 12042
125 346 20100
353 420 25179
363 618 40311
393 409 24698
302 828 24597
128 313 32802
105 805 36797
85 98 55218
449 814 40719
271 402 28601
232 701 20100
408 540 32757
69 594 33000
533 749 52154
13 127 31016
141 771 21260
538 804 25080
58 254 19313
87 550 63781
634 644 22361
383 627 29000
448 622 17464
143 696 36688
351 574 18974
314 739 38079
366 681 30529
175 573 61814
347 422 15033
428 486 43841
58 564 47074
269 599 40522
337 390 25080
224 606 22361
404 512 26077
31 632 49930
266 684 26926
163 451 40311
10 487 63820
184 737 58421
193 275 54083
114 720 56515
66 730 37336
87 95 58523
130 643 35355
46 160 23431
34 455 53759
91 321 28284
213 770 49366
421 530 62514
119 333 28320
72 768 31780
318 780 48104
378 564 42190
59 622 27803
149 778 38601
641 803 53907
132 240 10440
440 553 16031
106 457 30150
6 497 63891
125 801 21587
227 788 27586
152 367 46011
73 822 52498
343 704 13038
179 343 33242
191 492 29069
697 797 40608
134 522 35114
165 535
268 279
279 782
266 111
720 571
732 386
406 796
421 180
225 463
127 204
388 333
491 668
65 737
370 578
466 588
281 52
728 866
364 931
614 879
747 129
33 472
333 595
700 571
655 217
661 481
805 486
547 614
29 383
648 255
752 917
59 502
506 468
347 572
722 508
263 140
530 370
331 130
130 253
224 278
228 653
471 125
440 890
44 564
733 95
690 912
610 641
843 187
783 670
243 600
599 905
325 629
784 800
312 868
418 317
941 733
563 947
196 597
335 202
456 642
687 932
397 831
429 220
700 918
518 136
101 610
358 914
830 336
168 646
320 262
759 630
685 314
759 851
476 971
280 204
297 324
417 731
428 936
471 88
343 378
339 624
417 75
898 555
528 639
808 193
632 702
181 294
688 568
846 712
663 924
292 748
448 289
655 235
938 540
276 598
639 600
744 510
382 811
587 734
661 825
191 521
528 545
224 568
603 434
159 200
848 773
508 561
439 527
965 428
462 252
954 416
280 175
856 793
62 720
524 18
201 400
105 546
806 328
389 694
167 589
204 521
314 304
934 469
528 940
675 307
535 318
14 522
96 738
612 560
679 129
747 454
617 859
600 99
177 590
108 230
93 447
433 848
168 744
768 576
457 906
784 607
794 248
709 893
532 878
304 669
961 341
891 312
121 750
237 240
379 314
412 508
701 950
795 175
532 183
141 321
131 271
425 541
360 468
589 859
85 531
628 656
891 458
197 867
692 121
520 119
322 339
488 532
887 654
594 627
261 310
876 414
633 944
909 280
967 445
877 277
331 497
568 533
450 461
623 279
732 700
253 692
948 452
412 134
380 24
192 195
353 516
510 285
655 278
422 122
833 241
435 691
367 394
565 482
178 360
193 695
647 159
211 853
208 436
712 71
142 801
840 198
241 109
870 565
609 978
565 452
723 615
747 196
282 877
492 97
633 681
979 486
417 424
843 468
761 256
487 712
635 898
976 580
475 288
40 513
798 846
886 772
802 376
762 616
154 836
420 195
628 789
171 514
100 374
700 191
835 704
391 659
443 538
910 265
636 138
214 609
530 562
838 142
575 264
356 448
542 695
610 102
446 382
470 355
819 587
183 712
643 31
694 868
809 607
785 438
130 741
889 804
457 357
578 252
316 549
317 195
880 203
662 263
692 902
302 254
581 789
435 162
922 560
564 497
697 773
532 649
365 809
67 659
668 437
764 485
735 858
529 327
423 798
604 79
475 301
106 740
223 390
921 231
363 414
788 832
926 410
397 150
402 493
32 579
378 129
105 786
684 458
897 618
324 693
980 514
270 237
686 45
381 653
913 639
467 397
730 723
703 884
238 359
874 799
300 64
762 788
937 509
803 809
150 731
311 130
223 696
569 851
446 430
273 161
616 582
113 461
690 704
362 509
793 130
592 586
452 812
802 316
887 639
883 429
481 134
422 93
293 454
444 261
521 334
158 747
564 7
791 620
557 24
790 704
909 403
262 589
906 299
936 653
627 961
188 570
367 644
488 121
584 876
610 198
140 542
602 322
504 501
257 236
445 585
699 696
886 738
430 989
515 320
588 101
496 111
456 66
211 653
51 606
375 605
642 841
681 265
546 294
874 632
131 535
162 165
592 177
585 660
379 376
943 325
377 190
826 822
569 741
789 303
826 141
712 180
532 829
885 577
596 247
819 750
816 221
386 422
382 705
720 942
577 868
323 212
218 145
183 667
257 639
103 699
315 99
197 498
762 924
492 184
117 507
441 812
292 893
635 200
873 366
381 836
782 591
729 63
319 638
447 120
473 245
760 801
680 106
580 392
895 686
406 775
860 539
259 273
352 948
490 66
410 440
343 658
759 582
904 761
474 320
879 316
491 953
481 446
789 766
353 697
230 214
681 155
385 221
645 816
826 426
573 102
357 881
531 195
559 815
754 347
232 117
702 811
726 917
623 736
593 836
292 162
378 85
81 451
269 893
241 690
444 72
272 648
904 491
483 587
571 686
632 177
154 249
912 387
743 354
460 610
416 44
471 609
97 594
318 845
708 158
697 657
379 144
267 258
671 525
228 767
505 591
188 481
158 236
148 571
585 401
605 652
321 578
612 20
449 512
14 422
114 439
924 591
656 466
572 834
549 512
680 624
656 811
455 684
784 457
644 286
776 852
468 333
752 436
588 768
577 160
712 633
702 181
679 282
285 823
733 780
75 241
304 584
458 292
208 826
329 810
389 375
743 374
441 184
899 284
853 253
683 427
604 420
608 940
725 594
777 715
638 334
855 603
85 461
846 823
707 50
438 31
805 776
633 855
68 609
832 756
257 247
384 909
310 827
293 380
343 282
865 487
565 270
645 47
904 511
133 520
141 242
766 732
784 331
438 352
572 356
461 111
903 522
282 301
834 364
585 413
477 340
716 373
578 952
859 383
470 151
141 759
96 426
520 428
336 690
772 269
245 171
169 133
498 916
304 97
848 587
826 192
556 622
673 824
730 520
430 598
862 182
484 603
766 446
894 384
588 900
378 411
676 332
470 997
933 253
343 728
115 372
436 129
345 248
306 958
829 611
594 787
550 485
261 514
195 449
682 807
546 259
270 487
45 624
661 152
392 959
738 659
539 156
68 411
671 692
797 194
672 491
412 628
670 883
503 255
581 637
224 914
616 810
671 390
393 775
416 817
323 654
87 728
287 262
348 762
846 157
673 722
491 309
724 819
500 0
657 789
588 124
407 375
645 768
357 609
398 199
578 468
767 401
235 343
169 823
172 189
814 638
41 360
879 702
736 162
73 256
875 578
337 185
275 523
500 679
614 137
478 625
697 853
124 418
563 710
512 110
294 79
791 635
521 484
609 838
419 252
101 475
397 466
857 645
551 39
925 380
504 239
550 891
748 876
532 4
803 545
776 378
716 471
877 655
885 549
403 516
778 791
216 819
732 620
835 210
289 711
260 756
400 187
205 227
749 498
214 771
306 424
504 516
246 832
635 43
505 845
581 348
494 616
126 333
420 885
225 590
585 32
450 983
234 858
541 240
227 402
843 737
730 314
503 395
498 578
918 727
284 285
680 895
72 282
854 366
805 277
500 814
865 805
81 636
379 277
849 529
229 622
944 308
648 378
649 748
275 626
228 451
704 838
410 54
605 849
521 843
435 977
793 425
112 271
348 160
908 245
439 785
591 609
692 685
652 146
47 370
919 675
405 541
122 520
811 786
193 212
465 43
714 657
74 720
730 680
88 296
981 383
558 745
820 810
537 73
486 252
368 555
298 611
157 860
850 673
193 638
544 754
711 109
826 771
323 927
650 532
619 569
133 384
489 33
38 442
282 358
199 137
574 183
489 803
360 675
553 863
816 572
343 465
900 780
635 534
872 470
372 907
87 546
720 321
588 886
365 346
919 458
673 293
247 755
332 419
482 883
383 256
759 647
734 547
627 636
162 556
159 612
425 308
569 556
604 965
635 466
211 639
752 820
396 105
712 262
810 262
580 778
600 152
498 886
842 324
204 719
953 613
390 277
778 403
514 169
356 642
762 885
752 520
962 403
666 512
147 454
527 234
81 354
868 455
332 442
29 510
250 439
159 634
788 494
706 223
575 378
403 952
488 222
220 93
767 777
540 339
284 514
762 510
121 428
873 746
544 928
610 666
439 58
663 868
672 362
663 109
345 859
620 925
114 557
500 435
194 885
562 376
530 441
300 861
34 495
513 232
426 955
339 850
789 222
367 104
536 605
142 581
161 709
623 246
416 527
318 149
