691 1330 26 54
452 589 45177
50 407 11705
80 430 46755
449 483 64413
327 644 18682
91 96 17464
396 419 21024
108 351 36497
223 245 24042
223 531 41785
223 362 52000
432 483 59211
205 550 49041
17 381 17889
164 353 49163
263 638 18439
141 445 28178
485 508 49396
93 180 23195
45 639 38588
229 501 24759
180 614 10770
106 408 61911
111 465 74518
369 521 17692
46 149 41593
28 130 60208
537 646 29069
94 443 17493
154 359 59059
422 532 46325
283 526 29017
104 431 33734
30 217 22091
569 616 79057
176 177 44385
118 246 25807
268 522 43081
252 552 65620
417 612 83000
361 609 18788
96 323 27166
253 507 75000
227 260 63695
371 382 24698
564 656 25495
87 552 36770
336 403 41183
103 534 30265
292 566 41049
311 496 34132
38 293 119503
98 373 20100
443 579 60877
297 663 52000
24 152 28601
89 248 28792
73 204 33121
53 644 18028
432 513 24331
523 619 38833
164 310 30364
148 405 49820
59 206 31623
163 636 83006
537 622 26683
76 389 14318
310 488 16971
11 212 24021
21 411 19723
423 616 38626
378 543 32016
44 631 51478
198 261 36000
306 455 18028
191 220 59942
18 517 17804
590 621 19209
168 492 20518
70 220 60877
359 420 13000
266 552 60208
330 537 27857
316 507 19026
95 307 33242
101 324 38079
421 438 46325
233 650 17493
192 234 44418
111 331 38897
143 336 34132
33 565 46400
485 540 38013
166 614 26306
166 620 33422
193 262 58592
499 645 43863
355 547 32062
110 280 109073
266 444 54129
159 462 146697
7 382 11662
293 345 17804
87 252 66708
330 470 31048
35 280 39000
374 403 35057
239 410 45310
169 247 64777
380 590 70831
44 519 31000
19 338 50636
602 681 34409
74 386 30017
190 679 84172
194 219 28636
45 104 35847
75 244 71028
33 258 43841
25 59 34205
664 683 47927
158 528 47707
283 643 49163
160 259 26926
147 353 25942
61 102 43966
315 473 35777
159 466 32558
85 447 31016
502 563 89872
156 415 60531
93 122 57079
267 639 123369
352 676 18439
146 651 54083
173 611 47170
177 529 51971
289 585 36014
83 301 59076
5 467 26627
87 444 24021
313 404 54378
120 685 30150
33 381 55973
453 619 41110
82 491 53451
89 469 38484
334 354 71063
163 436 42154
31 357 40249
172 231 30414
134 362 67446
89 451 29155
281 555 47011
1 228 41593
462 639 193933
267 443 75027
40 79 60828
368 680 20591
478 666 69029
286 558 22204
243 265 39825
92 355 17464
179 538 22825
572 643 32757
187 230 20616
398 486 14036
150 414 17692
242 624 40112
55 661 31145
41 520 21954
148 599 30232
177 580 42154
35 399 41485
176 332 56639
89 232 27659
8 41 10440
88 121 22561
375 648 78588
182 387 18682
565 664 27459
405 580 58822
148 221 23087
420 431 17464
155 509 30676
313 488 30017
121 277 46487
91 581 33526
62 475 37336
218 652 15811
203 652 12806
297 601 41437
260 353 45177
276 690 37643
14 55 50329
25 155 44654
454 671 34409
156 615 41437
79 197 30610
346 603 21471
57 282 37202
93 123 59397
13 95 33302
20 608 64008
453 655 43829
3 48 43417
167 181 34366
550 669 15000
558 679 61741
110 281 18868
251 615 23537
335 397 28320
117 484 25495
13 681 40706
192 358 75027
510 594 36401
132 442 50249
387 667 39294
121 379 29155
301 476 22825
373 488 42521
145 506 23770
317 434 24207
417 441 32016
117 325 91444
165 582 41617
169 210 47539
446 546 40447
158 400 31016
393 570 38419
256 563 35171
375 474 35114
221 599 18682
456 586 19647
103 442 31765
154 384 31780
127 560 44385
2 254 14142
120 553 22361
337 457 15232
213 314 49244
162 583 46400
60 671 27019
170 584 48549
278 452 18000
54 148 31906
81 653 55317
171 475 40311
174 190 62225
9 681 48466
39 588 60008
188 509 17029
156 567 40112
171 412 31828
161 485 25000
385 610 26249
421 495 30463
88 686 26926
100 108 36401
544 585 51894
149 296 15033
70 588 38013
186 348 23087
526 556 28018
157 371 52038
491 623 75007
365 414 51264
209 463 41437
179 618 41231
239 396 25495
208 234 79756
609 665 22804
398 427 12369
42 238 12369
136 180 44385
426 604 25632
381 664 23022
169 211 59808
95 521 20591
254 661 38328
226 362 60828
329 435 15556
253 628 28636
418 484 27313
135 529 43681
171 578 39294
181 435 47424
221 405 41629
278 348 29530
207 559 26571
179 282 33422
272 300 34132
304 672 47760
1 386 46573
252 408 59481
71 232 33615
222 447 22204
400 684 14560
152 604 18358
34 680 41049
291 493 16763
193 502 44654
631 669 12369
271 368 43966
417 487 61741
26 66 33971
594 672 42953
53 213 44102
482 649 56462
617 641 29732
56 288 31257
337 419 22472
628 660 17464
193 504 37014
330 652 33242
377 425 25080
413 545 19209
330 460 32696
58 268 44045
498 670 17029
224 636 110309
110 253 56045
13 307 18868
253 274 11705
137 447 21840
320 525 24042
216 674 26077
166 226 55082
56 258 14866
342 655 32802
43 304 54745
510 672 23409
137 683 23770
79 473 37483
381 613 25495
103 399 18028
82 455 24739
57 64 36125
52 351 24352
156 251 24839
456 643 64661
74 228 29120
416 566 42426
230 350 40497
124 484 17493
175 284 13000
437 504 12042
145 162 46755
467 624 23087
360 569 65299
225 561 57706
36 278 13038
167 537 45222
406 546 20616
494 599 26571
16 567 59237
56 413 24698
358 592 97082
195 662 14866
386 688 70937
99 602 186043
376 410 28653
97 602 70831
263 267 47539
9 446 34482
350 598 40224
156 236 62482
394 533 39825
532 632 40497
3 362 53852
148 580 65620
12 565 41677
219 634 12728
24 217 42720
189 686 29682
397 518 23259
7 222 68118
371 674 57009
136 605 30414
418 685 52631
584 589 46861
271 563 16031
6 312 69893
253 316 60141
161 508 33302
39 624 35341
494 514 22472
191 670 52202
345 394 18028
176 284 34828
270 439 37483
133 689 43829
63 279 36497
440 459 14866
78 295 43566
294 532 13601
647 671 37696
299 416 12000
266 376 42450
156 325 39294
48 607 10817
24 216 33061
68 303 10296
205 450 28320
85 419 24042
246 425 24166
40 587 73546
481 644 28425
151 471 35114
93 614 29967
80 390 26306
262 630 45122
92 299 35468
112 374 30083
596 630 41725
25 496 26000
4 89 23087
196 357 44283
243 648 24166
112 674 50120
162 363 43566
14 594 37802
119 463 46872
62 82 38419
474 543 43681
417 454 17464
31 279 27731
332 378 49477
148 402 21024
161 537 37000
286 562 21932
215 351 34366
22 439 38079
472 483 37643
450 550 60208
57 90 43417
75 101 44944
304 594 68264
390 490 34928
477 483 50606
191 498 51039
132 659 45177
290 411 81939
117 460 33526
249 255 63569
609 635 20100
231 370 10050
222 683 50961
521 612 28425
37 519 31401
356 580 34828
248 282 42297
135 287 40311
57 687 43966
187 465 10296
505 615 35014
201 275 23345
142 555 24021
90 254 40447
326 458 18028
55 344 43829
263 476 23409
589 626 46271
529 617 39408
367 455 21260
509 583 22561
18 531 12000
190 511 45695
150 368 34928
227 310 50804
346 422 40249
210 233 49010
352 591 61685
178 394 30067
124 470 48877
308 619 33242
318 472 12649
424 442 19723
81 531 22825
78 118 51313
448 464 35735
107 418 36401
20 679 47539
168 364 15033
266 600 38588
455 623 80156
144 326 32985
569 587 77878
349 633 21000
3 531 25495
9 346 29682
504 637 36770
296 464 25080
574 617 23195
32 564 22672
26 647 36401
111 547 21471
396 410 43829
58 387 29120
597 632 51245
157 658 30414
551 658 17029
69 540 42190
292 299 35228
520 665 19000
138 481 36401
612 662 44011
46 61 69051
279 685 18385
34 637 32802
149 593 17088
94 639 54708
72 292 38275
233 305 25318
22 505 66068
334 629 58523
494 524 22091
20 290 20809
423 587 22023
105 209 14422
225 571 85796
210 381 29732
192 439 62290
28 264 50478
10 65 42544
130 191 32280
568 631 54589
46 601 45177
91 292 47927
307 602 37643
91 566 43174
535 621 29000
235 541 30000
447 683 31906
7 658 23345
174 199 76538
49 446 84717
335 518 11180
531 653 55362
101 463 81884
50 94 50636
178 257 15811
321 387 39000
293 394 31401
117 418 42755
504 630 39560
366 452 37590
301 479 25495
271 592 22361
440 527 21840
308 342 40792
233 401 41110
444 675 33302
107 279 33302
321 601 34986
264 541 40012
116 281 18385
172 370 25060
165 202 10198
101 648 44283
36 480 26249
556 643 48021
139 558 104403
72 626 41037
240 595 15811
256 368 13892
184 672 19105
153 281 45706
313 497 68154
217 536 12649
308 523 34713
323 642 13892
253 480 47539
397 458 59666
388 496 53226
261 338 45000
202 582 38626
210 352 42450
336 374 37162
337 447 28653
312 653 38471
29 72 51624
613 650 31401
110 274 47011
206 326 12083
67 580 41231
444 552 36401
166 635 57585
42 471 63891
343 412 10440
252 573 12530
88 189 17493
174 561 32140
475 619 63063
430 539 41037
547 682 20396
200 332 38328
310 373 46819
113 688 29530
288 670 28636
2 57 43417
210 258 62394
82 196 22361
286 680 42190
99 627 165339
120 242 52498
275 438 11402
195 570 34828
300 451 39812
81 299 42048
15 289 30676
202 623 51884
465 642 132382
78 524 33734
228 298 51971
317 392 71421
163 611 42107
30 536 22804
591 687 41110
1 74 19849
471 690 34886
171 343 28636
551 625 14765
270 615 22672
249 253 150296
30 426 24839
35 73 23022
143 674 33061
237 574 30529
603 632 35511
81 92 45453
456 597 72422
158 401 46648
157 382 47854
274 660 25456
564 686 32650
30 604 25495
359 639 94921
64 673 28160
288 545 37121
108 426 32016
142 494 30414
145 646 32985
117 567 93408
241 573 46098
131 533 65123
460 537 42059
468 498 23345
119 209 24042
158 305 62169
135 617 27586
240 579 10198
541 619 20224
162 635 22472
249 581 34176
470 484 43417
429 650 50990
410 445 24739
71 392 36346
162 389 57201
302 568 21024
247 687 50567
485 515 31780
90 661 16279
618 661 31385
265 351 40311
157 544 43186
610 611 50329
406 446 34540
4 469 28636
90 489 27514
447 457 31000
358 657 45486
128 273 43081
65 548 14142
19 469 17029
222 337 29120
60 393 50567
341 448 43417
196 367 28071
373 512 30610
294 632 50329
29 472 21095
127 397 56436
129 262 59481
77 489 24083
1 434 164000
320 542 28792
264 412 37216
285 600 39205
302 473 17029
333 386 110476
261 427 21378
277 324 36715
592 636 16155
593 663 50359
572 597 75664
181 537 31145
153 555 15524
209 503 34205
361 635 19209
333 497 16155
29 626 59203
205 370 27893
207 340 46228
608 679 22204
383 490 52431
175 177 57009
257 394 18385
33 220 33615
365 436 41881
86 183 18385
391 560 19235
73 659 25080
10 548 39623
31 275 44911
173 438 15133
317 559 38910
96 581 23345
577 668 36056
114 468 25179
215 217 26926
186 628 25495
41 665 20616
61 146 61855
75 303 41110
8 134 42059
290 679 29000
112 126 26077
10 463 16279
355 682 40249
460 470 21000
154 440 41110
298 354 43186
634 645 31145
99 250 28160
599 633 19647
422 603 45222
242 470 51923
14 672 28320
385 611 43012
326 397 56080
182 364 27803
362 621 22023
20 466 120950
234 236 46098
84 435 55471
105 503 36139
493 648 71000
288 413 30806
452 584 18028
311 516 29120
8 520 16031
11 366 14000
108 604 46819
73 132 51478
69 76 35171
319 376 26306
236 593 70774
220 565 24187
499 586 30414
355 416 27514
146 598 75769
208 522 49204
372 632 60208
99 372 31890
182 443 31016
127 326 49092
151 629 13892
366 589 25060
380 448 68007
141 530 11000
601 667 16763
287 669 10198
390 430 39319
291 320 35777
144 433 29428
51 490 28284
579 595 11402
530 544 19849
291 648 67912
375 543 57940
246 659 21633
415 605 12806
68 75 47539
21 680 47508
402 450 29547
25 449 26249
129 527 31953
205 349 51884
276 689 68622
118 555 46011
423 631 54083
315 534 49518
211 400 28862
87 515 31321
229 673 13416
419 457 16155
495 623 57245
59 458 36892
88 404 28000
51 526 51313
328 497 65765
26 269 27659
139 383 33015
85 137 25080
342 498 36674
150 562 59169
322 638 20518
146 479 15133
558 562 33136
226 380 53151
34 437 23770
421 436 27459
7 309 67424
229 677 16125
438 495 37121
309 410 30463
304 393 64031
400 528 38601
10 606 78549
61 464 44822
383 640 48052
463 503 37000
22 615 50488
261 354 25632
458 472 54406
105 519 23000
106 252 15524
63 567 71701
586 645 53600
68 238 14318
266 285 41593
126 674 28425
535 607 19026
241 678 17464
112 528 27857
226 361 57940
50 104 25080
237 284 34482
196 343 28231
461 492 16763
174 608 15297
3 621 51039
197 399 74330
263 595 44643
340 392 45277
212 316 30594
78 349 52202
168 182 19313
161 646 24207
444 515 43932
61 301 61522
432 477 33541
477 513 12530
71 618 49254
337 396 23854
199 627 13601
185 267 104676
218 266 22023
391 494 30017
100 243 30265
81 598 33015
123 296 26683
51 383 37162
76 155 31113
109 502 38288
84 136 50478
49 342 16971
68 244 46271
407 522 39598
436 636 70774
101 606 34785
53 384 39205
31 63 21095
55 594 53666
52 265 43105
35 424 30529
4 689 29155
86 114 27019
207 344 113842
217 244 68359
21 596 46174
360 533 70682
101 265 42107
185 230 35609
310 313 21095
181 622 10296
357 685 23770
541 578 30017
448 535 32802
309 625 61294
44 542 50990
77 661 22804
399 534 31890
14 184 17117
580 654 45880
525 542 28792
24 371 51624
557 564 32016
5 624 29833
54 402 17088
70 130 41629
200 540 31016
506 622 27857
289 375 53852
530 551 12649
514 560 20396
403 528 41593
322 479 41881
26 487 44102
468 670 18028
83 492 23324
247 673 43382
123 341 31828
154 459 36235
272 501 45486
234 663 80623
74 347 15297
151 690 28071
347 386 31385
569 576 32757
28 196 41000
15 375 67417
382 658 29614
22 270 36401
122 380 22561
53 478 17029
159 596 59908
188 409 31828
213 666 58052
47 198 23601
170 560 37216
12 588 30414
392 554 65924
102 598 63640
285 445 13000
23 639 177370
547 566 35511
36 366 36401
334 656 41231
64 677 30480
116 153 45486
21 466 32388
327 358 64938
499 634 53460
39 85 55009
31 173 39395
54 450 21378
454 487 52773
222 429 84593
257 345 14866
493 503 17263
186 278 20616
155 188 30806
382 429 63530
84 325 80753
201 306 21633
179 248 37443
80 428 26000
219 546 25495
512 606 23345
140 353 37121
299 355 26173
112 429 74216
114 575 12083
83 667 20125
294 372 70612
299 653 38000
364 492 15000
97 304 152794
339 399 153525
140 548 52431
216 244 58830
134 245 49930
30 152 26401
167 460 39115
67 311 16000
65 140 47760
511 556 36359
300 501 43932
39 553 30000
43 269 50010
257 293 32558
66 269 31257
139 623 58009
353 394 67676
318 626 62370
129 440 19235
111 566 40000
146 301 28792
235 578 12042
218 444 50010
194 446 61465
162 329 40497
20 411 88459
169 233 58258
587 631 58189
17 650 20100
133 276 48104
67 654 43417
50 58 21095
138 644 30871
52 100 25456
408 515 29682
62 196 40200
285 376 34059
334 557 14866
395 441 77929
314 522 14866
13 602 39812
27 539 52555
203 319 23770
58 321 45880
214 625 23000
106 378 29732
277 303 44721
358 502 47927
588 683 35903
107 117 67357
124 242 39812
71 179 35355
338 554 47170
38 339 24839
22 224 28018
568 587 72069
623 640 68819
38 569 54781
511 526 47170
508 675 18028
239 242 35440
421 611 21213
338 690 31016
414 582 55036
294 422 49041
377 555 43012
211 247 78772
147 328 35228
109 481 46615
47 554 31321
213 420 30150
160 441 27659
240 461 21840
23 462 17263
318 589 42297
7 214 15297
214 551 12207
38 178 167598
225 511 38275
195 393 46098
334 486 72028
19 133 22472
215 500 14318
614 620 25000
319 470 41110
119 140 58796
170 278 56036
56 160 37014
549 577 30083
561 627 74108
248 538 20025
566 642 41012
221 514 38601
106 543 17000
305 401 46400
172 302 35000
16 385 31780
126 143 19416
528 684 33136
283 539 12042
181 506 35355
77 90 11180
113 189 36222
336 471 81154
187 331 32802
222 382 70937
344 661 39459
409 432 59363
238 273 40311
93 605 22204
122 614 50120
482 585 68029
106 332 60166
39 467 39623
192 327 89107
291 525 36249
144 388 59540
258 676 37162
164 260 26571
172 315 33061
545 670 53009
28 553 39319
209 519 33242
48 621 23022
35 204 30806
619 668 59059
249 323 27731
306 438 16643
78 633 49092
487 676 25612
6 483 50478
73 280 20616
98 121 23601
128 656 37108
128 471 50596
49 114 24207
88 379 21190
142 524 26249
351 500 38079
184 691 18358
98 379 29614
198 434 72035
287 550 14036
110 246 79025
115 347 28231
429 683 80131
522 666 17205
2 90 38833
31 201 50000
185 638 73000
208 297 17804
453 668 40522
496 516 40460
118 425 13038
14 489 37054
40 576 27000
61 448 39013
41 361 37577
256 680 18028
115 334 30806
414 636 25710
37 131 55471
104 314 27295
273 277 38419
432 520 49649
170 660 50478
142 391 13342
573 678 53852
369 395 29120
498 523 21587
255 507 13601
17 613 27019
333 404 77156
156 439 55227
330 675 31064
577 586 36014
147 313 35000
446 632 41231
295 524 17205
284 378 21378
189 688 31113
125 591 34928
160 258 43966
304 510 33242
241 649 20881
456 572 76485
505 610 29698
354 398 24759
223 312 75505
141 285 30017
95 662 56080
86 575 32249
32 557 23345
165 562 78186
154 527 45706
110 425 58249
99 571 53367
155 516 31953
22 657 26683
121 686 23324
348 628 10440
27 428 27203
221 560 50774
82 367 11314
102 607 33061
198 298 56036
69 155 17692
435 635 34713
18 607 38601
574 641 19235
517 607 48094
269 647 23537
397 589 31385
482 678 56719
43 691 31623
433 560 47011
196 201 30414
253 255 87920
388 580 28636
268 407 45607
518 589 40025
486 629 37802
405 433 32450
27 586 52773
281 377 22091
231 568 14000
341 380 47539
406 597 56436
250 372 52631
259 395 79101
216 217 42048
20 199 124278
247 591 52924
475 491 47760
143 374 36359
213 478 45222
11 589 34059
9 369 48374
331 350 45044
245 362 50537
291 375 75604
134 513 15524
42 68 24083
197 534 46174
356 529 64288
428 475 45618
39 419 52802
282 677 29530
565 683 59135
93 415 28443
295 555 16125
549 586 53254
204 424 23345
149 663 45122
328 394 30265
37 616 12083
232 538 14866
95 97 37537
17 210 39850
427 690 14000
144 405 33838
100 289 28000
416 547 33242
84 620 14866
220 670 60017
108 289 39357
25 516 36674
453 549 26627
92 350 31401
170 335 55946
417 671 44102
251 439 41677
219 446 46755
49 194 43417
75 324 28601
550 568 41110
203 266 30414
111 682 18028
437 596 32757
16 31 44911
235 475 40497
172 349 61205
362 590 14765
23 459 11180
363 520 17720
169 352 43658
81 517 13416
109 527 51478
37 140 60828
645 655 49041
338 427 34438
200 515 36014
600 678 58592
476 479 20518
171 196 39560
435 620 59464
215 244 69354
351 536 29833
4 133 25080
491 640 65192
389 583 18248
649 678 13601
130 220 62073
12 683 55172
409 509 23770
103 424 18111
237 474 25554
129 462 15232
110 116 24042
59 449 19416
7 625 30017
224 657 10440
130 264 25080
66 125 41617
301 461 35847
71 340 18248
47 317 44385
256 637 29530
145 329 13342
563 637 24352
213 431 29833
177 654 35468
5 242 14866
206 458 10050
344 559 140407
115 228 25554
339 576 49649
183 575 39115
175 641 36797
265 500 11180
177 356 46239
60 570 16279
324 512 34713
365 495 62032
263 322 29069
123 149 28460
125 691 41593
316 480 23000
183 259 22561
208 663 50249
350 651 75166
45 50 36688
363 583 35511
6 223 38833
131 360 34015
24 30 38639
272 684 10770
250 571 25318
248 501 47096
49 395 95016
15 243 29614
148 633 30067
53 138 22361
10 227 75822
479 651 43863
138 384 29411
248 451 41629
32 113 32016
212 255 36069
582 623 34176
592 9
316 119
729 756
410 119
437 491
739 698
486 358
660 651
90 392
715 251
879 684
347 428
64 338
232 139
620 318
399 633
358 338
734 775
421 90
117 811
214 844
425 759
374 969
498 281
729 574
216 259
184 567
337 508
805 688
536 288
390 589
617 98
289 364
268 842
981 439
908 648
807 274
917 231
376 483
898 299
650 654
559 177
220 183
782 324
517 971
585 818
484 45
691 777
184 414
528 936
168 651
592 301
414 898
830 470
250 92
253 347
289 153
546 925
756 595
172 245
653 806
288 544
408 600
313 180
752 230
241 236
750 514
577 193
679 537
343 440
357 74
832 732
980 462
607 22
589 239
670 571
267 113
926 492
926 353
200 583
757 795
318 568
602 870
547 646
401 434
220 378
603 483
650 124
388 126
278 111
863 749
786 830
545 708
578 944
86 313
879 756
61 285
664 160
21 532
610 319
631 255
695 819
953 405
503 938
759 293
669 444
424 589
575 329
337 883
992 584
853 831
442 246
637 73
203 399
621 63
969 591
488 568
969 520
758 258
398 517
645 146
602 705
587 750
456 540
265 202
468 248
838 573
566 144
351 958
305 457
833 225
933 483
433 109
697 671
780 362
505 674
391 411
410 920
221 693
797 214
512 394
911 550
484 237
805 568
592 576
688 857
752 174
847 497
578 777
269 758
530 95
515 304
931 566
407 936
692 549
457 695
523 327
406 260
225 908
216 346
575 549
623 611
374 691
715 193
246 715
584 677
501 575
599 904
332 280
913 581
291 534
882 413
354 605
119 732
713 428
723 460
766 449
800 111
340 105
548 685
535 580
592 922
213 361
230 156
767 921
934 645
800 879
699 579
641 109
163 688
274 448
456 812
325 879
157 448
129 270
328 548
945 329
498 26
46 709
648 512
342 575
244 705
508 482
951 446
853 428
786 605
383 20
534 858
751 281
320 326
388 259
903 685
451 922
501 361
564 259
500 248
538 266
529 483
131 460
302 395
854 519
434 402
731 736
409 782
89 649
637 692
665 194
599 50
347 165
795 899
861 391
370 105
369 325
494 789
273 505
497 743
711 400
571 180
458 467
624 906
618 394
448 501
614 289
531 198
724 713
990 505
322 216
361 136
907 771
29 559
441 714
654 440
977 638
318 105
928 711
262 802
809 124
258 333
191 356
724 218
498 62
298 931
680 909
295 480
589 258
530 461
668 955
544 881
210 232
435 724
297 777
389 221
606 160
973 627
346 598
478 126
630 190
915 637
402 564
996 475
976 574
319 131
126 594
701 433
511 424
203 804
808 391
249 378
610 347
129 794
702 315
819 768
833 146
27 439
933 535
593 776
548 869
554 24
799 797
407 192
661 867
882 378
586 198
166 174
394 321
330 593
54 322
204 466
447 413
706 164
750 530
805 721
724 153
499 911
915 411
933 679
443 28
815 663
485 476
734 331
559 881
709 907
882 783
612 222
467 657
797 600
392 874
772 145
589 589
528 523
826 859
685 502
735 72
591 70
864 608
487 203
426 430
471 98
933 250
354 56
609 773
196 426
317 522
275 56
819 135
65 408
610 37
941 623
877 474
781 861
569 293
291 295
764 197
522 53
802 823
809 466
372 553
381 810
459 964
867 224
616 638
679 736
666 618
614 905
300 698
879 670
326 576
255 790
84 344
860 401
471 325
42 508
662 180
453 218
656 375
489 450
978 552
697 454
670 131
597 727
342 346
480 348
202 666
438 929
412 662
637 21
574 917
776 516
657 565
204 609
898 553
393 79
126 224
802 141
112 352
439 450
845 629
505 71
970 399
395 231
366 284
846 476
451 183
678 124
816 536
87 457
532 925
637 497
676 601
475 425
204 827
314 512
274 360
282 746
517 703
811 797
197 309
446 560
418 451
454 952
350 652
29 390
804 315
955 423
980 527
555 304
502 83
210 559
424 318
165 614
470 945
708 651
834 563
428 9
578 600
335 675
290 851
339 607
462 750
368 949
189 340
938 433
593 953
579 484
499 419
100 425
412 405
652 767
737 599
834 449
399 153
897 637
196 491
201 292
312 592
118 548
412 436
787 615
379 959
498 536
630 885
357 972
712 267
618 778
805 888
219 876
415 476
228 396
404 91
498 515
518 128
803 667
899 379
689 387
251 539
672 887
723 681
425 885
686 872
933 656
375 910
546 410
767 656
471 549
599 542
519 72
253 283
694 152
269 137
172 623
267 584
614 890
707 299
897 523
322 640
753 564
741 87
232 419
115 522
578 256
364 183
362 854
724 302
302 850
383 708
570 585
932 698
553 524
682 578
189 150
121 670
638 199
712 675
885 542
612 513
722 538
745 789
866 619
782 293
661 635
96 331
504 897
227 440
919 525
717 348
125 623
362 928
432 220
792 404
512 383
746 775
40 435
837 160
949 375
678 787
550 270
538 549
360 116
135 586
637 541
255 481
744 358
677 429
527 370
286 375
106 465
834 821
754 244
181 513
822 390
508 371
589 449
376 513
454 54
935 551
102 639
601 81
185 791
408 11
881 562
116 700
218 788
296 793
600 113
326 392
853 791
454 655
861 377
897 282
156 248
33 584
49 581
648 429
737 384
192 394
925 299
173 542
281 496
634 908
782 488
895 739
280 691
660 583
887 622
574 348
137 543
826 314
377 423
857 658
666 743
273 236
301 755
562 771
202 116
637 897
258 858
59 506
758 828
872 514
550 428
589 863
25 346
55 427
531 313
527 695
642 222
697 786
116 747
624 621
404 687
371 649
114 309
359 365
558 681
418 709
818 279
760 381
308 79
235 478
558 656
678 758
544 575
268 659
408 498
501 384
862 704
42 696
951 626
542 102
288 887
807 369
74 457
877 495
122 469
604 623
307 740
288 816
694 921
550 991
212 619
740 403
894 790
77 598
397 892
145 490
560 568
187 237
636 299
598 388
378 340
718 902
516 492
799 759
739 472
176 452
575 108
419 785
509 354
978 487
955 609
281 95
115 265
568 821
341 369
642 635
494 883
584 879
207 530
810 381
243 406
173 272
211 158
341 177
486 270
554 506
273 299
333 157
602 401
129 765
245 808
45 374
838 841
385 388
399 217
395 547
625 134
276 195
663 87
413 148
502 97
246 165
