872 1621 15 127
152 158 28844
383 754 40719
387 461 48836
247 360 27659
61 771 45891
330 615 43417
468 635 61221
403 851 31016
634 664 50488
418 670 23324
139 755 38471
426 854 38288
5 605 34785
132 632 28160
166 671 55902
477 801 19799
610 630 21024
433 604 40804
349 736 32280
269 271 41400
6 744 10198
222 429 10050
266 651 35228
289 456 49679
231 558 14765
40 656 29833
212 586 48600
612 763 29155
390 634 17263
565 813 14036
394 503 21633
278 569 19235
611 834 29069
348 569 47854
428 597 62169
505 552 109252
108 206 41773
130 334 43417
812 833 31145
649 857 24042
144 512 70342
67 241 32757
109 234 15811
373 825 19235
46 263 29428
176 618 21095
117 712 39598
271 637 50220
251 475 18028
43 194 34205
54 87 44553
493 496 26077
575 614 37643
105 807 32650
597 715 47434
683 788 47424
337 859 27459
677 683 19105
434 666 21633
154 829 37162
357 596 13601
110 577 31890
145 650 22361
117 484 26627
168 228 31064
272 446 52431
143 610 49649
81 156 12530
125 752 32558
690 752 52773
198 849 23409
21 460 39013
334 349 26019
213 360 43932
465 614 26420
88 110 35014
39 755 85475
230 516 32757
96 109 74148
401 704 21095
412 467 49659
5 106 25710
261 292 32696
329 842 51788
22 264 43046
381 716 37802
282 289 12530
542 782 40804
33 34 15652
120 733 13601
207 491 29017
166 563 25495
51 367 33242
551 573 14318
603 684 32650
59 138 38639
349 799 30083
598 627 26401
417 550 28160
503 586 25456
749 794 56089
382 580 24839
477 627 29732
4 244 32140
171 778 44598
94 540 33136
118 422 30806
146 246 53339
416 871 16000
251 314 49406
23 98 26249
680 749 36878
130 192 37054
11 93 62298
499 767 24331
13 87 63285
208 697 30083
661 751 48010
167 872 47074
1 158 41049
16 366 29833
142 816 38626
4 336 60671
96 430 66038
367 784 47170
628 636 28231
541 814 71589
47 661 27295
367 385 25060
649 862 31016
216 285 19723
48 777 28071
791 843 27203
205 833 12042
544 849 13342
276 674 11180
187 672 45310
717 810 24166
165 608 43932
401 829 49497
159 586 32894
180 536 23345
560 649 37483
39 471 64203
116 602 45277
284 646 13153
550 637 21633
134 743 34713
299 590 13892
323 569 34000
192 359 18439
360 409 34015
126 735 25612
71 204 23770
325 344 22627
193 393 18385
653 755 17029
238 541 62968
622 854 35903
123 183 28601
457 514 22825
166 372 22847
51 385 10440
290 469 36688
309 314 21024
170 818 55946
268 487 28653
638 865 63135
14 571 17464
67 758 25612
726 771 42638
331 426 32757
296 707 35114
61 389 24166
505 674 41195
140 572 27514
56 866 75928
227 706 22804
520 764 12530
355 561 50000
692 865 39357
26 164 49406
405 676 48508
748 830 38910
40 384 32249
52 189 37947
117 291 33015
30 693 25000
235 701 14318
82 621 53038
81 682 18682
6 40 20616
69 674 48508
111 171 55317
262 528 11045
475 748 29206
347 785 42202
239 712 18028
529 668 53759
685 710 48703
551 698 45706
375 591 34928
257 523 20396
161 247 33615
99 330 43600
142 582 35171
387 643 34482
450 673 24331
197 665 70434
272 661 56400
94 770 17804
688 703 14318
104 572 46400
547 663 49366
436 676 42953
415 717 19849
201 658 10440
416 538 44553
373 727 29155
254 550 20000
343 568 24021
387 765 23022
325 839 29275
317 824 36620
134 532 24515
85 320 33422
182 867 100807
518 565 38328
607 807 17493
320 364 23087
240 640 17889
88 134 31780
223 594 44181
160 858 38013
104 448 37121
50 570 26926
208 837 27459
13 54 75073
429 681 46098
49 766 32894
130 672 46043
308 758 50636
435 707 31780
90 418 19698
556 657 28425
453 697 13892
271 564 33106
534 795 17493
54 127 39623
490 732 21024
201 846 32757
32 703 25612
413 596 26627
183 743 33956
857 862 11314
71 171 31016
184 246 43417
342 594 184011
336 783 58898
143 757 13153
44 556 12042
185 527 89644
90 449 25080
354 649 36235
328 450 38626
542 592 73007
55 687 30083
380 496 46239
21 163 20396
302 750 17088
265 462 31623
260 752 57983
417 528 39000
283 612 31257
621 758 89499
448 801 32062
441 639 50220
490 817 31321
430 820 42450
138 521 31765
322 412 22627
388 531 37014
232 401 10630
397 719 74465
35 131 42755
608 840 19849
617 789 45618
765 791 35468
757 778 26926
386 619 17117
618 822 19313
25 302 21213
317 461 41400
173 469 30414
294 604 24515
254 463 44777
381 660 51624
59 521 31145
18 59 37054
492 673 23431
384 656 61465
407 821 27313
294 433 38000
340 637 36235
42 339 41869
8 201 63600
285 541 45354
363 689 39459
695 845 24739
387 811 31401
122 667 18028
152 540 57271
331 728 36359
117 648 25239
308 359 37947
611 675 38949
31 851 37483
241 309 45618
282 413 35805
211 224 47885
10 626 28636
125 410 20396
263 526 30150
108 631 42154
215 750 25807
173 301 44011
344 803 30067
376 382 22361
293 605 29732
175 654 40112
88 224 16763
402 547 15133
239 267 27295
379 494 46840
163 281 14318
240 348 45891
323 790 61294
362 762 59933
96 785 50990
562 697 42544
181 525 35511
210 663 36235
410 423 11045
476 850 57201
112 181 41773
586 668 39459
421 551 12207
23 587 45000
555 812 26401
62 419 28792
92 532 41773
5 324 61685
27 437 46819
310 754 39319
162 807 47518
62 206 31048
437 531 38833
73 429 27731
49 682 42190
85 714 30414
175 591 27074
191 243 50606
114 120 29155
249 783 38275
133 383 38288
583 584 38210
590 665 26401
63 138 22561
18 756 51420
188 548 37577
224 225 31780
42 70 32696
87 868 21932
371 633 53759
133 627 41400
273 322 41881
93 617 36892
290 343 31064
654 702 47424
671 809 26173
2 486 105537
17 507 39115
601 806 38949
399 519 10817
464 762 11662
223 768 28636
226 504 23324
365 443 27659
255 696 22136
160 306 20809
143 840 24331
457 853 41012
92 729 32202
176 291 29732
279 570 58138
63 756 21932
431 476 65376
578 780 34000
278 790 35114
446 775 32558
253 669 24083
440 798 42190
347 805 26401
79 657 33242
288 734 20000
91 92 37014
232 704 20591
141 664 94175
262 655 17692
106 435 39825
218 433 21213
268 323 65253
339 827 66068
230 517 24352
41 872 11180
117 761 18868
36 131 11314
563 767 21471
384 479 37443
233 351 50359
24 591 19313
214 737 56754
142 427 40112
43 262 47170
3 840 47508
557 685 40719
413 535 14866
40 479 16553
136 810 57585
324 707 59933
145 694 35355
186 806 24331
286 362 27857
74 194 36056
182 566 47539
278 323 39013
373 665 42953
288 571 12728
77 678 18788
39 150 29155
329 783 31765
165 840 45695
271 286 56321
266 664 20100
687 744 16643
430 619 67231
736 799 42059
19 522 22136
417 637 13454
274 570 57385
422 650 36222
713 747 11180
174 831 28320
452 808 32249
550 639 34205
143 326 41593
576 788 14422
82 711 31953
211 256 16031
202 282 21213
26 332 16971
185 337 59641
212 642 47508
694 832 28653
190 805 33838
67 353 27893
62 83 22472
274 346 38949
425 529 37054
706 844 34366
452 587 26249
471 622 64031
352 871 14866
252 664 63246
444 559 49649
433 868 24698
28 775 72125
603 638 55758
372 405 50961
148 227 114612
84 432 37014
163 222 36878
321 753 31064
524 838 15811
8 491 38949
137 403 28601
341 355 29275
169 494 28071
455 624 19026
434 460 16401
192 546 44911
513 717 37643
426 653 27659
611 612 27803
765 811 38000
12 313 20000
724 745 41617
54 423 21840
610 840 36235
247 638 23195
256 738 32757
542 692 55317
307 616 26173
269 637 39395
170 514 45880
284 698 38949
93 526 44011
174 841 32573
267 659 72918
213 686 31305
93 714 26019
265 853 26306
586 642 53038
23 415 19235
557 575 50160
342 819 55036
446 585 16492
390 447 30017
89 107 24352
128 547 34713
364 601 28601
517 808 10770
124 294 24739
619 820 68542
665 727 25000
318 362 66219
65 774 28636
187 621 83869
591 850 47539
178 510 27803
64 330 67201
465 575 49649
243 436 55973
417 639 30806
719 782 12369
175 702 29428
50 519 132853
113 196 15133
280 661 15133
79 216 25962
101 482 22091
241 353 14866
235 721 14318
116 867 34785
485 620 37643
223 764 27313
535 815 14866
306 821 27459
79 285 18788
77 266 16000
191 432 54009
624 732 34482
132 448 22472
517 738 46065
611 763 21190
114 292 37643
242 545 48332
477 598 11705
643 765 17117
741 826 60216
18 63 41773
129 498 27019
329 498 34132
440 792 35228
553 620 19416
571 729 17117
374 395 71805
254 340 19105
151 525 14142
440 606 27203
454 518 19925
162 511 12083
639 732 41629
393 848 23087
78 436 57628
234 683 21932
21 675 47011
123 743 26926
202 242 39812
324 509 13416
35 454 31623
606 798 48332
33 162 27019
56 864 21932
448 632 21541
279 716 40447
220 562 67067
268 595 20809
218 690 43012
205 555 11045
311 470 21541
237 856 42755
773 855 25179
42 459 35014
346 660 34000
385 407 30067
635 752 44944
210 248 36139
490 581 16763
693 794 39560
538 812 59808
250 366 20125
448 477 21633
43 441 18248
724 783 35000
102 746 42802
319 533 42297
463 845 47381
295 460 31401
70 195 13153
600 775 25495
219 839 20616
267 466 69426
49 173 47885
724 768 45122
612 759 18385
376 826 20025
260 554 29530
401 739 14000
421 573 13342
74 860 30364
365 632 13153
20 633 30887
251 748 17720
602 867 44045
540 595 34234
89 280 22023
180 206 20224
229 647 10770
367 616 46530
60 569 33941
143 608 19235
17 710 45044
182 596 19849
58 233 22847
257 797 15033
158 790 42544
514 588 42450
480 853 30000
471 653 62241
90 361 35511
45 553 21954
155 167 24187
74 345 30676
259 328 28844
466 484 13000
841 869 34928
193 306 29530
304 615 13928
736 870 28425
277 610 17088
461 742 17464
720 834 52010
157 521 10296
502 724 19723
338 847 22136
319 536 48847
49 369 45000
163 250 53009
2 855 100344
688 711 18601
378 740 35777
103 750 12042
536 718 20591
251 633 50478
327 671 64203
155 174 36401
128 663 74726
259 494 41037
146 532 52326
52 370 13000
150 741 20518
235 625 26249
145 832 45310
689 779 48301
255 798 40311
87 218 45486
343 861 41773
437 458 52802
538 601 24000
548 767 13601
353 670 37162
113 575 42426
603 802 17205
564 637 39825
510 834 51478
779 868 32388
168 237 28844
9 515 18385
45 125 26926
383 805 29732
220 248 47885
185 817 41485
257 741 39825
275 837 18111
34 49 23707
67 491 32450
82 838 34540
48 753 63032
100 414 53600
313 537 15133
392 684 26420
61 467 31064
385 723 27313
453 674 13892
509 534 17889
264 586 24515
647 705 11705
173 665 55785
644 752 28284
219 341 37590
327 514 48877
87 127 25000
187 524 77318
337 527 30414
62 549 18028
149 832 41485
213 662 14422
13 868 55785
287 584 24187
342 803 29155
247 626 45880
368 814 22023
123 297 30083
438 441 20125
189 551 41629
47 560 31890
86 136 22023
203 671 38079
135 796 15232
22 493 52773
94 144 20518
38 136 43863
242 456 20248
173 369 60877
101 126 25632
391 788 21401
152 267 36688
338 512 29017
471 523 20125
140 181 23345
61 159 45310
118 434 12042
354 560 12083
107 585 24021
135 224 17464
25 854 24698
84 191 34655
414 449 36878
133 772 33526
104 736 22804
708 798 39962
20 789 42202
155 388 37000
392 844 10440
179 385 29833
124 779 33541
39 391 86977
14 565 44204
30 794 31623
18 138 46861
509 673 18439
427 734 67231
246 428 41110
542 844 52431
316 742 14765
363 868 44598
62 718 20000
634 695 24597
153 578 28443
98 513 26907
230 738 33061
297 333 34713
444 516 49820
64 580 50804
121 748 31780
294 646 19313
102 753 23087
61 746 53451
332 701 28636
211 738 40224
442 672 37121
199 303 17117
359 658 32062
168 730 46174
32 48 15811
300 814 89694
450 492 23770
377 606 21587
342 344 13928
520 724 42485
517 587 11180
269 769 29428
579 869 40311
745 768 35440
171 645 24739
368 541 64498
229 867 16763
501 757 34540
581 624 44654
661 812 33971
379 647 15264
15 85 65307
378 574 46098
271 464 78816
66 97 40311
31 368 52240
149 323 46861
7 343 45651
233 589 43324
101 322 15000
15 871 32280
74 495 52393
378 795 13601
334 572 31401
394 771 21095
493 533 40162
455 639 32650
650 681 19313
273 482 33242
133 823 36401
330 836 19235
530 802 15524
699 816 37696
286 869 53000
577 743 34986
287 854 35735
213 793 25179
11 121 10296
92 146 57245
75 834 29530
245 342 82024
244 640 61555
167 172 36056
126 420 22672
194 345 10050
92 722 43186
590 727 40025
571 597 31765
70 339 14142
9 549 28792
356 698 20591
358 478 30232
425 458 27514
376 683 31145
168 852 37855
26 703 47539
239 484 50120
325 803 19799
205 373 21095
27 529 33526
234 580 31241
58 809 31064
495 837 58009
594 821 57801
71 645 17720
36 619 33526
45 459 36688
616 784 24083
390 599 25710
189 866 65115
31 855 41340
168 795 32757
307 419 39013
210 547 34059
271 769 30265
73 250 21024
212 591 51157
373 833 15620
794 843 66851
374 609 59682
154 737 27019
769 869 15524
37 192 43566
209 295 10630
181 454 52000
346 542 28862
741 797 31623
532 743 33615
641 662 35511
208 562 55471
146 738 51662
530 709 16155
361 690 48260
197 369 14036
498 641 34986
4 522 49729
773 851 26833
46 806 25632
758 830 65031
202 535 18028
283 483 22023
273 478 55543
111 501 43417
301 469 39699
650 694 22847
466 761 20248
479 687 14560
106 602 15297
418 465 38275
297 820 24083
276 505 41785
109 683 37643
625 700 14866
641 686 25000
255 377 19209
408 753 50537
621 711 72801
1 790 19105
213 270 38275
264 478 54918
305 599 31575
27 613 37363
227 397 82420
654 725 16031
467 659 71554
394 408 45000
299 856 15000
60 631 69000
714 794 35609
675 847 63127
406 741 24515
269 747 39000
165 645 14318
198 578 18439
187 199 55785
152 595 56462
507 557 10817
10 348 27514
337 860 63506
335 829 26077
749 789 19000
539 832 29411
315 407 15297
521 822 24187
479 744 13000
361 371 27295
77 141 122299
351 548 34482
141 858 38910
619 813 20518
171 622 53451
834 847 51000
251 309 33838
595 790 65437
646 698 29698
652 793 30364
379 705 12166
424 818 15264
648 761 24515
83 549 13038
272 751 46174
216 368 35609
13 656 94530
4 549 60033
115 230 30871
24 255 35355
51 723 28018
217 320 26401
428 722 33601
182 413 35000
486 628 89538
193 848 10817
218 604 36125
340 845 35511
208 453 22672
249 641 39408
57 728 37643
351 589 12042
172 398 38484
109 430 78772
358 493 31623
380 504 32280
432 436 43738
264 781 32573
111 778 21000
214 696 33242
531 831 33287
396 574 47011
328 673 41231
461 643 31623
859 860 72173
420 482 11705
313 486 24413
91 532 31321
376 677 24759
3 411 25179
312 545 52010
204 411 20809
154 630 19235
319 504 34928
207 465 48508
704 739 18248
598 801 10440
57 404 37855
286 398 19723
69 860 14213
51 95 22804
812 825 41761
455 550 14422
615 772 31145
819 842 19416
141 252 44147
59 473 38275
141 393 24413
274 782 50329
344 839 17692
122 442 41617
255 606 36674
86 452 53038
260 690 45177
161 802 64008
151 699 52326
659 746 21213
3 165 14318
130 303 37947
693 749 27803
25 287 38275
701 721 17889
128 402 29120
186 272 13153
176 822 13038
31 44 23601
625 775 46840
27 818 24759
157 176 22561
277 335 10817
21 118 20248
380 849 12042
27 424 25495
207 670 34438
103 583 43600
221 772 26306
401 462 28302
504 631 48083
106 116 39395
201 308 33242
115 516 30000
371 554 44643
217 601 28636
273 544 15620
41 533 16553
195 423 23601
64 190 10198
122 708 11045
60 240 25060
72 346 51225
178 862 20616
389 781 41146
65 679 21213
221 615 35468
103 215 25942
247 804 20591
131 347 51478
405 671 60531
398 579 16155
282 357 38053
751 812 36069
76 564 51039
345 655 37483
503 771 10440
48 292 51088
228 730 36401
14 729 19849
92 597 18248
37 816 29017
128 755 110027
174 508 27785
246 722 44283
107 272 58034
327 405 32280
300 474 19235
438 859 40012
127 410 24515
24 476 35171
487 770 11180
336 616 30594
317 620 76922
157 585 49092
52 513 29530
627 823 44147
558 595 23707
299 450 21633
726 753 21260
98 557 67357
720 862 14866
623 689 19416
305 318 37656
315 679 28160
168 492 38601
296 324 43417
65 318 24187
344 819 51196
268 558 23345
200 346 63640
665 825 46098
97 268 44944
214 480 27295
95 784 17088
248 400 44283
419 718 16155
65 800 16643
539 694 43174
177 651 32802
34 173 31064
132 870 15652
438 488 32527
296 740 25179
152 735 30676
357 566 30414
331 854 46098
497 804 11180
72 776 21024
801 823 56365
245 842 15556
60 515 35000
431 642 48600
80 597 43932
123 577 40608
13 384 154564
54 195 20100
164 253 41110
187 303 52086
45 485 26077
316 468 53009
464 564 68964
196 575 41000
292 445 26077
432 588 42450
184 685 41725
582 710 18385
318 419 70838
186 446 48104
365 501 27459
445 777 26571
3 302 31623
82 524 34713
291 648 13153
198 544 19647
399 609 41725
706 719 32802
514 671 64630
36 813 18682
792 870 17205
247 497 13000
326 792 38328
52 573 20881
39 298 49980
66 350 14142
424 529 16553
330 593 41195
499 563 14866
221 627 31401
724 764 36797
112 140 58549
277 630 22672
99 304 24331
417 713 41677
232 462 28601
855 863 51865
293 705 15000
246 587 39962
378 534 23087
25 204 13000
22 458 23087
183 297 10817
110 333 19026
310 383 22091
120 700 16125
209 381 38328
149 348 17029
386 472 27000
485 644 25554
257 836 37108
161 638 47707
192 258 40012
301 665 18028
264 787 50448
395 399 19723
113 614 22204
404 728 38210
100 543 43267
409 662 32573
352 682 20616
188 584 26401
74 438 62290
75 612 29155
18 481 35355
759 763 26077
451 802 53009
426 755 34713
587 808 13892
4 641 43174
470 863 29069
506 710 51010
256 444 68447
386 743 53488
329 502 18248
613 818 32450
476 667 44407
382 677 14866
409 626 21932
574 730 12042
579 841 14318
140 525 28425
320 526 21024
499 828 11662
86 444 30480
708 799 35228
50 397 20518
101 735 13601
31 657 45122
289 483 46325
100 864 30150
704 809 20809
636 861 38897
222 250 33971
623 835 20616
723 745 36235
245 724 42755
84 437 47434
658 846 31780
528 655 11180
213 652 46690
495 760 51624
237 354 48600
109 785 46325
530 684 25000
375 725 25000
20 749 41976
238 811 32000
492 534 25710
488 817 25942
500 563 19416
33 511 25060
242 439 27659
435 489 40200
503 642 38484
7 259 62801
137 556 17804
119 164 70725
30 93 14318
2 628 20616
78 713 53759
153 780 21095
551 731 24083
178 481 43417
527 860 61612
176 521 16401
650 865 22804
749 843 59169
140 801 69311
117 618 37483
760 837 31305
370 810 15811
331 404 10296
508 831 35355
53 766 21471
471 593 31385
421 731 18788
14 472 44721
691 725 30806
435 815 37483
103 302 17000
238 317 56080
72 200 32527
76 390 46840
451 567 55036
295 381 31145
538 629 41012
500 767 14000
617 633 51884
543 604 13153
384 559 59034
159 389 32388
601 629 29428
638 804 24698
415 452 25495
19 640 45880
156 352 23601
254 455 28284
651 678 12649
129 786 40460
190 383 39459
290 511 27731
716 776 11045
307 336 38588
402 584 19416
147 763 16643
170 691 17804
80 685 55902
172 536 22361
18 473 15033
738 796 44385
473 481 41183
4 249 34482
37 546 35000
27 425 13000
119 121 21840
376 576 17464
461 749 59615
523 593 18111
125 644 20881
592 865 71253
567 709 59169
350 487 59076
154 462 19235
10 497 48270
58 828 20000
437 613 62129
228 852 14213
90 864 31953
530 603 14036
112 754 32894
269 417 36069
220 500 44643
166 760 35511
15 794 61984
236 594 42438
495 676 24698
311 861 29411
443 477 16492
519 570 106607
252 393 33242
281 422 28425
292 753 47634
38 810 41183
654 818 59237
325 341 34015
698 835 24759
214 375 31145
259 605 25080
174 388 10198
6 656 14318
680 742 43186
332 700 25632
512 756 24352
85 364 28284
393 447 13153
231 540 16492
203 704 26077
177 581 31575
26 733 15811
243 747 47634
68 447 14422
436 588 58523
135 225 23854
203 853 39825
283 545 57140
62 108 23087
124 646 20809
7 169 52612
316 317 36125
60 244 50448
28 746 24042
271 762 80623
36 565 25495
44 851 40792
669 721 32016
159 264 38275
139 653 33015
192 199 36878
321 726 19209
420 780 35355
29 848 16125
367 679 26249
220 400 67067
472 743 50636
214 606 23195
64 826 48508
89 272 54231
352 791 27203
377 696 12042
186 600 24331
372 671 61620
412 781 45607
142 846 12728
57 128 13601
75 312 27803
622 653 31906
682 766 47854
265 480 14142
241 758 49729
488 732 29967
281 681 21378
99 593 30594
32 82 27166
671 704 35693
38 559 58249
4 83 61984
108 515 33838
215 829 53075
225 738 42720
55 656 11705
115 452 54644
566 596 31016
19 626 43012
160 594 58052
561 567 55902
245 520 27295
571 734 30364
616 679 48374
177 678 38833
388 872 18439
237 852 38275
282 395 42953
301 590 22847
456 483 22136
463 695 44777
311 863 41437
494 537 23087
150 406 22361
167 398 29206
223 236 36892
152 712 46690
325 561 30463
147 675 15264
144 822 10440
180 631 15000
298 406 12166
703 777 27459
95 336 38471
405 436 52402
47 280 26077
258 359 30871
134 796 42802
148 709 65299
374 483 58856
326 757 35511
392 592 42450
564 845 44407
179 236 22847
147 759 31000
127 218 53235
105 162 31623
621 688 79762
188 583 26249
506 715 12042
219 270 44283
312 396 37162
12 568 31064
427 506 53235
69 505 55606
213 355 54626
338 756 31890
358 496 25298
370 513 21095
466 659 20518
53 607 19698
364 629 13416
197 538 62008
156 416 25298
674 697 19647
155 841 20396
525 699 58258
200 776 14560
91 729 37802
591 696 33302
139 471 43681
607 657 18111
102 321 38288
3 335 49041
268 350 63506
422 666 42426
105 403 21095
284 294 20881
451 793 17493
78 655 43829
304 330 31953
439 489 28160
229 486 69029
298 741 27803
276 552 67543
187 442 14866
180 504 37054
14 518 31953
356 646 11402
172 419 32757
69 275 12083
263 806 35228
29 141 28231
66 539 48877
5 328 33838
179 407 18385
446 600 41593
29 160 38210
11 475 24597
510 720 20616
12 169 36056
53 765 44407
310 805 18000
195 459 14422
258 546 10770
68 390 32450
667 798 30529
431 850 45188
119 830 36674
153 226 21954
305 800 10198
474 827 27019
105 137 19105
414 543 40311
388 831 34670
474 814 103078
233 739 34886
39 128 195479
16 847 34059
702 818 26420
76 695 48549
191 508 40706
443 627 26306
159 771 26173
489 535 33136
439 740 25612
219 786 26907
209 666 10198
391 741 52953
314 371 43417
479 731 30364
81 369 31401
21 281 29206
396 857 33287
576 826 28844
300 620 32573
129 686 10817
98 575 55326
68 599 24083
404 755 59076
315 367 25495
35 347 33136
114 746 60008
668 787 44598
346 692 49649
322 482 32573
233 828 35805
736 798 50448
356 835 28018
9 108 19105
270 786 44777
46 235 31906
526 669 53151
64 836 61400
13 363 31385
100 449 44102
142 658 27203
572 699 55109
154 265 28460
231 770 18682
261 733 17692
635 824 20396
184 557 47676
253 332 32696
41 493 31064
151 572 34713
148 706 92650
275 860 20881
219 819 53600
457 691 36401
459 553 46690
594 858 56719
31 773 38118
610 737 14213
478 496 44385
98 866 25060
279 609 13153
620 824 60828
72 660 56036
589 828 13892
468 554 21024
20 680 17720
123 333 15297
134 577 11705
753 838 51865
522 641 23770
715 734 54083
567 652 41725
470 851 19416
20 468 11000
39 797 49000
11 526 74632
8 582 55036
97 350 49204
12 537 10050
130 799 46141
155 398 15033
389 412 54745
80 715 11662
590 856 19235
413 815 20000
288 454 36235
262 417 35228
42 827 24207
17 196 24042
507 685 36235
16 73 19723
502 783 20591
400 552 29069
1 278 43841
28 648 55570
529 787 24515
408 642 39598
616 774 21024
568 636 30414
37 130 25000
217 263 35355
122 672 33615
259 450 52953
366 847 10296
679 774 40224
302 411 21024
47 555 29732
198 226 28792
317 541 67602
261 445 18358
306 393 22847
679 800 13892
229 293 27166
56 90 30887
55 623 11045
76 599 40804
295 666 18028
481 297
34 651
861 513
474 144
57 471
420 965
119 552
540 761
499 184
372 219
408 680
47 574
313 961
710 793
259 667
290 350
543 782
296 447
419 178
318 752
258 285
609 395
548 868
665 507
908 492
432 584
670 393
435 471
655 28
346 674
119 716
496 586
170 633
163 619
764 753
764 803
641 686
490 948
972 641
436 978
602 312
200 892
826 214
133 697
246 856
363 560
261 496
509 577
184 630
135 164
554 79
489 904
183 680
263 905
411 960
443 799
992 460
864 418
333 449
465 225
509 462
541 184
304 406
850 713
609 126
333 306
488 715
657 80
887 285
230 905
897 527
157 233
300 333
847 267
179 338
671 143
787 100
816 267
167 739
645 788
215 634
523 589
533 163
699 334
318 639
552 965
307 898
697 921
309 493
416 784
718 836
681 835
349 660
374 377
540 97
797 813
370 290
523 860
864 624
430 844
500 361
484 512
879 480
736 632
125 658
51 446
332 485
518 186
870 800
732 922
844 592
775 703
511 763
434 533
581 957
15 430
401 422
241 274
423 664
419 558
417 685
674 602
748 908
392 918
272 863
476 352
292 878
996 447
423 105
641 661
772 795
750 603
826 688
704 890
676 930
530 966
127 677
326 411
963 590
717 695
681 39
604 729
821 568
360 392
299 223
662 889
202 296
317 46
381 229
947 656
701 703
463 362
517 302
783 489
621 253
226 628
359 435
479 338
551 445
629 56
352 146
143 632
278 281
472 613
867 526
864 377
597 256
174 472
67 544
737 437
886 556
585 222
161 588
631 288
670 462
364 413
826 140
267 399
587 57
546 234
734 711
23 364
771 891
575 856
870 170
343 545
626 573
931 434
453 892
840 711
674 310
604 663
660 42
817 247
243 903
526 765
219 589
526 318
612 627
134 210
578 710
84 364
795 435
903 504
238 527
549 214
477 741
911 319
207 253
948 398
650 960
621 485
389 128
729 502
856 468
142 746
333 594
345 873
429 56
890 347
820 630
302 309
546 17
692 937
663 950
536 291
217 102
200 455
9 479
594 929
403 358
803 447
855 439
879 787
380 587
566 48
190 496
181 738
447 393
443 237
456 708
120 381
718 285
477 176
488 13
609 883
335 175
913 389
464 111
279 334
387 709
691 82
433 626
731 174
690 532
634 959
908 640
603 703
69 514
325 790
440 557
779 218
368 589
587 432
756 480
771 100
474 397
394 328
719 240
410 96
686 215
330 543
535 335
178 167
882 296
946 290
809 521
450 266
99 241
287 494
281 267
87 343
160 344
406 888
159 756
630 221
940 471
702 780
93 332
123 609
374 441
470 544
36 476
386 894
200 261
94 412
777 900
955 688
139 516
177 831
160 544
887 495
629 625
860 648
628 110
646 68
567 155
554 687
415 728
803 739
81 650
196 360
31 562
416 749
609 77
265 764
229 767
621 147
582 263
344 618
509 483
512 370
411 265
115 450
395 40
784 587
775 351
85 490
468 75
890 659
975 502
420 596
751 923
683 650
815 530
534 135
904 219
263 373
232 919
712 176
396 74
406 11
97 592
411 24
818 257
197 201
797 750
398 228
709 649
331 320
905 433
240 647
461 722
229 467
367 78
407 912
49 345
582 369
590 675
356 157
386 803
604 211
342 949
322 611
779 608
261 343
586 88
114 768
220 603
501 899
382 776
855 356
217 525
148 285
706 481
897 740
705 520
135 447
26 497
557 302
169 258
875 744
801 717
464 994
564 76
757 833
206 725
621 290
519 440
684 98
943 723
244 127
667 59
552 492
78 301
211 394
150 150
620 238
68 284
953 370
810 455
968 439
104 660
984 497
806 342
957 676
594 74
552 537
387 171
268 883
886 516
528 386
58 364
378 831
545 887
250 620
744 214
434 776
568 194
491 335
480 937
259 249
257 884
675 418
658 388
958 530
644 726
622 844
312 308
832 869
609 548
728 311
348 894
229 273
32 411
771 303
654 349
841 205
99 399
742 547
823 196
640 578
797 629
572 988
456 566
360 500
669 72
769 615
406 807
121 504
349 116
550 912
928 304
734 763
759 178
131 364
761 413
632 397
235 891
219 286
254 734
786 470
753 135
640 151
470 789
428 449
507 431
318 763
134 574
89 670
921 602
730 833
297 462
180 850
386 691
674 541
781 633
557 386
443 963
742 478
261 442
502 339
138 343
423 437
244 830
11 548
380 353
818 182
72 407
800 150
506 742
143 495
600 343
39 542
826 315
574 345
335 188
450 104
878 408
902 390
806 613
486 72
564 474
548 271
931 251
639 779
576 803
655 274
121 462
250 377
148 621
292 374
503 878
750 393
486 197
611 957
586 906
740 782
62 275
515 17
354 426
426 157
912 620
549 566
699 717
365 619
926 240
780 229
660 425
281 111
622 327
709 866
587 305
137 470
69 374
563 218
46 564
281 588
358 264
407 374
170 800
204 173
394 868
545 323
164 401
613 707
970 424
915 400
526 174
747 186
470 930
975 351
227 845
339 764
239 516
141 688
567 809
390 351
523 996
240 472
367 28
957 350
883 394
700 185
745 820
35 318
326 66
73 591
441 249
125 189
693 789
708 669
483 924
170 417
517 805
914 744
708 901
512 330
635 244
859 763
795 134
595 763
914 454
952 450
356 484
582 456
575 904
739 352
896 425
151 523
672 489
275 156
894 618
590 13
411 340
36 349
678 817
777 644
659 104
367 541
305 588
48 461
282 125
381 870
46 504
726 525
165 688
838 559
97 254
793 527
186 330
164 313
706 383
493 776
847 653
564 129
369 691
375 395
774 835
208 841
561 626
937 540
400 959
758 159
397 567
378 191
801 655
42 632
310 617
792 506
534 225
777 595
345 737
701 95
270 801
68 621
735 204
312 172
774 207
435 221
432 134
580 509
236 708
266 843
880 532
404 901
13 489
387 443
246 435
295 245
800 120
355 96
964 557
710 465
791 231
407 971
163 706
588 707
443 463
213 231
285 509
397 140
976 375
751 102
175 534
217 255
680 585
621 462
417 608
446 756
814 402
643 615
125 480
935 292
215 304
813 294
880 758
804 108
606 105
301 747
302 263
220 652
894 771
257 104
604 826
417 114
439 949
482 615
381 955
346 830
751 448
246 209
331 694
316 254
712 117
697 511
940 311
425 922
654 680
411 572
394 584
675 433
476 602
821 437
24 485
239 96
61 424
685 603
275 96
588 780
493 600
429 394
765 250
348 634
651 778
139 235
532 902
553 200
219 122
237 393
386 600
649 864
553 51
496 55
726 466
521 498
190 514
956 471
695 806
178 426
472 954
791 169
427 569
702 760
492 372
718 618
784 516
627 927
824 455
119 415
933 671
258 751
738 883
430 963
530 79
458 478
755 255
404 714
309 711
871 489
286 557
294 839
507 514
764 734
981 556
284 397
819 581
504 695
171 296
870 342
411 438
630 157
193 310
521 28
219 706
173 661
902 404
540 45
690 245
385 363
554 471
816 656
81 713
583 138
384 522
138 224
481 575
844 571
359 912
496 300
556 422
216 134
496 90
546 113
831 775
449 74
636 420
926 736
328 711
462 299
232 673
746 582
364 125
320 656
146 455
670 916
923 641
706 569
681 638
618 112
767 647
296 115
381 26
325 193
821 739
339 569
150 679
582 916
833 420
510 912
181 706
260 532
759 821
100 785
58 384
640 715
830 159
688 410
461 13
801 898
619 63
357 402
791 698
250 797
220 544
898 720
181 877
884 418
817 504
439 697
650 309
341 240
229 535
205 352
408 940
899 676
884 314
536 557
424 36
825 544
641 257
477 24
258 681
234 130
706 141
595 738
256 352
669 36
548 310
628 507
93 689
211 464
760 454
929 505
84 738
148 504
239 412
646 22
881 204
876 276
105 633
247 404
67 689
427 814
281 227
501 848
4 463
327 907
675 249
736 596
250 636
607 302
